{"objects": [{"class": "Mustard", "pose": [[-0.8011423475661121, 0.571503844103351, -0.17763528678545404, -4.6774000000000004], 
                                            [0.42627226036137655, 0.3365743814052989, -0.8396485251746965, 19.0865], 
                                            [-0.42007487306748137, -0.7483989858068575, -0.5132602254808041, 60.2711], 
                                            [0.0, 0.0, 0.0, 1.0]]},
                                            
            {"class": "Mushrooms", "pose": [[-0.42011950981951046, 0.858060713336257, -0.2953496397456531, 12.881], 
                                            [0.7376893277912091, 0.13337638103984278, -0.6618347200348952, 15.463], 
                                            [-0.5285017058931479, -0.49592595536994005, -0.6890162506490278, 60.607200000000006], 
                                            [0.0, 0.0, 0.0, 1.0]]}, 
            {"class": "BBQSauce", "pose": [[-0.9997260902786307, -0.019080211391880392, -0.01355322653264704, 10.0121], 
                                            [0.0007825522161802531, 0.5515243162189263, -0.834158447916986, 13.1938], 
                                            [0.023390853516557307, -0.8339405699163983, -0.5513583170854326, 67.6317], 
                                            [0.0, 0.0, 0.0, 1.0]]}, 
            {"class": "Parmesan", "pose": [[0.7066113860329295, -0.1886401159087704, 0.681993589264993, 25.2034], 
                                            [-0.4608213266825032, -0.85408371039778, 0.2412150917909976, 4.5175], 
                                            [0.5369767723125461, -0.4847225209365534, -0.6904346628709433, 72.11370000000001], 
                                            [0.0, 0.0, 0.0, 1.0]]}, 
            {"class": "PeasAndCarrots", "pose": [[0.4734942369261507, 0.8550009177140614, 0.21160491087362648, 22.0409], 
                                                [0.8330967365154482, -0.3567478346851411, -0.42270652946787285, 14.763100000000001], 
                                                [-0.28592487685584866, 0.3764364662935525, -0.8812165180245953, 59.819599999999994], 
                                                [0.0, 0.0, 0.0, 1.0]]}, 
            {"class": "Popcorn", "pose": [[0.3175565454145524, -0.22975291511973156, -0.9199844772920687, -1.6854999999999998], 
            [0.8850102440118883, 0.42015999063568993, 0.2005553546107285, 5.2908], 
            [0.3404624919993295, -0.8778833523099766, 0.33675823862023657, 73.5751], [0.0, 0.0, 0.0, 1.0]]}, 
            {"class": "GranolaBars", "pose": [[-0.3210171547294348, 0.2756938291017045, -0.9060578894114093, -6.947699999999999], 
            [-0.8595713941772, -0.48645176305633686, 0.15653019047980926, 5.2397], 
            [-0.39759905015188607, 0.8290703195837015, 0.3931378899364659, 71.7888], [0.0, 0.0, 0.0, 1.0]]}, 
            {"class": "Cherries", "pose": [[0.720899364695081, -0.34321287772610487, 0.6020872250307214, -2.0034], 
            [-0.29521952055703327, -0.9380772197027203, -0.18126379825241037, 10.3962], 
            [0.6270163799011188, -0.04707494490470415, -0.7775824129299194, 66.8348], 
            [0.0, 0.0, 0.0, 1.0]]}, 
            {"class": "Yogurt", "pose": [[0.2569369083830638, -0.9664111615713006, -0.005735146115179279, 10.0677], 
            [-0.5488280989388113, -0.14102558643963228, -0.8239535798724147, 3.4174], 
            [0.7954691338611217, 0.21485169480310606, -0.566628278781133, 81.6513], [0.0, 0.0, 0.0, 1.0]]}, 
            {"class": "MacaroniAndCheese", "pose": [[-0.04312553133679764, -0.1508297506334463, -0.987618638377573, -13.72340441748353], 
            [0.48383557883881456, -0.8680347653722574, 0.11143957445557251, 8.72056045094128], 
            [-0.8740957162671764, -0.47303914471107167, 0.11041126017933875, 68.03180219272991], [0.0, 0.0, 0.0, 1.0]]}, 
            {"class": "Butter", "pose": [[0.23926304440516977, 0.9585023203894325, 0.15500483021520156, 20.0472], 
            [-0.5008659370225563, -0.014921080533992104, 0.8653962528727603, 2.1416999999999997], 
            [0.8317971559896598, -0.28469398160792186, 0.47651109968577, 85.2376], [0.0, 0.0, 0.0, 1.0]]}, 
            
            {"class": "CreamCheese", "pose": [[0.6499725044476485, -0.7003132404038637, -0.2951221929592751, 25.9549], 
            [-0.5430297802367829, -0.15631275052160915, -0.8250363518053978, 18.178], 
            [0.5316525192623869, 0.6965110834289783, -0.48188993496705024, 55.1866], [0.0, 0.0, 0.0, 1.0]]}, 
            
            {"class": "Pineapple", "pose": [[-0.07040923919420955, 0.9902134084567942, -0.12049873338948669, 24.601799999999997], [0.4323047893857907, -0.07857445086661835, -0.8982976259264612, 9.8236], [-0.8989744757834894, -0.11534063197064337, -0.42254163168427905, 67.2392], [0.0, 0.0, 0.0, 1.0]]}, {"class": "GreenBeans", "pose": [[0.1644918665351467, -0.9833858979802548, -0.07677630817740097, 33.0131], [0.930040654770989, 0.18055520715533513, -0.3200378065826659, 11.165600000000001], [0.3285830280415185, -0.01876147176161233, 0.9442887274877345, 62.7668], [0.0, 0.0, 0.0, 1.0]]}, {"class": "Tuna", "pose": [[-0.3438784743325981, -0.44211619478508174, -0.8284207054386344, -1.311947408215206], [0.5053285614314023, -0.8307133785365906, 0.2335772414470066, 15.473062143835916], [-0.7914484442415403, -0.33830245791167907, 0.5090783899151113, 65.15128697257789], [0.0, 0.0, 0.0, 1.0]]}, {"class": "Mushrooms", "pose": [[-0.7617388991110094, 0.09521199576143474, -0.6408498462543871, 5.145047932151354], [0.3731706253364099, -0.7441079664535968, -0.5541182352587989, 19.425070797942933], [-0.5296201789652467, -0.6612397523768646, 0.5312856631882727, 58.498192123003825], [0.0, 0.0, 0.0, 1.0]]}, {"class": "BBQSauce", "pose": [[0.9724866324700834, -0.23157599237444423, -0.025343824154777345, 16.0516], [-0.13330150226662366, -0.4639443641570861, -0.8757775610623615, 9.4149], [0.19105093341948962, 0.8550603409834117, -0.48204912002499634, 72.753], [0.0, 0.0, 0.0, 1.0]]}, 
            
            {"class": "Tuna", "pose": [[0.2377964322174918, 0.9316092078297332, 0.2748765917852742, 29.8532], 
            [-0.4561042272847263, -0.14275530446218498, 0.8784018766492424, 8.568299999999999], 
            [0.8575673680111866, -0.3342532078152206, 0.39096419578728747, 68.3034], 
            [0.0, 0.0, 0.0, 1.0]]}], 

            "camera": {"camera": "RealSense D415", "width": 1920, "height": 1080, 
                        "intrinsics": [[1390.53, 0.0, 964.957], [0.0, 1386.99, 522.586], [0.0, 0.0, 1.0]]}}

### COCO format
{"info": {"description": "COCO 2017 Dataset","url": "http://cocodataset.org","version": "1.0","year": 2017,"contributor": "COCO Consortium","date_created": "2017/09/01"},
"licenses": [{"url": "http://creativecommons.org/licenses/by-nc-sa/2.0/","id": 1,"name": "Attribution-NonCommercial-ShareAlike License"},
             {"url": "http://creativecommons.org/licenses/by-nc/2.0/","id": 2,"name": "Attribution-NonCommercial License"},{"url": "http://creativecommons.org/licenses/by-nc-nd/2.0/","id": 3,"name": "Attribution-NonCommercial-NoDerivs License"},{"url": "http://creativecommons.org/licenses/by/2.0/","id": 4,"name": "Attribution License"},{"url": "http://creativecommons.org/licenses/by-sa/2.0/","id": 5,"name": "Attribution-ShareAlike License"},{"url": "http://creativecommons.org/licenses/by-nd/2.0/","id": 6,"name": "Attribution-NoDerivs License"},
             {"url": "http://flickr.com/commons/usage/","id": 7,"name": "No known copyright restrictions"},
             {"url": "http://www.usa.gov/copyright.shtml","id": 8,"name": "United States Government Work"}],
"images": [{"license": 3,"file_name": "000000391895.jpg","coco_url": "http://images.cocodataset.org/train2017/000000391895.jpg",
            "height": 360,"width": 640,"date_captured": "2013-11-14 11:18:45","flickr_url": "http://farm9.staticflickr.com/8186/8119368305_4e622c8349_z.jpg",
            "id": 391895},
           {"license": 4,"file_name": "000000522418.jpg","coco_url": "http://images.cocodataset.org/train2017/000000522418.jpg",
            "height": 480,"width": 640,"date_captured": "2013-11-14 11:38:44","flickr_url": "http://farm1.staticflickr.com/1/127244861_ab0c0381e7_z.jpg",
            "id": 522418},
           {"license": 3,"file_name": "000000184613.jpg","coco_url": "http://images.cocodataset.org/train2017/000000184613.jpg",
            "height": 336,"width": 500,"date_captured": "2013-11-14 12:36:29","flickr_url": "http://farm3.staticflickr.com/2169/}],

"annotations": [{"segmentation": [[239.97,260.24,222.04,270.49,199.84,253.41,213.5,227.79,259.62,200.46,274.13,202.17,277.55,210.71,249.37,253.41,237.41,264.51,242.54,261.95,228.87,271.34]],
                "area": 2765.1486500000005,"iscrowd": 0,"image_id": 558840,
                "bbox": [199.84,200.46,77.71,70.88],
                "category_id": 58,"id": 156},
                {"segmentation": [[247.71,354.7,253.49,346.99,276.63,337.35,312.29,333.49,364.34,331.57,354.7,327.71,369.16,325.78,376.87,333.49,383.61,330.6,379.76,321.93,365.3,320.0,356.63,317.11,266.02,331.57,260.24,334.46,260.24,337.35,242.89,338.31,234.22,338.31,234.22,348.92,239.04,353.73,248.67,355.66,252.53,353.73]],
                "area": 1545.4213000000007,"iscrowd": 0,"image_id": 200365,
                "bbox": [234.22,317.11,149.39,38.55],
                "category_id": 58,"id": 509},
                {"segmentation": {"counts": [97214,1,425,4,422,6,420,9,417,12,415,13,413,14,412,15,411,16,408,19,407,19,407,19,406,21,405,21,405,21,405,21,406,19,408,18,409,18,409,16,411,16,411,16,412,15,413,13,416,10,410,6,5,4,411,8,418,10,416,12,415,12,415,12,415,12,415,12,415,11,416,11,417,10,417,10,416,12,415,12,415,12,415,12,415,14,413,15,411,17,409,19,408,20,407,21,406,23,404,25,402,27,400,29,399,31,397,31,398,30,401,27,400,28,400,28,400,28,400,28,400,28,399,29,398,30,397,31,396,32,396,32,395,33,395,32,396,31,398,28,410,16,413,12,418,7,59350,7,419,9,417,12,414,13,20,2,2,7,383,14,4,3,11,13,382,24,8,14,381,28,3,16,380,47,380,47,380,47,381,46,382,45,384,43,387,39,390,36,393,33,414,11,23852,4,422,6,420,9,417,11,416,12,55,2,358,13,44,13,357,14,36,20,357,16,32,22,357,17,30,23,357,19,27,24,358,19,25,25,359,20,22,26,361,19,20,26,363,20,17,26,365,20,16,26,367,18,16,25,368,18,16,24,370,17,16,22,373,16,17,10,1,4,381,14,18,8,389,12,20,4,392,10,418,8,421,4,25595,6,420,8,418,10,416,11,416,12,415,12,415,13,414,13,414,14,413,14,414,14,414,13,414,14,413,14,413,16,412,18,409,20,407,23,404,25,402,27,400,30,397,32,395,34,393,35,392,35,392,35,392,35,392,35,392,35,393,34,394,8,6,4,2,12,397,
                2,19,8,421,4,6531],"size": [427,640]},
                "area": 3489,"iscrowd": 1,"image_id": 95999,
                "bbox": [227,260,397,82],
                "category_id": 1,"id": 900100095999}],
"categories": [{"supercategory": "person","id": 1,"name": "person"},
               {"supercategory": "vehicle","id": 2,"name": "bicycle"},
               {"supercategory": "vehicle","id": 3,"name": "car"},
               {"supercategory": "vehicle","id": 4,"name": "motorcycle"},
               {"supercategory": "vehicle","id": 5,"name": "airplane"},
               {"supercategory": "vehicle","id": 6,"name": "bus"},
               {"supercategory": "vehicle","id": 7,"name": "train"},
               {"supercategory": "vehicle","id": 8,"name": "truck"},
               {"supercategory": "vehicle","id": 9,"name": "boat"},
               {"supercategory": "outdoor","id": 10,"name": "traffic light"},
               {"supercategory": "outdoor","id": 11,"name": "fire hydrant"},
               {"supercategory": "outdoor","id": 13,"name": "stop sign"},
               {"supercategory": "outdoor","id": 14,"name": "parking meter"},
               {"supercategory": "outdoor","id": 15,"name": "bench"},
               {"supercategory": "animal","id": 16,"name": "bird"},
               {"supercategory": "indoor","id": 90,"name": "toothbrush"}]}

[{"image_id": 1, "relationships": [
{"relationship_id": 1, "predicate": "on", "synsets": [], "subject": {"object_id": 1, "x": 327, "y": -2, "w": 229, "h": 204, "name": "MacaroniAndCheese", "synsets": []}, "object": {"object_id": 11, "x": 320, "y": 240, "w": 639, "h": 479, "name": "table", "synsets": []}}, 
{"relationship_id": 2, "predicate": "on", "synsets": [], "subject": {"object_id": 3, "x": 135, "y": 41, "w": 255, "h": 390, "name": "Milk", "synsets": []}, "object": {"object_id": 11, "x": 320, "y": 240, "w": 639, "h": 479, "name": "table", "synsets": []}}, 
{"relationship_id": 3, "predicate": "on", "synsets": [], "subject": {"object_id": 4, "x": 338, "y": 191, "w": 122, "h": 182, "name": "TomatoSauce", "synsets": []}, "object": {"object_id": 11, "x": 320, "y": 240, "w": 639, "h": 479, "name": "table", "synsets": []}}, 
{"relationship_id": 4, "predicate": "on", "synsets": [], "subject": {"object_id": 6, "x": 475, "y": -10, "w": 171, "h": 310, "name": "OrangeJuice", "synsets": []}, "object": {"object_id": 11, "x": 320, "y": 240, "w": 639, "h": 479, "name": "table", "synsets": []}}, 
{"relationship_id": 5, "predicate": "on", "synsets": [], "subject": {"object_id": 7, "x": 621, "y": 90, "w": 192, "h": 223, "name": "Mustard", "synsets": []}, "object": {"object_id": 11, "x": 320, "y": 240, "w": 639, "h": 479, "name": "table", "synsets": []}}, 
{"relationship_id": 6, "predicate": "on", "synsets": [], "subject": {"object_id": 8, "x": 108, "y": 277, "w": 203, "h": 244, "name": "Parmesan", "synsets": []}, "object": {"object_id": 11, "x": 320, "y": 240, "w": 639, "h": 479, "name": "table", "synsets": []}}, 
{"relationship_id": 7, "predicate": "on", "synsets": [], "subject": {"object_id": 9, "x": 441, "y": 360, "w": 168, "h": 195, "name": "CreamCheese", "synsets": []}, "object": {"object_id": 11, "x": 320, "y": 240, "w": 639, "h": 479, "name": "table", "synsets": []}}, 
{"relationship_id": 8, "predicate": "on", "synsets": [], "subject": {"object_id": 10, "x": 678, "y": 320, "w": 221, "h": 214, "name": "AlphabetSoup", "synsets": []}, "object": {"object_id": 11, "x": 320, "y": 240, "w": 639, "h": 479, "name": "table", "synsets": []}}]},


[{"image_id": 1, "objects": [
    {"object_id": 1, "x": 327, "y": -2, "w": 229, "h": 204, "name": "MacaroniAndCheese", "synsets": []}, 
    {"object_id": 3, "x": 135, "y": 41, "w": 255, "h": 390, "name": "Milk", "synsets": []}, 
    {"object_id": 4, "x": 338, "y": 191, "w": 122, "h": 182, "name": "TomatoSauce", "synsets": []}, 
    {"object_id": 6, "x": 475, "y": -10, "w": 171, "h": 310, "name": "OrangeJuice", "synsets": []}, 
    {"object_id": 7, "x": 621, "y": 90, "w": 192, "h": 223, "name": "Mustard", "synsets": []}, 
    {"object_id": 8, "x": 108, "y": 277, "w": 203, "h": 244, "name": "Parmesan", "synsets": []}, 
    {"object_id": 9, "x": 441, "y": 360, "w": 168, "h": 195, "name": "CreamCheese", "synsets": []}, 
    {"object_id": 10, "x": 678, "y": 320, "w": 221, "h": 214, "name": "AlphabetSoup", "synsets": []}, 
    {"object_id": 11, "x": 320, "y": 240, "w": 639, "h": 479, "name": "table", "synsets": []}]},
{"image_id": 2, "objects": [{"object_id": 12, "x": 328, "y": 0, "w": 229, "h": 203, "name": "MacaroniAndCheese", "synsets": []}, {"object_id": 14, "x": 138, "y": 43, "w": 252, "h": 389, "name": "Milk", "synsets": []}, {"object_id": 15, "x": 340, "y": 193, "w": 123, "h": 181, "name": "TomatoSauce", "synsets": []}, {"object_id": 17, "x": 476, "y": -8, "w": 171, "h": 309, "name": "OrangeJuice", "synsets": []}, {"object_id": 18, "x": 622, "y": 91, "w": 193, "h": 223, "name": "Mustard", "synsets": []}, {"object_id": 19, "x": 112, "y": 281, "w": 202, "h": 244, "name": "Parmesan", "synsets": []}, {"object_id": 20, "x": 444, "y": 362, "w": 169, "h": 196, "name": "CreamCheese", "synsets": []}, {"object_id": 21, "x": 681, "y": 321, "w": 221, "h": 213, "name": "AlphabetSoup", "synsets": []}, {"object_id": 22, "x": 320, "y": 240, "w": 639, "h": 479, "name": "table", "synsets": []}]}, {"image_id": 3, "objects": [{"object_id": 23, "x": 270, "y": 197, "w": 198, "h": 285, "name": "OrangeJuice", "synsets": []}, {"object_id": 24, "x": 317, "y": 15, "w": 73, "h": 70, "name": "ChocolatePudding", "synsets": []}, {"object_id": 25, "x": 230, "y": 42, "w": 94, "h": 69, "name": "CreamCheese", "synsets": []}, {"object_id": 29, "x": 443, "y": 34, "w": 141, "h": 77, "name": "Mayo", "synsets": []}, {"object_id": 30, "x": 548, "y": 34, "w": 82, "h": 80, "name": "Mushrooms", "synsets": []}, {"object_id": 31, "x": 256, "y": 67, "w": 85, "h": 135, "name": "Parmesan", "synsets": []}, {"object_id": 32, "x": 286, "y": 83, "w": 84, "h": 157, "name": "Mustard", "synsets": []}, {"object_id": 33, "x": 375, "y": 75, "w": 164, "h": 191, "name": "Milk", "synsets": []}, {"object_id": 34, "x": 532, "y": 88, "w": 121, "h": 136, "name": "AlphabetSoup", "synsets": []}, {"object_id": 35, "x": 623, "y": 82, "w": 112, "h": 104, "name": "Yogurt", "synsets": []}, {"object_id": 36, "x": 203, "y": 156, "w": 89, "h": 94, "name": "Cherries", "synsets": []}, {"object_id": 37, "x": 49, "y": 137, "w": 235, "h": 250, "name": "Cookies", "synsets": []}, {"object_id": 38, "x": 417, "y": 162, "w": 111, "h": 130, "name": "TomatoSauce", "synsets": []}, {"object_id": 39, "x": 540, "y": 189, "w": 125, "h": 112, "name": "PeasAndCarrots", "synsets": []}, {"object_id": 40, "x": 81, "y": 288, "w": 161, "h": 198, "name": "Ketchup", "synsets": []}, {"object_id": 41, "x": 550, "y": 374, "w": 370, "h": 246, "name": "MacaroniAndCheese", "synsets": []}, {"object_id": 42, "x": 238, "y": 377, "w": 120, "h": 145, "name": "Pineapple", "synsets": []}, {"object_id": 43, "x": 320, "y": 240, "w": 639, "h": 479, "name": "table", "synsets": []}]}, {"image_id": 4, "objects": [{"object_id": 44, "x": 257, "y": 210, "w": 199, "h": 289, "name": "OrangeJuice", "synsets": []}, {"object_id": 45, "x": 306, "y": 22, "w": 73, "h": 68, "name": "ChocolatePudding", "synsets": []}, {"object_id": 46, "x": 218, "y": 49, "w": 95, "h": 69, "name": "CreamCheese", "synsets": []}, {"object_id": 50, "x": 433, "y": 41, "w": 139, "h": 76, "name": "Mayo", "synsets": []}, {"object_id": 51, "x": 537, "y": 40, "w": 81, "h": 80, "name": "Mushrooms", "synsets": []}, {"object_id": 52, "x": 245, "y": 75, "w": 87, "h": 135, "name": "Parmesan", "synsets": []}, {"object_id": 53, "x": 275, "y": 92, "w": 86, "h": 156, "name": "Mustard", "synsets": []}, {"object_id": 54, "x": 363, "y": 83, "w": 167, "h": 188, "name": "Milk", "synsets": []}, {"object_id": 55, "x": 522, "y": 94, "w": 119, "h": 135, "name": "AlphabetSoup", "synsets": []}, {"object_id": 56, "x": 612, "y": 88, "w": 111, "h": 103, "name": "Yogurt", "synsets": []}, {"object_id": 57, "x": 193, "y": 165, "w": 92, "h": 94, "name": "Cherries", "synsets": []}, {"object_id": 58, "x": 35, "y": 149, "w": 242, "h": 256, "name": "Cookies", "synsets": []}, {"object_id": 59, "x": 408, "y": 170, "w": 109, "h": 130, "name": "TomatoSauce", "synsets": []}, {"object_id": 60, "x": 532, "y": 197, "w": 125, "h": 112, "name": "PeasAndCarrots", "synsets": []}, {"object_id": 61, "x": 68, "y": 304, "w": 167, "h": 202, "name": "Ketchup", "synsets": []}, {"object_id": 62, "x": 544, "y": 385, "w": 370, "h": 250, "name": "MacaroniAndCheese", "synsets": []}, {"object_id": 63, "x": 229, "y": 392, "w": 124, "h": 150, "name": "Pineapple", "synsets": []}, {"object_id": 64, "x": 320, "y": 240, "w": 639, "h": 479, "name": "table", "synsets": []}]}]