{"camera": {"camera": "RealSense D415", "extrinsics": [[-0.976588, 0.084899776, 0.19765611, 0.5618401], [-0.0698798, 0.743792, -0.66474825, -0.25339428], [-0.203452, -0.6629973, -0.7204456, 0.26073363], [0.0, 0.0, 0.0, 1.0]], "height": 480, "intrinsics": [[603.75165, 0.0, 326.28275], [0.0, 603.20245, 245.73769], [0.0, 0.0, 1.0]], "width": 640}, "objects": [{"class": "ChocolatePudding", "pose": [[0.7781411368013568, 0.1610310769027839, 0.6070958237451228, 3.9764091572763727], [-0.32498300881493986, -0.7239067338859982, 0.6085598146312304, 4.7122876926925406], [0.5374777766191383, -0.6708412976689867, -0.5109692578782448, 37.64457265494863], [0.0, 0.0, 0.0, 1.0]]}, {"class": "MacaroniAndCheese", "pose": [[0.23337573555235114, 0.9723271798525771, 0.010751608953130702, -3.77053186701648], [-0.6427042126712054, 0.16253891896130995, -0.7486737328138856, -4.314229426633897], [-0.7297034196337077, 0.16781215781446815, 0.662851407616241, 38.26461023721007], [0.0, 0.0, 0.0, 1.0]]}, {"class": "Milk", "pose": [[0.39813910682851394, 0.8911704249673504, 0.2174867834997183, -14.890442578862274], [0.7115520238587664, -0.15039176335041535, -0.6863497637697189, -12.833583580024447], [-0.5789463947514455, 0.42801582139314776, -0.6939910072585664, 46.20459641787493], [0.0, 0.0, 0.0, 1.0]]}, {"class": "Ketchup", "pose": [[0.6523792194448538, 0.19027020608812897, 0.7336201867665935, -16.226520782443554], [-0.4340328085675258, -0.6997273407740382, 0.5674479121718404, -2.922101817608849], [0.6213025156499364, -0.6886065009709934, -0.37390407911903345, 31.665966350708963], [0.0, 0.0, 0.0, 1.0]]}, {"class": "OrangeJuice", "pose": [[-0.5886229492142887, -0.7829406415543593, -0.20131306758496462, 7.062935513205593], [0.5208918962331751, -0.5577648034464008, 0.646196579875588, -6.098062836024337], [-0.618218889640473, 0.27550380511095607, 0.7361406437464186, 47.1271659638656], [0.0, 0.0, 0.0, 1.0]]}]}