{"camera": {"camera": "RealSense D415", "extrinsics": [[-0.7116077, 0.69305736, 0.115265034, 0.53159297], [0.6939183, 0.7189922, -0.039085716, -0.51345587], [-0.1099633, 0.05217082, -0.9925655, 0.15741637], [0.0, 0.0, 0.0, 1.0]], "height": 480, "intrinsics": [[598.36957, 0.0, 326.28275], [0.0, 599.1431, 245.73769], [0.0, 0.0, 1.0]], "width": 640}, "objects": [{"class": "OrangeJuice", "pose": [[-0.1291426651488962, -0.9901881340703542, -0.05338196316753654, 16.800392718234704], [0.018965031273946473, 0.05135658020313571, -0.9985003254783423, -17.6848414896608], [0.9914446676634102, -0.12996133325192108, 0.01214665340272625, 48.38137673586641], [0.0, 0.0, 0.0, 1.0]]}, {"class": "Peaches", "pose": [[0.758718371074277, 0.11113104628965202, 0.6418694000745608, 22.836361073967538], [-0.6371968790142735, -0.07815983862044319, 0.7667276229033605, -6.588952690740846], [0.1353756286390248, -0.9907274874949799, 0.011510997358601912, 49.8967779465453], [0.0, 0.0, 0.0, 1.0]]}, {"class": "Butter", "pose": [[0.8818811103582382, 0.17034915422941602, 0.43962128662492267, 10.60955336470144], [-0.43237754282525476, -0.07955349953184647, 0.8981764703522181, -7.831523265202906], [0.1879769776750414, -0.9821672136728873, 0.003498373608662336, 48.06129033340254], [0.0, 0.0, 0.0, 1.0]]}, {"class": "TomatoSauce", "pose": [[0.6666845417616222, 0.08001616022003877, 0.7410324815329251, 5.0265229147156365], [-0.7389896460419152, -0.05854457127589373, 0.6711683149096829, 1.8521072263822602], [0.09708772570562871, -0.9950728465366615, 0.020100297770062378, 45.50708615951796], [0.0, 0.0, 0.0, 1.0]]}, {"class": "Cookies", "pose": [[-0.15789671302653552, 0.6120100841207634, 0.7749272790120513, -0.03906275040560514], [0.030158159236513386, -0.781416825193719, 0.6232802752031962, -7.465319877170268], [0.9869950074316481, 0.12178427555158235, 0.10492599249513741, 42.66057895954014], [0.0, 0.0, 0.0, 1.0]]}]}