{"camera": {"camera": "RealSense D415", "extrinsics": [[-0.6532072, 0.74535805, 0.13327321, 0.50713843], [0.754072, 0.65629995, 0.025412397, -0.5170946], [-0.068525866, 0.11709716, -0.9907535, 0.14968346], [0.0, 0.0, 0.0, 1.0]], "height": 480, "intrinsics": [[598.36957, 0.0, 326.28275], [0.0, 599.1431, 245.73769], [0.0, 0.0, 1.0]], "width": 640}, "objects": [{"class": "OrangeJuice", "pose": [[-0.14863961708021622, -0.9802054749985514, -0.1307802213255745, 16.374789800801288], [-0.04423860669942989, 0.1387079803081034, -0.9893447447848248, -17.792149644746345], [0.9879014536428585, -0.1412702452249122, -0.06398039852066435, 49.47651602007864], [0.0, 0.0, 0.0, 1.0]]}, {"class": "Peaches", "pose": [[0.7040090382919811, 0.12608763714305257, 0.6989085469757405, 23.21764748421316], [-0.7032740238499383, -0.01324296091396321, 0.71079550752756, -7.348975002223596], [0.09887812687148782, -0.9919307432078882, 0.07935094451787462, 51.918541661804454], [0.0, 0.0, 0.0, 1.0]]}, {"class": "Butter", "pose": [[0.8414969967997381, 0.1848216361174287, 0.5076649903949971, 10.973776378980043], [-0.5132490235575343, -0.01992871869985476, 0.8580083147297753, -7.484894616837306], [0.16869558700235726, -0.9825700387170014, 0.07808952319000385, 49.80265799047281], [0.0, 0.0, 0.0, 1.0]]}, {"class": "TomatoSauce", "pose": [[0.60521741760307, 0.09668584561584616, 0.790166881082897, 6.213652054947794], [-0.7943870437089326, 0.009031109072889978, 0.6073447505441242, 2.7708683889771324], [0.05158554501590381, -0.9952740086716321, 0.08227171384232163, 47.898078606113785], [0.0, 0.0, 0.0, 1.0]]}, {"class": "Cookies", "pose": [[-0.17633804350431448, 0.5469022657404228, 0.8184147978952465, 0.5044440988250631], [-0.030515744025616635, -0.8340815261545218, 0.5507964953152088, -5.882368706981817], [0.9838565736989835, 0.07215183254708984, 0.16376938401250646, 44.27818487357729], [0.0, 0.0, 0.0, 1.0]]}]}