{"camera": {"camera": "RealSense D415", "extrinsics": [[-0.5834285, 0.7872465, 0.19963486, 0.4686206], [0.8120784, 0.5618904, 0.15750474, -0.5472522], [0.011822137, 0.25401193, -0.9671288, 0.10802158], [0.0, 0.0, 0.0, 1.0]], "height": 480, "intrinsics": [[598.36957, 0.0, 326.28275], [0.0, 599.1431, 245.73769], [0.0, 0.0, 1.0]], "width": 640}, "objects": [{"class": "OrangeJuice", "pose": [[-0.21626928274009036, -0.9541842297563896, -0.2067848338310653, 13.222058285668837], [-0.17424197794903176, 0.2461180790795709, -0.9534492668258008, -23.233806936235652], [0.9606598267499655, -0.17017116478041858, -0.2194867106799807, 48.17874299310116], [0.0, 0.0, 0.0, 1.0]]}, {"class": "Peaches", "pose": [[0.6361134382762139, 0.18940431118635628, 0.747987710476374, 20.721138048133042], [-0.7710692963853698, 0.12024709156877782, 0.6252940566494218, -13.922482712257633], [0.028490035075268167, -0.9745083947347987, 0.22253460565030087, 52.52743476561046], [0.0, 0.0, 0.0, 1.0]]}, {"class": "Butter", "pose": [[0.783804842547021, 0.24665330016765816, 0.5699228305582177, 8.67251397103767], [-0.6065190467048343, 0.10697045396850381, 0.7878399888950143, -12.637707633174976], [0.1333584178308016, -0.9631819366411525, 0.2334438552221473, 49.77283547821278], [0.0, 0.0, 0.0, 1.0]]}, {"class": "TomatoSauce", "pose": [[0.5335174199423617, 0.16220596558399025, 0.8300893336396137, 4.902503500046357], [-0.8449721223951437, 0.14534329519884856, 0.5146817648371181, -1.824970233455836], [-0.03716347296570968, -0.9759941175613083, 0.21460266303558267, 49.19094487374933], [0.0, 0.0, 0.0, 1.0]]}, {"class": "Cookies", "pose": [[-0.24242706629767302, 0.47092730358650037, 0.8482078204887645, -1.2454704241084302], [-0.15762193522627008, -0.8817907140625084, 0.44452260040263714, -9.303879732668264], [0.9572796962354962, -0.02593185005776889, 0.28799837941726814, 44.00967867041738], [0.0, 0.0, 0.0, 1.0]]}]}