{"camera": {"camera": "RealSense D415", "extrinsics": [[-0.9774904, 0.12443284, 0.17037877, 0.57121783], [-0.017973138, 0.75551194, -0.65488833, -0.2674254], [-0.21021281, -0.6432093, -0.73626924, 0.2565036], [0.0, 0.0, 0.0, 1.0]], "height": 480, "intrinsics": [[603.75165, 0.0, 326.28275], [0.0, 603.20245, 245.73769], [0.0, 0.0, 1.0]], "width": 640}, "objects": [{"class": "ChocolatePudding", "pose": [[0.7583476812071875, 0.13066383337749454, 0.6386201065034105, 6.331121745342838], [-0.37533181416907674, -0.7134730804624175, 0.591677484266136, 5.463645996099853], [0.5329491100531253, -0.6883917158491724, -0.4920183982912947, 37.72107686655964], [0.0, 0.0, 0.0, 1.0]]}, {"class": "MacaroniAndCheese", "pose": [[0.20716549200921697, 0.9778722705523162, -0.029123268722522556, -1.8404948985048963], [-0.634346631117175, 0.11160648705681338, -0.7649499305814818, -3.195525713079364], [-0.744773008494305, 0.17694546208456027, 0.6434310234044832, 38.06890090799907], [0.0, 0.0, 0.0, 1.0]]}, {"class": "Milk", "pose": [[0.4352402827985201, 0.8802548943831061, 0.18898968363299298, -13.403711974552179], [0.7062249927578718, -0.2036090155510368, -0.6780779313987202, -11.373404233689755], [-0.5584014492893544, 0.4285960681819578, -0.7102768786774863, 45.729808364209646], [0.0, 0.0, 0.0, 1.0]]}, {"class": "Ketchup", "pose": [[0.6270057383809846, 0.16113341344949556, 0.7621677705617557, -14.173779849372837], [-0.48034912828647114, -0.6902733454284516, 0.5410983978953606, -1.0428618931538625], [0.6132931422791982, -0.7053784506262253, -0.3554050866810575, 31.44410727235381], [0.0, 0.0, 0.0, 1.0]]}, {"class": "OrangeJuice", "pose": [[-0.5592082022095481, -0.8103431077390251, -0.1750146213808178, 8.839063394567226], [0.5639583857843282, -0.5265717932616102, 0.6361392444302365, -5.719431431199476], [-0.6076488306762, 0.2570333497360355, 0.751463085131024, 46.93839360007448], [0.0, 0.0, 0.0, 1.0]]}]}