{"camera": {"camera": "RealSense D415", "extrinsics": [[-0.57377774, 0.77410346, 0.2674752, 0.46350273], [0.8187943, 0.54968643, 0.16559206, -0.49955964], [-0.018842086, 0.3140202, -0.9492293, 0.13382837], [0.0, 0.0, 0.0, 1.0]], "height": 480, "intrinsics": [[598.36957, 0.0, 326.28275], [0.0, 599.1431, 245.73769], [0.0, 0.0, 1.0]], "width": 640}, "objects": [{"class": "OrangeJuice", "pose": [[-0.28381025303891944, -0.937406898807808, -0.201792145955244, 10.570077259685245], [-0.18205885376312234, 0.25929671418143796, -0.9484828845535258, -18.473177504281818], [0.9414384354465604, -0.23245105891054857, -0.24425426991937113, 48.72374882076148], [0.0, 0.0, 0.0, 1.0]]}, {"class": "Peaches", "pose": [[0.6240162975420349, 0.25736257192196804, 0.7378131137404336, 17.855266797127307], [-0.7788551244557118, 0.12854111125754336, 0.6138907658008602, -9.29953287782444], [0.06315315214296632, -0.9577273607682893, 0.28065985232798357, 53.68543695387357], [0.0, 0.0, 0.0, 1.0]]}, {"class": "Butter", "pose": [[0.7659622881614216, 0.3135446932480326, 0.5612410554140043, 6.0398907966285105], [-0.6172223903615305, 0.11446148513142453, 0.778418321834549, -7.841544507029158], [0.17982840050132873, -0.9426496219359924, 0.2811999422752624, 50.12468138402652], [0.0, 0.0, 0.0, 1.0]]}, {"class": "TomatoSauce", "pose": [[0.5253661595294553, 0.2306122041351912, 0.8190289577035038, 2.4395367891109188], [-0.8508145011581035, 0.153974135881991, 0.5024008803816821, 3.0210053506928016], [-0.010249530291091751, -0.9607861270130071, 0.27710094941501623, 49.41099890766668], [0.0, 0.0, 0.0, 1.0]]}, {"class": "Cookies", "pose": [[-0.3094865928902101, 0.461745200865839, 0.8312697769859583, -3.42011717088016], [-0.1650927461588507, -0.8870045646709649, 0.4312392397827572, -4.327528733245828], [0.9364627333474461, -0.0037738720262579482, 0.3507467431636492, 43.73290917746867], [0.0, 0.0, 0.0, 1.0]]}]}