{"camera": {"camera": "RealSense D415", "extrinsics": [[-0.55495614, 0.7367793, 0.38623825, 0.39516565], [0.82148045, 0.5585535, 0.114838324, -0.46426386], [-0.13112424, 0.38101742, -0.91522247, 0.22368939], [0.0, 0.0, 0.0, 1.0]], "height": 480, "intrinsics": [[598.36957, 0.0, 326.28275], [0.0, 599.1431, 245.73769], [0.0, 0.0, 1.0]], "width": 640}, "objects": [{"class": "OrangeJuice", "pose": [[-0.401711232104355, -0.8971895969612663, -0.1835182506785939, 0.06752536461792635], [-0.13154503440960644, 0.2548533883225881, -0.9579904079557402, -12.89098812225164], [0.9062692877267821, -0.36069456300555425, -0.22039828520139138, 51.343386215750854], [0.0, 0.0, 0.0, 1.0]]}, {"class": "Peaches", "pose": [[0.5998476471064141, 0.3767269192466503, 0.7058751049599923, 6.809285619448779], [-0.7797531177195242, 0.07748749913700823, 0.6212734745961006, -3.537071090919847], [0.17935393397645025, -0.9230777558271661, 0.34023464967952344, 56.71935076725776], [0.0, 0.0, 0.0, 1.0]]}, {"class": "Butter", "pose": [[0.7284599829058663, 0.4303769014708674, 0.5330307788595037, -4.446799640218435], [-0.61356689748193, 0.06373058286600217, 0.7870667331773663, -2.164796501048849], [0.3047649609274787, -0.9003966721006026, 0.31049016931188345, 51.63749773068555], [0.0, 0.0, 0.0, 1.0]]}, {"class": "TomatoSauce", "pose": [[0.5100929173348037, 0.35094065669186936, 0.785268047479328, -7.771377712452976], [-0.8545395908059616, 0.102951710507719, 0.509080544119736, 8.676674466728684], [0.09781236469440614, -0.9307210253420475, 0.352407587996378, 49.94145329165998], [0.0, 0.0, 0.0, 1.0]]}, {"class": "Cookies", "pose": [[-0.42631601334563374, 0.44564105025737266, 0.7871840612696883, -12.982913346059682], [-0.11464292757812035, -0.8898267705229025, 0.4416619578021559, 1.0972020215399947], [0.8972801621726345, 0.09804247540001039, 0.43043696096778145, 43.94406267870329], [0.0, 0.0, 0.0, 1.0]]}]}