{"camera": {"camera": "RealSense D415", "extrinsics": [[-0.540538, 0.73023015, 0.41783082, 0.3706269], [0.82679224, 0.5529565, 0.10321661, -0.45963687], [-0.1556704, 0.4012518, -0.9026426, 0.24848793], [0.0, 0.0, 0.0, 1.0]], "height": 480, "intrinsics": [[598.36957, 0.0, 326.28275], [0.0, 599.1431, 245.73769], [0.0, 0.0, 1.0]], "width": 640}, "objects": [{"class": "OrangeJuice", "pose": [[-0.4331933742876696, -0.8816072743974671, -0.1873822562684182, -2.9303744704577914], [-0.11981272316310539, 0.26238429728292695, -0.9574963931734971, -11.749294212240535], [0.8933019499090901, -0.39233028712428286, -0.21929089260918402, 52.240366135500636], [0.0, 0.0, 0.0, 1.0]]}, {"class": "Peaches", "pose": [[0.584288394365323, 0.4081457403357175, 0.701444311843297, 3.7386646258403546], [-0.7852113798918814, 0.06591804442112201, 0.6157092262916455, -2.4322520050382823], [0.20506124722748728, -0.910533812784704, 0.3589957996258421, 57.7689034143023], [0.0, 0.0, 0.0, 1.0]]}, {"class": "Butter", "pose": [[0.7106075717770185, 0.4608444103691163, 0.5316571302317133, -7.324952989973604], [-0.619548996936237, 0.051719336361228344, 0.7832522592845337, -0.9696631015235324], [0.33346045189070295, -0.8859726310389153, 0.32226781961990336, 52.304014005301326], [0.0, 0.0, 0.0, 1.0]]}, {"class": "TomatoSauce", "pose": [[0.4964215148133368, 0.38293094150536944, 0.7790568460836169, -10.462893117622645], [-0.8595896098132374, 0.09161820113332941, 0.5027044449324948, 9.895944355448371], [0.12112529014260855, -0.9192224733053022, 0.3746446745198537, 50.41753996254113], [0.0, 0.0, 0.0, 1.0]]}, {"class": "Cookies", "pose": [[-0.4572837668727863, 0.4315853421540271, 0.777576777401394, -15.561005917189519], [-0.10269800373218169, -0.8941264753007587, 0.43587947557591716, 2.330632465647736], [0.8833711793835985, 0.1194650183930619, 0.45319244510749795, 44.30587108223559], [0.0, 0.0, 0.0, 1.0]]}]}