{"camera": {"camera": "RealSense D415", "extrinsics": [[-0.5272229, 0.7337776, 0.4284933, 0.36339596], [0.8375997, 0.53367513, 0.11669456, -0.4726735], [-0.14304835, 0.4204299, -0.8959776, 0.25028682], [0.0, 0.0, 0.0, 1.0]], "height": 480, "intrinsics": [[598.36957, 0.0, 326.28275], [0.0, 599.1431, 245.73769], [0.0, 0.0, 1.0]], "width": 640}, "objects": [{"class": "OrangeJuice", "pose": [[-0.4439910825983692, -0.8737507889535434, -0.19857376636007612, -3.447384795994135], [-0.13286396179006868, 0.2833630935355265, -0.949764460099104, -13.084157271634211], [0.8861258998356486, -0.3953035901356933, -0.24190066209788305, 52.75725861644741], [0.0, 0.0, 0.0, 1.0]]}, {"class": "Peaches", "pose": [[0.5710443081005309, 0.41836593608659894, 0.7063132485084866, 3.294943097338532], [-0.7977240684312518, 0.07971722489894298, 0.5977302731900279, -3.9848715285809466], [0.1937646113616213, -0.9047735233954355, 0.37926259478571434, 58.55312809290203], [0.0, 0.0, 0.0, 1.0]]}, {"class": "Butter", "pose": [[0.6983562021708922, 0.4706044842270738, 0.5392866562646015, -7.690270668869747], [-0.6366937988667312, 0.06424005168099477, 0.7684362218379555, -2.2467127998701986], [0.3269856755413334, -0.8800026501112268, 0.3444933567503078, 53.01131363489417], [0.0, 0.0, 0.0, 1.0]]}, {"class": "TomatoSauce", "pose": [[0.48300652722959353, 0.39360585443302515, 0.782163147508173, -10.65546399864311], [-0.8690099961467036, 0.10595663727215628, 0.4833164826518954, 8.700814729333478], [0.10736078649057032, -0.9131525828008172, 0.39322511504915486, 51.33019648645839], [0.0, 0.0, 0.0, 1.0]]}, {"class": "Cookies", "pose": [[-0.46773497277913056, 0.41771128403026375, 0.778936031868684, -15.796464516295222], [-0.11519636702559585, -0.9025729316654488, 0.4148396133891502, 1.342810320030846], [0.8763297439468438, 0.10430436364951115, 0.47028368954794675, 45.00508109726098], [0.0, 0.0, 0.0, 1.0]]}]}