{"camera": {"camera": "RealSense D415", "extrinsics": [[-0.52075374, 0.7377681, 0.42955068, 0.36948183], [0.8469107, 0.5098122, 0.15110855, -0.4902118], [-0.10750708, 0.4424814, -0.8903103, 0.23240255], [0.0, 0.0, 0.0, 1.0]], "height": 480, "intrinsics": [[598.36957, 0.0, 326.28275], [0.0, 599.1431, 245.73769], [0.0, 0.0, 1.0]], "width": 640}, "objects": [{"class": "OrangeJuice", "pose": [[-0.44517012913869736, -0.8714740852059392, -0.20580692902274708, -2.580794860636587], [-0.16672842963497378, 0.3064878551928373, -0.937158905931199, -15.734274723615126], [0.8797870396418911, -0.3828812078590374, -0.28173873501822155, 52.391756669121634], [0.0, 0.0, 0.0, 1.0]]}, {"class": "Peaches", "pose": [[0.5648698730926418, 0.41914165545922283, 0.71080399283338, 4.230009730521145], [-0.8095481644981521, 0.11461412613369804, 0.5757563382575108, -6.9396742184984594], [0.15985522995104298, -0.900657490892712, 0.40405737070279096, 58.56557546384767], [0.0, 0.0, 0.0, 1.0]]}, {"class": "Butter", "pose": [[0.6933873862698368, 0.4712550977302371, 0.5450986906256656, -6.740464854241019], [-0.6552646969946657, 0.09770507432654423, 0.7490539933267456, -4.884968866580797], [0.29973653806253253, -0.8765685370280051, 0.3765442562381948, 53.10346188401257], [0.0, 0.0, 0.0, 1.0]]}, {"class": "TomatoSauce", "pose": [[0.47630466484854594, 0.3945852358798699, 0.7857711975924079, -9.621257959058466], [-0.8764468523315434, 0.1413729595252095, 0.4602766461038658, 6.146177048566292], [0.07053152046644669, -0.9079186175505802, 0.41316952669435575, 51.886199493040074], [0.0, 0.0, 0.0, 1.0]]}, {"class": "Cookies", "pose": [[-0.46877587021213674, 0.4107544610555763, 0.7820038192531181, -14.81732073443106], [-0.1484815231468715, -0.9093489214512438, 0.38863577541813654, -0.8986977922793848], [0.8707482254261135, 0.0660699114642286, 0.4872702165939227, 45.256880256936796], [0.0, 0.0, 0.0, 1.0]]}]}