{"camera": {"camera": "RealSense D415", "extrinsics": [[-0.5030015, 0.7516153, 0.4266895, 0.37391895], [0.86126286, 0.47715238, 0.17479104, -0.50860333], [-0.07222031, 0.45541197, -0.8873467, 0.2112324], [0.0, 0.0, 0.0, 1.0]], "height": 480, "intrinsics": [[598.36957, 0.0, 326.28275], [0.0, 599.1431, 245.73769], [0.0, 0.0, 1.0]], "width": 640}, "objects": [{"class": "OrangeJuice", "pose": [[-0.44271447943459635, -0.867201162217687, -0.22796060198319176, -1.2086135895209182], [-0.18967220593831854, 0.3390502508512078, -0.9214496070575661, -17.839073327333395], [0.8763722862209778, -0.3647012574803813, -0.31458637597888534, 51.78209294568179], [0.0, 0.0, 0.0, 1.0]]}, {"class": "Peaches", "pose": [[0.5482697928838052, 0.4154226167326988, 0.7258266224294904, 5.832714671100614], [-0.8268195283369996, 0.13893645326749507, 0.5450377291237294, -9.42718210143359], [0.12557721704049307, -0.8989553624804371, 0.4196541409822116, 58.22475338439609], [0.0, 0.0, 0.0, 1.0]]}, {"class": "Butter", "pose": [[0.6810426801080217, 0.46731934412178605, 0.5637317629778876, -5.127382659068225], [-0.680613994210645, 0.12003466189846639, 0.7227421860399943, -6.937100616548742], [0.2700840355279057, -0.875902018444473, 0.3998127649954933, 52.92535948251182], [0.0, 0.0, 0.0, 1.0]]}, {"class": "TomatoSauce", "pose": [[0.4576738940037003, 0.39140303435763646, 0.7983346876795561, -7.776716592726002], [-0.8884498611467281, 0.1664654125546291, 0.42772199768739094, 4.190706338545535], [0.034516575258553936, -0.9050375481720082, 0.42392879313241044, 52.13807139650333], [0.0, 0.0, 0.0, 1.0]]}, {"class": "Cookies", "pose": [[-0.4659800386103155, 0.3913976710033968, 0.7935177810604731, -13.168898806350587], [-0.1706017964061223, -0.919753791005348, 0.3534798263672366, -2.490723539735118], [0.8681921856002078, 0.029338988769114574, 0.4953600022369825, 45.29263013209806], [0.0, 0.0, 0.0, 1.0]]}]}