{"camera": {"camera": "RealSense D415", "extrinsics": [[-0.97634876, 0.1561056, 0.1495799, 0.5780122], [0.02429781, 0.76669794, -0.64154804, -0.2740515], [-0.21483184, -0.6227402, -0.7523576, 0.24963018], [0.0, 0.0, 0.0, 1.0]], "height": 480, "intrinsics": [[603.75165, 0.0, 326.28275], [0.0, 603.20245, 245.73769], [0.0, 0.0, 1.0]], "width": 640}, "objects": [{"class": "ChocolatePudding", "pose": [[0.7408928694757058, 0.10744115278626928, 0.6629736837539769, 8.191777506590626], [-0.4172998233733917, -0.699816284324033, 0.5797568726537078, 6.367218780630324], [0.5262495447667106, -0.706196529317513, -0.4736537783867618, 37.650108276323316], [0.0, 0.0, 0.0, 1.0]]}, {"class": "MacaroniAndCheese", "pose": [[0.18715617024875295, 0.9804206465066512, -0.061219886831046684, -0.30078579780855597], [-0.622192725586116, 0.07008503449090127, -0.7797206589220891, -1.9842145824401247], [-0.7601636370023745, 0.18402007994399472, 0.6231274976471949, 37.73663777526891], [0.0, 0.0, 0.0, 1.0]]}, {"class": "Milk", "pose": [[0.4643906453446382, 0.8697101031540577, 0.16716942211557514, -12.203199303982137], [0.7035623869434281, -0.24764380058203567, -0.6660874728543681, -9.916578119400771], [-0.5379045939703923, 0.42693891315678245, -0.7268987793258288, 45.13159316262384], [0.0, 0.0, 0.0, 1.0]]}, {"class": "Ketchup", "pose": [[0.6052783277149268, 0.13884952300968068, 0.7838105043063096, -12.509318437886986], [-0.519342904078909, -0.6773481084127945, 0.5210398197779719, 0.8022063707610383], [0.6032587213159898, -0.7224405318442656, -0.337873669101483, 31.117017749848188], [0.0, 0.0, 0.0, 1.0]]}, {"class": "OrangeJuice", "pose": [[-0.5344215919183984, -0.8308848147655199, -0.15499657217428495, 10.229381997448893], [0.6001656953991829, -0.5021662590647836, 0.6225995439322639, -5.137363176533824], [-0.5951425889921522, 0.23970706417467771, 0.7670370560278048, 46.58334308912967], [0.0, 0.0, 0.0, 1.0]]}]}