{"camera": {"camera": "RealSense D415", "extrinsics": [[-0.358656, 0.8154477, 0.45432478, 0.3096268], [0.9333525, 0.3209876, 0.16068646, -0.53237504], [-0.014801233, 0.4816763, -0.8762242, 0.19668598], [0.0, 0.0, 0.0, 1.0]], "height": 480, "intrinsics": [[598.36957, 0.0, 326.28275], [0.0, 599.1431, 245.73769], [0.0, 0.0, 1.0]], "width": 640}, "objects": [{"class": "OrangeJuice", "pose": [[-0.47245470184612687, -0.7998107365518217, -0.37025591600880575, -2.0520464488580803], [-0.17208727095610926, 0.49572609925961303, -0.8512588557265989, -16.501549321973325], [0.8643914370224268, -0.33846486450014507, -0.37184531653525743, 52.54512250141132], [0.0, 0.0, 0.0, 1.0]]}, {"class": "Peaches", "pose": [[0.4085270420657173, 0.43754808505645515, 0.8010352252579586, 6.203632987436583], [-0.910054112505451, 0.1279053725202958, 0.3942610325122119, -9.75021633914478], [0.07005144000955756, -0.8900516339752116, 0.45044516307609556, 59.481357329364805], [0.0, 0.0, 0.0, 1.0]]}, {"class": "Butter", "pose": [[0.5620818245410021, 0.48562627132696135, 0.6695007468683882, -4.187191597769502], [-0.7964446910265907, 0.0995284375773164, 0.5964645655981645, -5.209224168816978], [0.22302446815374327, -0.8684821497254638, 0.44271752002939707, 54.40021723804364], [0.0, 0.0, 0.0, 1.0]]}, {"class": "TomatoSauce", "pose": [[0.3097925825516659, 0.4182664142634722, 0.8538629078691407, -5.021807071172491], [-0.9504919746394407, 0.15924733914992759, 0.26684325902093636, 6.226088806050456], [-0.024363821311070535, -0.8942558425439481, 0.4468924396486667, 54.337582879697], [0.0, 0.0, 0.0, 1.0]]}, {"class": "Cookies", "pose": [[-0.492329748733112, 0.2394012238789191, 0.8368384404753798, -11.370948603563386], [-0.1490644084550691, -0.9704180055757522, 0.18991769362424019, 0.941854316971924], [0.8575495634249481, -0.031240691573160326, 0.5134517755229936, 47.102773322634825], [0.0, 0.0, 0.0, 1.0]]}]}