{"camera": {"camera": "RealSense D415", "extrinsics": [[-0.33663806, 0.82455003, 0.45474395, 0.30135715], [0.9416032, 0.29868475, 0.15546979, -0.5343499], [-0.0076324674, 0.4805254, -0.8769476, 0.19650151], [0.0, 0.0, 0.0, 1.0]], "height": 480, "intrinsics": [[598.36957, 0.0, 326.28275], [0.0, 599.1431, 245.73769], [0.0, 0.0, 1.0]], "width": 640}, "objects": [{"class": "OrangeJuice", "pose": [[-0.473180771271005, -0.789163781176147, -0.3915616181138656, -1.8835338718161565], [-0.16636640397141628, 0.5165178169256434, -0.8399592554347869, -16.140469262033452], [0.8651139938553314, -0.3323098244738013, -0.3756966110402686, 52.880478773736996], [0.0, 0.0, 0.0, 1.0]]}, {"class": "Peaches", "pose": [[0.38724731493777026, 0.4371493257587606, 0.811751193816774, 6.554327954465769], [-0.9198322259588481, 0.12317996784171992, 0.3724719559546482, -9.628934009486418], [0.06283435939879652, -0.890913689577959, 0.4498050981867684, 59.826735637854945], [0.0, 0.0, 0.0, 1.0]]}, {"class": "Butter", "pose": [[0.5439974678072517, 0.4846254959983655, 0.6849853284913779, -3.7454085411847418], [-0.8108302718872825, 0.09354507878910939, 0.5777573667103764, -4.812956526659573], [0.2159189142598182, -0.8697054046023306, 0.4438372641223702, 54.813791917292356], [0.0, 0.0, 0.0, 1.0]]}, {"class": "TomatoSauce", "pose": [[0.28724049530709306, 0.4185953884493052, 0.8615514002225954, -4.310835665612217], [-0.9573420202470473, 0.15499253471635255, 0.24387200908278714, 6.638988354955677], [-0.03145034940025408, -0.8948492909625727, 0.44525903397871064, 54.82532248231563], [0.0, 0.0, 0.0, 1.0]]}, {"class": "Cookies", "pose": [[-0.4925334806086151, 0.21637468997111917, 0.8429666545126622, -10.809268157990143], [-0.14283992058723594, -0.9755635378534083, 0.16695067253577556, 1.5511617787850263], [0.8584914524653707, -0.03818050250470249, 0.511404595819846, 47.58228482656721], [0.0, 0.0, 0.0, 1.0]]}]}