{"camera": {"camera": "RealSense D415", "extrinsics": [[-0.3188137, 0.83191496, 0.45417547, 0.29617935], [0.94777733, 0.2842221, 0.14469256, -0.5344067], [-0.008714805, 0.47658718, -0.879084, 0.19854212], [0.0, 0.0, 0.0, 1.0]], "height": 480, "intrinsics": [[598.36957, 0.0, 326.28275], [0.0, 599.1431, 245.73769], [0.0, 0.0, 1.0]], "width": 640}, "objects": [{"class": "OrangeJuice", "pose": [[-0.47286091916737427, -0.7805538726187399, -0.40882546268112885, -1.5610300921278242], [-0.15526769765561996, 0.5305271249061086, -0.8333263953139584, -15.466062335926845], [0.8673491249177308, -0.3305700523629719, -0.3720603190443802, 53.11333738064587], [0.0, 0.0, 0.0, 1.0]]}, {"class": "Peaches", "pose": [[0.37004026697214837, 0.4359195189845901, 0.8203928508097775, 7.025396965576047], [-0.926831574849604, 0.11270694685355474, 0.3581624565977442, -9.098176009271185], [0.06366601270104646, -0.8929005092869494, 0.44573003529499505, 60.01053894081121], [0.0, 0.0, 0.0, 1.0]]}, {"class": "Butter", "pose": [[0.529418087633683, 0.4829096498018465, 0.6975061393901248, -3.2009833270330743], [-0.820437002437784, 0.08223198058697712, 0.5657923609620584, -4.1006654114110646], [0.21586924814450598, -0.8718005389638103, 0.43973200132598045, 55.02517537352149], [0.0, 0.0, 0.0, 1.0]]}, {"class": "TomatoSauce", "pose": [[0.268975463490989, 0.41795477484788957, 0.867736170788115, -3.5498770492504605], [-0.9626753733775573, 0.1448548265320045, 0.22863327414472273, 7.359915770584258], [-0.030137416076602502, -0.8968449624603179, 0.4413171132915561, 55.00993967987306], [0.0, 0.0, 0.0, 1.0]]}, {"class": "Cookies", "pose": [[-0.49179133440855, 0.19775229621417895, 0.8479595324159297, -10.171492819086298], [-0.13139588975809405, -0.9795704142458125, 0.1522395908176982, 2.3780870612485683], [0.8607417827477388, -0.03654829502775651, 0.5077280281656957, 47.80488659917711], [0.0, 0.0, 0.0, 1.0]]}]}