{"camera": {"camera": "RealSense D415", "extrinsics": [[-0.29348668, 0.8973869, 0.329488, 0.34928697], [0.9534653, 0.29968318, 0.033074386, -0.480019], [-0.069061495, 0.32386228, -0.94358027, 0.24067272], [0.0, 0.0, 0.0, 1.0]], "height": 480, "intrinsics": [[598.36957, 0.0, 326.28275], [0.0, 599.1431, 245.73769], [0.0, 0.0, 1.0]], "width": 640}, "objects": [{"class": "OrangeJuice", "pose": [[-0.34989184761981706, -0.8060029259495372, -0.47742539613958973, 9.678028212012324], [-0.04407875579802797, 0.5232400853534612, -0.8510445576523195, -5.526033772867783], [0.9357525193642724, -0.2767291996034496, -0.21860502864224504, 56.90890238919769], [0.0, 0.0, 0.0, 1.0]]}, {"class": "Peaches", "pose": [[0.352429247690046, 0.30869050046009294, 0.883461278635005, 19.302719973951167], [-0.9288896633135755, 0.0005593019231583316, 0.37035610338373837, 1.1881551423702952], [0.11383127159058946, -0.9511623817031107, 0.28693649331927884, 61.82144444867927], [0.0, 0.0, 0.0, 1.0]]}, {"class": "Butter", "pose": [[0.5341884510034252, 0.35741726173540495, 0.7660911371222054, 8.602921272611026], [-0.8134424589998419, -0.029359833996906157, 0.5809038894576238, 6.033624409688098], [0.23011736088365983, -0.9334832185905352, 0.2750546614533541, 57.76637929293735], [0.0, 0.0, 0.0, 1.0]]}, {"class": "TomatoSauce", "pose": [[0.23833023862528754, 0.29114503229491023, 0.92651675542101, 8.537062118934664], [-0.9703892704479, 0.03279887233545938, 0.239309131702374, 17.43348444177896], [0.03928494719746271, -0.9561165291266878, 0.2903409402958045, 56.53929600431392], [0.0, 0.0, 0.0, 1.0]]}, {"class": "Cookies", "pose": [[-0.3689708410418889, 0.16651975534188396, 0.9144023841235259, 0.8478427166308922], [-0.020305072525641125, -0.9850290756682571, 0.17118816215176424, 11.986175180813252], [0.9292191577366787, 0.04459642341080983, 0.3668281639562678, 50.90192697820215], [0.0, 0.0, 0.0, 1.0]]}]}