{"camera": {"camera": "RealSense D415", "extrinsics": [[-0.2898082, 0.8906637, 0.35032764, 0.3364089], [0.95287144, 0.30281642, 0.018389586, -0.46659037], [-0.089706026, 0.33914667, -0.93644667, 0.25144267], [0.0, 0.0, 0.0, 1.0]], "height": 480, "intrinsics": [[598.36957, 0.0, 326.28275], [0.0, 599.1431, 245.73769], [0.0, 0.0, 1.0]], "width": 640}, "objects": [{"class": "OrangeJuice", "pose": [[-0.37057751041992587, -0.7985482729924882, -0.47433432379791907, 7.7634701906527495], [-0.029471643677648793, 0.5205474737753373, -0.8533238851875273, -3.6514566453276887], [0.9283338655194983, -0.3022431905666145, -0.2164377029007492, 56.78404063815916], [0.0, 0.0, 0.0, 1.0]]}, {"class": "Peaches", "pose": [[0.34780065479289385, 0.3296318566212443, 0.8777115869619214, 17.29189405199429], [-0.9277401581389201, -0.014196364418945772, 0.37295651955709785, 3.1174007795004846], [0.13539864174784885, -0.9440028234777434, 0.3008751708434964, 61.80796390761177], [0.0, 0.0, 0.0, 1.0]]}, {"class": "Butter", "pose": [[0.5271975553556902, 0.37789070546486997, 0.7610922668188075, 6.694902103728722], [-0.8109086286424981, -0.04393875276384849, 0.5835207667814264, 7.921674339615831], [0.25394849055292856, -0.9248070256769019, 0.2832704021879871, 57.44556332411415], [0.0, 0.0, 0.0, 1.0]]}, {"class": "TomatoSauce", "pose": [[0.23528635220984515, 0.3122705146301309, 0.9203953196412729, 6.681043396009779], [-0.9701353537627687, 0.0179981905882228, 0.24189535708983773, 19.302070600472014], [0.05897131999499451, -0.9498227295016042, 0.3071793568770241, 56.0479722956311], [0.0, 0.0, 0.0, 1.0]]}, {"class": "Cookies", "pose": [[-0.3894555767487996, 0.1633442703028745, 0.906445304119132, -0.8936059057243206], [-0.005762728233337906, -0.9845612755554645, 0.17494510255045567, 13.785555745149408], [0.9210272426725487, 0.06290973361824724, 0.38438415032659284, 50.323467365454036], [0.0, 0.0, 0.0, 1.0]]}]}