{"camera": {"camera": "RealSense D415", "extrinsics": [[-0.2816583, 0.8753796, 0.39291105, 0.3129507], [0.9462317, 0.32130417, -0.037538048, -0.43683937], [-0.159104, 0.36121202, -0.91881, 0.26840198], [0.0, 0.0, 0.0, 1.0]], "height": 480, "intrinsics": [[598.36957, 0.0, 326.28275], [0.0, 599.1431, 245.73769], [0.0, 0.0, 1.0]], "width": 640}, "objects": [{"class": "OrangeJuice", "pose": [[-0.4128114704116529, -0.7818232921353468, -0.4672675705660645, 4.16477248238078], [0.026019214649840663, 0.5026885120260682, -0.8640758801172974, 1.1535036595521075], [0.9104448031463896, -0.36885834085848973, -0.18717315924291644, 54.659596447090856], [0.0, 0.0, 0.0, 1.0]]}, {"class": "Peaches", "pose": [[0.3375956569199837, 0.37245538919327237, 0.8644686855063932, 13.479611087013915], [-0.9185075187391466, -0.07048948210673603, 0.38906945033816676, 8.196623878299164], [0.2058469409306884, -0.9253692577242119, 0.3183061113245278, 59.70700346037925], [0.0, 0.0, 0.0, 1.0]]}, {"class": "Butter", "pose": [[0.5118324275207257, 0.41966762264430635, 0.7496042991964568, 3.112415209556496], [-0.795074188489657, -0.09910050258773669, 0.5983610878381294, 12.746774406034673], [0.325398917338682, -0.9022517533266048, 0.2829440314832607, 54.585950259857505], [0.0, 0.0, 0.0, 1.0]]}, {"class": "TomatoSauce", "pose": [[0.22853377877885392, 0.3555051201850841, 0.906304791011688, 3.207187505208159], [-0.9652204178368899, -0.03867538016694186, 0.25856068187986225, 24.02440119321176], [0.12697130513607408, -0.9338738514286928, 0.33430214481498605, 52.51882206208263], [0.0, 0.0, 0.0, 1.0]]}, {"class": "Cookies", "pose": [[-0.4312420505900543, 0.15643081659478053, 0.8885716888095577, -4.118950385166348], [0.049276337699612496, -0.9793011855831386, 0.1963183555168278, 18.187572406204694], [0.9008896639621402, 0.12844627008149362, 0.4146074960808766, 46.788523112026205], [0.0, 0.0, 0.0, 1.0]]}]}