{"camera": {"camera": "RealSense D415", "extrinsics": [[-0.27906087, 0.86747706, 0.4118356, 0.3043523], [0.9407131, 0.33308014, -0.06415945, -0.4451157], [-0.19283111, 0.36951476, -0.9089967, 0.24048053], [0.0, 0.0, 0.0, 1.0]], "height": 480, "intrinsics": [[598.36957, 0.0, 326.28275], [0.0, 599.1431, 245.73769], [0.0, 0.0, 1.0]], "width": 640}, "objects": [{"class": "OrangeJuice", "pose": [[-0.43154985887638797, -0.7744351860530533, -0.4626174035756974, 2.7005967320266944], [0.05237021256880235, 0.49045588755474556, -0.8698909680868608, 1.091351434979776], [0.9005676618562463, -0.39962864951719107, -0.17109881877130842, 49.96198245179425], [0.0, 0.0, 0.0, 1.0]]}, {"class": "Peaches", "pose": [[0.33399881211093685, 0.39154588522480216, 0.8574010808579553, 11.903610625324088], [-0.9115394073663651, -0.09731921985138081, 0.39953071399631956, 8.293810011230052], [0.23987618425788898, -0.9149977141684368, 0.3244049570729641, 54.98962728676382], [0.0, 0.0, 0.0, 1.0]]}, {"class": "Butter", "pose": [[0.5056311868476799, 0.4382931734670084, 0.7431259631876698, 1.6408066692318313], [-0.7843780617622264, -0.12516736090912967, 0.6075229223246531, 12.67587827071166], [0.3592882317784858, -0.8900742988482323, 0.28049899450160765, 49.52335418115924], [0.0, 0.0, 0.0, 1.0]]}, {"class": "TomatoSauce", "pose": [[0.2266264598302974, 0.37474971845090344, 0.8990011659670584, 1.7693280077054785], [-0.9607188753502534, -0.06579452646454761, 0.26961126829893284, 23.88751861027639], [0.16018607996446332, -0.9247884922928077, 0.3451183002819605, 47.12554764437247], [0.0, 0.0, 0.0, 1.0]]}, {"class": "Cookies", "pose": [[-0.4497975457881963, 0.15451958379185826, 0.8796623592106707, -5.432259423459068], [0.07530851844020175, -0.9748509741284659, 0.20974774957513442, 17.87340419618194], [0.8899499028288695, 0.16059007383755652, 0.4268488907339818, 41.42074580925721], [0.0, 0.0, 0.0, 1.0]]}]}