{"camera": {"camera": "RealSense D415", "extrinsics": [[-0.28835297, 0.87294877, 0.39346284, 0.31532466], [0.9438117, 0.32841223, -0.036944177, -0.46084824], [-0.16146839, 0.3607019, -0.91859794, 0.19912225], [0.0, 0.0, 0.0, 1.0]], "height": 480, "intrinsics": [[598.36957, 0.0, 326.28275], [0.0, 599.1431, 245.73769], [0.0, 0.0, 1.0]], "width": 640}, "objects": [{"class": "OrangeJuice", "pose": [[-0.4132778736542338, -0.7852727901434035, -0.4610293462445012, 4.0739803235166185], [0.025263502434966816, 0.4962064396172647, -0.8678368952354124, -1.375329418968746], [0.9102544935874929, -0.37030497833037473, -0.18523239806192632, 47.615310263009206], [0.0, 0.0, 0.0, 1.0]]}, {"class": "Peaches", "pose": [[0.3440760964411835, 0.37324495527364876, 0.8615682544702862, 13.336704004484453], [-0.9155765624507, -0.07005646142175373, 0.39599444757318175, 5.7462217738965204], [0.20816133688165206, -0.9250839868264661, 0.3176295586200252, 52.64855458682791], [0.0, 0.0, 0.0, 1.0]]}, {"class": "Butter", "pose": [[0.5173893066747862, 0.42065277189604433, 0.7452245062564438, 2.9389385321975214], [-0.7906154162743745, -0.0982740668606914, 0.6043752338876246, 10.20992481257017], [0.32746834315863677, -0.9018833302278877, 0.2817286003412606, 47.51341608065281], [0.0, 0.0, 0.0, 1.0]]}, {"class": "TomatoSauce", "pose": [[0.23537559368110916, 0.35607079873042197, 0.9043295472786154, 2.953887342037781], [-0.9632563804607133, -0.03838470774865403, 0.265826469181566, 21.482933222035506], [0.12936545320194529, -0.9336703310642134, 0.333952622047724, 45.41915339675423], [0.0, 0.0, 0.0, 1.0]]}, {"class": "Cookies", "pose": [[-0.43187090106091114, 0.1633744840580939, 0.8870153982124497, -4.328576508390775], [0.04836542575458147, -0.9778478127584245, 0.2036526274809803, 15.580189405650424], [0.9006377736467518, 0.13085250900652054, 0.41440232013295347, 39.70071504736523], [0.0, 0.0, 0.0, 1.0]]}]}