{"camera": {"camera": "RealSense D415", "extrinsics": [[-0.31889424, 0.85253763, 0.4141087, 0.3029869], [0.9367756, 0.3499293, 0.0009766646, -0.49370015], [-0.14407612, 0.38823837, -0.91022694, 0.12153958], [0.0, 0.0, 0.0, 1.0]], "height": 480, "intrinsics": [[598.36957, 0.0, 326.28275], [0.0, 599.1431, 245.73769], [0.0, 0.0, 1.0]], "width": 640}, "objects": [{"class": "OrangeJuice", "pose": [[-0.4333037177703523, -0.7946604412544994, -0.42516191156170463, 0.6492819928719695], [-0.013137589798229, 0.4772671343850746, -0.8786600273854482, -6.403811752355098], [0.901152250908112, -0.37514099529342065, -0.21724152198581928, 40.35300480920696], [0.0, 0.0, 0.0, 1.0]]}, {"class": "Peaches", "pose": [[0.3725441575281423, 0.395249226939963, 0.8396361587415229, 9.537640167581], [-0.9077879235942216, -0.03265753917849928, 0.4181561053794917, 0.9112301467121275], [0.19269629790507037, -0.9179932552763012, 0.3466360405123998, 45.76921517656972], [0.0, 0.0, 0.0, 1.0]]}, {"class": "Butter", "pose": [[0.5386157934766637, 0.4431426003150079, 0.716601453092836, -0.90301494365288], [-0.779850132792619, -0.05975536741322459, 0.6231075541216686, 5.132228870557631], [0.3189462457555378, -0.8944573876750597, 0.3133995827903502, 40.51719660117563], [0.0, 0.0, 0.0, 1.0]]}, {"class": "TomatoSauce", "pose": [[0.26735644865242947, 0.37712462615612574, 0.8867341909962472, -1.252381523809537], [-0.9572616952350921, -0.0014076496609642818, 0.28921967933201237, 16.44909572966511], [0.11032005001198873, -0.9261614959502904, 0.3606305512927058, 38.70795749474852], [0.0, 0.0, 0.0, 1.0]]}, {"class": "Cookies", "pose": [[-0.4525128740383907, 0.1959169877948942, 0.8699704664493491, -8.191809519202842], [0.009526851508197803, -0.9744502551372345, 0.22440119633852934, 10.440204094321748], [0.8917070295444943, 0.10983249161561699, 0.4390847546745957, 32.68178487140019], [0.0, 0.0, 0.0, 1.0]]}]}