{"camera": {"camera": "RealSense D415", "extrinsics": [[-0.33475596, 0.85271585, 0.40101635, 0.3089144], [0.9321172, 0.3620635, 0.008215357, -0.49963647], [-0.13818802, 0.3765444, -0.91603404, 0.102069], [0.0, 0.0, 0.0, 1.0]], "height": 480, "intrinsics": [[598.36957, 0.0, 326.28275], [0.0, 599.1431, 245.73769], [0.0, 0.0, 1.0]], "width": 640}, "objects": [{"class": "OrangeJuice", "pose": [[-0.42015672258610726, -0.8069141793166417, -0.41516001371572736, 1.0144464106736195], [-0.020648609218699016, 0.46588376738366466, -0.8846049173526955, -7.4758699315848665], [0.9072166040998273, -0.36310019257638687, -0.21240584637351606, 38.886547008482964], [0.0, 0.0, 0.0, 1.0]]}, {"class": "Peaches", "pose": [[0.3886591259178798, 0.38254812771948415, 0.8382129891167649, 9.869891463576987], [-0.9023958823322993, -0.025685400235838644, 0.4301416526486033, -0.03637702289474021], [0.1860796978096005, -0.9235784696418589, 0.33522696289853393, 44.18589817162104], [0.0, 0.0, 0.0, 1.0]]}, {"class": "Butter", "pose": [[0.5546027440087181, 0.4311685631624247, 0.7116947855530774, -0.7060195709635619], [-0.7721620914681376, -0.052098467079074076, 0.6332861626519195, 4.035678124755915], [0.310131266474035, -0.9007660206289626, 0.3040380466529727, 39.08920448328068], [0.0, 0.0, 0.0, 1.0]]}, {"class": "TomatoSauce", "pose": [[0.2830507041715905, 0.3638479985429042, 0.8874102400408048, -1.2487276245795098], [-0.9533244958565504, 0.005302135277815487, 0.3019009813501443, 15.348295126407852], [0.1051408790059619, -0.9314432450952436, 0.34836595256335734, 37.30117856698602], [0.0, 0.0, 0.0, 1.0]]}, {"class": "Cookies", "pose": [[-0.43983225784886604, 0.21187394539753643, 0.8727296359825539, -8.18370294532549], [0.0017398876092658809, -0.9715698694336855, 0.23674642801645518, 9.244442702977985], [0.898078261093685, 0.10564715096586323, 0.4269591041549768, 31.36600381993519], [0.0, 0.0, 0.0, 1.0]]}]}