{"camera": {"camera": "RealSense D415", "extrinsics": [[-0.965775, 0.22936442, 0.12112237, 0.571167], [0.10334623, 0.76856685, -0.6313672, -0.28599805], [-0.23790382, -0.5972411, -0.7659666, 0.2570582], [0.0, 0.0, 0.0, 1.0]], "height": 480, "intrinsics": [[603.75165, 0.0, 326.28275], [0.0, 603.20245, 245.73769], [0.0, 0.0, 1.0]], "width": 640}, "objects": [{"class": "ChocolatePudding", "pose": [[0.6934624513990058, 0.07354211319145822, 0.7167296206082089, 9.849415304531316], [-0.4853906876462318, -0.6874657330444719, 0.5401728768098154, 8.476617941317876], [0.5324525112684969, -0.7224834998598261, -0.44103502586264554, 38.10641170794635], [0.0, 0.0, 0.0, 1.0]]}, {"class": "MacaroniAndCheese", "pose": [[0.1602326928336518, 0.9776986794520179, -0.13575985899826262, 0.7575682689211827], [-0.6147038621819231, -0.008775083986683002, -0.7887091671362144, 0.7895271880459909], [-0.7723112256714159, 0.2098290997455222, 0.5995891076107004, 37.753554126471286], [0.0, 0.0, 0.0, 1.0]]}, {"class": "Milk", "pose": [[0.529718442182626, 0.8371747629835206, 0.13614973817554546, -11.895656707619173], [0.6802090373111265, -0.3234192572435926, -0.657811249682856, -6.411443045791065], [-0.5066695397953948, 0.4410650330415269, -0.740774994472071, 44.632297892579714], [0.0, 0.0, 0.0, 1.0]]}, {"class": "Ketchup", "pose": [[0.5486142176350585, 0.10695986037454175, 0.8292056388179603, -11.029180181989929], [-0.5788762672426566, -0.6670168403485244, 0.46903176067269275, 4.658003058065196], [0.6032617010701748, -0.7373249669332145, -0.304018406551889, 30.916944008623247], [0.0, 0.0, 0.0, 1.0]]}, {"class": "OrangeJuice", "pose": [[-0.47215926717337703, -0.8721227344828667, -0.12832585628234747, 10.784862507938437], [0.6538927064650875, -0.4441372115240109, 0.6125083316792398, -3.375493483753611], [-0.5911767336969139, 0.20529015184132404, 0.7799782057570012, 46.76448902130438], [0.0, 0.0, 0.0, 1.0]]}]}