{"camera": {"camera": "RealSense D415", "extrinsics": [[-0.39819792, 0.84647983, 0.3534265, 0.32800138], [0.9100238, 0.4129715, 0.0362099, -0.5038258], [-0.11530411, 0.33604524, -0.9347612, 0.06276957], [0.0, 0.0, 0.0, 1.0]], "height": 480, "intrinsics": [[598.36957, 0.0, 326.28275], [0.0, 599.1431, 245.73769], [0.0, 0.0, 1.0]], "width": 640}, "objects": [{"class": "OrangeJuice", "pose": [[-0.3721791128435058, -0.8513047249344957, -0.3698147568500033, 1.8269594059751926], [-0.04977628311871583, 0.41617157831860685, -0.9079225967207243, -9.92834972484311], [0.9268252343468321, -0.3195017689213181, -0.1972651429915443, 36.68231065918741], [0.0, 0.0, 0.0, 1.0]]}, {"class": "Peaches", "pose": [[0.4524894067893834, 0.33673392859351353, 0.8257503128635059, 10.459775426454213], [-0.8771800375827006, 0.001254820173595592, 0.4801598793008071, -1.9720381568345713], [0.1606499189777021, -0.9415989947319635, 0.29594402960290145, 41.58329788757175], [0.0, 0.0, 0.0, 1.0]]}, {"class": "Butter", "pose": [[0.616065702000485, 0.3879733360894988, 0.6855214966863089, -0.5891582741907653], [-0.7373284487703542, -0.022169249479084704, 0.6751704863283454, 1.4535434145231174], [0.2771456009717562, -0.921403929879334, 0.27240603126639534, 37.04520752593393], [0.0, 0.0, 0.0, 1.0]]}, {"class": "TomatoSauce", "pose": [[0.34631377232400745, 0.31578509482094685, 0.8833722466233829, -1.9185134663997239], [-0.9342844409726665, 0.0310493972949455, 0.35517378968813146, 12.716760425201134], [0.08473038233809581, -0.9483225643108877, 0.3057858864189881, 35.360088068449215], [0.0, 0.0, 0.0, 1.0]]}, {"class": "Cookies", "pose": [[-0.39363267650901795, 0.2765148322336117, 0.8766942709154472, -8.751257341932778], [-0.028620282446233592, -0.9569115546801524, 0.28896549716139003, 6.214815921329486], [0.9188221720303895, 0.08865499828933629, 0.38458554245975074, 29.737319823912667], [0.0, 0.0, 0.0, 1.0]]}]}