{"camera": {"camera": "RealSense D415", "extrinsics": [[-0.42977667, 0.839668, 0.33203873, 0.3363246], [0.8958186, 0.44259146, 0.040272605, -0.5060254], [-0.11314189, 0.3147547, -0.94240564, 0.04816535], [0.0, 0.0, 0.0, 1.0]], "height": 480, "intrinsics": [[598.36957, 0.0, 326.28275], [0.0, 599.1431, 245.73769], [0.0, 0.0, 1.0]], "width": 640}, "objects": [{"class": "OrangeJuice", "pose": [[-0.3505081259678908, -0.8709381756923006, -0.3443991888798274, 2.0238333277819653], [-0.054496587853703225, 0.3860711915776233, -0.9208578478496057, -10.929746273660207], [0.9349728356261504, -0.30399953153448267, -0.1827842247814611, 35.595300746091674], [0.0, 0.0, 0.0, 1.0]]}, {"class": "Peaches", "pose": [[0.4839336236683064, 0.31634265808481354, 0.8159262369282771, 10.49759238348305], [-0.8608931188393355, 0.00474646170002711, 0.5087637251578431, -2.6619200830995613], [0.15707088306135703, -0.9486331302071753, 0.2746341445061313, 40.252183581185484], [0.0, 0.0, 0.0, 1.0]]}, {"class": "Butter", "pose": [[0.645353006343866, 0.36873184731415815, 0.6689965437340166, -0.7506444263161272], [-0.7149487394097251, -0.01685926071632033, 0.6989735934530095, 0.37102615404370765], [0.26901257657219935, -0.9293829225819085, 0.2527441556595225, 35.92942648915358], [0.0, 0.0, 0.0, 1.0]]}, {"class": "TomatoSauce", "pose": [[0.3780631029497065, 0.2943029262756339, 0.8777551659332316, -2.479053052510377], [-0.921973096819354, 0.03379849540404094, 0.38577621680168583, 11.57218118000294], [0.08386824949986982, -0.955114375331872, 0.2841172964132642, 34.193449929286956], [0.0, 0.0, 0.0, 1.0]]}, {"class": "Cookies", "pose": [[-0.37280027744070116, 0.3091317357675438, 0.8749043242722714, -9.216509331016127], [-0.03410460563316551, -0.9468023144653145, 0.32000355028936706, 4.81019932220097], [0.9272846695812875, 0.08945913195265921, 0.36351093055195455, 28.76579009387617], [0.0, 0.0, 0.0, 1.0]]}]}