{"camera": {"camera": "RealSense D415", "extrinsics": [[-0.5034163, 0.8029157, 0.31921533, 0.34728345], [0.8541653, 0.51815856, 0.04374196, -0.4882224], [-0.13028306, 0.29468307, -0.9466722, 0.03184341], [0.0, 0.0, 0.0, 1.0]], "height": 480, "intrinsics": [[598.36957, 0.0, 326.28275], [0.0, 599.1431, 245.73769], [0.0, 0.0, 1.0]], "width": 640}, "objects": [{"class": "OrangeJuice", "pose": [[-0.33650938492197763, -0.9025544236726512, -0.2686204702228173, 0.21877718298680127], [-0.05962423712942071, 0.3051056265598012, -0.950450154742267, -11.128744621229359], [0.9397906474026284, -0.30381906229585914, -0.15648499100765478, 33.32830169404065], [0.0, 0.0, 0.0, 1.0]]}, {"class": "Peaches", "pose": [[0.5548839952074229, 0.3064584068117917, 0.7734255023021915, 8.020181535112753], [-0.8137935818491508, 0.0068961731030391365, 0.5811131031038448, -2.0751355177613897], [0.17275330595867205, -0.9518591062081899, 0.253220404350343, 37.689304453182956], [0.0, 0.0, 0.0, 1.0]]}, {"class": "Butter", "pose": [[0.7046569823440847, 0.36062407846931965, 0.6110718632994386, -3.4782631621019853], [-0.6522514102361496, -0.00982097551190303, 0.757939071394437, -0.0905881538805553], [0.27933237635963454, -0.9326595821827098, 0.22829709426644904, 33.41669879295125], [0.0, 0.0, 0.0, 1.0]]}, {"class": "TomatoSauce", "pose": [[0.4537873920957763, 0.28203371244894976, 0.8453011289898659, -6.14293734265487], [-0.8852274176870769, 0.03385798419303401, 0.46392461191745965, 10.882402987662026], [0.10222218127865479, -0.9588069106271953, 0.26502824332251423, 31.426759631427657], [0.0, 0.0, 0.0, 1.0]]}, {"class": "Cookies", "pose": [[-0.36047967987772317, 0.38719924782932563, 0.848605416981311, -12.345491727233954], [-0.04134146093634067, -0.9155101774355004, 0.4001649513400451, 3.4528313405734314], [0.9318505038752988, 0.10916874373279202, 0.34603014289163864, 26.239565182553832], [0.0, 0.0, 0.0, 1.0]]}]}