{"camera": {"camera": "RealSense D415", "extrinsics": [[-0.6035279, 0.7509591, 0.26798227, 0.40143642], [0.7854333, 0.6178005, 0.037644435, -0.47375065], [-0.13729015, 0.23320168, -0.9626881, 0.026339628], [0.0, 0.0, 0.0, 1.0]], "height": 480, "intrinsics": [[598.36957, 0.0, 326.28275], [0.0, 599.1431, 245.73769], [0.0, 0.0, 1.0]], "width": 640}, "objects": [{"class": "OrangeJuice", "pose": [[-0.2836404823570756, -0.9446631747030414, -0.16480149643550698, 2.970035995555642], [-0.05566178629843233, 0.18778895776691804, -0.9806309640192139, -12.517178684937075], [0.9573138758278823, -0.26897345393030553, -0.10584617387421168, 33.02177097634267], [0.0, 0.0, 0.0, 1.0]]}, {"class": "Peaches", "pose": [[0.6519345818759827, 0.2593087061005377, 0.7125589561529783, 9.874980504957541], [-0.7376873329643711, -0.0005965886845918041, 0.6751422498794077, -2.458897495260548], [0.17549534594501298, -0.9657943096126477, 0.1908997730933253, 36.62743584375181], [0.0, 0.0, 0.0, 1.0]]}, {"class": "Butter", "pose": [[0.786960992485893, 0.31586343155843116, 0.530021375992436, -1.9603455213302867], [-0.555759429501556, -0.010242228075292589, 0.8312800779463732, -1.9727016639074724], [0.2679995483100955, -0.948749388416602, 0.16748381527872425, 32.87290709613623], [0.0, 0.0, 0.0, 1.0]]}, {"class": "TomatoSauce", "pose": [[0.5565445093179352, 0.23165837648856288, 0.7978675177307983, -5.954897528316183], [-0.8230955839630167, 0.02310921549322638, 0.5674324968894862, 8.531760092805191], [0.11301238164491517, -0.972522683268248, 0.2035382529631203, 30.599865820642393], [0.0, 0.0, 0.0, 1.0]]}, {"class": "Cookies", "pose": [[-0.30989051292028413, 0.4942611435091424, 0.8122030301089767, -11.497693841220913], [-0.04056383057371083, -0.8603513659578168, 0.5080847541996082, 0.2292853746494128], [0.9499065539105284, 0.12450456519132651, 0.286663810726002, 26.025641464039005], [0.0, 0.0, 0.0, 1.0]]}]}