{"camera": {"camera": "RealSense D415", "extrinsics": [[-0.6483174, 0.7228067, 0.23923837, 0.42835954], [0.74500024, 0.66705483, 0.0035317112, -0.46047738], [-0.15703237, 0.18052231, -0.9709544, 0.043046385], [0.0, 0.0, 0.0, 1.0]], "height": 480, "intrinsics": [[598.36957, 0.0, 326.28275], [0.0, 599.1431, 245.73769], [0.0, 0.0, 1.0]], "width": 640}, "objects": [{"class": "OrangeJuice", "pose": [[-0.2540479803171899, -0.9603575885887432, -0.1147731250473815, 4.687697015161807], [-0.02258817099942198, 0.12452519151757391, -0.9919592804863645, -11.707531025735541], [0.9669277908199876, -0.24941268772109185, -0.05332806186663191, 34.06751334124532], [0.0, 0.0, 0.0, 1.0]]}, {"class": "Peaches", "pose": [[0.6951158932447424, 0.23254764090111188, 0.6802465980556359, 11.138735697974623], [-0.692944237798559, -0.03521752904794466, 0.7201305241997097, -1.1349090328864497], [0.1914212397842018, -0.9719471530971112, 0.1366622266196302, 36.97471971024086], [0.0, 0.0, 0.0, 1.0]]}, {"class": "Butter", "pose": [[0.8226576942874361, 0.2899819550205714, 0.4890242614518187, -0.803556842221842], [-0.49982275698330464, -0.041032898948435724, 0.8651551743705337, -1.4556308468055723], [0.2709454410531202, -0.9561520386212565, 0.1111834999074783, 33.55615320635693], [0.0, 0.0, 0.0, 1.0]]}, {"class": "TomatoSauce", "pose": [[0.6027781879762046, 0.20349213556327414, 0.7715240445769596, -5.416425621808452], [-0.7862298745506318, -0.013353941492997042, 0.6177897858861954, 8.699306675891311], [0.13601823804156077, -0.9789854795796271, 0.15194207228758802, 30.898040801640953], [0.0, 0.0, 0.0, 1.0]]}, {"class": "Cookies", "pose": [[-0.2812623859708641, 0.5429198444658369, 0.7912834240773269, -10.6283890319811], [-0.009270645783094217, -0.8260693714680163, 0.5634921575175773, -0.09923381148346788], [0.9595860992769699, 0.15115343318877753, 0.23737540173401828, 26.898251039323945], [0.0, 0.0, 0.0, 1.0]]}]}