{"camera": {"camera": "RealSense D415", "extrinsics": [[-0.7075742, 0.681355, 0.18733434, 0.47098684], [0.6878725, 0.7248288, -0.03813966, -0.4389791], [-0.16177197, 0.101875514, -0.9815555, 0.06385907], [0.0, 0.0, 0.0, 1.0]], "height": 480, "intrinsics": [[598.36957, 0.0, 326.28275], [0.0, 599.1431, 245.73769], [0.0, 0.0, 1.0]], "width": 640}, "objects": [{"class": "OrangeJuice", "pose": [[-0.20092385444434305, -0.9785402173623231, -0.04570171615589601, 8.183926908563583], [0.017902307049214715, 0.042977394418386994, -0.9989156307556137, -10.544845549716102], [0.9794432788037711, -0.20152410110239063, 0.008882962132283501, 36.27876506352155], [0.0, 0.0, 0.0, 1.0]]}, {"class": "Peaches", "pose": [[0.752236029272927, 0.18340745584312823, 0.6328527953203043, 14.000199140335779], [-0.6307539538516417, -0.07724728671848449, 0.7721284172932121, 0.6017343983141465], [0.19050024627350082, -0.9799972354542771, 0.05757674362939475, 38.22114165765627], [0.0, 0.0, 0.0, 1.0]]}, {"class": "Butter", "pose": [[0.8695242670317246, 0.24185761969222833, 0.43061867119252795, 1.9497918481497234], [-0.42489884513788867, -0.07813986740478128, 0.9018620287599509, -0.7442418682993168], [0.251770657501108, -0.9671603161300745, 0.034820477594155484, 35.50381686594039], [0.0, 0.0, 0.0, 1.0]]}, {"class": "TomatoSauce", "pose": [[0.6640857906678702, 0.1525257844133202, 0.7319330207484815, -3.5145593943464393], [-0.7333225100311698, -0.05789597261242237, 0.6774113514205444, 8.89175234007144], [0.14569865360249037, -0.9866022296619898, 0.0734026532194969, 32.54487133083022], [0.0, 0.0, 0.0, 1.0]]}, {"class": "Cookies", "pose": [[-0.22937241431174993, 0.608122588756455, 0.7599836917571415, -8.281417361892263], [0.028851744268251295, -0.7762097703543952, 0.629814223129027, -0.46826397566366307], [0.9729110434441461, 0.16638884936592038, 0.16049566687720707, 29.344189718491364], [0.0, 0.0, 0.0, 1.0]]}]}