{"camera": {"camera": "RealSense D415", "extrinsics": [[-0.76990736, 0.62107605, 0.14665353, 0.51424176], [0.6174772, 0.78304845, -0.074545644, -0.40427744], [-0.16113533, 0.03316198, -0.98637503, 0.082643285], [0.0, 0.0, 0.0, 1.0]], "height": 480, "intrinsics": [[598.36957, 0.0, 326.28275], [0.0, 599.1431, 245.73769], [0.0, 0.0, 1.0]], "width": 640}, "objects": [{"class": "OrangeJuice", "pose": [[-0.15855284838805306, -0.986547073386889, 0.039823082766312586, 11.163817737625315], [0.05317079893259178, -0.04880622554920227, -0.9973920126116076, -8.866641602717756], [0.9859177994365473, -0.15602187347345248, 0.06019388463523665, 38.32042043866202], [0.0, 0.0, 0.0, 1.0]]}, {"class": "Peaches", "pose": [[0.8107686483507879, 0.1461378622875009, 0.5668314879386045, 16.090973670351637], [-0.5554190342218788, -0.1137060944131843, 0.823760055386435, 2.8098542518548486], [0.18483470514250425, -0.9827078362310446, -0.011021632385245745, 39.42977800275705], [0.0, 0.0, 0.0, 1.0]]}, {"class": "Butter", "pose": [[0.9127057119846463, 0.2049590016937384, 0.35349696264114927, 4.091054618766465], [-0.3376138411881654, -0.10908193729806585, 0.9349427969273817, 0.33015888696911744], [0.23018504313565175, -0.9726731132781212, -0.03036275050015037, 37.3655884008251], [0.0, 0.0, 0.0, 1.0]]}, {"class": "TomatoSauce", "pose": [[0.7297772924932906, 0.11346285748529447, 0.674204193841632, -2.2972800594695197], [-0.6671548651485641, -0.09735138562922778, 0.7385303663070273, 9.310905654330664], [0.1494304612638818, -0.9887613100499737, 0.004652417669496002, 34.2029551046472], [0.0, 0.0, 0.0, 1.0]]}, {"class": "Cookies", "pose": [[-0.1880884023008726, 0.6786247105854982, 0.7099938498070716, -6.386930712185979], [0.061369231993412245, -0.7133628760555694, 0.6981025947260101, -0.5676800825835604], [0.9802329411373965, 0.17487676575828462, 0.0925285572269518, 31.699855948096552], [0.0, 0.0, 0.0, 1.0]]}]}