{"camera": {"camera": "RealSense D415", "extrinsics": [[-0.8649282, 0.4736833, 0.16590163, 0.5157843], [0.45079944, 0.8785136, -0.1580941, -0.37459007], [-0.22063336, -0.061951675, -0.97338736, 0.1352051], [0.0, 0.0, 0.0, 1.0]], "height": 480, "intrinsics": [[598.36957, 0.0, 326.28275], [0.0, 599.1431, 245.73769], [0.0, 0.0, 1.0]], "width": 640}, "objects": [{"class": "OrangeJuice", "pose": [[-0.17386006307007706, -0.9612917889437945, 0.21375390673492836, 6.147529260360796], [0.13505003960710038, -0.2382833239087469, -0.9617601329836636, -10.271220619650256], [0.9754661701361047, -0.13834415008615492, 0.1712504642992654, 40.3015825022817], [0.0, 0.0, 0.0, 1.0]]}, {"class": "Peaches", "pose": [[0.8940579971624869, 0.17223617503958416, 0.41351536293525565, 8.939007630306422], [-0.3802724478324621, -0.19607357408368878, 0.9038517732533327, 2.1378987722811047], [0.23675537556248277, -0.9653444634863224, -0.10980452369711359, 40.037958821751985], [0.0, 0.0, 0.0, 1.0]]}, {"class": "Butter", "pose": [[0.9557904209390516, 0.22924436525763112, 0.18415116047614583, -2.4212480751780507], [-0.14427032052545327, -0.18010745919193571, 0.9730094484672499, -2.6238462091345562], [0.2562238918099244, -0.9565607185474604, -0.13907186438498587, 38.4014405070103], [0.0, 0.0, 0.0, 1.0]]}, {"class": "TomatoSauce", "pose": [[0.8342424702563498, 0.1372508537899385, 0.5340427526148543, -10.259421309929284], [-0.5077407153995952, -0.18648831178397854, 0.8410835181723046, 4.6840078657857], [0.21503213546185918, -0.9728228977889652, -0.08588867633143259, 34.3240406766153], [0.0, 0.0, 0.0, 1.0]]}, {"class": "Cookies", "pose": [[-0.204326326107548, 0.7917786468610192, 0.5756190445948267, -12.530069722251813], [0.137249950332872, -0.5590443745147784, 0.817699117955155, -5.976477816976539], [0.9692333512717474, 0.2460811202531715, 0.005555853062838142, 32.991597999191654], [0.0, 0.0, 0.0, 1.0]]}]}