{"camera": {"camera": "RealSense D415", "extrinsics": [[-0.90033734, 0.40411264, 0.16151063, 0.5290483], [0.37360737, 0.9080536, -0.18935756, -0.35537195], [-0.22318208, -0.11014413, -0.96853393, 0.14897569], [0.0, 0.0, 0.0, 1.0]], "height": 480, "intrinsics": [[598.36957, 0.0, 326.28275], [0.0, 599.1431, 245.73769], [0.0, 0.0, 1.0]], "width": 640}, "objects": [{"class": "OrangeJuice", "pose": [[-0.167650385536676, -0.94242015949317, 0.28937444843001087, 5.975117126747575], [0.16589690046284292, -0.31631229890290663, -0.9340368419101092, -10.666752108179347], [0.971787808982099, -0.10858524697145677, 0.20937449569609412, 41.344333805499666], [0.0, 0.0, 0.0, 1.0]]}, {"class": "Peaches", "pose": [[0.9242551009098816, 0.17085882725719115, 0.34140847936784824, 7.805845230988373], [-0.300418662737135, -0.22634302227436745, 0.9265622145397311, 1.8928450847768563], [0.23558672688285667, -0.9589452914458089, -0.15786957631099507, 40.476544855333174], [0.0, 0.0, 0.0, 1.0]]}, {"class": "Butter", "pose": [[0.9680905585570678, 0.22661718793368005, 0.10698271243334409, -3.1827849918208084], [-0.0597843418358598, -0.20573022201012586, 0.9767809285038006, -3.783499258930373], [0.24336487459502923, -0.9520082492533432, -0.18561738108540307, 39.277818881816266], [0.0, 0.0, 0.0, 1.0]]}, {"class": "TomatoSauce", "pose": [[0.874003135407665, 0.13512563076003284, 0.4667542858969514, -11.622080839959192], [-0.4329008966871017, -0.21978033829060925, 0.8742388063991423, 2.7174178930327306], [0.2207154620408612, -0.966145764793181, -0.13359276545667093, 35.037153089143516], [0.0, 0.0, 0.0, 1.0]]}, {"class": "Cookies", "pose": [[-0.1982937679386885, 0.836097135989525, 0.5114891406283149, -13.093313883103031], [0.16550142018290334, -0.48579646418457884, 0.8582605369985464, -8.133845402999885], [0.9660687569711827, 0.2548398755428527, -0.04204492396867663, 34.22304720263389], [0.0, 0.0, 0.0, 1.0]]}]}