{"camera": {"camera": "RealSense D415", "extrinsics": [[-0.9631969, 0.25560606, 0.08317059, 0.5956242], [0.2127139, 0.91399, -0.34550688, -0.2896588], [-0.16433074, -0.3150996, -0.9347233, 0.16523516], [0.0, 0.0, 0.0, 1.0]], "height": 480, "intrinsics": [[598.36957, 0.0, 326.28275], [0.0, 599.1431, 245.73769], [0.0, 0.0, 1.0]], "width": 640}, "objects": [{"class": "OrangeJuice", "pose": [[-0.08549924854019016, -0.893421038425504, 0.44100877354806006, 12.628226785716823], [0.3224938482271675, -0.4436171160078599, -0.8361826754600483, -5.516103486953022], [0.9427023029386526, 0.07072965730807788, 0.3260517426911599, 44.2301546294697], [0.0, 0.0, 0.0, 1.0]]}, {"class": "Peaches", "pose": [[0.9775456463604308, 0.09869495391092413, 0.1861822416421582, 12.534987554395876], [-0.13613384519363533, -0.37863304819723576, 0.9154804670252075, 6.7891733922664175], [0.16084804305711606, -0.9202697157664972, -0.3566954058975948, 41.00222277478425], [0.0, 0.0, 0.0, 1.0]]}, {"class": "Butter", "pose": [[0.9869715148911242, 0.1513363556318591, -0.05463101688778122, 2.4101502858380863], [0.10524808044274418, -0.3504403990818399, 0.9306526004656628, -0.30897463374380263], [0.12169664247083452, -0.9242774848671418, -0.3618025891003202, 42.23176883028428], [0.0, 0.0, 0.0, 1.0]]}, {"class": "TomatoSauce", "pose": [[0.9455325804883756, 0.061829144792691755, 0.31960179573619896, -7.277030772470616], [-0.27418981873772885, -0.3779390451431786, 0.8842974137448637, 4.207673437572912], [0.1754653446769274, -0.9237636398274979, -0.3404008017774894, 38.08143178517474], [0.0, 0.0, 0.0, 1.0]]}, {"class": "Cookies", "pose": [[-0.11620111242468444, 0.9194525260519445, 0.37563861031125506, -7.253944354601948], [0.31730212108075834, -0.3240170124784854, 0.8912531818070506, -6.70202384194131], [0.9411783587693332, 0.22275553803995155, -0.2540931375647428, 39.32849329688108], [0.0, 0.0, 0.0, 1.0]]}]}