{"camera": {"camera": "RealSense D415", "extrinsics": [[-0.97097635, 0.23249826, 0.056120668, 0.60299116], [0.19276416, 0.8996166, -0.39183155, -0.28487036], [-0.14158723, -0.3696411, -0.91832376, 0.16861129], [0.0, 0.0, 0.0, 1.0]], "height": 480, "intrinsics": [[598.36957, 0.0, 326.28275], [0.0, 599.1431, 245.73769], [0.0, 0.0, 1.0]], "width": 640}, "objects": [{"class": "OrangeJuice", "pose": [[-0.05786869642863106, -0.8844774317801365, 0.462980417066853, 14.018833869656843], [0.36923073968724285, -0.4498351475295053, -0.8132139798233812, -4.202075296368498], [0.9275343293316325, 0.12388700431388804, 0.3526076496676807, 44.94572444465802], [0.0, 0.0, 0.0, 1.0]]}, {"class": "Peaches", "pose": [[0.9841693076744332, 0.07256875924901997, 0.1616926991388928, 13.651161247872047], [-0.11629969644977951, -0.4239920053491239, 0.8981676547665166, 7.920215382436751], [0.1337353087364961, -0.9027539017455785, -0.40884023360110805, 41.10346267649847], [0.0, 0.0, 0.0, 1.0]]}, {"class": "Butter", "pose": [[0.9890223344099598, 0.12466101192973715, -0.07933746961593278, 3.6699726172659486], [0.12285949190368382, -0.3954276454709128, 0.9102430985783747, 0.7763221673810772], [0.08209957542304899, -0.9099981684998881, -0.4064025954308361, 43.039562765800476], [0.0, 0.0, 0.0, 1.0]]}, {"class": "TomatoSauce", "pose": [[0.954526151911427, 0.03559982846736378, 0.2959940159401674, -6.211902980414785], [-0.25379293928842317, -0.4239084399012157, 0.8694197804345846, 4.961411667612737], [0.15642554506978998, -0.9050051588854405, -0.3955967489389569, 39.00218199284794], [0.0, 0.0, 0.0, 1.0]]}, {"class": "Cookies", "pose": [[-0.0885320572082122, 0.930733011293795, 0.35482124580779867, -6.00011840503234], [0.3636094000696307, -0.3014395372855192, 0.8814320084981927, -5.869277298132872], [0.9273350732626241, 0.20705132206947466, -0.3117362482243642, 40.798991403682784], [0.0, 0.0, 0.0, 1.0]]}]}