{"camera": {"camera": "RealSense D415", "extrinsics": [[-0.9746924, 0.21312712, 0.06746532, 0.5254569], [0.15973887, 0.8751238, -0.4567733, -0.330046], [-0.1563913, -0.43443665, -0.8870212, 0.20056064], [0.0, 0.0, 0.0, 1.0]], "height": 480, "intrinsics": [[598.36957, 0.0, 326.28275], [0.0, 599.1431, 245.73769], [0.0, 0.0, 1.0]], "width": 640}, "objects": [{"class": "OrangeJuice", "pose": [[-0.06872754534913086, -0.8744259257009189, 0.48026636009546075, 5.652123514204965], [0.43487527613649934, -0.4595192201641519, -0.7744194990802196, -7.78273573166981], [0.8978641781972894, 0.1556320537693625, 0.4118479047232978, 46.2327565074536], [0.0, 0.0, 0.0, 1.0]]}, {"class": "Peaches", "pose": [[0.9861762021361893, 0.08459306716585221, 0.14247969327131338, 5.021221736291304], [-0.08377650936186763, -0.4873226120907993, 0.869193964702281, 4.013493974586457], [0.14296136637325121, -0.8691149176032232, -0.4734991267146892, 41.51057238803689], [0.0, 0.0, 0.0, 1.0]]}, {"class": "Butter", "pose": [[0.9857668632954257, 0.13604640676518806, -0.09876749516893664, -4.801304349972901], [0.15099813996013162, -0.45819018636351017, 0.8759345266054287, -3.1940993776114093], [0.07391343983274488, -0.8783810044013215, -0.4722115307723329, 43.95523930509862], [0.0, 0.0, 0.0, 1.0]]}, {"class": "TomatoSauce", "pose": [[0.959584454068589, 0.047637969107027126, 0.2773594257929815, -14.764126599428096], [-0.21987260165563277, -0.4882446791546495, 0.8445550025718159, 0.4578246654378948], [0.1756521637248831, -0.8714056526555684, -0.458037794482095, 39.61098937873124], [0.0, 0.0, 0.0, 1.0]]}, {"class": "Cookies", "pose": [[-0.0992554479578132, 0.936735433216615, 0.3356710232864053, -14.3126601026903], [0.4285590164467012, -0.2642049501611496, 0.8640213503052487, -10.204230503123885], [0.8980454279702147, 0.22961369125652795, -0.3752227036903278, 42.19825831227957], [0.0, 0.0, 0.0, 1.0]]}]}