{"camera": {"camera": "RealSense D415", "extrinsics": [[-0.93550223, 0.3314378, 0.122411385, 0.52406305], [0.19754277, 0.7778966, -0.5965348, -0.32466245], [-0.29293758, -0.53387815, -0.79319715, 0.283742], [0.0, 0.0, 0.0, 1.0]], "height": 480, "intrinsics": [[603.75165, 0.0, 326.28275], [0.0, 603.20245, 245.73769], [0.0, 0.0, 1.0]], "width": 640}, "objects": [{"class": "ChocolatePudding", "pose": [[0.6135089336106049, 0.06756311068929022, 0.7867921903653999, 7.543910093727874], [-0.5707032178278093, -0.6506989206880794, 0.5008879996541371, 7.74320181903117], [0.5458063780951212, -0.7563241077536604, -0.36065114437813206, 39.9153426506541], [0.0, 0.0, 0.0, 1.0]]}, {"class": "MacaroniAndCheese", "pose": [[0.16308456469329252, 0.9569377701841226, -0.24015300356201622, -2.0928461244268837], [-0.5829186825827541, -0.10292695261725081, -0.8059850422570404, 0.8837959522579875], [-0.7959957597687765, 0.27143337415579966, 0.5410311267426925, 38.515687524188344], [0.0, 0.0, 0.0, 1.0]]}, {"class": "Milk", "pose": [[0.6166898513462458, 0.7758078251573258, 0.13347577322205226, -15.731608953149545], [0.6596232987984072, -0.41672026978079146, -0.6254928911325071, -5.585916342358654], [-0.42964024539051265, 0.4737788394844899, -0.7687280904698693, 44.119450703305034], [0.0, 0.0, 0.0, 1.0]]}, {"class": "Ketchup", "pose": [[0.4570348404919352, 0.10346929517621055, 0.8834099817741862, -13.027579812370815], [-0.6553277071593299, -0.6323703771550072, 0.413102092402471, 6.103620151871031], [0.6013856885817281, -0.7677250983416322, -0.22120902609376766, 31.179693064098096], [0.0, 0.0, 0.0, 1.0]]}, {"class": "OrangeJuice", "pose": [[-0.37579027664203, -0.9172459590233932, -0.13206610088353726, 6.91809807793774], [0.7228328315355338, -0.37930608419088263, 0.5776154677389378, -4.601044137781463], [-0.5799089341361559, 0.12160058932245711, 0.8055550453354755, 47.8864072552446], [0.0, 0.0, 0.0, 1.0]]}]}