{"camera": {"camera": "RealSense D415", "extrinsics": [[-0.9926705, 0.120172806, -0.012797875, 0.5502677], [0.111032546, 0.8650701, -0.48920906, -0.32011417], [-0.047718566, -0.4870444, -0.87207264, 0.13771622], [0.0, 0.0, 0.0, 1.0]], "height": 480, "intrinsics": [[598.36957, 0.0, 326.28275], [0.0, 599.1431, 245.73769], [0.0, 0.0, 1.0]], "width": 640}, "objects": [{"class": "OrangeJuice", "pose": [[0.013827083482477806, -0.8280345791282888, 0.5605064635064846, 10.289304685402517], [0.4677370987649914, -0.4900913228619492, -0.735549092787205, -7.790265143094743], [0.883759489027, 0.272340208511401, 0.3805260083465582, 44.30460738622208], [0.0, 0.0, 0.0, 1.0]]}, {"class": "Peaches", "pose": [[0.9989171144792939, 0.0076990397622676236, 0.045883235385526966, 8.56210989695365], [-0.035255997232251424, -0.5182357938222486, 0.8545107622881845, 3.7654941208599633], [0.030357244272238983, -0.8552031318103048, -0.5174032351150386, 39.27178325632293], [0.0, 0.0, 0.0, 1.0]]}, {"class": "Butter", "pose": [[0.9794475680159324, 0.05631066469224391, -0.19367890605828034, -0.5623433715898574], [0.1962730192751103, -0.48731253597332136, 0.8508838700983987, -3.753529031380076], [-0.04646833912021669, -0.8714101311254843, -0.4883494071632894, 43.09493140546108], [0.0, 0.0, 0.0, 1.0]]}, {"class": "TomatoSauce", "pose": [[0.9827419054942327, -0.029189581031978645, 0.1826643469511229, -11.119030984608102], [-0.17092707649897565, -0.5208439389444208, 0.8363644492624726, -0.7149200742021522], [0.07072649490546203, -0.8531527225109586, -0.5168445236586987, 39.81010524821728], [0.0, 0.0, 0.0, 1.0]]}, {"class": "Cookies", "pose": [[-0.016144553504961436, 0.968349803278994, 0.24907420577811445, -9.868038320089688], [0.4601223045445362, -0.21396778290617488, 0.8616874253141843, -11.233256281721962], [0.8877087565139211, 0.12851616705971183, -0.44210499325188596, 42.70437930138268], [0.0, 0.0, 0.0, 1.0]]}]}