{"camera": {"camera": "RealSense D415", "extrinsics": [[-0.849077, -0.5240618, 0.06653958, 0.4727336], [-0.45544574, 0.66238165, -0.5948275, -0.0008191223], [0.2676518, -0.5353595, -0.8010947, 0.14217915], [0.0, 0.0, 0.0, 1.0]], "height": 480, "intrinsics": [[605.11334, 0.0, 326.28275], [0.0, 605.6117, 245.73769], [0.0, 0.0, 1.0]], "width": 640}, "objects": [{"class": "MacaroniAndCheese", "pose": [[0.33326668484754773, 0.0360129751340925, -0.9421445781708535, 3.169427426593291], [0.7674678048352855, -0.5907999336250453, 0.2488948901292297, -7.031611844599195], [-0.5476555177390185, -0.8060139622775654, -0.22453270935438455, 56.18722984005829], [0.0, 0.0, 0.0, 1.0]]}, {"class": "TomatoSauce", "pose": [[0.9981226903005003, 0.051873249554140154, 0.03256201578532484, -4.496888074383887], [0.01168565206545322, -0.6831836508067587, 0.7301531374777791, 1.1863148137521689], [0.06012122542753578, -0.7284018623789273, -0.6825072719044055, 55.64534642913406], [0.0, 0.0, 0.0, 1.0]]}, {"class": "Parmesan", "pose": [[0.9925358263923115, 0.07032167622048162, 0.09963693574819718, -7.528596851467406], [-0.037144960921233455, -0.6038682140612651, 0.796218243503066, -8.774239878765293], [0.11615895207687613, -0.7939760994505775, -0.5967487431239722, 61.38226657637744], [0.0, 0.0, 0.0, 1.0]]}, {"class": "Cookies", "pose": [[0.6394491238390521, 0.7640751061585598, -0.085405350852702, -11.684088568503526], [-0.5813969211116119, 0.5532490807550197, 0.5965677950812921, 9.87803900790766], [0.5030730146447605, -0.3318203676168566, 0.7980055116584344, 50.34489756563209], [0.0, 0.0, 0.0, 1.0]]}, {"class": "Cherries", "pose": [[0.9957038153936175, 0.07051599882254982, -0.06001191302292081, -15.433753176709185], [0.09149192554716817, -0.6494726536274906, 0.7548606223086676, -2.936809970576229], [0.01425362663534941, -0.7571081643830817, -0.6531340387842411, 59.023475536507], [0.0, 0.0, 0.0, 1.0]]}]}