{"camera": {"camera": "RealSense D415", "extrinsics": [[-0.8464073, -0.527577, 0.07250654, 0.4603853], [-0.4585584, 0.6528121, -0.60295975, 0.0033951763], [0.27077454, -0.54359806, -0.79446983, 0.14436977], [0.0, 0.0, 0.0, 1.0]], "height": 480, "intrinsics": [[605.11334, 0.0, 326.28275], [0.0, 605.6117, 245.73769], [0.0, 0.0, 1.0]], "width": 640}, "objects": [{"class": "MacaroniAndCheese", "pose": [[0.3290092661307471, 0.041962948388073934, -0.9433938765756678, 1.8934649628052747], [0.763858038956318, -0.5992029243008101, 0.23974296306874593, -6.470011394977883], [-0.555224067541158, -0.7994966875704496, -0.2291970920823766, 56.3860158324724], [0.0, 0.0, 0.0, 1.0]]}, {"class": "TomatoSauce", "pose": [[0.9978810046883823, 0.0583086426051585, 0.028872050107797528, -5.829750812447532], [0.01943771436989112, -0.6906274500681759, 0.7229494013983409, 1.686812325948795], [0.06209406342135422, -0.720856298344689, -0.6902974359337456, 55.73909563160573], [0.0, 0.0, 0.0, 1.0]]}, {"class": "Parmesan", "pose": [[0.9925183134955363, 0.076337118805792, 0.09528921379770285, -8.803247105327817], [-0.02882309593767242, -0.6118958757076061, 0.7904129319174911, -8.232498204531066], [0.11864496038331726, -0.7872458732659349, -0.6051176199991882, 61.57705264683866], [0.0, 0.0, 0.0, 1.0]]}, {"class": "Cookies", "pose": [[0.6424571714857359, 0.7608540911153924, -0.09137739018650576, -13.066834661716554], [-0.5713618122760097, 0.5550552817303162, 0.6045322573740536, 10.269388589310525], [0.5106803918888991, -0.33617652714271345, 0.7913222514061835, 50.32978202881564], [0.0, 0.0, 0.0, 1.0]]}, {"class": "Cherries", "pose": [[0.9949962401166802, 0.07677442975024137, -0.06393873386277465, -16.74444328644844], [0.09872450095563234, -0.6570967639032207, 0.747313356155765, -2.477302846403704], [0.015360653780281354, -0.7498863301108547, -0.6613883638683131, 59.13858887401319], [0.0, 0.0, 0.0, 1.0]]}]}