{"camera": {"camera": "RealSense D415", "extrinsics": [[-0.8137252, -0.5758237, 0.07923594, 0.46358293], [-0.49579963, 0.61646974, -0.6116762, 0.022729138], [0.3033711, -0.53702146, -0.7871302, 0.13349335], [0.0, 0.0, 0.0, 1.0]], "height": 480, "intrinsics": [[605.11334, 0.0, 326.28275], [0.0, 605.6117, 245.73769], [0.0, 0.0, 1.0]], "width": 640}, "objects": [{"class": "MacaroniAndCheese", "pose": [[0.27333079917219605, 0.04840558220985528, -0.9607013731129593, 3.880483345465846], [0.7700511458755259, -0.6095371246972976, 0.1883766069013073, -6.040944377500476], [-0.5764646609700858, -0.7912783762813788, -0.20388002057964008, 56.72437273926614], [0.0, 0.0, 0.0, 1.0]]}, {"class": "TomatoSauce", "pose": [[0.9970277255914862, 0.07168174767471094, -0.028238199632384026, -4.260924695404383], [0.07039777173640889, -0.6987109343075826, 0.7119320218178713, 1.7071455267159412], [0.0313021758111182, -0.7118039275818647, -0.7016803968887302, 56.19059577328513], [0.0, 0.0, 0.0, 1.0]]}, {"class": "Parmesan", "pose": [[0.9957946319589978, 0.0837263300445485, 0.037187458708898405, -6.554418053341232], [0.022874213055804254, -0.6202882264207498, 0.7840403728233551, -8.250330211887679], [0.0887117485310879, -0.7798926161044587, -0.6195948433675866, 62.265520777112386], [0.0, 0.0, 0.0, 1.0]]}, {"class": "Cookies", "pose": [[0.6854110501497414, 0.721497817322154, -0.09824737349317819, -12.080140779067266], [-0.5299279305586683, 0.5867937375833749, 0.6122495550205398, 9.825692858787063], [0.4993876372591834, -0.3675785823809309, 0.7845368126716045, 50.875926177741725], [0.0, 0.0, 0.0, 1.0]]}, {"class": "Cherries", "pose": [[0.9887513673707204, 0.08755805118521451, -0.12126118777865619, -14.8453151307473], [0.1486541728270879, -0.664784269813653, 0.7320955068742957, -2.9411723523617703], [-0.016511688840849827, -0.7418864714782915, -0.6703222094474561, 59.98410910712377], [0.0, 0.0, 0.0, 1.0]]}]}