{"camera": {"camera": "RealSense D415", "extrinsics": [[-0.7783082, -0.62331057, 0.07563265, 0.46871197], [-0.53553087, 0.5961135, -0.5982101, 0.035313074], [0.32778504, -0.50609547, -0.7977621, 0.11765656], [0.0, 0.0, 0.0, 1.0]], "height": 480, "intrinsics": [[605.11334, 0.0, 326.28275], [0.0, 605.6117, 245.73769], [0.0, 0.0, 1.0]], "width": 640}, "objects": [{"class": "MacaroniAndCheese", "pose": [[0.21595259013961912, 0.044599002350942794, -0.9753847509355105, 6.534436658320875], [0.7883031882060105, -0.5974157612018215, 0.14721571219798435, -7.1984700954278145], [-0.576144568594061, -0.8006905416807305, -0.1641710381358218, 56.62873737266381], [0.0, 0.0, 0.0, 1.0]]}, {"class": "TomatoSauce", "pose": [[0.993353324518194, 0.0749200321681905, -0.0873851589505099, -1.9592908998914804], [0.11493915145017597, -0.6863739602680763, 0.7181084544244709, 0.18012131767121617], [-0.0061781743102028485, -0.7233794116400086, -0.6904231269283776, 56.51330285721558], [0.0, 0.0, 0.0, 1.0]]}, {"class": "Parmesan", "pose": [[0.9964870683514476, 0.0807823466255448, -0.02208482823668172, -3.5669222651355414], [0.06673871698098019, -0.6066949949563655, 0.792128209910933, -9.941214008735042], [0.05059123772500385, -0.7908194482556391, -0.609955050922696, 62.537441088251924], [0.0, 0.0, 0.0, 1.0]]}, {"class": "Cookies", "pose": [[0.7273717540394882, 0.679672813508784, -0.09473754566595893, -10.33477531796808], [-0.5042802017985658, 0.6230174375149778, 0.5979554538695506, 7.999341896636103], [0.465437237406386, -0.3871616436315849, 0.7959108473667212, 51.61353502260582], [0.0, 0.0, 0.0, 1.0]]}, {"class": "Cherries", "pose": [[0.9797302939981956, 0.08807853852224146, -0.1799186667086927, -12.169327718427414], [0.1932974877947452, -0.6514152562024209, 0.7336853681143216, -4.985163621834639], [-0.052579816742842664, -0.7535916236645732, -0.6552366479630802, 60.648747732799], [0.0, 0.0, 0.0, 1.0]]}]}