{"camera": {"camera": "RealSense D415", "extrinsics": [[-0.7575549, -0.64783335, 0.08014071, 0.47360155], [-0.56101054, 0.5833724, -0.5873192, 0.04816151], [0.33373308, -0.48988628, -0.80537796, 0.10945671], [0.0, 0.0, 0.0, 1.0]], "height": 480, "intrinsics": [[605.11334, 0.0, 326.28275], [0.0, 605.6117, 245.73769], [0.0, 0.0, 1.0]], "width": 640}, "objects": [{"class": "MacaroniAndCheese", "pose": [[0.18443043315894614, 0.049055075987348234, -0.9816206040418282, 8.050290939630827], [0.8002145816070175, -0.5873816633535234, 0.12099365108546206, -7.537312355870015], [-0.5706505586075211, -0.8078220290896091, -0.14758562026488678, 56.29988770488301], [0.0, 0.0, 0.0, 1.0]]}, {"class": "TomatoSauce", "pose": [[0.9894665139204033, 0.0830965358378729, -0.11853682548774983, -0.6505371512940061], [0.14335747404319643, -0.67625029959698, 0.7225885589977085, -0.4038196691768997], [-0.02011596829309808, -0.7319703236568665, -0.6810394989542036, 56.39591062826609], [0.0, 0.0, 0.0, 1.0]]}, {"class": "Parmesan", "pose": [[0.9948554819673129, 0.08563733959997964, -0.05411849499557957, -1.8755017592370915], [0.09466776745882059, -0.5957264228303522, 0.7975889302200413, -10.630228268802929], [0.03606356331146477, -0.7986089943240822, -0.600768757190699, 62.331917852899046], [0.0, 0.0, 0.0, 1.0]]}, {"class": "Cookies", "pose": [[0.7485940685961775, 0.6555569534900552, -0.09925722456437919, -9.320428590980095], [-0.4881753804441292, 0.6462647217007418, 0.586537949391792, 7.22415420816322], [0.44865543905637084, -0.3906238801474873, 0.8038167000592588, 51.711503522865044], [0.0, 0.0, 0.0, 1.0]]}, {"class": "Cherries", "pose": [[0.9728983295693648, 0.09478244353083101, -0.2109149690141262, -10.643772961065851], [0.2217812867196546, -0.640611559275327, 0.7351394083078703, -5.902475492599136], [-0.06543626496733264, -0.7619928953871931, -0.6442708503704543, 60.629933434333104], [0.0, 0.0, 0.0, 1.0]]}]}