{"camera": {"camera": "RealSense D415", "extrinsics": [[-0.8437548, -0.5316406, 0.07372965, 0.5384427], [-0.4837751, 0.6938044, -0.5334765, -0.0018285612], [0.23246378, -0.4857919, -0.8425953, 0.11751806], [0.0, 0.0, 0.0, 1.0]], "height": 480, "intrinsics": [[605.11334, 0.0, 326.28275], [0.0, 605.6117, 245.73769], [0.0, 0.0, 1.0]], "width": 640}, "objects": [{"class": "MacaroniAndCheese", "pose": [[0.32440063963377486, 0.04315930572146703, -0.9449346202332681, 9.813157733523802], [0.8095069791655014, -0.529454495314115, 0.2537252248276019, -10.714850626761848], [-0.4893492356375793, -0.8472398142754313, -0.20669313836753533, 53.04607239440885], [0.0, 0.0, 0.0, 1.0]]}, {"class": "TomatoSauce", "pose": [[0.9979003629733962, 0.06007972814929024, 0.02419150726231856, 2.051198790941533], [0.01887782215787469, -0.6271051923025964, 0.7787058541307467, -2.569342732968792], [0.06195507138282254, -0.7766141949365861, -0.6269226364661896, 53.101305757186424], [0.0, 0.0, 0.0, 1.0]]}, {"class": "Parmesan", "pose": [[0.9928706399753333, 0.0776154719438058, 0.09046362788691864, -0.8651501346575774], [-0.03400411638950411, -0.5429715701024972, 0.8390623908678028, -12.959580280166197], [0.11424341447184307, -0.8361565679676103, -0.5364612445044019, 58.08668686752415], [0.0, 0.0, 0.0, 1.0]]}, {"class": "Cookies", "pose": [[0.64607975294416, 0.7576302525530686, -0.092613662234783, -5.23590830965921], [-0.6093233871799412, 0.5850347740453996, 0.5352190436008497, 6.404243572530433], [0.4596803332977562, -0.28936247894773487, 0.8396209726520987, 48.44625440363785], [0.0, 0.0, 0.0, 1.0]]}, {"class": "Cherries", "pose": [[0.994559007879714, 0.07833405439035492, -0.06867381559692706, -8.837526765037184], [0.10180794655764419, -0.5911588431721694, 0.8001040343585675, -7.057106915152871], [0.022078278846430245, -0.8027422362295448, -0.5959173453903996, 56.15458925946678], [0.0, 0.0, 0.0, 1.0]]}]}