{"camera": {"camera": "RealSense D415", "extrinsics": [[-0.8778486, -0.4718354, 0.08217773, 0.53013223], [-0.44148642, 0.73068625, -0.52075654, -0.031744927], [0.18566523, -0.49342573, -0.8497408, 0.13521075], [0.0, 0.0, 0.0, 1.0]], "height": 480, "intrinsics": [[605.11334, 0.0, 326.28275], [0.0, 605.6117, 245.73769], [0.0, 0.0, 1.0]], "width": 640}, "objects": [{"class": "MacaroniAndCheese", "pose": [[0.3884915395860945, 0.052100817969336626, -0.919978153580303, 6.703819123581445], [0.7997372282516041, -0.5149923178707385, 0.3085503838438253, -12.072406212738402], [-0.4577059367452107, -0.8556099653726766, -0.24173711096522826, 52.650917329807825], [0.0, 0.0, 0.0, 1.0]]}, {"class": "TomatoSauce", "pose": [[0.9937777927489101, 0.06064382381135954, 0.09342376518162823, -0.6062847976456065], [-0.0365556457765804, -0.6147290795396102, 0.7878907948553825, -3.5195467699136564], [0.1052110099449211, -0.7864035169436917, -0.6086872104123925, 52.54450494691885], [0.0, 0.0, 0.0, 1.0]]}, {"class": "Parmesan", "pose": [[0.9836262947060241, 0.08526248229243227, 0.15877530067457188, -4.291128342619055], [-0.09005991578396891, -0.5305681677675459, 0.8428444055745866, -13.827824298510302], [0.1561041188996262, -0.8433431835345176, -0.5142020488515125, 57.17888710179471], [0.0, 0.0, 0.0, 1.0]]}, {"class": "Cookies", "pose": [[0.5916687846538403, 0.7998556132399527, -0.10079197320649244, -7.19068502156075], [-0.6520739878419373, 0.5483293989813331, 0.5235785000172264, 5.922784243104308], [0.4740543846542522, -0.24406122229312008, 0.8459944020840353, 47.77116919161142], [0.0, 0.0, 0.0, 1.0]]}, {"class": "Cherries", "pose": [[0.9966380140607005, 0.08192881752444622, 0.0005589420910836664, -11.843466442682548], [0.04716866489610763, -0.5793430623552759, 0.8137178836920916, -7.465480221181233], [0.06699075904609654, -0.8109557859802268, -0.5812597694510431, 55.03092429133902], [0.0, 0.0, 0.0, 1.0]]}]}