{"camera": {"camera": "RealSense D415", "extrinsics": [[-0.8949844, -0.4373115, 0.08809962, 0.54341155], [-0.41695052, 0.7498186, -0.51373565, -0.04552767], [0.15860379, -0.4965186, -0.8534132, 0.14666303], [0.0, 0.0, 0.0, 1.0]], "height": 480, "intrinsics": [[605.11334, 0.0, 326.28275], [0.0, 605.6117, 245.73769], [0.0, 0.0, 1.0]], "width": 640}, "objects": [{"class": "MacaroniAndCheese", "pose": [[0.42351077976253537, 0.05836500452122904, -0.9040089044999554, 6.814653230777318], [0.7926463749563295, -0.5070086930895794, 0.33860585968526663, -12.481966562278377], [-0.4385776671545635, -0.8599626027268301, -0.2609864681460705, 52.524429166237695], [0.0, 0.0, 0.0, 1.0]]}, {"class": "TomatoSauce", "pose": [[0.9892798056607942, 0.06219122107638736, 0.13212748342344166, -0.2331219046765698], [-0.06748124709141683, -0.6077018667161724, 0.7912930817931354, -3.7130793423964454], [0.12950560428646507, -0.7917263800639912, -0.5969904708954473, 52.33514872324674], [0.0, 0.0, 0.0, 1.0]]}, {"class": "Parmesan", "pose": [[0.976261569411142, 0.09072901729643991, 0.19667624984821697, -4.3384085011451194], [-0.12120609914180148, -0.5237042154694577, 0.8432336538844721, -13.955894780209249], [0.179505946796681, -0.8470549607521226, -0.5002754174458788, 56.75640503808811], [0.0, 0.0, 0.0, 1.0]]}, {"class": "Cookies", "pose": [[0.5598782463009913, 0.8216991655690259, -0.10652128597203647, -6.41148796189025], [-0.6746298348131188, 0.5267117401513073, 0.517155051778301, 5.973703896844828], [0.4810519097502586, -0.21768144295174968, 0.8492372073165867, 47.50910490226505], [0.0, 0.0, 0.0, 1.0]]}, {"class": "Cherries", "pose": [[0.9955900990248311, 0.08513117140062901, 0.039408021045566614, -11.641762132887134], [0.016529420616340953, -0.5727057560168636, 0.8195943594805013, -7.346991625948078], [0.09234222860633894, -0.8153286254844206, -0.5715873774432946, 54.49490087780398], [0.0, 0.0, 0.0, 1.0]]}]}