{"camera": {"camera": "RealSense D415", "extrinsics": [[-0.9220842, -0.38062245, 0.06990886, 0.56686866], [-0.36473212, 0.7943734, -0.48573795, -0.081703424], [0.12934904, -0.4733893, -0.8713044, 0.15180682], [0.0, 0.0, 0.0, 1.0]], "height": 480, "intrinsics": [[605.11334, 0.0, 326.28275], [0.0, 605.6117, 245.73769], [0.0, 0.0, 1.0]], "width": 640}, "objects": [{"class": "MacaroniAndCheese", "pose": [[0.48008231820141584, 0.040773498025617076, -0.8762753261719101, 8.120709179844281], [0.7800176717624979, -0.4768866908240589, 0.4051561678854731, -14.476358262510642], [-0.4013644146795368, -0.8780185551230812, -0.2607489156011137, 52.01057280366591], [0.0, 0.0, 0.0, 1.0]]}, {"class": "TomatoSauce", "pose": [[0.9807103847493918, 0.03707802226282687, 0.19191748007504303, 1.644979594644036], [-0.135251519501138, -0.5801219172388873, 0.8032220067542108, -5.275112144515709], [0.1411174160481174, -0.8136852963051117, -0.5639167376159279, 52.05895629521338], [0.0, 0.0, 0.0, 1.0]]}, {"class": "Parmesan", "pose": [[0.9634811624376759, 0.0717955185060887, 0.25797172480479963, -3.1731804651182527], [-0.18988550373822963, -0.4960866742349431, 0.8472552812695485, -15.394890669213657], [0.18880546394436662, -0.8652995972711935, -0.4643372451631337, 56.020214328848326], [0.0, 0.0, 0.0, 1.0]]}, {"class": "Cookies", "pose": [[0.50793692809625, 0.8568869473463606, -0.08800451233975425, -3.8267759553253566], [-0.7266215509525199, 0.48109306553964387, 0.4904799572903803, 4.961043779849924], [0.46262423707628825, -0.18518691537148566, 0.8669974597098903, 47.52269396858766], [0.0, 0.0, 0.0, 1.0]]}, {"class": "Cherries", "pose": [[0.9929413807390105, 0.06257830838392965, 0.10075379588130458, -10.005282716944297], [-0.05047168253717856, -0.5457938449547957, 0.8363980467420272, -8.253206481656745], [0.10733117202021912, -0.8355794476173005, -0.5387828688172636, 53.9107827384085], [0.0, 0.0, 0.0, 1.0]]}]}