{"camera": {"camera": "RealSense D415", "extrinsics": [[-0.94318223, -0.32906294, 0.046096455, 0.5723613], [-0.30880457, 0.8168668, -0.48720467, -0.1154513], [0.12266633, -0.47375757, -0.8720704, 0.15554355], [0.0, 0.0, 0.0, 1.0]], "height": 480, "intrinsics": [[605.11334, 0.0, 326.28275], [0.0, 605.6117, 245.73769], [0.0, 0.0, 1.0]], "width": 640}, "objects": [{"class": "MacaroniAndCheese", "pose": [[0.5287375756318713, 0.01759047539618333, -0.8486030644646502, 8.144058931514692], [0.7505396839844138, -0.47660022304774996, 0.4577580812660903, -14.993019307340472], [-0.3963922112918492, -0.878944181538353, -0.2651987921178043, 52.06406729980284], [0.0, 0.0, 0.0, 1.0]]}, {"class": "TomatoSauce", "pose": [[0.9698642182705453, 0.007274019357484163, 0.2435374642419068, 2.2339966666159894], [-0.19437911485999732, -0.5795625932960026, 0.7914063500928312, -5.418545447536941], [0.14690191061222557, -0.8148953073271612, -0.5606830883202719, 52.09514406914624], [0.0, 0.0, 0.0, 1.0]]}, {"class": "Parmesan", "pose": [[0.9490719266515399, 0.04731809495019589, 0.3114859317220357, -3.210034079576507], [-0.24797785365583536, -0.49766104766237446, 0.8311681638181486, -15.238170952490652], [0.1943437092751486, -0.8660799912307098, -0.46058227302914956, 56.00073464684322], [0.0, 0.0, 0.0, 1.0]]}, {"class": "Cookies", "pose": [[0.460292505263088, 0.8854685372627005, -0.06384582088916335, -2.5823218982724216], [-0.7568837807559654, 0.42900033159709494, 0.49303722854074544, 5.138276273458434], [0.46395882031948404, -0.17861746272012313, 0.8676624192811896, 47.550557124065485], [0.0, 0.0, 0.0, 1.0]]}, {"class": "Cherries", "pose": [[0.9873939994401861, 0.03493459509308156, 0.15437834583815405, -9.58605418364188], [-0.11041795911895586, -0.5467861453894078, 0.8299595389675329, -7.693439966699408], [0.11340624385554747, -0.8365432192241501, -0.5360359362938102, 53.86663458413413], [0.0, 0.0, 0.0, 1.0]]}]}