{"camera": {"camera": "RealSense D415", "extrinsics": [[-0.97338533, -0.22336383, 0.05127935, 0.5732244], [-0.22160281, 0.8603196, -0.4590668, -0.17238598], [0.058422286, -0.45821255, -0.8869206, 0.18232556], [0.0, 0.0, 0.0, 1.0]], "height": 480, "intrinsics": [[605.11334, 0.0, 326.28275], [0.0, 605.6117, 245.73769], [0.0, 0.0, 1.0]], "width": 640}, "objects": [{"class": "MacaroniAndCheese", "pose": [[0.6185536874578421, 0.02433447817198805, -0.7853656050729242, 6.077972418444022], [0.7099655714630354, -0.44556507375826226, 0.5453628377154901, -17.249738131918903], [-0.3366603674014181, -0.8949188032627313, -0.29288257140117574, 51.83140691911331], [0.0, 0.0, 0.0, 1.0]]}, {"class": "TomatoSauce", "pose": [[0.937321325836239, 0.0007561057494567814, 0.34846538589054615, 1.0936910759289042], [-0.2908154848646996, -0.5492204232190089, 0.7834432033397021, -7.162640308767927], [0.19197668262350062, -0.835677219126292, -0.5145761428640506, 51.91937380211993], [0.0, 0.0, 0.0, 1.0]]}, {"class": "Parmesan", "pose": [[0.9088966745030613, 0.051170401254768745, 0.41387001563275605, -5.4597074641581695], [-0.3437914812823942, -0.4697920053787724, 0.8130823214515116, -16.547695385097633], [0.23603858484029058, -0.8812928717100619, -0.40940045039331024, 55.12715418719003], [0.0, 0.0, 0.0, 1.0]]}, {"class": "Cookies", "pose": [[0.3599570254857071, 0.9304786064686313, -0.06812097646711089, -2.445206833830016], [-0.8128071279661392, 0.3486039401038, 0.4667117290669628, 3.9551053201412363], [0.4580125335212541, -0.11262694629887714, 0.8817821489163029, 47.54117758682683], [0.0, 0.0, 0.0, 1.0]]}, {"class": "Cherries", "pose": [[0.9645182284442734, 0.0325641845196053, 0.26200023971830866, -10.969952032906317], [-0.20780257801041427, -0.5185018651046077, 0.829441906846044, -8.360979675398388], [0.16285772230052828, -0.854456231155454, -0.4933375916847646, 52.94865380071406], [0.0, 0.0, 0.0, 1.0]]}]}