{"camera": {"camera": "RealSense D415", "extrinsics": [[-0.98690754, -0.15333372, 0.050022263, 0.59636277], [-0.15945278, 0.8809338, -0.44556752, -0.19137238], [0.024254221, -0.44771013, -0.89384973, 0.19489038], [0.0, 0.0, 0.0, 1.0]], "height": 480, "intrinsics": [[605.11334, 0.0, 326.28275], [0.0, 605.6117, 245.73769], [0.0, 0.0, 1.0]], "width": 640}, "objects": [{"class": "MacaroniAndCheese", "pose": [[0.672984841776328, 0.024261706965843715, -0.7392582196449046, 7.454256469989351], [0.6745273243615242, -0.43021823075038074, 0.5999376218470942, -16.44543174607465], [-0.30348684551635235, -0.9023988255978523, -0.3058955291405577, 51.499491372435045], [0.0, 0.0, 0.0, 1.0]]}, {"class": "TomatoSauce", "pose": [[0.9102781647973031, -0.007753892411260574, 0.41392448930195885, 3.123640672972816], [-0.35395147732100435, -0.5331770433131675, 0.7684013142062931, -6.061413815014117], [0.21473693407395217, -0.8459681544857225, -0.48808391832816034, 51.63469732080473], [0.0, 0.0, 0.0, 1.0]]}, {"class": "Parmesan", "pose": [[0.8771452344581803, 0.049050330501728745, 0.4777135603509002, -4.113947216886116], [-0.4057620508216662, -0.4563618418791745, 0.7918907846903467, -15.060460431965922], [0.2568527447973503, -0.8884412932615109, -0.38039284497465337, 54.45438310049033], [0.0, 0.0, 0.0, 1.0]]}, {"class": "Cookies", "pose": [[0.29261806741209123, 0.9539371849704322, -0.06616990821256592, 0.44237072764296004], [-0.8423216720221225, 0.2898977862845576, 0.4543715020080157, 5.33729604063965], [0.45262437644453724, -0.07722095760750496, 0.8883513258527869, 47.37126281744652], [0.0, 0.0, 0.0, 1.0]]}, {"class": "Cherries", "pose": [[0.9436288400436893, 0.02653026511715502, 0.3299404495795795, -9.018482591718236], [-0.27235784358110715, -0.5042418055641132, 0.8194884953732691, -6.4983862936727865], [0.1881110159211669, -0.8631548793441244, -0.4685913790751684, 52.27094718602363], [0.0, 0.0, 0.0, 1.0]]}]}