{"camera": {"camera": "RealSense D415", "extrinsics": [[-0.9964847, 0.0029061735, 0.08372457, 0.58388036], [-0.033488985, 0.9022542, -0.42990214, -0.26164162], [-0.07679021, -0.43119472, -0.8989852, 0.25070116], [0.0, 0.0, 0.0, 1.0]], "height": 480, "intrinsics": [[605.11334, 0.0, 326.28275], [0.0, 605.6117, 245.73769], [0.0, 0.0, 1.0]], "width": 640}, "objects": [{"class": "MacaroniAndCheese", "pose": [[0.7785405019393576, 0.06105735563188277, -0.6246172363340157, 3.9982472404482605], [0.5898246345873516, -0.4112383587873682, 0.6949747724985645, -17.533946005372357], [-0.21443322346882715, -0.9094806592724433, -0.3561788164013482, 51.942940605910756], [0.0, 0.0, 0.0, 1.0]]}, {"class": "TomatoSauce", "pose": [[0.8331272666614714, 0.011009688975615136, 0.5529717443560146, 0.9987338253120259], [-0.47084349762292277, -0.5104411565163228, 0.7195528112613788, -6.689591086429228], [0.2901815637934149, -0.8598422390718042, -0.420078576118003, 51.99980272921413], [0.0, 0.0, 0.0, 1.0]]}, {"class": "Parmesan", "pose": [[0.7897624009572284, 0.0808825037122095, 0.6080570502755523, -7.546117702726574], [-0.5188867097719334, -0.4405946404825056, 0.7325523646223593, -14.754150784661668], [0.3271573193377651, -0.894055055775144, -0.305996195756688, 53.806607063717], [0.0, 0.0, 0.0, 1.0]]}, {"class": "Cookies", "pose": [[0.13889332194777437, 0.9854443640172877, -0.09802069325996142, 0.19461001033728165], [-0.881723893256092, 0.16811954029033643, 0.4407933959890368, 5.042053391541201], [0.45085652171955404, 0.025203930152648817, 0.8922405420618031, 47.87444510188432], [0.0, 0.0, 0.0, 1.0]]}, {"class": "Cherries", "pose": [[0.8788508283755376, 0.050170540574819754, 0.47445141382901485, -11.10580655454907], [-0.3936089700944543, -0.48574063463150485, 0.7804665503675535, -5.5963594467738496], [0.2696167371831572, -0.8726620277943985, -0.4071459522670127, 51.44134815938115], [0.0, 0.0, 0.0, 1.0]]}]}