{"camera": {"camera": "RealSense D415", "extrinsics": [[-0.9964867, 0.0657661, 0.051855996, 0.5991245], [0.038178913, 0.9078033, -0.41765487, -0.32725155], [-0.074542575, -0.41420773, -0.90712476, 0.26371866], [0.0, 0.0, 0.0, 1.0]], "height": 480, "intrinsics": [[605.11334, 0.0, 326.28275], [0.0, 605.6117, 245.73769], [0.0, 0.0, 1.0]], "width": 640}, "objects": [{"class": "MacaroniAndCheese", "pose": [[0.8178088958675803, 0.030543094006149855, -0.5746787788938911, 6.306953905972701], [0.5375213546393515, -0.39724708441732276, 0.7438182663990265, -20.798295999841166], [-0.2055709630009804, -0.9172032780672563, -0.3412897723859356, 53.55787503373133], [0.0, 0.0, 0.0, 1.0]]}, {"class": "TomatoSauce", "pose": [[0.798351472739576, -0.026289075378138505, 0.6016176361717672, 4.078594465827878], [-0.5337088634608693, -0.49360255007969706, 0.6866669045602583, -9.772756918444072], [0.2789081664944514, -0.869290165857382, -0.40809903830818167, 53.826678432175946], [0.0, 0.0, 0.0, 1.0]]}, {"class": "Parmesan", "pose": [[0.751768404858247, 0.048275679559437304, 0.6576577330819984, -5.010119543022928], [-0.5792716468539001, -0.42821214604452446, 0.6935984308887614, -17.24869763482248], [0.3151009699046952, -0.902387831001252, -0.29395163562683146, 55.50648240076895], [0.0, 0.0, 0.0, 1.0]]}, {"class": "Cookies", "pose": [[0.07715726956618699, 0.9948742538522359, -0.06536011350693888, 4.096191698672347], [-0.8976783642977079, 0.09784598571797724, 0.42965076928932516, 2.062283631095696], [0.43384372099098617, 0.025521678213571364, 0.9006265888588747, 49.92434700663361], [0.0, 0.0, 0.0, 1.0]]}, {"class": "Cherries", "pose": [[0.8493682657096413, 0.014494031368815151, 0.5276015939349213, -7.919765745152773], [-0.45950863122934377, -0.4714812437105626, 0.7527000204962909, -7.820023124181064], [0.2596639175225802, -0.8817569638359037, -0.39380107862400615, 53.32358542478224], [0.0, 0.0, 0.0, 1.0]]}]}