{"camera": {"camera": "RealSense D415", "extrinsics": [[-0.98319674, 0.1749816, 0.05201583, 0.5590751], [0.13413598, 0.88577074, -0.4443172, -0.36465296], [-0.12382143, -0.429874, -0.8943582, 0.3110689], [0.0, 0.0, 0.0, 1.0]], "height": 480, "intrinsics": [[605.11334, 0.0, 326.28275], [0.0, 605.6117, 245.73769], [0.0, 0.0, 1.0]], "width": 640}, "objects": [{"class": "MacaroniAndCheese", "pose": [[0.8759223722907691, 0.033331643484256046, -0.48129932724592467, 2.553496561927393], [0.4488330215023634, -0.42218093479058094, 0.7875990265972505, -18.611772230187594], [-0.1769434123861563, -0.9058986063397281, -0.38475804042842515, 55.38608780086582], [0.0, 0.0, 0.0, 1.0]]}, {"class": "TomatoSauce", "pose": [[0.7274352720392498, -0.03497419701725311, 0.6852844472774863, 1.4241568955319361], [-0.6022353978433871, -0.5111865704792434, 0.6131890942724052, -7.417171352506785], [0.3288623885890826, -0.858757898275799, -0.3929178124619135, 55.30956944674648], [0.0, 0.0, 0.0, 1.0]]}, {"class": "Parmesan", "pose": [[0.674918296830828, 0.04718614884273505, 0.736382239807964, -8.431953166342232], [-0.6420282110176162, -0.4543431545645059, 0.6175533367624352, -13.915481629708573], [0.36371016953088814, -0.889576186731181, -0.2763496452142875, 56.70427931948111], [0.0, 0.0, 0.0, 1.0]]}, {"class": "Cookies", "pose": [[-0.03282552646386639, 0.9974136142775392, -0.06394223964184809, 2.801226748427754], [-0.88925583827641, 5.7710392569348124e-05, 0.45741021014987865, 4.252488360453666], [0.4562308269651051, 0.07187574083465473, 0.8869539538418247, 51.1599428599914], [0.0, 0.0, 0.0, 1.0]]}, {"class": "Cherries", "pose": [[0.7864250859062479, 0.008343198537457278, 0.6176293536092219, -10.283788839545327], [-0.5339472549708502, -0.49352162163418595, 0.6865397202472587, -4.306499228913097], [0.3105413577918793, -0.869693526462462, -0.3836629262249664, 54.18056321413112], [0.0, 0.0, 0.0, 1.0]]}]}