{"camera": {"camera": "RealSense D415", "extrinsics": [[-0.95820546, 0.27928743, 0.061974578, 0.5457415], [0.22369577, 0.8665001, -0.44624865, -0.40294662], [-0.17833261, -0.41373444, -0.8927605, 0.34239912], [0.0, 0.0, 0.0, 1.0]], "height": 480, "intrinsics": [[605.11334, 0.0, 326.28275], [0.0, 605.6117, 245.73769], [0.0, 0.0, 1.0]], "width": 640}, "objects": [{"class": "MacaroniAndCheese", "pose": [[0.9218846129766941, 0.046076192260991015, -0.38471518840622765, 1.780020347308786], [0.3669687104354896, -0.4224827572399089, 0.8287595368163495, -17.65890975402324], [-0.12434944980919609, -0.9051990585890826, -0.40638886470829866, 55.57722807143206], [0.0, 0.0, 0.0, 1.0]]}, {"class": "TomatoSauce", "pose": [[0.649527316864985, -0.03264066633859133, 0.7596373364139271, 1.6838555158008361], [-0.6666419800030435, -0.5049137143159207, 0.5483162372765319, -6.407855866536599], [0.36565389203709137, -0.8625524704190444, -0.3497148805948081, 55.50725966339065], [0.0, 0.0, 0.0, 1.0]]}, {"class": "Parmesan", "pose": [[0.5917004827519946, 0.05598555557125597, 0.8042115316291686, -8.787762206858375], [-0.7014985707554718, -0.4557956229219713, 0.5478596442712066, -11.97828603918764], [0.39722831201632397, -0.8883220135722508, -0.23042070009639565, 56.302048246475245], [0.0, 0.0, 0.0, 1.0]]}, {"class": "Cookies", "pose": [[-0.13977247056725575, 0.9875467772459265, -0.07221530689272082, 4.354453795662671], [-0.8830101528547147, -0.09131065722789349, 0.4603862707551947, 5.091248581194807], [0.44805894118247747, 0.12811616955821464, 0.8847765045600376, 51.51536907751208], [0.0, 0.0, 0.0, 1.0]]}, {"class": "Cherries", "pose": [[0.7154522125365569, 0.01266012459981105, 0.6985469806309118, -9.6079299968995], [-0.6040199418043257, -0.4912758606612301, 0.6275412521117949, -2.237427803023645], [0.3511240097496955, -0.8709120417250859, -0.3438374267773211, 53.738068591684154], [0.0, 0.0, 0.0, 1.0]]}]}