{"camera": {"camera": "RealSense D415", "extrinsics": [[-0.93442816, 0.35070506, 0.06204828, 0.54935765], [0.29062292, 0.85154593, -0.43635744, -0.42725563], [-0.20586972, -0.389712, -0.89763147, 0.34404498], [0.0, 0.0, 0.0, 1.0]], "height": 480, "intrinsics": [[605.11334, 0.0, 326.28275], [0.0, 605.6117, 245.73769], [0.0, 0.0, 1.0]], "width": 640}, "objects": [{"class": "MacaroniAndCheese", "pose": [[0.9481317658578442, 0.04821236816983928, -0.31420017562193353, 3.089272927873843], [0.3054951255788753, -0.4113910399677897, 0.8587375100524948, -16.88139885956775], [-0.08785734878924621, -0.9101829794725097, -0.40478152706514, 54.37695144238812], [0.0, 0.0, 0.0, 1.0]]}, {"class": "TomatoSauce", "pose": [[0.5905304869298302, -0.037262084393777824, 0.8061546435437557, 3.7514754330953415], [-0.7143412889685237, -0.4889172446605003, 0.5006759645097444, -5.649822313336472], [0.37548665573073897, -0.8715340172215285, -0.3153383622472314, 54.49322294159404], [0.0, 0.0, 0.0, 1.0]]}, {"class": "Parmesan", "pose": [[0.529457256335701, 0.05528469936001858, 0.8465333094239439, -7.091546035162876], [-0.7456600253893934, -0.44554078604561026, 0.4954639292577598, -10.509608067480169], [0.40455666798011036, -0.8935530683439514, -0.19467118676593048, 54.85032472848197], [0.0, 0.0, 0.0, 1.0]]}, {"class": "Cookies", "pose": [[-0.21385632743323446, 0.9742786073386208, -0.07104009243517394, 7.322037161068878], [-0.8779610106224985, -0.15980970962486027, 0.4512707515735199, 5.699094186633896], [0.4283105093828409, 0.15887753994095635, 0.8895549951326436, 50.78514367598541], [0.0, 0.0, 0.0, 1.0]]}, {"class": "Cherries", "pose": [[0.6609667997462715, 0.009109423737201186, 0.7503598711727998, -7.168302081374966], [-0.6561204269132754, -0.47825682318583845, 0.5837605392219676, -0.6992323248456556], [0.364182432100754, -0.8781728227077975, -0.310134977255898, 52.425121817010634], [0.0, 0.0, 0.0, 1.0]]}]}