{"camera": {"camera": "RealSense D415", "extrinsics": [[-0.88255626, 0.4646997, 0.07175388, 0.4969534], [0.39025098, 0.8090291, -0.43951797, -0.47980586], [-0.26229486, -0.35989732, -0.8953632, 0.39895394], [0.0, 0.0, 0.0, 1.0]], "height": 480, "intrinsics": [[605.11334, 0.0, 326.28275], [0.0, 605.6117, 245.73769], [0.0, 0.0, 1.0]], "width": 640}, "objects": [{"class": "MacaroniAndCheese", "pose": [[0.9792243589094342, 0.06152228583385298, -0.19322180009688644, -0.22776435383487503], [0.20120837034866132, -0.41318723097043636, 0.8881393245518411, -16.70031644682299], [-0.025196407290178937, -0.9085654966713166, -0.41698180797133766, 56.75085560291453], [0.0, 0.0, 0.0, 1.0]]}, {"class": "TomatoSauce", "pose": [[0.48482343372349096, -0.034110194623217835, 0.87394664225216, 1.633812350463132], [-0.774458170407679, -0.48105236888219527, 0.4108565645482612, -5.606468688327205], [0.40639971603283626, -0.8760280013467461, -0.25964237043639277, 56.998678700241044], [0.0, 0.0, 0.0, 1.0]]}, {"class": "Parmesan", "pose": [[0.4189972712386524, 0.06379240501326494, 0.905743791878079, -9.670875991090854], [-0.7990168479119335, -0.44792006242364296, 0.4011728435251541, -9.26487426671969], [0.431292606386961, -0.8917948685566263, -0.13670606772555627, 56.62956902810846], [0.0, 0.0, 0.0, 1.0]]}, {"class": "Cookies", "pose": [[-0.33424438249905597, 0.9392074254740066, -0.07855001891029922, 6.63751883311095], [-0.850139033885518, -0.2644658914922511, 0.4553255662184894, 5.293561493134108], [0.40687135235062716, 0.2189684638137415, 0.8868531238894046, 53.61505110654288], [0.0, 0.0, 0.0, 1.0]]}, {"class": "Cherries", "pose": [[0.5617081187039967, 0.013469495688189233, 0.8272258233616856, -8.533605106070274], [-0.7241880503588031, -0.4754647134022355, 0.49948466440685396, 0.49888055901476935], [0.40004450712383216, -0.8796316401363573, -0.2573179334054413, 54.282937187800265], [0.0, 0.0, 0.0, 1.0]]}]}