{"camera": {"camera": "RealSense D415", "extrinsics": [[-0.8750294, 0.4799129, 0.06330198, 0.5052849], [0.41262648, 0.80785584, -0.42084235, -0.49876893], [-0.25310656, -0.34212938, -0.9049224, 0.39847493], [0.0, 0.0, 0.0, 1.0]], "height": 480, "intrinsics": [[605.11334, 0.0, 326.28275], [0.0, 605.6117, 245.73769], [0.0, 0.0, 1.0]], "width": 640}, "objects": [{"class": "MacaroniAndCheese", "pose": [[0.9828602742641674, 0.053569898362797866, -0.1763971354192868, 1.2094256905918366], [0.18312228633389535, -0.39403622395950383, 0.9006673265436353, -18.03740273253382], [-0.021258204042954514, -0.9175324035416857, -0.3970924141100096, 57.41892095099185], [0.0, 0.0, 0.0, 1.0]]}, {"class": "TomatoSauce", "pose": [[0.47010050007693693, -0.04332827522837284, 0.8815487408615096, 3.2810369043641985], [-0.7923266161649123, -0.46078128507115945, 0.399873844221533, -6.989050308711025], [0.3888753377693038, -0.8864554448754149, -0.25094366709954946, 57.911542444127065], [0.0, 0.0, 0.0, 1.0]]}, {"class": "Parmesan", "pose": [[0.4038234763009497, 0.055183053451700305, 0.9131710862271796, -8.09102638192789], [-0.81617908614992, -0.4291690792589718, 0.3868663223739737, -10.423461534860706], [0.4132532800648216, -0.9015368662256981, -0.12826930062740036, 57.467531841058026], [0.0, 0.0, 0.0, 1.0]]}, {"class": "Cookies", "pose": [[-0.35025493371991706, 0.9340501572757509, -0.06979818922698781, 8.490109481679859], [-0.852462108452898, -0.2870081325093615, 0.43696068035145347, 3.886517511035925], [0.388110562900988, 0.21254795684759736, 0.896768401058166, 54.76761864303168], [0.0, 0.0, 0.0, 1.0]]}, {"class": "Cherries", "pose": [[0.5479237374353363, 0.00434837865189215, 0.8365169882789939, -6.76911574700616], [-0.7433941784115029, -0.45601788899529694, 0.4892982026002519, -0.6333942125227088], [0.3835943845878478, -0.8899599790533956, -0.2466304764780311, 55.33724836427469], [0.0, 0.0, 0.0, 1.0]]}]}