{"camera": {"camera": "RealSense D415", "extrinsics": [[-0.86622804, 0.4976408, 0.04475014, 0.50400394], [0.43927306, 0.8011743, -0.40639755, -0.51892686], [-0.23809266, -0.33237544, -0.91259986, 0.3919712], [0.0, 0.0, 0.0, 1.0]], "height": 480, "intrinsics": [[605.11334, 0.0, 326.28275], [0.0, 605.6117, 245.73769], [0.0, 0.0, 1.0]], "width": 640}, "objects": [{"class": "MacaroniAndCheese", "pose": [[0.9870353743229923, 0.03560506032319064, -0.15650376267928962, 2.068954250670818], [0.15823695709117197, -0.37913405619916596, 0.9117118389818666, -19.113557785944835], [-0.02687436046172851, -0.9246565370065651, -0.3798527669385965, 57.7572644023366], [0.0, 0.0, 0.0, 1.0]]}, {"class": "TomatoSauce", "pose": [[0.45282017769424376, -0.06271285421830185, 0.8893935927400589, 4.428600908640734], [-0.8108006287753061, -0.4439103097250432, 0.3815049433448885, -8.132213382890841], [0.3708857241145489, -0.8938740405727088, -0.2518591798373707, 58.42246873087248], [0.0, 0.0, 0.0, 1.0]]}, {"class": "Parmesan", "pose": [[0.3861601783937135, 0.03644845920370629, 0.921711345629928, -7.031522421366166], [-0.8333716843544791, -0.41457170171863994, 0.36554340966496857, -11.265963146716112], [0.39543893899680177, -0.9092864661734704, -0.1297159789268547, 58.02080211506], [0.0, 0.0, 0.0, 1.0]]}, {"class": "Cookies", "pose": [[-0.36878901798825026, 0.9281185436921197, -0.0508980086487027, 9.889210731107195], [-0.849885504307212, -0.31451567052887686, 0.42281741574756543, 2.6598315433971287], [0.37641647301042197, 0.1991878948869404, 0.904784443172522, 55.420770558064646], [0.0, 0.0, 0.0, 1.0]]}, {"class": "Cherries", "pose": [[0.5318304485740636, -0.014960806833951875, 0.8467186819993467, -5.475996466071442], [-0.7637921363870407, -0.4403087114813906, 0.4719638285781243, -1.4771197087530274], [0.36575665423885534, -0.8977218263257796, -0.2455965383477825, 56.048527564541914], [0.0, 0.0, 0.0, 1.0]]}]}