{"camera": {"camera": "RealSense D415", "extrinsics": [[-0.7796919, 0.62565446, 0.025240157, 0.42958885], [0.5662767, 0.7217514, -0.39800206, -0.56377035], [-0.2672289, -0.29602608, -0.91703725, 0.39928058], [0.0, 0.0, 0.0, 1.0]], "height": 480, "intrinsics": [[605.11334, 0.0, 326.28275], [0.0, 605.6117, 245.73769], [0.0, 0.0, 1.0]], "width": 640}, "objects": [{"class": "MacaroniAndCheese", "pose": [[0.9997816757348823, 0.020801442561267165, -0.0019883116795310738, -0.760230816716928], [0.009536577283991477, -0.369542614819359, 0.9291648529613722, -16.97105311575523], [0.01859321629663481, -0.9289809450027005, -0.3696603232376686, 56.97757337925856], [0.0, 0.0, 0.0, 1.0]]}, {"class": "TomatoSauce", "pose": [[0.31010316981184943, -0.08733942139125836, 0.9466825772532718, 3.1713952248211164], [-0.8734854747423165, -0.4192785817087133, 0.2474441569063011, -6.472917129131128], [0.3753121158886974, -0.903646688112984, -0.20630932401645083, 57.94287458201228], [0.0, 0.0, 0.0, 1.0]]}, {"class": "Parmesan", "pose": [[0.23978634714413932, 0.015675021114225373, 0.9706991572920786, -8.596893260015982], [-0.8861417534694495, -0.4048840297767145, 0.225436753086997, -7.857358385267194], [0.3965543286287658, -0.9142336979955868, -0.0831953625008181, 56.99057964088158], [0.0, 0.0, 0.0, 1.0]]}, {"class": "Cookies", "pose": [[-0.5075963389607936, 0.8611228608804832, -0.028520653460687516, 10.304548012936705], [-0.7896408176552094, -0.45170761049120833, 0.4152440585603676, 3.417679607118884], [0.3446931605115659, 0.2332974538658606, 0.9092628781396473, 55.375598343168186], [0.0, 0.0, 0.0, 1.0]]}, {"class": "Cherries", "pose": [[0.3953686757299188, -0.03945718929609703, 0.9176746662056421, -5.517122519086238], [-0.8387323997849448, -0.42279607344128595, 0.34317846127950663, 1.6119785890851612], [0.3744484056610654, -0.9053654783720227, -0.2002543395700241, 55.26499279273549], [0.0, 0.0, 0.0, 1.0]]}]}