{"camera": {"camera": "RealSense D415", "extrinsics": [[-0.71414435, 0.6991016, 0.035423584, 0.38197857], [0.6270748, 0.66141677, -0.41146705, -0.5663328], [-0.311087, -0.27163363, -0.91073596, 0.4197675], [0.0, 0.0, 0.0, 1.0]], "height": 480, "intrinsics": [[605.11334, 0.0, 326.28275], [0.0, 605.6117, 245.73769], [0.0, 0.0, 1.0]], "width": 640}, "objects": [{"class": "MacaroniAndCheese", "pose": [[0.9948027055534201, 0.034036699484694746, 0.09596424625774658, -2.7438144776316733], [-0.07571328858436313, -0.38290185906992513, 0.9206811251261398, -13.399740150958777], [0.06808182302414109, -0.9231617598854587, -0.3783347536153748, 56.451530788159275], [0.0, 0.0, 0.0, 1.0]]}, {"class": "TomatoSauce", "pose": [[0.21515964691783251, -0.07908678607186954, 0.9733712873590675, 2.0252796399642503], [-0.8914735755141238, -0.4228519575517191, 0.16269958840065016, -3.263712848009359], [0.3987245411573476, -0.9027410853171096, -0.16148445279240659, 57.50843345045609], [0.0, 0.0, 0.0, 1.0]]}, {"class": "Parmesan", "pose": [[0.14306548341406483, 0.02517667773391558, 0.9893929749102801, -9.758263533650368], [-0.8977741613758341, -0.4174662636782974, 0.14044053463084247, -3.6501477901126123], [0.4165739880990276, -0.9083435591011534, -0.03712204753287585, 55.98694246724819], [0.0, 0.0, 0.0, 1.0]]}, {"class": "Cookies", "pose": [[-0.5898303472214844, 0.806687087532809, -0.036826087933010954, 10.099600094801763], [-0.738464584910338, -0.5203718236370131, 0.42881615164180786, 5.944033002150196], [0.32675717849453245, 0.2801235175226039, 0.9026408569122988, 55.202041181252085], [0.0, 0.0, 0.0, 1.0]]}, {"class": "Cherries", "pose": [[0.3030409449509289, -0.031658291171821146, 0.9524515708062862, -5.794638178563743], [-0.8641527366544828, -0.4304737849173416, 0.2606385200665963, 5.496205897664252], [0.40175403569904244, -0.9020476926440847, -0.15780877773219706, 54.32415236168651], [0.0, 0.0, 0.0, 1.0]]}]}