{"camera": {"camera": "RealSense D415", "extrinsics": [[-0.56266093, 0.8213353, 0.093920186, 0.2395854], [0.74880314, 0.55449164, -0.36308798, -0.6246496], [-0.35029495, -0.1339677, -0.9270092, 0.42357662], [0.0, 0.0, 0.0, 1.0]], "height": 480, "intrinsics": [[605.11334, 0.0, 326.28275], [0.0, 605.6117, 245.73769], [0.0, 0.0, 1.0]], "width": 640}, "objects": [{"class": "MacaroniAndCheese", "pose": [[0.9536681195062333, 0.09855738509325228, 0.2842597137714696, -11.509812167127981], [-0.2373693316608348, -0.3340521608240263, 0.9121759380442711, -14.065547657773037], [0.18485926255910193, -0.9373876206290077, -0.29518040924796923, 54.78228397794127], [0.0, 0.0, 0.0, 1.0]]}, {"class": "TomatoSauce", "pose": [[0.022146578488796958, -0.021020976355811478, 0.9995337276984203, -5.442089779913173], [-0.9342345223821248, -0.35641478294220785, 0.013204067591455683, -4.893224403295859], [0.3559710516699805, -0.9340913116308417, -0.027531875616225655, 57.159588391192685], [0.0, 0.0, 0.0, 1.0]]}, {"class": "Parmesan", "pose": [[-0.05179943652735962, 0.08265480315412534, 0.9952311425409737, -16.837617175011747], [-0.9298561327442321, -0.36748875978740064, -0.017876563962795435, -3.3086661398192163], [0.3642586905463831, -0.9263477477628806, 0.0958927986987404, 54.16838729432125], [0.0, 0.0, 0.0, 1.0]]}, {"class": "Cookies", "pose": [[-0.7333791876904442, 0.6736232288769465, -0.09157913393515572, 4.171048308767819], [-0.650833221394889, -0.6567920816830339, 0.3808415248872902, 3.013218035217591], [0.19639525043876033, 0.3389040105643783, 0.920093989489488, 56.54932644099912], [0.0, 0.0, 0.0, 1.0]]}, {"class": "Cherries", "pose": [[0.11195440085728178, 0.024178479649548047, 0.9934191655303095, -11.345571576244195], [-0.9215227825045271, -0.3715514270301396, 0.1128950225131292, 5.160810704190899], [0.37183595665614533, -0.9280974593247626, -0.019315786257268746, 53.682203313725275], [0.0, 0.0, 0.0, 1.0]]}]}