{"camera": {"camera": "RealSense D415", "extrinsics": [[-0.52471745, 0.8466633, 0.08850345, 0.23354149], [0.77673525, 0.51872134, -0.35722616, -0.619559], [-0.3483589, -0.11869906, -0.92981535, 0.41789567], [0.0, 0.0, 0.0, 1.0]], "height": 480, "intrinsics": [[605.11334, 0.0, 326.28275], [0.0, 605.6117, 245.73769], [0.0, 0.0, 1.0]], "width": 640}, "objects": [{"class": "MacaroniAndCheese", "pose": [[0.939961007371493, 0.0945466624111168, 0.32792417800469315, -10.071632385864163], [-0.2815295209991995, -0.3283190979648929, 0.9016361184719252, -12.156763495394141], [0.192910452762446, -0.9398231159690273, -0.2819894715984113, 54.3451008588683], [0.0, 0.0, 0.0, 1.0]]}, {"class": "TomatoSauce", "pose": [[-0.023530151381858978, -0.02593737383497018, 0.9993866208262238, -3.6305768853942406], [-0.9379543541580428, -0.345366035226339, -0.031047103627333032, -3.289118420283743], [0.3459594721343217, -0.938109560411006, -0.016201558354202936, 56.89029744895115], [0.0, 0.0, 0.0, 1.0]]}, {"class": "Parmesan", "pose": [[-0.09730029161573821, 0.07704674424734662, 0.9922683536847993, -14.908800956081212], [-0.9303730207821287, -0.36112741011644983, -0.063190404959612, -1.1674161194074495], [0.3534666825897562, -0.9293281355503453, 0.10682001198560527, 53.78929876663948], [0.0, 0.0, 0.0, 1.0]]}, {"class": "Cookies", "pose": [[-0.7638079020444511, 0.6397829254145362, -0.08529554733067252, 6.3307630856339], [-0.6195309614253592, -0.6896445994191511, 0.37492893425689044, 4.187189587867223], [0.18104951627041427, 0.3392169108825836, 0.9231213106719076, 56.47411625853006], [0.0, 0.0, 0.0, 1.0]]}, {"class": "Cherries", "pose": [[0.06656255897095656, 0.018472060153457183, 0.9976112679841245, -9.04063999649503], [-0.929421842438068, -0.36256274245003545, 0.06872618134143521, 7.05361787430745], [0.3629661879105398, -0.9317762781998052, -0.006964768833577993, 53.45723123327228], [0.0, 0.0, 0.0, 1.0]]}]}