{"camera": {"camera": "RealSense D415", "extrinsics": [[-0.41459766, 0.9058501, 0.08685831, 0.22536053], [0.8457753, 0.41879848, -0.33056307, -0.6085187], [-0.3358167, -0.06358807, -0.9397785, 0.3995243], [0.0, 0.0, 0.0, 1.0]], "height": 480, "intrinsics": [[605.11334, 0.0, 326.28275], [0.0, 605.6117, 245.73769], [0.0, 0.0, 1.0]], "width": 640}, "objects": [{"class": "MacaroniAndCheese", "pose": [[0.8912645827656692, 0.09667020981254004, 0.4430601867344286, -5.361429165144021], [-0.397842244550558, -0.3022253107486804, 0.8662455558934449, -7.942179783231563], [0.2176441327000597, -0.9483220367425403, -0.23090321318730095, 53.26307836442239], [0.0, 0.0, 0.0, 1.0]]}, {"class": "TomatoSauce", "pose": [[-0.14809366766582413, -0.024938739269830854, 0.9886588592167294, 1.9536033896184524], [-0.9407096137120498, -0.3049303538359297, -0.14860301171418486, -0.00027389688610490737], [0.3051780558534056, -0.9520480517278236, 0.021698137184826792, 56.428007603408226], [0.0, 0.0, 0.0, 1.0]]}, {"class": "Parmesan", "pose": [[-0.22073078267509616, 0.07501402714241463, 0.972445799177684, -8.852604966508226], [-0.9247251380266543, -0.3330949271855884, -0.18420407622014512, 3.555811680897525], [0.31009886180900004, -0.9399045797206151, 0.14289165355427938, 52.97891160362253], [0.0, 0.0, 0.0, 1.0]]}, {"class": "Cookies", "pose": [[-0.8381536970497058, 0.5393389099294754, -0.08131380808205026, 12.728742296312673], [-0.5309502598997686, -0.7726514125387942, 0.3479965076340276, 6.253528009633092], [0.12486082524401237, 0.33484813394822543, 0.933962766517636, 56.716142036437134], [0.0, 0.0, 0.0, 1.0]]}, {"class": "Cherries", "pose": [[-0.058454198472568164, 0.01683685613914136, 0.9981481062362888, -2.055340216122112], [-0.9435450863693698, -0.32748941470873477, -0.04973234715208131, 11.030381161354718], [0.32604559046573667, -0.9447047992058127, 0.03502945939999641, 53.22177382254123], [0.0, 0.0, 0.0, 1.0]]}]}