{"camera": {"camera": "RealSense D415", "extrinsics": [[-0.41269535, 0.90653074, 0.08879488, 0.22469045], [0.8475272, 0.41788498, -0.3272151, -0.6095354], [-0.3337366, -0.059784077, -0.9407687, 0.39830354], [0.0, 0.0, 0.0, 1.0]], "height": 480, "intrinsics": [[605.11334, 0.0, 326.28275], [0.0, 605.6117, 245.73769], [0.0, 0.0, 1.0]], "width": 640}, "objects": [{"class": "MacaroniAndCheese", "pose": [[0.8902177016585257, 0.09866364809840886, 0.44472229423843734, -5.395292356578116], [-0.39976511024129613, -0.2988585370885834, 0.866528331496987, -8.057952854642314], [0.21840391340493542, -0.9491833727559392, -0.22660687658099285, 53.26589228851971], [0.0, 0.0, 0.0, 1.0]]}, {"class": "TomatoSauce", "pose": [[-0.15003613812433886, -0.022938892202782824, 0.9884143641591902, 1.9217503501466948], [-0.9416374539400886, -0.3013962650962815, -0.14993036572740984, -0.1369823311907159], [0.3013436399499295, -0.9532230153767753, 0.023620216731826186, 56.47828321664049], [0.0, 0.0, 0.0, 1.0]]}, {"class": "Parmesan", "pose": [[-0.22266523827279666, 0.07694778463771659, 0.9718534976524179, -8.871327038374375], [-0.9255794482906092, -0.32973151479771756, -0.1859562607044155, 3.4454057429518015], [0.30614180941551755, -0.9409336753565822, 0.14464104579430168, 53.01531881323365], [0.0, 0.0, 0.0, 1.0]]}, {"class": "Cookies", "pose": [[-0.839128528865059, 0.5375302174533318, -0.0832139901958121, 12.703967137981506], [-0.5303466871765076, -0.7745578571414836, 0.3446627847406978, 6.102103550512461], [0.12081260801843685, 0.3333486526975161, 0.9350310211480996, 56.81633731230892], [0.0, 0.0, 0.0, 1.0]]}, {"class": "Cherries", "pose": [[-0.06045278795745265, 0.018789880887969505, 0.9979941841510707, -2.065324884815184], [-0.9446628435113148, -0.32403491694484904, -0.051121448860322986, 10.9104405690722], [0.32242440401029676, -0.9458585145324686, 0.037338923468164635, 53.30265874784341], [0.0, 0.0, 0.0, 1.0]]}]}