{"camera": {"camera": "RealSense D415", "extrinsics": [[-0.40859163, 0.9084712, 0.08793682, 0.22108115], [0.84963745, 0.4137793, -0.32696018, -0.61147016], [-0.33342034, -0.058878776, -0.94093794, 0.3987095], [0.0, 0.0, 0.0, 1.0]], "height": 480, "intrinsics": [[605.11334, 0.0, 326.28275], [0.0, 605.6117, 245.73769], [0.0, 0.0, 1.0]], "width": 640}, "objects": [{"class": "MacaroniAndCheese", "pose": [[0.8882332373388526, 0.09794077079817835, 0.4488310068442071, -5.523322661107832], [-0.40398190383682653, -0.29864314154177485, 0.8646449821745837, -8.134032161639105], [0.2187243060396936, -0.9493260475562739, -0.2256984576647249, 53.32478829546762], [0.0, 0.0, 0.0, 1.0]]}, {"class": "TomatoSauce", "pose": [[-0.154541921907645, -0.02366932581767966, 0.9877026417860851, 1.827658997107104], [-0.94115228931096, -0.30062227485802434, -0.15446250678135034, -0.24883025792432623], [0.3005814342399571, -0.9534495674532176, 0.02418231021056122, 56.54767613774753], [0.0, 0.0, 0.0, 1.0]]}, {"class": "Parmesan", "pose": [[-0.22710012049493516, 0.07607846400782589, 0.9708952331679145, -8.946583610535864], [-0.9247658783180709, -0.32942230945367107, -0.19049688225813313, 3.3852654188534115], [0.30534183532850717, -0.9411126795284537, 0.1451666230322561, 53.07994037135724], [0.0, 0.0, 0.0, 1.0]]}, {"class": "Cookies", "pose": [[-0.841625020529604, 0.5337588721100843, -0.0822723675671131, 12.638041787101292], [-0.5265904895435676, -0.7772391289602232, 0.3443861822905691, 5.940676508217768], [0.11987386738751148, 0.3331678781233918, 0.9352162751566695, 56.89738769283967], [0.0, 0.0, 0.0, 1.0]]}, {"class": "Cherries", "pose": [[-0.06498765431964848, 0.01795055430301777, 0.9977245780219255, -2.1067363572365356], [-0.9446017865310551, -0.32345653935311885, -0.05570800525326465, 10.818915555723363], [0.32172054670939515, -0.9460727835255603, 0.037976815437904224, 53.377113584120984], [0.0, 0.0, 0.0, 1.0]]}]}