{"camera": {"camera": "RealSense D415", "extrinsics": [[-0.39128444, 0.9165818, 0.08230565, 0.2100687], [0.8595794, 0.39595637, -0.32301992, -0.6167489], [-0.32866365, -0.055644434, -0.9428064, 0.3982901], [0.0, 0.0, 0.0, 1.0]], "height": 480, "intrinsics": [[605.11334, 0.0, 326.28275], [0.0, 605.6117, 245.73769], [0.0, 0.0, 1.0]], "width": 640}, "objects": [{"class": "MacaroniAndCheese", "pose": [[0.8798091770562827, 0.09287914540303682, 0.4661643817150183, -5.576792750697024], [-0.4228834237949982, -0.2948580481933506, 0.8568712779578513, -8.203649494219057], [0.21703781582306308, -0.9510164079118597, -0.22014178215176106, 53.577238977799205], [0.0, 0.0, 0.0, 1.0]]}, {"class": "TomatoSauce", "pose": [[-0.17352746934833946, -0.02874228328604133, 0.984409494568222, 1.9266007160402776], [-0.9396678421892537, -0.29439119265860386, -0.174236097679354, -0.4857395778761542], [0.29480945158630484, -0.955252700570945, 0.02407677659226361, 56.85341019180308], [0.0, 0.0, 0.0, 1.0]]}, {"class": "Parmesan", "pose": [[-0.24574966191506561, 0.07040081266516805, 0.9667733879807151, -8.769884560118602], [-0.9218689652109177, -0.3252444057474012, -0.21065073748995986, 3.382770187972284], [0.2996076747997449, -0.9430057340020759, 0.1448290464791875, 53.3985610618819], [0.0, 0.0, 0.0, 1.0]]}, {"class": "Cookies", "pose": [[-0.8520519756146636, 0.5178679460005876, -0.07629007680739197, 12.857689015872742], [-0.5104382426355462, -0.7896869549178982, 0.3403635694103091, 5.485135548196196], [0.11601810618981363, 0.3289488536833396, 0.9371939375392487, 57.24917223611574], [0.0, 0.0, 0.0, 1.0]]}, {"class": "Cherries", "pose": [[-0.08407970360888654, 0.012407882668434768, 0.9963817553286118, -1.7837327614958904], [-0.9450256438965418, -0.3180931265439746, -0.07578483303075777, 10.676876479076647], [0.3160018831756391, -0.9479782808960467, 0.038470958431031495, 53.74594162999109], [0.0, 0.0, 0.0, 1.0]]}]}