{"camera": {"camera": "RealSense D415", "extrinsics": [[-0.88932747, 0.39542633, 0.22964023, 0.5034429], [0.2324099, 0.82336825, -0.51773584, -0.31807974], [-0.39380485, -0.40706605, -0.824145, 0.3805844], [0.0, 0.0, 0.0, 1.0]], "height": 480, "intrinsics": [[603.75165, 0.0, 326.28275], [0.0, 603.20245, 245.73769], [0.0, 0.0, 1.0]], "width": 640}, "objects": [{"class": "ChocolatePudding", "pose": [[0.5385125732027658, 0.1706579303030035, 0.8251545332663232, 4.143713591975928], [-0.6257816032851957, -0.5747859425077396, 0.5272746401335103, 7.445685905710519], [0.5642708173881411, -0.8003105586266728, -0.2027348988888653, 47.40129254832128], [0.0, 0.0, 0.0, 1.0]]}, {"class": "MacaroniAndCheese", "pose": [[0.27025543955632647, 0.9129480598156925, -0.3057576849593687, -5.1870833480058165], [-0.5042342763420683, -0.13632676618485623, -0.8527384406874091, 0.8307377681647188], [-0.8201888742446097, 0.38463068055780913, 0.42349667645885136, 44.07619961254785], [0.0, 0.0, 0.0, 1.0]]}, {"class": "Milk", "pose": [[0.6649130147671057, 0.7081538439810129, 0.23750524308100474, -19.416042463667804], [0.6932920518348915, -0.4668257016745193, -0.549017245595512, -6.044029899107073], [-0.2779151529915448, 0.5297091940942478, -0.8013559273271806, 47.16642321309208], [0.0, 0.0, 0.0, 1.0]]}, {"class": "Ketchup", "pose": [[0.37647635648424205, 0.20766640715888862, 0.9028511177313794, -15.077567978110418], [-0.7141588998954085, -0.5557222802089478, 0.42561702717604116, 6.823728746673235], [0.5901208398159491, -0.8050139187500327, -0.060909521967678466, 35.897315273623256], [0.0, 0.0, 0.0, 1.0]]}, {"class": "OrangeJuice", "pose": [[-0.2991447789573276, -0.9233362756706195, -0.240753915224683, 2.52791059620478], [0.7786185779968796, -0.38205272246470584, 0.4977839572525886, -5.608165447316754], [-0.5516026759250398, -0.03854596433160356, 0.8332158672149605, 53.98126725945966], [0.0, 0.0, 0.0, 1.0]]}]}