{"camera": {"camera": "RealSense D415", "extrinsics": [[-0.31525418, 0.94612193, 0.07394684, 0.16100068], [0.8942693, 0.32224813, -0.31054556, -0.6242451], [-0.3176432, -0.031772397, -0.94767785, 0.40086746], [0.0, 0.0, 0.0, 1.0]], "height": 480, "intrinsics": [[605.11334, 0.0, 326.28275], [0.0, 605.6117, 245.73769], [0.0, 0.0, 1.0]], "width": 640}, "objects": [{"class": "MacaroniAndCheese", "pose": [[0.8390566973234326, 0.08688467085666385, 0.5370614268375689, -6.387663276980793], [-0.4960626947385465, -0.2831698428385499, 0.8208146028371898, -7.267383709896302], [0.22339582012120504, -0.9551261161603621, -0.1944953092751143, 54.46977877594268], [0.0, 0.0, 0.0, 1.0]]}, {"class": "TomatoSauce", "pose": [[-0.2534114168445363, -0.034211260307324964, 0.9667534882435185, 1.644583621334847], [-0.928195345247156, -0.2728811533585536, -0.2529609583284909, -0.23920099210448242], [0.2724629241776712, -0.9614392719612521, 0.0373964814975307, 58.03180186882604], [0.0, 0.0, 0.0, 1.0]]}, {"class": "Parmesan", "pose": [[-0.32406133564278805, 0.061908354129171866, 0.9440082997412736, -8.64264594916718], [-0.9047629005910497, -0.31180503657096575, -0.2901407970594592, 4.538881881688328], [0.2763844061533511, -0.9481270895028978, 0.1570563521009179, 54.473854857271405], [0.0, 0.0, 0.0, 1.0]]}, {"class": "Cookies", "pose": [[-0.8920711219179892, 0.4469808007082723, -0.06646307838306868, 13.007687599402514], [-0.4426612526601872, -0.8347598125326489, 0.3274554015572526, 4.828201854498171], [0.090885563395812, 0.32153414843141886, 0.9425261913113785, 58.737478781410026], [0.0, 0.0, 0.0, 1.0]]}, {"class": "Cherries", "pose": [[-0.16508900470547752, 0.004773928435017755, 0.9862671512742556, -1.1047817734115506], [-0.9411042472482742, -0.2999376492757675, -0.15607745382801877, 11.241959631947285], [0.2950735534571433, -0.9539468651085532, 0.05400918578320148, 55.090567175268724], [0.0, 0.0, 0.0, 1.0]]}]}