{"camera": {"camera": "RealSense D415", "extrinsics": [[-0.28894973, 0.953867, 0.081521355, 0.14351039], [0.90523607, 0.2999404, -0.3009708, -0.62567806], [-0.31153765, -0.0131693585, -0.95014256, 0.40299487], [0.0, 0.0, 0.0, 1.0]], "height": 480, "intrinsics": [[605.11334, 0.0, 326.28275], [0.0, 605.6117, 245.73769], [0.0, 0.0, 1.0]], "width": 640}, "objects": [{"class": "MacaroniAndCheese", "pose": [[0.8234517644460638, 0.0952193788306859, 0.5593392675795081, -7.049155403454985], [-0.5185494220591265, -0.27382517767382364, 0.8100162122004887, -7.064218395118182], [0.2302904169623714, -0.957054384458625, -0.17610585865931927, 55.00533300039567], [0.0, 0.0, 0.0, 1.0]]}, {"class": "TomatoSauce", "pose": [[-0.27957572148212967, -0.025484424471677754, 0.9597853482928936, 1.0899682353084388], [-0.9250491680121555, -0.2605765777331671, -0.276376335764246, -0.27234416339095846], [0.25714086236894795, -0.9651168033077144, 0.04927653887569684, 58.77699750162966], [0.0, 0.0, 0.0, 1.0]]}, {"class": "Parmesan", "pose": [[-0.3497043558658657, 0.0694650220672307, 0.9342812365279822, -9.023872521695717], [-0.8999861375968597, -0.3019373272796901, -0.314418189044884, 4.79160320742229], [0.2602533025890015, -0.9507936235954729, 0.16810635987975825, 55.11874528310084], [0.0, 0.0, 0.0, 1.0]]}, {"class": "Cookies", "pose": [[-0.9036206557285339, 0.42197004638193886, -0.0735591274266914, 12.557267768043165], [-0.4223005963775868, -0.8489361526484461, 0.31775715585832326, 4.513831339683671], [0.07163698877454018, 0.31819598964618545, 0.9453144970975094, 59.720518064315], [0.0, 0.0, 0.0, 1.0]]}, {"class": "Cherries", "pose": [[-0.19195135548717468, 0.012726416680202593, 0.9813218993662257, -1.340149598763729], [-0.9403283356082194, -0.28864224537044575, -0.18018954052154723, 11.305179000945987], [0.2809577795199519, -0.9573524669388619, 0.06737228349707666, 55.934039797780045], [0.0, 0.0, 0.0, 1.0]]}]}