{"camera": {"camera": "RealSense D415", "extrinsics": [[-0.22325824, 0.9669861, 0.12285601, 0.08998384], [0.93126565, 0.24882434, -0.26614052, -0.63501376], [-0.28792375, 0.05499352, -0.95607305, 0.39298365], [0.0, 0.0, 0.0, 1.0]], "height": 480, "intrinsics": [[605.11334, 0.0, 326.28275], [0.0, 605.6117, 245.73769], [0.0, 0.0, 1.0]], "width": 640}, "objects": [{"class": "MacaroniAndCheese", "pose": [[0.7806778998942383, 0.13830905898842488, 0.609436297249798, -10.388065116126137], [-0.5707204522874636, -0.23950790739201988, 0.7854388296070317, -7.575172055409995], [0.2545981309888202, -0.9609925256037469, -0.10804271828711197, 55.15093097287449], [0.0, 0.0, 0.0, 1.0]]}, {"class": "TomatoSauce", "pose": [[-0.3412565890781017, 0.0191373902337029, 0.9397753350098671, -2.1540054437408904], [-0.9184475841288875, -0.21951199043997732, -0.3290418646279892, -1.3864088810862318], [0.1999949534855055, -0.9754221222456864, 0.0924866128593095, 59.678603348795335], [0.0, 0.0, 0.0, 1.0]]}, {"class": "Parmesan", "pose": [[-0.4100772066738121, 0.11082677919704212, 0.9052922672631741, -11.75927796577428], [-0.8898194788847362, -0.2664341959667246, -0.3704512675559842, 4.354884982688622], [0.2001448977153877, -0.957460345074089, 0.20787443102324704, 55.66706532215204], [0.0, 0.0, 0.0, 1.0]]}, {"class": "Cookies", "pose": [[-0.9266338943771051, 0.3583366296529093, -0.11377374577467075, 9.4651471843722], [-0.37596384265175714, -0.8824709402502644, 0.28265925785177115, 2.737938991886235], [0.0008851330742363183, 0.30469647437996455, 0.9524491307067253, 61.49015427387769], [0.0, 0.0, 0.0, 1.0]]}, {"class": "Cherries", "pose": [[-0.2561092394321552, 0.05533443049721959, 0.9650627636926615, -3.8162685550750792], [-0.9393402653870639, -0.24987112578432571, -0.23495598255590294, 10.41013384466406], [0.22814016698275097, -0.9666967418395036, 0.1159721736888113, 57.20769447234246], [0.0, 0.0, 0.0, 1.0]]}]}