{"camera": {"camera": "RealSense D415", "extrinsics": [[-0.19520004, 0.97201675, 0.13069206, 0.07525433], [0.9373878, 0.22409408, -0.2666195, -0.6292652], [-0.28844592, 0.07046501, -0.9548998, 0.39203188], [0.0, 0.0, 0.0, 1.0]], "height": 480, "intrinsics": [[605.11334, 0.0, 326.28275], [0.0, 605.6117, 245.73769], [0.0, 0.0, 1.0]], "width": 640}, "objects": [{"class": "MacaroniAndCheese", "pose": [[0.762006124482391, 0.14688729004852208, 0.6306907664842499, -10.680287896474448], [-0.590995581040698, -0.24037399711775553, 0.7700289315057294, -6.56947435960199], [0.2647091249062406, -0.9595022048039269, -0.09635670401729203, 54.929393094058284], [0.0, 0.0, 0.0, 1.0]]}, {"class": "TomatoSauce", "pose": [[-0.3673991142895706, 0.028494191344195143, 0.929626820037934, -2.3625211280477774], [-0.910035070251228, -0.21732637184890918, -0.35299491450683224, -0.6034325363657889], [0.19197410561210043, -0.9756830154505985, 0.1057762372981809, 59.600736811487835], [0.0, 0.0, 0.0, 1.0]]}, {"class": "Parmesan", "pose": [[-0.43546778042841583, 0.11868187358769137, 0.8923466130072022, -11.757013786508143], [-0.8796727801861045, -0.26660456927829634, -0.3938245727420222, 5.390079827465144], [0.19116383192821976, -0.9564709260732196, 0.2204989187738928, 55.460993855586715], [0.0, 0.0, 0.0, 1.0]]}, {"class": "Cookies", "pose": [[-0.935752880931492, 0.3311971942796756, -0.1211404844989723, 9.328178079983546], [-0.3523637128724822, -0.8920764446342213, 0.2829123918023741, 3.2203255781954265], [-0.01436679612517881, 0.30742158995530106, 0.9514649638529799, 61.60151359283148], [0.0, 0.0, 0.0, 1.0]]}, {"class": "Cherries", "pose": [[-0.2832479162028699, 0.06377400957241995, 0.9569240023767572, -3.6878642139169635], [-0.9331535590147074, -0.24861611612229892, -0.25964293319538545, 11.237985552165108], [0.22134824472696912, -0.9665003462618988, 0.12993094886600492, 57.14081681732118], [0.0, 0.0, 0.0, 1.0]]}]}