{"camera": {"camera": "RealSense D415", "extrinsics": [[-0.15836637, 0.977524, 0.13916525, 0.06470045], [0.9470844, 0.19024102, -0.25853318, -0.6257501], [-0.2791973, 0.09085829, -0.9559255, 0.38673592], [0.0, 0.0, 0.0, 1.0]], "height": 480, "intrinsics": [[605.11334, 0.0, 326.28275], [0.0, 605.6117, 245.73769], [0.0, 0.0, 1.0]], "width": 640}, "objects": [{"class": "MacaroniAndCheese", "pose": [[0.7367990436440763, 0.15631230640941943, 0.6577945695550318, -10.122518866651518], [-0.6197369941742453, -0.23279187431233736, 0.7494890942908883, -5.843391720154278], [0.2702835991506384, -0.9598824691411403, -0.07464828316100106, 54.83182282302768], [0.0, 0.0, 0.0, 1.0]]}, {"class": "TomatoSauce", "pose": [[-0.4011379443428752, 0.03907427147155577, 0.9151839238662827, -1.6965562082834895], [-0.899521598975133, -0.20555571182836965, -0.3854966192678051, -0.22217905056703957], [0.17305825615266346, -0.9778650214464526, 0.11760435588075506, 59.73136055990565], [0.0, 0.0, 0.0, 1.0]]}, {"class": "Parmesan", "pose": [[-0.46812489846532584, 0.12719311904407132, 0.874460435634806, -10.807527833170962], [-0.8668719201314998, -0.2580927410763912, -0.4265221122593241, 6.137826449348971], [0.1714411851330877, -0.9577108104235494, 0.23107978784659822, 55.505644467417184], [0.0, 0.0, 0.0, 1.0]]}, {"class": "Cookies", "pose": [[-0.9466120704014885, 0.2954345908841947, -0.1290118376942302, 10.07705166816991], [-0.32037442021984974, -0.9066362599405943, 0.27453747318841815, 3.178800914267832], [-0.035858968286960266, 0.30121256350218084, 0.9528825062383289, 61.992372580218216], [0.0, 0.0, 0.0, 1.0]]}, {"class": "Cherries", "pose": [[-0.31836100827012237, 0.07311177731708061, 0.9451460204734061, -2.5791317741240536], [-0.9258434458456193, -0.2381339256408281, -0.2934383212849922, 11.687971564512022], [0.20361750852405916, -0.9684765618142146, 0.1435026276838618, 57.408370684341115], [0.0, 0.0, 0.0, 1.0]]}]}