{"camera": {"camera": "RealSense D415", "extrinsics": [[-0.10341628, 0.97847086, 0.17860518, 0.040871456], [0.9669555, 0.1409738, -0.21242286, -0.63506925], [-0.23302823, 0.15073529, -0.9607168, 0.3642615], [0.0, 0.0, 0.0, 1.0]], "height": 480, "intrinsics": [[605.11334, 0.0, 326.28275], [0.0, 605.6117, 245.73769], [0.0, 0.0, 1.0]], "width": 640}, "objects": [{"class": "MacaroniAndCheese", "pose": [[0.6947546425523338, 0.19700435882202985, 0.6917407371687017, -10.938952610556047], [-0.6659014812915244, -0.18730088795153912, 0.7221451439272167, -7.0450257110519665], [0.2718294153003771, -0.9623449103171619, 0.0010573407172214343, 54.89636367922611], [0.0, 0.0, 0.0, 1.0]]}, {"class": "TomatoSauce", "pose": [[-0.4471881539847124, 0.08213150239036884, 0.8906610744006074, -2.5554989875373355], [-0.8886519409031595, -0.15389641461232045, -0.4319880042430129, -2.0810369596634737], [0.10158972163192932, -0.9846676503522614, 0.14180698929808225, 60.52458432312646], [0.0, 0.0, 0.0, 1.0]]}, {"class": "Parmesan", "pose": [[-0.5125640711552312, 0.16677349678015918, 0.8422972467805477, -11.154555778578843], [-0.8529885186534587, -0.21134949418208604, -0.47722321052699734, 4.900844554024797], [0.09843091201350225, -0.9630773902361717, 0.2505860558398185, 56.20883337240624], [0.0, 0.0, 0.0, 1.0]]}, {"class": "Cookies", "pose": [[-0.956011268511047, 0.24070488759500488, -0.16764125318480988, 9.21436278398367], [-0.2751484624236601, -0.9339514804822014, 0.2280964051499746, 0.6606872273747788], [-0.10166489244497533, 0.26418898107702987, 0.959097756918926, 63.565961241388536], [0.0, 0.0, 0.0, 1.0]]}, {"class": "Cherries", "pose": [[-0.36732515534633836, 0.1142248094875987, 0.9230519494312928, -2.8124996801864475], [-0.920277836003935, -0.18842990315466918, -0.342903616878532, 9.964944789784457], [0.13476249092147105, -0.9754214138325894, 0.1743336223531099, 58.83485023795586], [0.0, 0.0, 0.0, 1.0]]}]}