{"camera": {"camera": "RealSense D415", "extrinsics": [[0.13164489, 0.9690409, 0.20887657, -0.048604853], [0.97817737, -0.09281827, -0.18588658, -0.61433274], [-0.16074412, 0.22878934, -0.96011287, 0.34445804], [0.0, 0.0, 0.0, 1.0]], "height": 480, "intrinsics": [[605.11334, 0.0, 326.28275], [0.0, 605.6117, 245.73769], [0.0, 0.0, 1.0]], "width": 640}, "objects": [{"class": "MacaroniAndCheese", "pose": [[0.5058420786832376, 0.23241216064277978, 0.8307276643760944, -8.643733716852504], [-0.8210913800099626, -0.16550158479034255, 0.546276661298678, -4.324384623468647], [0.2644480774770134, -0.9584329889591894, 0.10711395109973852, 56.335075905495735], [0.0, 0.0, 0.0, 1.0]]}, {"class": "TomatoSauce", "pose": [[-0.6383618081799952, 0.13000770608660644, 0.7586779761903264, 0.11368991971099432], [-0.7697347591749337, -0.1057427228176001, -0.6295449917705935, -1.7424481779187984], [-0.0016210237890321958, -0.985858230718139, 0.16757356514052715, 62.910901797084406], [0.0, 0.0, 0.0, 1.0]]}, {"class": "Parmesan", "pose": [[-0.693800021134264, 0.19781465602240367, 0.6924673031109962, -6.342674529530779], [-0.7201393564221271, -0.18202919631845718, -0.669525726611002, 7.255459460351621], [-0.006392733503554843, -0.9631898638142199, 0.2687459724919178, 58.590118011497495], [0.0, 0.0, 0.0, 1.0]]}, {"class": "Cookies", "pose": [[-0.9808536828976288, 0.006369991420982459, -0.19464210566174767, 11.89500614429516], [-0.045799827919039, -0.9789776616160396, 0.19875898317758534, -1.9197959252204688], [-0.18928417502891579, 0.20386805054322446, 0.9605255319761463, 66.96871158754085], [0.0, 0.0, 0.0, 1.0]]}, {"class": "Cherries", "pose": [[-0.5705172300834291, 0.15282845680340237, 0.8069409063308214, 2.652520520469723], [-0.8205682224595089, -0.14713060751788218, -0.5522865163983924, 10.134240067549383], [0.03432060997146206, -0.9772389809146981, 0.20934671824206091, 62.185958832164026], [0.0, 0.0, 0.0, 1.0]]}]}