{"camera": {"camera": "RealSense D415", "extrinsics": [[-0.89588857, 0.39785805, 0.19771858, 0.5640309], [0.26745602, 0.8383302, -0.4750471, -0.3374955], [-0.35475478, -0.37270823, -0.85745996, 0.34085548], [0.0, 0.0, 0.0, 1.0]], "height": 480, "intrinsics": [[603.75165, 0.0, 326.28275], [0.0, 603.20245, 245.73769], [0.0, 0.0, 1.0]], "width": 640}, "objects": [{"class": "ChocolatePudding", "pose": [[0.5433283172607464, 0.13846270487823387, 0.8280231705092603, 11.155348857331592], [-0.6641524324725457, -0.5324052823733842, 0.524829648380669, 5.63900866200836], [0.5135132389154194, -0.8350884060800055, -0.1973105287562097, 46.88458454001862], [0.0, 0.0, 0.0, 1.0]]}, {"class": "MacaroniAndCheese", "pose": [[0.2386520712374898, 0.9208743979064337, -0.3082782575114867, 1.6242748161113818], [-0.4624129462866519, -0.1713898351272788, -0.8699424059092657, -0.6378417494661226], [-0.853943443162322, 0.35016540802305723, 0.3849217065493035, 43.4732313309603], [0.0, 0.0, 0.0, 1.0]]}, {"class": "Milk", "pose": [[0.6685925490892449, 0.7146176046644811, 0.20568333497331384, -12.627763921250823], [0.6971911177192417, -0.5061739787242441, -0.5076538650631183, -7.451733343247896], [-0.25866684126447653, 0.4828141809593515, -0.8366491912166729, 46.59179857206273], [0.0, 0.0, 0.0, 1.0]]}, {"class": "Ketchup", "pose": [[0.38059709315870166, 0.17564435207774956, 0.90790685983868, -8.387229095684855], [-0.7513055394160791, -0.5136855107870723, 0.41432738327052193, 5.948566445720332], [0.5391528610969728, -0.8398072445252531, -0.0635446432246953, 35.92201975711185], [0.0, 0.0, 0.0, 1.0]]}, {"class": "OrangeJuice", "pose": [[-0.30113598145571796, -0.9304153041989126, -0.2089125038501649, 9.50203118822029], [0.8123437261125083, -0.36504058086760327, 0.4548000033455893, -7.7308920064334705], [-0.4994144233632291, -0.032752110178072245, 0.8657438826144604, 52.785619005159255], [0.0, 0.0, 0.0, 1.0]]}]}