{"camera": {"camera": "RealSense D415", "extrinsics": [[0.2530278, 0.9525593, 0.1691382, -0.069981314], [0.9602278, -0.22593349, -0.16406281, -0.6145051], [-0.118065566, 0.20392364, -0.9718414, 0.330542], [0.0, 0.0, 0.0, 1.0]], "height": 480, "intrinsics": [[605.11334, 0.0, 326.28275], [0.0, 605.6117, 245.73769], [0.0, 0.0, 1.0]], "width": 640}, "objects": [{"class": "MacaroniAndCheese", "pose": [[0.4007672230743107, 0.1951057650070875, 0.8951644519458862, -3.1345082972741425], [-0.8904607866439922, -0.14693235406766436, 0.43068602557820657, -5.452826681547318], [0.2155579473620129, -0.9697137119568451, 0.11484835028422247, 57.63488822165564], [0.0, 0.0, 0.0, 1.0]]}, {"class": "TomatoSauce", "pose": [[-0.7313495466045438, 0.10077089910218924, 0.6745169302788018, 5.977670381776658], [-0.681585692531539, -0.07341130075936628, -0.7280465002374327, -4.324306510188636], [-0.0238487238096856, -0.992197593566878, 0.12237331851265647, 64.13834806908807], [0.0, 0.0, 0.0, 1.0]]}, {"class": "Parmesan", "pose": [[-0.7800681231992069, 0.15861465470173408, 0.6052562574146501, 0.6591787846700794], [-0.6251884718545101, -0.1586892011666931, -0.7641708538960069, 5.618605442781622], [-0.025161052137825327, -0.9745045854240056, 0.2229524385019318, 60.37426780918278], [0.0, 0.0, 0.0, 1.0]]}, {"class": "Cookies", "pose": [[-0.9813813379344731, -0.11561824731500012, -0.15337246525704912, 17.698996976258417], [0.0881797902563952, -0.9806132896502985, 0.17499109292307377, -6.190764820861694], [-0.1706312308063576, 0.1582086482032166, 0.9725508018084571, 67.9361782314369], [0.0, 0.0, 0.0, 1.0]]}, {"class": "Cherries", "pose": [[-0.6700219962676818, 0.11824739920446596, 0.7328629474575209, 10.000734436747805], [-0.7422950887165939, -0.11772784510840513, -0.6596500114486548, 7.15567102090553], [0.008276488671687522, -0.9859806108163635, 0.16665470356552678, 63.91033144653549], [0.0, 0.0, 0.0, 1.0]]}]}