{"camera": {"camera": "RealSense D415", "extrinsics": [[0.28999597, 0.9404678, 0.17726442, -0.06861868], [0.95359343, -0.2682774, -0.13669966, -0.61978006], [-0.08100559, 0.20868054, -0.97462326, 0.3021231], [0.0, 0.0, 0.0, 1.0]], "height": 480, "intrinsics": [[605.11334, 0.0, 326.28275], [0.0, 605.6117, 245.73769], [0.0, 0.0, 1.0]], "width": 640}, "objects": [{"class": "MacaroniAndCheese", "pose": [[0.3644212316446216, 0.20381220332700126, 0.908657127179825, -1.2971944498401882], [-0.9117171975800276, -0.12063545155637119, 0.3927070643235273, -7.043828542834152], [0.18965477010180315, -0.9715491032842586, 0.14185696747259832, 56.78577208541296], [0.0, 0.0, 0.0, 1.0]]}, {"class": "TomatoSauce", "pose": [[-0.7555690962284956, 0.1125956193314307, 0.6453197582632255, 7.753647467879886], [-0.6525410860660931, -0.04290824410515078, -0.7565375155856368, -6.481438735083788], [-0.05749326469381613, -0.9927140060898685, 0.10589342643992165, 63.446577328224016], [0.0, 0.0, 0.0, 1.0]]}, {"class": "Parmesan", "pose": [[-0.8021490228838839, 0.1669866728295461, 0.5732995894441488, 2.8616501085110198], [-0.5943502039440377, -0.1308478379030452, -0.7934901872693634, 3.777104357168737], [-0.057487268137032296, -0.9772380879247115, 0.20420804256132946, 59.961350308766434], [0.0, 0.0, 0.0, 1.0]]}, {"class": "Cookies", "pose": [[-0.9748400423178513, -0.1540382675737751, -0.16111836360167828, 19.340921210863222], [0.13063259508494499, -0.9804724032536656, 0.14699996756579664, -8.914506415461387], [-0.18061573491164878, 0.12225415896031162, 0.9759261591199243, 67.33398613251991], [0.0, 0.0, 0.0, 1.0]]}, {"class": "Cherries", "pose": [[-0.6970030604229372, 0.12833163352353558, 0.7054911400374376, 12.200465067732557], [-0.7165712902398728, -0.08803500183455695, -0.6919359965784017, 4.841145786458756], [-0.026689354220996452, -0.9878161861519923, 0.15331944391607882, 63.67421049622628], [0.0, 0.0, 0.0, 1.0]]}]}