{"camera": {"camera": "RealSense D415", "extrinsics": [[0.3307836, 0.92641276, 0.17983773, -0.074303314], [0.9415362, -0.3110579, -0.12943187, -0.61464024], [-0.0639674, 0.21213767, -0.97514397, 0.28526124], [0.0, 0.0, 0.0, 1.0]], "height": 480, "intrinsics": [[605.11334, 0.0, 326.28275], [0.0, 605.6117, 245.73769], [0.0, 0.0, 1.0]], "width": 640}, "objects": [{"class": "MacaroniAndCheese", "pose": [[0.3238442319509248, 0.20701357251008812, 0.9231848660045463, 0.22122712460449223], [-0.9291105961617396, -0.11455690903141538, 0.35161096036804174, -7.221242260677041], [0.17854546623124778, -0.9716079929161983, 0.15523989325924006, 55.986144501663425], [0.0, 0.0, 0.0, 1.0]]}, {"class": "TomatoSauce", "pose": [[-0.7819721074415384, 0.11935618988874531, 0.6117791478219784, 9.2291641207607], [-0.6189471510301159, -0.03271892774963762, -0.7847508832466565, -7.1436971095738215], [-0.07364809646508014, -0.9923122344145915, 0.09946048053225605, 62.72791013654309], [0.0, 0.0, 0.0, 1.0]]}, {"class": "Parmesan", "pose": [[-0.8260463138994688, 0.1698400603138011, 0.5374028691743368, 4.806290780537459], [-0.5588384327919599, -0.1231104637463689, -0.8200874785707744, 3.3644652003714692], [-0.07312377075323032, -0.9777515857299672, 0.196608114336308, 59.36147645849843], [0.0, 0.0, 0.0, 1.0]]}, {"class": "Cookies", "pose": [[-0.9668225901902748, -0.1964509389647293, -0.16328230237459945, 20.668668754848174], [0.17458958283834858, -0.9747783538097875, 0.13901687403334578, -10.124527035632003], [-0.1864740469129513, 0.10589729012912892, 0.9767359897335256, 66.6711402454969], [0.0, 0.0, 0.0, 1.0]]}, {"class": "Cherries", "pose": [[-0.7264395031473707, 0.13312519654050167, 0.674213121278547, 14.148938530545319], [-0.6858611822784861, -0.07854142067455633, -0.7234816767823299, 3.975250829769905], [-0.04335996187906321, -0.9879822489682493, 0.1483610100363431, 63.16579655188362], [0.0, 0.0, 0.0, 1.0]]}]}