{"camera": {"camera": "RealSense D415", "extrinsics": [[0.3704774, 0.90977407, 0.18723671, -0.08611622], [0.92707783, -0.34976694, -0.13486934, -0.60265243], [-0.057211418, 0.22354905, -0.97301215, 0.27533758], [0.0, 0.0, 0.0, 1.0]], "height": 480, "intrinsics": [[605.11334, 0.0, 326.28275], [0.0, 605.6117, 245.73769], [0.0, 0.0, 1.0]], "width": 640}, "objects": [{"class": "MacaroniAndCheese", "pose": [[0.28252091922812006, 0.21495833128755257, 0.9348661904808091, 0.9238802945907301], [-0.942136661158417, -0.1211454014284001, 0.3125736228492646, -6.442532519221755], [0.18044506163343746, -0.9690803329209454, 0.16829401192867507, 55.22975511683153], [0.0, 0.0, 0.0, 1.0]]}, {"class": "TomatoSauce", "pose": [[-0.8059907511887673, 0.13106330306892192, 0.5772358856501916, 9.836895567806708], [-0.585716952803614, -0.03568902508413053, -0.8097295295183973, -6.75335288695652], [-0.08552483240340307, -0.9907313915713029, 0.10553103415902551, 62.08992205535125], [0.0, 0.0, 0.0, 1.0]]}, {"class": "Parmesan", "pose": [[-0.8475299061529284, 0.17754612764457614, 0.500170349811296, 5.900005064088642], [-0.52382706950858, -0.12813213641113042, -0.842132604258892, 3.9364476097202505], [-0.08542947963262643, -0.9757353699616205, 0.2015993010619609, 58.692098455917396], [0.0, 0.0, 0.0, 1.0]]}, {"class": "Cookies", "pose": [[-0.9561621415163193, -0.23821240974459978, -0.17031956749043362, 21.08913395320348], [0.21504812071370885, -0.9659653799485913, 0.1437538062291481, -10.215542683493128], [-0.19876675170591127, 0.10082506155636956, 0.9748466914092435, 66.17612337298381], [0.0, 0.0, 0.0, 1.0]]}, {"class": "Cherries", "pose": [[-0.7536964744642141, 0.14285585337621143, 0.641508984841133, 15.208610603545022], [-0.6549442946521109, -0.08205339170268595, -0.7512091440470006, 4.15030283856388], [-0.05467662524068806, -0.9863363681647742, 0.15540599042806333, 62.620851626861196], [0.0, 0.0, 0.0, 1.0]]}]}