{"camera": {"camera": "RealSense D415", "extrinsics": [[0.40508792, 0.8939397, 0.19176972, -0.092774495], [0.9126696, -0.38294503, -0.14278416, -0.59083384], [-0.054203168, 0.23286253, -0.970998, 0.26947114], [0.0, 0.0, 0.0, 1.0]], "height": 480, "intrinsics": [[605.11334, 0.0, 326.28275], [0.0, 605.6117, 245.73769], [0.0, 0.0, 1.0]], "width": 640}, "objects": [{"class": "MacaroniAndCheese", "pose": [[0.2456495874848617, 0.2199399062828144, 0.9440777258641085, 1.9681856274809535], [-0.9517453263813972, -0.13009109313835865, 0.2779517327286639, -5.619720268214101], [0.1839487941538494, -0.9668002993341377, 0.17736994623525815, 54.69690316536071], [0.0, 0.0, 0.0, 1.0]]}, {"class": "TomatoSauce", "pose": [[-0.8262289180314635, 0.13948455911697927, 0.5457928796314782, 10.795024137523466], [-0.5555850320226069, -0.041612810012986313, -0.8304177688157288, -6.252543493307128], [-0.093118468997865, -0.9893495375301801, 0.11187724885357034, 61.64577421760795], [0.0, 0.0, 0.0, 1.0]]}, {"class": "Parmesan", "pose": [[-0.8654477390336142, 0.18236266712661298, 0.4666305854956303, 7.290435925717979], [-0.49220033459486184, -0.13569599908940638, -0.8598403636637817, 4.571844888940946], [-0.09348286716122588, -0.9738226362356869, 0.2071967716761625, 58.20097607758443], [0.0, 0.0, 0.0, 1.0]]}, {"class": "Cookies", "pose": [[-0.9455262310873085, -0.27479255994324503, -0.17455437549826786, 21.870270915858402], [0.2500625965674462, -0.9563765344080408, 0.15103856051102935, -10.124212783629567], [-0.20844398045534224, 0.0991614159070823, 0.9729944481331674, 65.84646084132996], [0.0, 0.0, 0.0, 1.0]]}, {"class": "Cherries", "pose": [[-0.776841747789217, 0.14950868918412882, 0.6116895335300104, 16.561104819958043], [-0.6266658414502111, -0.08837689890126271, -0.7742605965885953, 4.445449240799626], [-0.06169944995896509, -0.9848028991113087, 0.162346860971979, 62.22213312222722], [0.0, 0.0, 0.0, 1.0]]}]}