{"camera": {"camera": "RealSense D415", "extrinsics": [[0.43275884, 0.8808293, 0.19198845, -0.090890706], [0.89986837, -0.40921643, -0.1509266, -0.57997906], [-0.05437574, 0.23807916, -0.96972245, 0.26770228], [0.0, 0.0, 0.0, 1.0]], "height": 480, "intrinsics": [[605.11334, 0.0, 326.28275], [0.0, 605.6117, 245.73769], [0.0, 0.0, 1.0]], "width": 640}, "objects": [{"class": "MacaroniAndCheese", "pose": [[0.2158735436849679, 0.22050931303255672, 0.9511962407139044, 3.6360014311066293], [-0.9582772060663135, -0.13908059841056147, 0.24972265873272936, -4.829935019901144], [0.18735912962865134, -0.9654181886461494, 0.18128522654017445, 54.44906209001945], [0.0, 0.0, 0.0, 1.0]]}, {"class": "TomatoSauce", "pose": [[-0.8422008215930189, 0.14287504852237226, 0.5198889583009362, 12.406450458680549], [-0.5305818614321662, -0.0482666729375153, -0.8462583762703698, -5.71207046252542], [-0.09581589135740938, -0.9885631500682979, 0.11645715553871516, 61.44201662416808], [0.0, 0.0, 0.0, 1.0]]}, {"class": "Parmesan", "pose": [[-0.8794825299711647, 0.18281363952853322, 0.43941971396753393, 9.247290197891951], [-0.46604156800697644, -0.14356431780923307, -0.8730375515100194, 5.204736129361942], [-0.0965181769811138, -0.9726091245402642, 0.21146107953711413, 57.955012871791745], [0.0, 0.0, 0.0, 1.0]]}, {"class": "Cookies", "pose": [[-0.9365268668714655, -0.3040606573892903, -0.1745410456063804, 23.3393944098555], [0.27801533777086834, -0.9473826889121971, 0.15866170148680386, -9.906358183066017], [-0.21359995407573815, 0.10006587167511778, 0.9717828650117685, 65.70527454916784], [0.0, 0.0, 0.0, 1.0]]}, {"class": "Cherries", "pose": [[-0.7951362703446222, 0.15145849289464178, 0.5872126266166184, 18.49062882438835], [-0.6030450420585352, -0.09530100565821283, -0.7919939509707107, 4.808109118535975], [-0.06399225016511861, -0.9838587777417148, 0.16711359359766176, 62.021259286451006], [0.0, 0.0, 0.0, 1.0]]}]}