{"camera": {"camera": "RealSense D415", "extrinsics": [[0.45619214, 0.8679073, 0.19653417, -0.090689026], [0.888565, -0.43226105, -0.15363151, -0.5728585], [-0.048383832, 0.24471886, -0.9683861, 0.26077116], [0.0, 0.0, 0.0, 1.0]], "height": 480, "intrinsics": [[605.11334, 0.0, 326.28275], [0.0, 605.6117, 245.73769], [0.0, 0.0, 1.0]], "width": 640}, "objects": [{"class": "MacaroniAndCheese", "pose": [[0.18953608295946514, 0.22531113499248726, 0.9556730576043917, 4.774866373579726], [-0.96392933325389, -0.14253238533713297, 0.2247772013154481, -4.524984591808511], [0.18685916556216553, -0.9638046416284348, 0.19016897069002114, 53.99699370213794], [0.0, 0.0, 0.0, 1.0]]}, {"class": "TomatoSauce", "pose": [[-0.8546813055038902, 0.1502410830917685, 0.49693813528418657, 13.458174067900627], [-0.5085372614497287, -0.04970073417825945, -0.8596043981668189, -5.648034283025794], [-0.10444969599128262, -0.9873993253347224, 0.11888147765009274, 61.063766222152594], [0.0, 0.0, 0.0, 1.0]]}, {"class": "Parmesan", "pose": [[-0.8902851719227001, 0.18757715055848134, 0.41497849651406593, 10.611158053436471], [-0.443058397449431, -0.1460293102250824, -0.884519489673978, 5.3541977487217345], [-0.10531661260626254, -0.9713342512892527, 0.2131153579024614, 57.576425678839406], [0.0, 0.0, 0.0, 1.0]]}, {"class": "Cookies", "pose": [[-0.927169142845005, -0.32916213751035694, -0.17891253480910319, 24.242003866417406], [0.30248055395202483, -0.9394749844439085, 0.16091084081994214, -10.131590816662372], [-0.22104959831734255, 0.09507400707466448, 0.9706173193668626, 65.41157186688], [0.0, 0.0, 0.0, 1.0]]}, {"class": "Cherries", "pose": [[-0.8097743129183893, 0.1575719097284661, 0.5651872988029918, 19.805287527394267], [-0.5822578698365753, -0.09695065513531903, -0.8072028085249666, 4.710918701588918], [-0.07239720044030523, -0.9827368098515572, 0.1702556322815712, 61.72192382857524], [0.0, 0.0, 0.0, 1.0]]}]}