{"camera": {"camera": "RealSense D415", "extrinsics": [[0.46984622, 0.8540705, 0.22317751, -0.0948256], [0.88255465, -0.44918707, -0.13902627, -0.57614106], [-0.018489774, 0.2622873, -0.9648127, 0.24192694], [0.0, 0.0, 0.0, 1.0]], "height": 480, "intrinsics": [[605.11334, 0.0, 326.28275], [0.0, 605.6117, 245.73769], [0.0, 0.0, 1.0]], "width": 640}, "objects": [{"class": "MacaroniAndCheese", "pose": [[0.17034100224097692, 0.25195769226009557, 0.9526286537221845, 4.260060959259361], [-0.9697935043929073, -0.12843160233787812, 0.20737872684349, -5.571379571330737], [0.17459828605725966, -0.9591781439489704, 0.22246974955319235, 53.47705114671166], [0.0, 0.0, 0.0, 1.0]]}, {"class": "TomatoSauce", "pose": [[-0.8582287849414384, 0.17893425265830712, 0.48106753533115265, 12.71197300690931], [-0.4940758638530422, -0.034107098748351404, -0.8687495614743164, -6.94773705941919], [-0.13904122234685176, -0.9832697009277064, 0.11767878532520601, 60.775761869344436], [0.0, 0.0, 0.0, 1.0]]}, {"class": "Parmesan", "pose": [[-0.8928693734149441, 0.2144199434788049, 0.3959904765044041, 10.124850389402978], [-0.42808049360040124, -0.1312426267007823, -0.8941602305652449, 4.15575826438438], [-0.13975494259255322, -0.967884046135251, 0.20897151013377466, 57.408961280673346], [0.0, 0.0, 0.0, 1.0]]}, {"class": "Cookies", "pose": [[-0.9158261621045127, -0.3449926797346354, -0.20552999625472884, 23.297304363740217], [0.3198783756168043, -0.9361409424150698, 0.1460068996176426, -11.665360693925614], [-0.2427763417446214, 0.06797234080453726, 0.9676980270541191, 65.35740723569128], [0.0, 0.0, 0.0, 1.0]]}, {"class": "Cherries", "pose": [[-0.8153365033287897, 0.18545946422774534, 0.5484808666617059, 19.181226604134572], [-0.5690074180995914, -0.08153500914549176, -0.8182803030870651, 3.3041722711718347], [-0.10703742208815797, -0.9792634451487949, 0.17200627330949192, 61.812123443944344], [0.0, 0.0, 0.0, 1.0]]}]}