{"camera": {"camera": "RealSense D415", "extrinsics": [[0.48261195, 0.80768365, 0.33872232, -0.10788977], [0.869521, -0.48820272, -0.07477476, -0.6075731], [0.104970805, 0.33061337, -0.93791044, 0.16082825], [0.0, 0.0, 0.0, 1.0]], "height": 480, "intrinsics": [[605.11334, 0.0, 326.28275], [0.0, 605.6117, 245.73769], [0.0, 0.0, 1.0]], "width": 640}, "objects": [{"class": "MacaroniAndCheese", "pose": [[0.13182263859976037, 0.36674898507996495, 0.9209331980407599, 0.05291946488043542], [-0.9838159441088232, -0.06533908515277477, 0.16684406225823162, -11.319043627715574], [0.12136284351920634, -0.9280226664491508, 0.35220032308397403, 50.62539814355058], [0.0, 0.0, 0.0, 1.0]]}, {"class": "TomatoSauce", "pose": [[-0.8422063667056036, 0.2987948991806758, 0.4487872830889087, 7.5123771703712094], [-0.4610823235252061, 0.032278452837172615, -0.8867700612093306, -13.42897597964775], [-0.27944851732451315, -0.9537713541746659, 0.11058393613843497, 58.780459374853365], [0.0, 0.0, 0.0, 1.0]]}, {"class": "Parmesan", "pose": [[-0.8754287046558747, 0.33053867520891494, 0.35265953639996755, 5.540693759429086], [-0.39435793763823107, -0.06657281295877104, -0.9165423212479832, -2.0504885851541865], [-0.27947513445199246, -0.9414416225953481, 0.18863031908734018, 55.95935427415385], [0.0, 0.0, 0.0, 1.0]]}, {"class": "Cookies", "pose": [[-0.8734466414600003, -0.36572581491695794, -0.32145851082797783, 17.371547933267045], [0.3594163508789181, -0.9296478741000963, 0.0810843137987766, -18.728430686494374], [-0.32849785068530846, -0.04471460062485467, 0.9434457289091974, 64.25852514232295], [0.0, 0.0, 0.0, 1.0]]}, {"class": "Cherries", "pose": [[-0.8048165685411307, 0.30401199914557986, 0.5097518776182753, 13.967003686871655], [-0.539176411147076, -0.015463638501626928, -0.842050843232768, -3.443922344257233], [-0.2481109262363918, -0.9525427370186225, 0.176361501598581, 61.361818515086206], [0.0, 0.0, 0.0, 1.0]]}]}