{"camera": {"camera": "RealSense D415", "extrinsics": [[0.4893663, 0.77452695, 0.40078497, -0.13501787], [0.8559583, -0.5145464, -0.050768055, -0.6145673], [0.16690123, 0.3678994, -0.91476446, 0.12324023], [0.0, 0.0, 0.0, 1.0]], "height": 480, "intrinsics": [[605.11334, 0.0, 326.28275], [0.0, 605.6117, 245.73769], [0.0, 0.0, 1.0]], "width": 640}, "objects": [{"class": "MacaroniAndCheese", "pose": [[0.10604691848246756, 0.4282290393107533, 0.8974262668797838, -4.1906488700461635], [-0.9896587989522853, -0.04221395137876221, 0.13708927393767648, -13.395694779653667], [0.09658953920059479, -0.9026837167145108, 0.41932396238731834, 49.17938876345867], [0.0, 0.0, 0.0, 1.0]]}, {"class": "TomatoSauce", "pose": [[-0.829002367477866, 0.3639079930065424, 0.4246481023818018, 2.655104406382977], [-0.43503913124402005, 0.05751139141746725, -0.8985729904727395, -15.917237088757187], [-0.35141997533553093, -0.9296576996668604, 0.11063715163543976, 57.74547484253172], [0.0, 0.0, 0.0, 1.0]]}, {"class": "Parmesan", "pose": [[-0.860977573874823, 0.39300639782570584, 0.32289867151648066, 1.0796940203600363], [-0.36770820090323825, -0.04229563414373096, -0.9289788928626578, -4.416090558732422], [-0.3514374237757471, -0.9185625026945388, 0.18092728580873962, 55.18464214426948], [0.0, 0.0, 0.0, 1.0]]}, {"class": "Cookies", "pose": [[-0.842513869949938, -0.3779448484185651, -0.38383334145208003, 12.022288475323615], [0.38707955713923553, -0.9203104221484377, 0.056552350908734755, -21.585833795823977], [-0.3746194919731535, -0.10092787238798659, 0.921669039159783, 63.69690698989241], [0.0, 0.0, 0.0, 1.0]]}, {"class": "Cherries", "pose": [[-0.7952117870506069, 0.3681963003304399, 0.4817360913126399, 9.090813967514109], [-0.5148358435541397, 0.009661168013495295, -0.8572343559890494, -6.150823153830986], [-0.32028462864411544, -0.9296978917281608, 0.18187799126673443, 61.095956250816684], [0.0, 0.0, 0.0, 1.0]]}]}