{"camera": {"camera": "RealSense D415", "extrinsics": [[0.4968924, 0.74235094, 0.44945866, -0.1618597], [0.84096605, -0.53973323, -0.03826417, -0.62612534], [0.21418233, 0.39699262, -0.89248127, 0.09787739], [0.0, 0.0, 0.0, 1.0]], "height": 480, "intrinsics": [[605.11334, 0.0, 326.28275], [0.0, 605.6117, 245.73769], [0.0, 0.0, 1.0]], "width": 640}, "objects": [{"class": "MacaroniAndCheese", "pose": [[0.08022597101899609, 0.476365101889864, 0.875579891249284, -7.935361172032968], [-0.9937131591565408, -0.030593954306233604, 0.10769490490027829, -15.634479668810764], [0.07808954397351685, -0.8787151801574847, 0.4709158013222007, 48.25679595115962], [0.0, 0.0, 0.0, 1.0]]}, {"class": "TomatoSauce", "pose": [[-0.8171323606948068, 0.4156888637474819, 0.39937142655208585, -1.6252600892878444], [-0.4085632105127686, 0.0711110616304657, -0.9099556830921661, -18.502995801912736], [-0.4066581333574825, -0.9067226973979821, 0.11172801461432014, 57.11989857265105], [0.0, 0.0, 0.0, 1.0]]}, {"class": "Parmesan", "pose": [[-0.8476691703585019, 0.4420767583711417, 0.2933004944018677, -2.820741892942577], [-0.34056794077791436, -0.02953808027765163, -0.9397558218974995, -6.913864557906435], [-0.4067806363788399, -0.8964907737994288, 0.1755956805045297, 54.75790507268465], [0.0, 0.0, 0.0, 1.0]]}, {"class": "Cookies", "pose": [[-0.812466402692699, -0.39062027108574043, -0.4327981180609231, 7.281392989815089], [0.4139714309284436, -0.90924920014661, 0.04351518896029812, -24.51134225494676], [-0.4105192232992994, -0.14381140884501228, 0.9004400494424242, 63.43400834444179], [0.0, 0.0, 0.0, 1.0]]}, {"class": "Cherries", "pose": [[-0.7867539984431698, 0.41898974309856934, 0.4532833592759273, 4.815154936296989], [-0.4897797074102327, 0.023192439169883724, -0.8715377067212542, -8.959806064422104], [-0.37567807133198294, -0.9076947562991783, 0.1869659133622504, 61.05379128027846], [0.0, 0.0, 0.0, 1.0]]}]}