{"camera": {"camera": "RealSense D415", "extrinsics": [[0.4981732, 0.72285247, 0.47886088, -0.17038915], [0.83624256, -0.5465104, -0.044996902, -0.62370217], [0.22917633, 0.42286012, -0.8767369, 0.094522625], [0.0, 0.0, 0.0, 1.0]], "height": 480, "intrinsics": [[605.11334, 0.0, 326.28275], [0.0, 605.6117, 245.73769], [0.0, 0.0, 1.0]], "width": 640}, "objects": [{"class": "MacaroniAndCheese", "pose": [[0.067133612555275, 0.5053668885853854, 0.8602891141636597, -9.597994589312808], [-0.994311267795118, -0.037575308019455106, 0.09966533217209955, -15.391937184781114], [0.0826932152792391, -0.8620861172493095, 0.49996942860293175, 48.08582639852479], [0.0, 0.0, 0.0, 1.0]]}, {"class": "TomatoSauce", "pose": [[-0.8071958699283416, 0.4467379883716221, 0.3858237567568809, -3.6206283977076064], [-0.4009764243227313, 0.06469061336534002, -0.9138014068460604, -18.305497659691284], [-0.43318897078968, -0.8923230183511037, 0.12691342502550185, 57.16231299019079], [0.0, 0.0, 0.0, 1.0]]}, {"class": "Parmesan", "pose": [[-0.8369971991030214, 0.4717101433610401, 0.2773539314768983, -4.614340528026921], [-0.33266758913300676, -0.036203753866448564, -0.9423489496043786, -6.710035079330545], [-0.4344742986629912, -0.8810101590129559, 0.1872251437761959, 54.73869328016705], [0.0, 0.0, 0.0, 1.0]]}, {"class": "Cookies", "pose": [[-0.7937857747424096, -0.3950546544100419, -0.46242398057112477, 5.00469844942503], [0.4214540384662256, -0.9054651844256768, 0.05009264145112026, -24.391604768789904], [-0.4384981604229316, -0.15512760331117892, 0.8852428259756668, 63.78497958568584], [0.0, 0.0, 0.0, 1.0]]}, {"class": "Cherries", "pose": [[-0.7787315220574532, 0.44956757918236656, 0.4375684886550664, 2.78314655499142], [-0.4824329091105864, 0.01673812790344081, -0.8757729744376975, -8.820783187623016], [-0.40104320325921766, -0.8930895256020324, 0.20385170915220213, 61.29253988611876], [0.0, 0.0, 0.0, 1.0]]}]}