{"camera": {"camera": "RealSense D415", "extrinsics": [[0.49293077, 0.70073164, 0.51574653, -0.1804214], [0.8377342, -0.54233664, -0.06381533, -0.6048187], [0.2349908, 0.46351504, -0.85436124, 0.10265092], [0.0, 0.0, 0.0, 1.0]], "height": 480, "intrinsics": [[605.11334, 0.0, 326.28275], [0.0, 605.6117, 245.73769], [0.0, 0.0, 1.0]], "width": 640}, "objects": [{"class": "MacaroniAndCheese", "pose": [[0.05751232817068441, 0.5416440893221292, 0.8386382253888353, -11.981359036497672], [-0.9929394554661007, -0.05626172761899263, 0.10443128994532686, -12.832643390228377], [0.1037478534226315, -0.8387230317083868, 0.5345840094826408, 48.31369900530721], [0.0, 0.0, 0.0, 1.0]]}, {"class": "TomatoSauce", "pose": [[-0.790280929117937, 0.48498547313534174, 0.37449326348109935, -6.416548647237332], [-0.4047223991383327, 0.0457303875173344, -0.913295434034826, -15.608175143596615], [-0.4600606996423072, -0.8733257397514501, 0.16014465065889666, 57.690780594603496], [0.0, 0.0, 0.0, 1.0]]}, {"class": "Parmesan", "pose": [[-0.81958618554497, 0.5088389641776911, 0.2633656269731585, -7.235266865050299], [-0.3362937466070614, -0.055065780715488025, -0.9401459005509801, -4.0547538389783195], [-0.4638803935867819, -0.8590987669907718, 0.21625053341703887, 55.01415706508168], [0.0, 0.0, 0.0, 1.0]]}, {"class": "Cookies", "pose": [[-0.7716836167842354, -0.39350378714540085, -0.49965910935514224, 1.879812325295363], [0.41738518383646467, -0.9061076769766377, 0.06898205979409848, -21.61522067965498], [-0.47988964204293705, -0.15531794410426283, 0.863471060257131, 64.78884246555666], [0.0, 0.0, 0.0, 1.0]]}, {"class": "Cherries", "pose": [[-0.763714626284469, 0.48755538628600303, 0.42311910306109657, -0.13860780703980613], [-0.485715047414735, -0.0022422579136425146, -0.8741143538061746, -6.082015886524061], [-0.42523037785998796, -0.8730891942423964, 0.23852544695412053, 61.917679411474836], [0.0, 0.0, 0.0, 1.0]]}]}