{"camera": {"camera": "RealSense D415", "extrinsics": [[0.49209553, 0.6788567, 0.544973, -0.19041276], [0.8366601, -0.5417547, -0.08063316, -0.5950874], [0.24050334, 0.49563643, -0.83456737, 0.11489765], [0.0, 0.0, 0.0, 1.0]], "height": 480, "intrinsics": [[605.11334, 0.0, 326.28275], [0.0, 605.6117, 245.73769], [0.0, 0.0, 1.0]], "width": 640}, "objects": [{"class": "MacaroniAndCheese", "pose": [[0.04457798246366722, 0.5703714156266857, 0.8201763560052484, -13.884785415232278], [-0.9918116219899191, -0.07308344255653965, 0.10473071263330869, -11.372234278063885], [0.11967674947533573, -0.818129112790456, 0.5624431169676102, 49.055251373775725], [0.0, 0.0, 0.0, 1.0]]}, {"class": "TomatoSauce", "pose": [[-0.7772747304717548, 0.515920646381517, 0.36009704697748685, -8.680557778075112], [-0.40433236787502574, 0.02889471798432882, -0.9141555867684943, -14.06141902754985], [-0.4820366629118565, -0.8561489212955763, 0.186144324538094, 58.661741599443054], [0.0, 0.0, 0.0, 1.0]]}, {"class": "Parmesan", "pose": [[-0.8057892890666887, 0.5383186609639237, 0.24681297396606933, -9.296797669989687], [-0.3357106424229089, -0.07189225315970123, -0.9392176924219898, -2.5409449199511935], [-0.4878544919286111, -0.8396692870054154, 0.2386493506159487, 55.79554598611482], [0.0, 0.0, 0.0, 1.0]]}, {"class": "Cookies", "pose": [[-0.7503451514641959, -0.39618352541173146, -0.5291698886946167, -0.6961877160404639], [0.4172094991041782, -0.9047521959037383, 0.0857887120982315, -20.038468808837877], [-0.5127557367702774, -0.15640354748395568, 0.8441679418978935, 66.13311327791473], [0.0, 0.0, 0.0, 1.0]]}, {"class": "Cherries", "pose": [[-0.7527089779411015, 0.5180344078926024, 0.4062875213451585, -2.4674542033141456], [-0.48504609865304565, -0.019090307124710937, -0.8742801882773135, -4.531023810522294], [-0.44515108149262916, -0.8551467148763259, 0.2656400573458238, 62.97403035592036], [0.0, 0.0, 0.0, 1.0]]}]}