{"camera": {"camera": "RealSense D415", "extrinsics": [[0.49638018, 0.64845973, 0.577154, -0.20117997], [0.8386748, -0.5298633, -0.12597427, -0.5623467], [0.22412345, 0.5465756, -0.80686045, 0.14470266], [0.0, 0.0, 0.0, 1.0]], "height": 480, "intrinsics": [[605.11334, 0.0, 326.28275], [0.0, 605.6117, 245.73769], [0.0, 0.0, 1.0]], "width": 640}, "objects": [{"class": "MacaroniAndCheese", "pose": [[0.0223253141008841, 0.6019868952628004, 0.7981938399365182, -15.662405916693945], [-0.9861255486500443, -0.11810336171726256, 0.11665363795182572, -6.570728629982164], [0.16449334970773527, -0.7897236439842616, 0.5909978889423824, 50.0865418292249], [0.0, 0.0, 0.0, 1.0]]}, {"class": "TomatoSauce", "pose": [[-0.7638530079046414, 0.5509250015404806, 0.3361700058350021, -10.90310604278622], [-0.41304131811839945, -0.017066699735972187, -0.9105523984284493, -8.913592239179396], [-0.49590869536583876, -0.8343802647046229, 0.2405912309960594, 60.00926322937437], [0.0, 0.0, 0.0, 1.0]]}, {"class": "Parmesan", "pose": [[-0.7909034874667954, 0.5708674679685615, 0.22041337381945664, -11.200410055187215], [-0.3443062438783264, -0.11736447108949696, -0.9314928149744067, 2.4771048249632166], [-0.5058901719163643, -0.8126105905517793, 0.2893771981026197, 56.621079143548606], [0.0, 0.0, 0.0, 1.0]]}, {"class": "Cookies", "pose": [[-0.7213516955730709, -0.40519081296633314, -0.5616691056235781, -3.336501022222044], [0.40581667002155836, -0.9044737919226367, 0.131301420610612, -14.67861139217258], [-0.5612170589799818, -0.13322013617244266, 0.8168768626471555, 68.0595874905384], [0.0, 0.0, 0.0, 1.0]]}, {"class": "Cherries", "pose": [[-0.7422289678056869, 0.55215798448756, 0.37976014449543494, -4.706109338896774], [-0.4924195359274579, -0.06498766742328975, -0.8679283822508239, 0.6997886263035324], [-0.4545537882191308, -0.8312028744978862, 0.32012909230854664, 64.15740332841725], [0.0, 0.0, 0.0, 1.0]]}]}