{"camera": {"camera": "RealSense D415", "extrinsics": [[-0.8894641, 0.41392148, 0.19370756, 0.5843517], [0.29755926, 0.84624517, -0.44195884, -0.3452534], [-0.34686032, -0.33546707, -0.8758709, 0.31817985], [0.0, 0.0, 0.0, 1.0]], "height": 480, "intrinsics": [[603.75165, 0.0, 326.28275], [0.0, 603.20245, 245.73769], [0.0, 0.0, 1.0]], "width": 640}, "objects": [{"class": "ChocolatePudding", "pose": [[0.5294135511889768, 0.1333727867926619, 0.8378143859497932, 13.805942158840933], [-0.6944228607644732, -0.49917364831592315, 0.5182688298762941, 5.066790881754163], [0.4873378095988442, -0.85617604093016, -0.1716522400534754, 46.077270821803864], [0.0, 0.0, 0.0, 1.0]]}, {"class": "MacaroniAndCheese", "pose": [[0.23483354215459148, 0.916109924716017, -0.3249550231335637, 4.185564759788796], [-0.43019266698340436, -0.2018311443886988, -0.8798854920812943, -0.8956248685664525], [-0.8716579195627701, 0.3464198526199345, 0.3467070841749631, 42.36573588736766], [0.0, 0.0, 0.0, 1.0]]}, {"class": "Milk", "pose": [[0.6816507431821908, 0.703523879523143, 0.20101335528682412, -10.195729552553834], [0.6957841183198303, -0.5382775475006428, -0.4755436502543977, -7.587222930766452], [-0.2263553893576471, 0.46401655872511754, -0.8564180732448763, 45.136311214721104], [0.0, 0.0, 0.0, 1.0]]}, {"class": "Ketchup", "pose": [[0.36509477289338343, 0.1708912710305881, 0.9151513175618946, -5.6753495419731514], [-0.7797512709183663, -0.48091741858429504, 0.4008820434368411, 6.1741247363679586], [0.5086194499526695, -0.8599503805698915, -0.04232780800326169, 35.05733070069652], [0.0, 0.0, 0.0, 1.0]]}, {"class": "OrangeJuice", "pose": [[-0.28479484981290376, -0.9363490890918338, -0.20528572921840374, 11.895908585259585], [0.837684493249492, -0.34721262713709417, 0.42157810910030163, -8.508598320939175], [-0.46602207809016855, -0.0519013419729182, 0.8832495223190044, 51.40366738822758], [0.0, 0.0, 0.0, 1.0]]}]}