{"camera": {"camera": "RealSense D415", "extrinsics": [[0.5054349, 0.61804235, 0.6021289, -0.22481297], [0.83530074, -0.52543265, -0.16184323, -0.5267889], [0.21635221, 0.5847599, -0.7818232, 0.1750409], [0.0, 0.0, 0.0, 1.0]], "height": 480, "intrinsics": [[605.11334, 0.0, 326.28275], [0.0, 605.6117, 245.73769], [0.0, 0.0, 1.0]], "width": 640}, "objects": [{"class": "MacaroniAndCheese", "pose": [[-0.003688086070816075, 0.6265079504482327, 0.7794063042374206, -18.245578074149762], [-0.980876699394022, -0.15393733728331452, 0.11909761682650401, -2.0444705087711013], [0.1945953342716706, -0.7640622100985996, 0.6150947392427609, 51.754530384197594], [0.0, 0.0, 0.0, 1.0]]}, {"class": "TomatoSauce", "pose": [[-0.7544927282574593, 0.5791171949164242, 0.3088106193081656, -13.883127580023302], [-0.4130494354131778, -0.053338140036962946, -0.909145341669852, -4.174912241274314], [-0.5100302735357843, -0.8134975679827399, 0.2794472584019384, 61.9049285432824], [0.0, 0.0, 0.0, 1.0]]}, {"class": "Parmesan", "pose": [[-0.7797607943644499, 0.596224355376547, 0.19102257109223297, -13.828211287781379], [-0.3441375624112795, -0.1532924860966951, -0.9263211092281423, 7.1103777869713225], [-0.5230128385275854, -0.7880468934007661, 0.3247146559702809, 58.169240076339435], [0.0, 0.0, 0.0, 1.0]]}, {"class": "Cookies", "pose": [[-0.6929171182485034, -0.4188316855424017, -0.5868951247562425, -6.720976606854268], [0.40244127428967225, -0.9000526538216878, 0.16717142894161507, -9.837315544598413], [-0.5982531676388377, -0.12035485556725348, 0.7922170153541652, 70.38652335982339], [0.0, 0.0, 0.0, 1.0]]}, {"class": "Cherries", "pose": [[-0.7359556921499351, 0.5792532804875357, 0.3504780410743083, -7.637623645122465], [-0.4915313669522917, -0.10115433495281119, -0.8649651792875866, 5.438232259578868], [-0.4655815038543458, -0.808846964421755, 0.359166249360402, 65.98022763319709], [0.0, 0.0, 0.0, 1.0]]}]}