{"camera": {"camera": "RealSense D415", "extrinsics": [[0.5310298, 0.6553371, 0.5371598, -0.16820395], [0.8272902, -0.53810096, -0.16136394, -0.49114585], [0.18329844, 0.5300761, -0.8279016, 0.17227598], [0.0, 0.0, 0.0, 1.0]], "height": 480, "intrinsics": [[605.11334, 0.0, 326.28275], [0.0, 605.6117, 245.73769], [0.0, 0.0, 1.0]], "width": 640}, "objects": [{"class": "MacaroniAndCheese", "pose": [[-0.0005339657804129915, 0.5629475385283035, 0.8264924680371661, -9.29888679206765], [-0.9825753880874976, -0.15391049256948242, 0.10419801003074558, 1.1391321599964033], [0.18586388365116055, -0.8120355131839099, 0.5532205715302686, 51.474778969052224], [0.0, 0.0, 0.0, 1.0]]}, {"class": "TomatoSauce", "pose": [[-0.7970623125457479, 0.5130795912220342, 0.3184980674468066, -4.183151330559598], [-0.3994052863844731, -0.05230294464497122, -0.915281310571917, -1.1382183413115476], [-0.45295376450930636, -0.8567460441398576, 0.2466154126359044, 61.234045233863], [0.0, 0.0, 0.0, 1.0]]}, {"class": "Parmesan", "pose": [[-0.8224181601384511, 0.5308925958229427, 0.2044050820101044, -4.281524446618745], [-0.3300847719149576, -0.1526865021868935, -0.9315207639620414, 10.18071418483859], [-0.46332757054249357, -0.8335705912793334, 0.30081171920561267, 57.60248255567612], [0.0, 0.0, 0.0, 1.0]]}, {"class": "Cookies", "pose": [[-0.7325442111957552, -0.43799303190404415, -0.5210960550836937, 3.5496735725353776], [0.4161195922295602, -0.893952029948521, 0.1664160791698542, -6.963701267390615], [-0.5387239568885412, -0.0949311323949579, 0.837116859858042, 69.08030860289726], [0.0, 0.0, 0.0, 1.0]]}, {"class": "Cherries", "pose": [[-0.7760753194905973, 0.5129905889810029, 0.36680753818751904, 2.4794536787663746], [-0.47851619649661403, -0.10015959444025249, -0.8723476162772632, 8.362681900510205], [-0.4107668134913651, -0.8525307968886799, 0.3232056991646773, 64.89048058004742], [0.0, 0.0, 0.0, 1.0]]}]}