{"camera": {"camera": "RealSense D415", "extrinsics": [[0.48995572, 0.6886347, 0.5345331, -0.12205386], [0.84846276, -0.5174741, -0.11104746, -0.48778483], [0.20013589, 0.50793976, -0.8378203, 0.14242218], [0.0, 0.0, 0.0, 1.0]], "height": 480, "intrinsics": [[605.11334, 0.0, 326.28275], [0.0, 605.6117, 245.73769], [0.0, 0.0, 1.0]], "width": 640}, "objects": [{"class": "MacaroniAndCheese", "pose": [[0.05232906953841841, 0.5600961341680734, 0.8267732361692576, -6.860061218599478], [-0.9859189950491795, -0.10269707165745784, 0.13197387489622758, 0.8599184304623697], [0.1588252672871168, -0.8220375147359509, 0.5468353472384102, 49.771573552363], [0.0, 0.0, 0.0, 1.0]]}, {"class": "TomatoSauce", "pose": [[-0.7809559931247315, 0.5045181787106163, 0.36819714722910324, -1.5142700158766884], [-0.42784573636268913, -0.002644999146615597, -0.903847933469291, -1.4105785730076315], [-0.4550337989254312, -0.8633970471545125, 0.2179215889988725, 59.40836283605091], [0.0, 0.0, 0.0, 1.0]]}, {"class": "Parmesan", "pose": [[-0.809972055372857, 0.5277583113244364, 0.25576635708711, -2.239787763346414], [-0.3596779482879645, -0.10255719935426222, -0.927423232055837, 9.981465871810096], [-0.4632246051339914, -0.8431804255640697, 0.2728915046231482, 56.09006419445578], [0.0, 0.0, 0.0, 1.0]]}, {"class": "Cookies", "pose": [[-0.7595611064443787, -0.39253141994029034, -0.5186386073280836, 6.604056513397129], [0.3919341014199531, -0.9125648092277487, 0.11667555906950668, -7.036280944133722], [-0.519090150148438, -0.11464990810955446, 0.8469951905062849, 67.0071076419962], [0.0, 0.0, 0.0, 1.0]]}, {"class": "Cherries", "pose": [[-0.7554075367171608, 0.5069444957948246, 0.41517071998011473, 4.6949107122294675], [-0.5068674481006292, -0.05053791779894221, -0.8605413214375182, 8.32104486835385], [-0.4152647885790612, -0.8604959292866922, 0.2951303935531811, 63.25134456128112], [0.0, 0.0, 0.0, 1.0]]}]}