{"camera": {"camera": "RealSense D415", "extrinsics": [[0.47556427, 0.69952923, 0.533383, -0.10789627], [0.85341525, -0.51394105, -0.0868738, -0.48756707], [0.21335664, 0.49651128, -0.8414009, 0.12548478], [0.0, 0.0, 0.0, 1.0]], "height": 480, "intrinsics": [[605.11334, 0.0, 326.28275], [0.0, 605.6117, 245.73769], [0.0, 0.0, 1.0]], "width": 640}, "objects": [{"class": "MacaroniAndCheese", "pose": [[0.07036600266012671, 0.5588509669074739, 0.8262772950409909, -6.196282339050659], [-0.9874564887344368, -0.07834715180634462, 0.13708200220358735, 0.3407117202469001], [0.14134492300785756, -0.8255587754220765, 0.546328024934716, 48.92461098382621], [0.0, 0.0, 0.0, 1.0]]}, {"class": "TomatoSauce", "pose": [[-0.7748924858781696, 0.5013595261624729, 0.38494182248715314, -0.7762740387818281], [-0.43365079791335714, 0.021408043867322077, -0.9008267035312265, -2.0023558039809872], [-0.45987887625019075, -0.8649741623413301, 0.2008260626172275, 58.50239207389847], [0.0, 0.0, 0.0, 1.0]]}, {"class": "Parmesan", "pose": [[-0.8051413977231088, 0.526439479589008, 0.273146022937497, -1.7155487725641183], [-0.36587705359134615, -0.07841301270060518, -0.9273540045541303, 9.431210991735172], [-0.4667775354166923, -0.846588947628316, 0.25574572518315997, 55.38671004065399], [0.0, 0.0, 0.0, 1.0]]}, {"class": "Cookies", "pose": [[-0.7682597304428693, -0.3767107740686776, -0.5175576539135205, 7.467900249294547], [0.3873736734731362, -0.9172582931479567, 0.09262251032701503, -7.614688147424498], [-0.5096259582009204, -0.12933002362873844, 0.850620430910019, 65.97447288713927], [0.0, 0.0, 0.0, 1.0]]}, {"class": "Cherries", "pose": [[-0.7478040539303222, 0.5046446278605903, 0.4314195664789244, 5.2733418502555685], [-0.5128883418517062, -0.026477527788585527, -0.8580469439272342, 7.769523241880972], [-0.42158582979087533, -0.862921037408905, 0.27862638260265654, 62.4948165069796], [0.0, 0.0, 0.0, 1.0]]}]}