{"camera": {"camera": "RealSense D415", "extrinsics": [[-0.8846673, 0.41890225, 0.20465757, 0.5857463], [0.3110055, 0.85726935, -0.41032282, -0.3500514], [-0.34733182, -0.29934952, -0.888679, 0.31441483], [0.0, 0.0, 0.0, 1.0]], "height": 480, "intrinsics": [[603.75165, 0.0, 326.28275], [0.0, 603.20245, 245.73769], [0.0, 0.0, 1.0]], "width": 640}, "objects": [{"class": "ChocolatePudding", "pose": [[0.5225125798868657, 0.14402735523804205, 0.840378921232453, 13.796621048310232], [-0.7122209206080181, -0.4681342208242167, 0.5230599308515973, 4.103461330618385], [0.4687450495605363, -0.8718407884700966, -0.14202670826136074, 46.54377453120112], [0.0, 0.0, 0.0, 1.0]]}, {"class": "MacaroniAndCheese", "pose": [[0.24573509575744798, 0.9113934376428059, -0.33011554186893705, 4.220236793852516], [-0.3987684567261629, -0.21535767792453384, -0.8914060624654145, -1.7089843781747105], [-0.8835144962237679, 0.3506894085359709, 0.3105139956433199, 42.49582464388351], [0.0, 0.0, 0.0, 1.0]]}, {"class": "Milk", "pose": [[0.6850779506064836, 0.6970351088636908, 0.21168435240451483, -10.201035159015559], [0.7026308818094003, -0.5555570133886455, -0.4445967032304003, -8.477915271632568], [-0.19229676829923625, 0.45331934337815605, -0.8703581984494055, 44.83755228305352], [0.0, 0.0, 0.0, 1.0]]}, {"class": "Ketchup", "pose": [[0.35786399707113636, 0.18160613602132922, 0.9159435448805711, -5.539710231098171], [-0.7980529203230725, -0.449801340195375, 0.40098662127702867, 5.632292313121523], [0.4848142421009779, -0.8744700410373233, -0.016036388978304096, 35.32080737790525], [0.0, 0.0, 0.0, 1.0]]}, {"class": "OrangeJuice", "pose": [[-0.2780748875523668, -0.9358784931311018, -0.21634650322136395, 11.807002528400757], [0.8543099771827322, -0.34392631701418075, 0.3897039017921274, -9.652788822453362], [-0.4391227356468339, -0.07646011175971468, 0.8951675497553292, 51.35177895590033], [0.0, 0.0, 0.0, 1.0]]}]}