{"camera": {"camera": "RealSense D415", "extrinsics": [[0.46884242, 0.7338431, 0.4915904, -0.07786619], [0.8556117, -0.51553106, -0.046437345, -0.4909747], [0.2193524, 0.44238228, -0.8695875, 0.09064034], [0.0, 0.0, 0.0, 1.0]], "height": 480, "intrinsics": [[605.11334, 0.0, 326.28275], [0.0, 605.6117, 245.73769], [0.0, 0.0, 1.0]], "width": 640}, "objects": [{"class": "MacaroniAndCheese", "pose": [[0.09693078163823812, 0.5176564953675685, 0.8500801195805703, -2.3226112687180076], [-0.9899870417059559, -0.037914210708776125, 0.13597158743389812, -1.190917554565618], [0.10261669478726478, -0.8547480623648005, 0.5087981418965855, 46.87918216648184], [0.0, 0.0, 0.0, 1.0]]}, {"class": "TomatoSauce", "pose": [[-0.7885281868906975, 0.45628010594605434, 0.41234911995550055, 3.621844529921925], [-0.43416106031412127, 0.06187666085478492, -0.8987077140300137, -3.744468779976412], [-0.435577213038116, -0.8876822220977661, 0.14930756650746344, 56.084787559522006], [0.0, 0.0, 0.0, 1.0]]}, {"class": "Parmesan", "pose": [[-0.8204203505874121, 0.4842267784045654, 0.3040310983259971, 2.3000773620709807], [-0.3668564086245378, -0.03795461554868972, -0.9295030528827377, 7.766519113108583], [-0.4385508616459139, -0.8741189037313728, 0.20878043311562808, 53.42654506613969], [0.0, 0.0, 0.0, 1.0]]}, {"class": "Cookies", "pose": [[-0.8006387769599131, -0.3646095315928759, -0.47543398241092055, 12.343911732751685], [0.3880403000102059, -0.9201627418752644, 0.052204949394267425, -9.431560936853394], [-0.45651104034554024, -0.14269022497091174, 0.8782010903564422, 62.9316269346497], [0.0, 0.0, 0.0, 1.0]]}, {"class": "Cherries", "pose": [[-0.7579716909625153, 0.46060987879519594, 0.46186306259220467, 9.672256162137238], [-0.5140662610281993, 0.014030531821247569, -0.8576357770976991, 6.01233847814775], [-0.4015156725366255, -0.887491784080833, 0.22614924996414076, 60.11271073234897], [0.0, 0.0, 0.0, 1.0]]}]}