{"camera": {"camera": "RealSense D415", "extrinsics": [[0.4717174, 0.70744264, 0.52631515, -0.10274585], [0.84186345, -0.5388421, -0.030251423, -0.47353256], [0.26219958, 0.4573556, -0.8497513, 0.054087117], [0.0, 0.0, 0.0, 1.0]], "height": 480, "intrinsics": [[605.11334, 0.0, 326.28275], [0.0, 605.6117, 245.73769], [0.0, 0.0, 1.0]], "width": 640}, "objects": [{"class": "MacaroniAndCheese", "pose": [[0.07829293539353376, 0.5518675148020636, 0.8302484545940908, -5.682857985363631], [-0.9938185047747244, -0.022545689864515193, 0.10870381361763201, -0.5919936296075679], [0.07870866333521044, -0.8336270221097295, 0.546690933702017, 44.742905168059615], [0.0, 0.0, 0.0, 1.0]]}, {"class": "TomatoSauce", "pose": [[-0.7760864130683494, 0.4933508671004705, 0.3928038128177152, -0.16068266664165803], [-0.4097114411673507, 0.07905526277593143, -0.9087831688929725, -3.489245138485569], [-0.4794021177555441, -0.8662304910258101, 0.14077779859131506, 54.10836639563643], [0.0, 0.0, 0.0, 1.0]]}, {"class": "Parmesan", "pose": [[-0.8068523921802304, 0.5192681006979691, 0.2816911266134951, -1.2051272793448253], [-0.3418613916415469, -0.02153389671825614, -0.939503660374021, 8.109477149682787], [-0.4817883199622618, -0.8543400985131983, 0.19489241516265438, 51.72196000506823], [0.0, 0.0, 0.0, 1.0]]}, {"class": "Cookies", "pose": [[-0.7754349658585565, -0.37167926824100683, -0.5104460493195994, 8.188433026731124], [0.4128436213315123, -0.9101087530863688, 0.03552815138182927, -9.497160219525108], [-0.4777664728280365, -0.18318457020730589, 0.8591755660788751, 61.1435569117709], [0.0, 0.0, 0.0, 1.0]]}, {"class": "Cherries", "pose": [[-0.7481192090140136, 0.49697690809554373, 0.43969493504731055, 5.858877253936498], [-0.4909868509071367, 0.03116018039073882, -0.870609558328797, 6.057973271929251], [-0.446373763098339, -0.8672041688140838, 0.22069761185032488, 58.65176171834159], [0.0, 0.0, 0.0, 1.0]]}]}