{"camera": {"camera": "RealSense D415", "extrinsics": [[0.48248816, 0.6982611, 0.5288068, -0.10885706], [0.8297595, -0.5577403, -0.020613942, -0.4719321], [0.28054294, 0.44872847, -0.84849185, 0.041084252], [0.0, 0.0, 0.0, 1.0]], "height": 480, "intrinsics": [[605.11334, 0.0, 326.28275], [0.0, 605.6117, 245.73769], [0.0, 0.0, 1.0]], "width": 640}, "objects": [{"class": "MacaroniAndCheese", "pose": [[0.0641566006954972, 0.5544076276796979, 0.8297687240554438, -5.779994602400504], [-0.9961933672796687, -0.013590998499286824, 0.0861050938437737, -1.297142305832838], [0.05901474256658672, -0.8321342853672425, 0.551425241716598, 44.386967898171534], [0.0, 0.0, 0.0, 1.0]]}, {"class": "TomatoSauce", "pose": [[-0.7800431822966664, 0.4974271576011316, 0.3796035815112643, -0.33148400856132104], [-0.3891277696700916, 0.08945154835818608, -0.9168304242366525, -4.458245319960713], [-0.4900124622117967, -0.8628815964293947, 0.12378668485201315, 53.710138576793355], [0.0, 0.0, 0.0, 1.0]]}, {"class": "Parmesan", "pose": [[-0.8098518527362063, 0.5218980226773386, 0.26788514891282794, -1.205805655138692], [-0.32081928970651946, -0.011708505225079607, -0.9470680660309767, 7.199389743746104], [-0.49113640128119623, -0.8529275270228104, 0.17691714136670744, 51.55346017106155], [0.0, 0.0, 0.0, 1.0]]}, {"class": "Cookies", "pose": [[-0.7679314812274363, -0.3836876200882114, -0.5128986964242656, 7.908452128818699], [0.43314009688301214, -0.9009664484599229, 0.025478278194276466, -10.722060014213259], [-0.47188022981069105, -0.2025913848842692, 0.8580709675840007, 60.65022223405793], [0.0, 0.0, 0.0, 1.0]]}, {"class": "Cherries", "pose": [[-0.753327156491537, 0.5003885895638275, 0.4267428701097775, 5.8046706156852395], [-0.47143144022840056, 0.04153944279641868, -0.8809238896149866, 4.910914738977973], [-0.45853090321810136, -0.8648038725132405, 0.20460615534767265, 58.46338684393751], [0.0, 0.0, 0.0, 1.0]]}]}