{"camera": {"camera": "RealSense D415", "extrinsics": [[0.48750046, 0.71648157, 0.49899647, -0.09156709], [0.8258875, -0.5638284, 0.002709604, -0.46548572], [0.28328976, 0.41079402, -0.8665998, 0.024783485], [0.0, 0.0, 0.0, 1.0]], "height": 480, "intrinsics": [[605.11334, 0.0, 326.28275], [0.0, 605.6117, 245.73769], [0.0, 0.0, 1.0]], "width": 640}, "objects": [{"class": "MacaroniAndCheese", "pose": [[0.07154310311964053, 0.5251139931514509, 0.8480193959682119, -2.8967458806053115], [-0.9968909884479659, 0.009503377993053026, 0.07821787320910437, -1.585350440909461], [0.03301427183645543, -0.8509788645085369, 0.5241612956664788, 43.63657841142666], [0.0, 0.0, 0.0, 1.0]]}, {"class": "TomatoSauce", "pose": [[-0.7945500716680404, 0.46654139781113657, 0.3886249156789647, 2.890560587162408], [-0.382291056109092, 0.11288699878058499, -0.9171205300595465, -4.931753701995389], [-0.47174537503273, -0.87726603498256, 0.08866024397156934, 52.68693859215253], [0.0, 0.0, 0.0, 1.0]]}, {"class": "Parmesan", "pose": [[-0.8247474724770437, 0.4918893078240826, 0.27899199421634274, 1.8787467555602428], [-0.3141616430754957, 0.011674170361169477, -0.949297723845306, 6.7678884261803685], [-0.4702063818266266, -0.8705795025363983, 0.14490452757895564, 50.84011504734352], [0.0, 0.0, 0.0, 1.0]]}, {"class": "Cookies", "pose": [[-0.7862445532688448, -0.3856591022170016, -0.4827904065720352, 11.401161067691083], [0.43937894196535937, -0.8982995232232528, 0.0020259974517807893, -11.306337020584623], [-0.4344717349087899, -0.2105349831568464, 0.8757336160570658, 59.18548056363119], [0.0, 0.0, 0.0, 1.0]]}, {"class": "Cherries", "pose": [[-0.7663092188675661, 0.4696921314690073, 0.43836001193131496, 9.138179203987333], [-0.46514739028683866, 0.06505295751981356, -0.8828397423987359, 4.360531608730833], [-0.44317947459738477, -0.8804302706336862, 0.16862540054028838, 57.44588934415247], [0.0, 0.0, 0.0, 1.0]]}]}