{"camera": {"camera": "RealSense D415", "extrinsics": [[0.50501716, 0.6793626, 0.53237593, -0.11789919], [0.7975073, -0.6031655, 0.013173393, -0.42941737], [0.3300603, 0.4179209, -0.8464055, -0.037475992], [0.0, 0.0, 0.0, 1.0]], "height": 480, "intrinsics": [[605.11334, 0.0, 326.28275], [0.0, 605.6117, 245.73769], [0.0, 0.0, 1.0]], "width": 640}, "objects": [{"class": "MacaroniAndCheese", "pose": [[0.03477273651893514, 0.5580854502961007, 0.8290545785525494, -5.557071828001581], [-0.999394643343803, 0.01847805871904977, 0.029478557839688658, 0.3665549402499191], [0.001132253271198982, -0.8295776923107822, 0.55839011861947, 39.152538959441245], [0.0, 0.0, 0.0, 1.0]]}, {"class": "TomatoSauce", "pose": [[-0.788505784753278, 0.5042942817684943, 0.3520595291174161, -0.25150270700834837], [-0.33688869679670813, 0.12476427160799221, -0.9332416405579864, -3.489771342359005], [-0.5145528466997956, -0.85447124658108, 0.07151371105130709, 48.29475046083637], [0.0, 0.0, 0.0, 1.0]]}, {"class": "Parmesan", "pose": [[-0.8163036341850164, 0.5257528847649523, 0.23923270728273394, -0.7743083744347636], [-0.26778314548313636, 0.022520847628643308, -0.9632160067128572, 8.294138656243932], [-0.511801292526753, -0.8503391502223774, 0.12240392443074356, 46.817489431054575], [0.0, 0.0, 0.0, 1.0]]}, {"class": "Cookies", "pose": [[-0.7525157042381495, -0.4087408371202259, -0.516382658695449, 7.766154765874593], [0.4822241032869561, -0.8759981073961491, -0.00934383315748322, -10.38587032451453], [-0.4485310169353678, -0.2560435200531408, 0.8563069524619895, 54.88699354712027], [0.0, 0.0, 0.0, 1.0]]}, {"class": "Cherries", "pose": [[-0.7643648353839493, 0.5058672453200023, 0.39980587263943934, 6.130508121229285], [-0.4216325459378162, 0.07697844378049579, -0.9034934380335856, 5.402855521210315], [-0.4878241435472627, -0.8591697182843612, 0.15445049143518547, 53.60681712568368], [0.0, 0.0, 0.0, 1.0]]}]}