{"camera": {"camera": "RealSense D415", "extrinsics": [[0.5184668, 0.6770716, 0.5222703, -0.13079672], [0.79090446, -0.611886, 0.008104971, -0.42299137], [0.32505754, 0.40886375, -0.8527415, -0.050380036], [0.0, 0.0, 0.0, 1.0]], "height": 480, "intrinsics": [[605.11334, 0.0, 326.28275], [0.0, 605.6117, 245.73769], [0.0, 0.0, 1.0]], "width": 640}, "objects": [{"class": "MacaroniAndCheese", "pose": [[0.02281368902030163, 0.5482421640510904, 0.8360084374311351, -5.812798473076041], [-0.9997395330185995, 0.013076024684057096, 0.018706715048766535, 0.8656764058507294], [-0.0006758501022266253, -0.8362174271570278, 0.5483976637859395, 37.844044165581366], [0.0, 0.0, 0.0, 1.0]]}, {"class": "TomatoSauce", "pose": [[-0.7986191065524145, 0.49543191688398946, 0.3416939869067996, -0.44414481806822337], [-0.3266466047135178, 0.12003589023810544, -0.9374931670010064, -3.0678325478483313], [-0.505479564110091, -0.8603131094355839, 0.0659682037098533, 46.91627737552198], [0.0, 0.0, 0.0, 1.0]]}, {"class": "Parmesan", "pose": [[-0.8255523014886087, 0.5157128019393701, 0.22913695845255905, -0.8435429809468777], [-0.2572179108964613, 0.017536973316339736, -0.9661943170867142, 8.723738275983706], [-0.502297133281309, -0.8565820445924489, 0.11817288470521968, 45.46180299182903], [0.0, 0.0, 0.0, 1.0]]}, {"class": "Cookies", "pose": [[-0.7520308231636381, -0.42225346599998703, -0.5061143089945237, 7.569115952900043], [0.49187505383363295, -0.8706542939506248, -0.00448211235920923, -10.069411027027957], [-0.4387580017082401, -0.2523156776006872, 0.8624547841332053, 53.40181720781545], [0.0, 0.0, 0.0, 1.0]]}, {"class": "Cherries", "pose": [[-0.7751747512070807, 0.49637587562283975, 0.3907878420535704, 6.107366460207561], [-0.41171395240442904, 0.07224193390227991, -0.9084452552968088, 5.739688784533525], [-0.47916156404480703, -0.8650966046228952, 0.14836475360552806, 52.16339139284793], [0.0, 0.0, 0.0, 1.0]]}]}