{"camera": {"camera": "RealSense D415", "extrinsics": [[0.53176826, 0.6640726, 0.525576, -0.14630672], [0.77363485, -0.63338876, 0.01754571, -0.4165002], [0.34454554, 0.39727363, -0.85056573, -0.07711734], [0.0, 0.0, 0.0, 1.0]], "height": 480, "intrinsics": [[605.11334, 0.0, 326.28275], [0.0, 605.6117, 245.73769], [0.0, 0.0, 1.0]], "width": 640}, "objects": [{"class": "MacaroniAndCheese", "pose": [[0.0043161302444443515, 0.5515722425069922, 0.8341159789132394, -6.729887974282028], [-0.9997235354927925, 0.02166098061231024, -0.00915067062763741, 0.3984697326508635], [-0.02311501620944859, -0.8338458634744306, 0.5515131931356301, 36.15602891307371], [0.0, 0.0, 0.0, 1.0]]}, {"class": "TomatoSauce", "pose": [[-0.8025939961041131, 0.5008420738878379, 0.32403723305236143, -1.469530678429856], [-0.30031691925926757, 0.13009781256847175, -0.9449255988932418, -3.8368528971275184], [-0.5154149807946883, -0.8557054578654282, 0.04599562111950299, 45.155530824027046], [0.0, 0.0, 0.0, 1.0]]}, {"class": "Parmesan", "pose": [[-0.8282500185459705, 0.5192088047217404, 0.21077039128134306, -1.645161588407451], [-0.23048871385437164, 0.02718179916081952, -0.9726953186133713, 7.989791254148681], [-0.5107610411106966, -0.8542150937135667, 0.09715844155748225, 43.96565563607551], [0.0, 0.0, 0.0, 1.0]]}, {"class": "Cookies", "pose": [[-0.7411248605593482, -0.4373246802975609, -0.5093928729638775, 6.388055158435102], [0.515492994179224, -0.856772117328097, -0.014442721125135366, -11.129997345230407], [-0.4301174138018217, -0.2732922832953796, 0.8604129057877216, 51.50888231001425], [0.0, 0.0, 0.0, 1.0]]}, {"class": "Cherries", "pose": [[-0.7808279159423667, 0.5009198589066634, 0.3733458110129272, 5.2237671519314635], [-0.38637476122934783, 0.08241403844238139, -0.9186525732967897, 4.727357997093973], [-0.49094020336931166, -0.861560954072256, 0.12919159935632074, 50.621880458915825], [0.0, 0.0, 0.0, 1.0]]}]}