{"camera": {"camera": "RealSense D415", "extrinsics": [[0.5676883, 0.6406706, 0.51698273, -0.15697452], [0.7482585, -0.66340715, 0.00047949146, -0.40095702], [0.34327725, 0.3865645, -0.8559957, -0.10920858], [0.0, 0.0, 0.0, 1.0]], "height": 480, "intrinsics": [[605.11334, 0.0, 326.28275], [0.0, 605.6117, 245.73769], [0.0, 0.0, 1.0]], "width": 640}, "objects": [{"class": "MacaroniAndCheese", "pose": [[-0.03837716189655405, 0.543302550071617, 0.838659347135512, -5.563100123758192], [-0.998846402794049, 0.003385911169538931, -0.047900782414967855, 1.3092873304885289], [-0.028864252605255655, -0.8395301665166622, 0.5425458311869386, 33.09959632296377], [0.0, 0.0, 0.0, 1.0]]}, {"class": "TomatoSauce", "pose": [[-0.8199327352622475, 0.49699810463440197, 0.2840830189266861, -0.39411741078108353], [-0.2628412541867828, 0.11400855437180048, -0.9580796471862849, -3.2005498006710766], [-0.5085516422596333, -0.8602295987083527, 0.03715224312711521, 42.018303176943775], [0.0, 0.0, 0.0, 1.0]]}, {"class": "Parmesan", "pose": [[-0.8425509266706794, 0.510992866579896, 0.17027681661975608, -0.0797725865352289], [-0.19201802505219337, 0.010399145656836103, -0.9813363447614112, 8.63000322677323], [-0.5032265834055519, -0.8595220620718396, 0.08935801628296597, 40.89787306293402], [0.0, 0.0, 0.0, 1.0]]}, {"class": "Cookies", "pose": [[-0.7229963411931385, -0.47612487716129165, -0.5005810223897815, 7.2122848144903635], [0.5490886017357206, -0.835762096283175, 0.0018739224341791441, -10.859237859487441], [-0.4192588396109281, -0.2735084899990217, 0.8656876779848685, 48.245968449816345], [0.0, 0.0, 0.0, 1.0]]}, {"class": "Cherries", "pose": [[-0.8015872948829844, 0.49499029674826045, 0.3353242949960063, 6.713211067156108], [-0.3498935170609615, 0.06640129177159722, -0.9344332404697513, 5.03837938153493], [-0.48480133417386606, -0.8663576067841415, 0.11996744582917226, 47.46191040330143], [0.0, 0.0, 0.0, 1.0]]}]}