{"camera": {"camera": "RealSense D415", "extrinsics": [[0.55699885, 0.6808588, 0.4755876, -0.13757889], [0.773846, -0.6333737, 0.00043451958, -0.4216378], [0.30152053, 0.36778954, -0.87966824, -0.09794061], [0.0, 0.0, 0.0, 1.0]], "height": 480, "intrinsics": [[605.11334, 0.0, 326.28275], [0.0, 605.6117, 245.73769], [0.0, 0.0, 1.0]], "width": 640}, "objects": [{"class": "MacaroniAndCheese", "pose": [[-0.005036922603080467, 0.5025401376603383, 0.8645392005424752, -2.9947206290324493], [-0.9999536900238795, 0.004563236935327715, -0.0084784778146665, 0.45037949320235193], [-0.008205858988463759, -0.8645418255357182, 0.502493869565319, 32.90331660024595], [0.0, 0.0, 0.0, 1.0]]}, {"class": "TomatoSauce", "pose": [[-0.8334605367703105, 0.45149998743933595, 0.31857696842745553, 2.7436169769579273], [-0.3006952089383184, 0.11311434698324378, -0.9469887146834692, -3.699298333756096], [-0.4636010048997945, -0.8850722480852535, 0.04148755353493427, 41.64700050579605], [0.0, 0.0, 0.0, 1.0]]}, {"class": "Parmesan", "pose": [[-0.8582440285247086, 0.46909724284142584, 0.20824253668223805, 2.594147222520174], [-0.2305815334309298, 0.010072280061381793, -0.9730009226741562, 8.10976088399275], [-0.45852951509157786, -0.8830890711041082, 0.09952069864838625, 40.290555995522524], [0.0, 0.0, 0.0, 1.0]]}, {"class": "Cookies", "pose": [[-0.760624756981938, -0.45925841295117154, -0.4588373121525121, 10.897092556509394], [0.5156981216757366, -0.856766255206063, 0.002668548303971437, -10.968111067266484], [-0.39434187828387623, -0.23459176029862655, 0.8885162813390841, 47.64549088641801], [0.0, 0.0, 0.0, 1.0]]}, {"class": "Cherries", "pose": [[-0.8110043635412625, 0.450856775567088, 0.3728271450228432, 9.810471277754122], [-0.38657539894523113, 0.0653511813835049, -0.9199395490638885, 4.884271434595721], [-0.43912565918636454, -0.8902007475042517, 0.12129005631176672, 46.587528929484556], [0.0, 0.0, 0.0, 1.0]]}]}