{"camera": {"camera": "RealSense D415", "extrinsics": [[0.5549499, 0.70607895, 0.43986726, -0.12432125], [0.7856454, -0.6186741, 0.0019072569, -0.44271398], [0.27348116, 0.34452125, -0.8980608, -0.09052659], [0.0, 0.0, 0.0, 1.0]], "height": 480, "intrinsics": [[605.11334, 0.0, 326.28275], [0.0, 605.6117, 245.73769], [0.0, 0.0, 1.0]], "width": 640}, "objects": [{"class": "MacaroniAndCheese", "pose": [[0.012213070342012926, 0.46732767999974634, 0.883999864919902, -0.7168977022729353], [-0.9999248885626506, 0.006617001879009229, 0.010316581443514446, -1.1514294515283907], [-0.0010281984898465259, -0.8840594528443397, 0.46737337320148314, 32.87943157719096], [0.0, 0.0, 0.0, 1.0]]}, {"class": "TomatoSauce", "pose": [[-0.8459584640429451, 0.4136057987821117, 0.33657777865961547, 5.439318783131084], [-0.31859966919603316, 0.11410923967874168, -0.9409959253587095, -5.134149258620679], [-0.4276079859469945, -0.9032770256122682, 0.03524299488846889, 41.414025447722445], [0.0, 0.0, 0.0, 1.0]]}, {"class": "Parmesan", "pose": [[-0.8717471856128449, 0.4330766317958637, 0.22913218047223688, 5.028083292473576], [-0.24888792142217583, 0.01140490136361039, -0.9684651414111972, 6.659813711438262], [-0.4220328317847399, -0.9012849821188942, 0.09784535367607958, 39.982427661287325], [0.0, 0.0, 0.0, 1.0]]}, {"class": "Cookies", "pose": [[-0.7847645701845503, -0.45316328866196154, -0.42283292675909556, 13.953150567376793], [0.49943750341578746, -0.8663485263106616, 0.0015525703611859371, -12.214762075719465], [-0.3670242380492019, -0.20996020441593316, 0.9062063587171094, 47.13034154395614], [0.0, 0.0, 0.0, 1.0]]}, {"class": "Cherries", "pose": [[-0.8210335009626746, 0.41359708461628214, 0.3934990757974098, 12.546563674789985], [-0.40388874830543064, 0.06630416942740446, -0.9124021237603471, 3.6078953209062736], [-0.403457468145966, -0.9080425477350016, 0.1126092635331366, 46.00648189497763], [0.0, 0.0, 0.0, 1.0]]}]}