{"camera": {"camera": "RealSense D415", "extrinsics": [[0.5714171, 0.7369074, 0.3611786, -0.12904602], [0.8027385, -0.59336925, -0.059362154, -0.48839504], [0.17056786, 0.3238525, -0.93060523, -0.03837927], [0.0, 0.0, 0.0, 1.0]], "height": 480, "intrinsics": [[605.11334, 0.0, 326.28275], [0.0, 605.6117, 245.73769], [0.0, 0.0, 1.0]], "width": 640}, "objects": [{"class": "MacaroniAndCheese", "pose": [[0.018364580152825362, 0.38970882718179756, 0.9207549992988088, 2.093596882094892], [-0.9976472957674692, -0.05369446743597444, 0.042624312511201426, -2.9470164440086597], [0.06605052759182574, -0.9193714655906763, 0.38780584997282386, 33.89550573365466], [0.0, 0.0, 0.0, 1.0]]}, {"class": "TomatoSauce", "pose": [[-0.8775053659965479, 0.33386173359493226, 0.3442683139785033, 8.984224416203169], [-0.34744911293009784, 0.052209468688023584, -0.9362442736304618, -6.334019501069665], [-0.33055017092544997, -0.9411750465901975, 0.07018587740953107, 42.120334372860945], [0.0, 0.0, 0.0, 1.0]]}, {"class": "Parmesan", "pose": [[-0.9031583631895418, 0.35407683788178496, 0.24276441336772114, 8.377563513181066], [-0.2775296650666511, -0.050110085268555614, -0.9594093594315194, 5.334197615117486], [-0.32753965636169163, -0.9338728647746655, 0.14352416924920242, 39.92925488168996], [0.0, 0.0, 0.0, 1.0]]}, {"class": "Cookies", "pose": [[-0.8164824631311373, -0.464050959854371, -0.3435303342921828, 18.001414890046462], [0.4728407948449615, -0.8788656687140928, 0.06337802212553331, -13.003523639359715], [-0.3313276277069152, -0.1106880919500407, 0.9370005819791243, 47.55215439168688], [0.0, 0.0, 0.0, 1.0]]}, {"class": "Cherries", "pose": [[-0.850064798168439, 0.33374468642212973, 0.4074362768841247, 16.404171299658973], [-0.4308760170786759, 0.004190371984406888, -0.9024014368846489, 2.7046014430880727], [-0.3028789639061107, -0.9426541671798311, 0.14024049177149783, 45.478107765760925], [0.0, 0.0, 0.0, 1.0]]}]}