{"camera": {"camera": "RealSense D415", "extrinsics": [[0.570402, 0.7416718, 0.35293683, -0.14740098], [0.8058897, -0.58837306, -0.066021554, -0.50881946], [0.15869221, 0.32208702, -0.9333149, -0.032243934], [0.0, 0.0, 0.0, 1.0]], "height": 480, "intrinsics": [[605.11334, 0.0, 326.28275], [0.0, 605.6117, 245.73769], [0.0, 0.0, 1.0]], "width": 640}, "objects": [{"class": "MacaroniAndCheese", "pose": [[0.022106053366192698, 0.38154942942355824, 0.9240840106362598, 0.45382666409417016], [-0.9969994925223662, -0.06017246731579441, 0.0486951817189093, -4.629948156125485], [0.07418406223602783, -0.922387811742351, 0.37907443746863906, 33.988176984497564], [0.0, 0.0, 0.0, 1.0]]}, {"class": "TomatoSauce", "pose": [[-0.879357781203326, 0.3251739219828118, 0.3478386357234423, 7.429165764686105], [-0.35289655641919354, 0.045373296070034784, -0.9345615116762401, -7.926913041828593], [-0.3196776319231889, -0.9445650618808454, 0.07485342346788744, 42.178110452199256], [0.0, 0.0, 0.0, 1.0]]}, {"class": "Parmesan", "pose": [[-0.9052028197342735, 0.3457766867678004, 0.24707537602008856, 6.765940181008939], [-0.2830336747406409, -0.056818999430576375, -0.9574254409100896, 3.72067266210111], [-0.31701683701314554, -0.9365949252996406, 0.14929919770710895, 39.89556330620905], [0.0, 0.0, 0.0, 1.0]]}, {"class": "Cookies", "pose": [[-0.8209308000797352, -0.46225948985855797, -0.3352442227967815, 16.516071023306687], [0.4675420850526069, -0.8811833032800266, 0.07014498813546725, -14.523034444235039], [-0.32783683222957594, -0.09915658818169795, 0.939516344688419, 47.58329372727918], [0.0, 0.0, 0.0, 1.0]]}, {"class": "Cherries", "pose": [[-0.8514053174808746, 0.32519489727926276, 0.41153027537629383, 14.85062967951046], [-0.43600457966272244, -0.0026566102185484764, -0.8999404889050407, 1.1622283079344875], [-0.29156278981690914, -0.9456432691985531, 0.14404834777428305, 45.393120179752025], [0.0, 0.0, 0.0, 1.0]]}]}