{"camera": {"camera": "RealSense D415", "extrinsics": [[0.5981055, 0.7279711, 0.33515355, -0.26110044], [0.78971064, -0.60657483, -0.091782816, -0.56259334], [0.13648047, 0.31957012, -0.9376823, -0.036822855], [0.0, 0.0, 0.0, 1.0]], "height": 480, "intrinsics": [[605.11334, 0.0, 326.28275], [0.0, 605.6117, 245.73769], [0.0, 0.0, 1.0]], "width": 640}, "objects": [{"class": "MacaroniAndCheese", "pose": [[-0.008144430402430645, 0.3641137465404686, 0.9313188806840458, -8.848991977625195], [-0.9959182318923262, -0.08667726078045981, 0.025178467591672655, -9.938861639802926], [0.0898920031222303, -0.927312423386645, 0.3633334350785214, 32.530259533747426], [0.0, 0.0, 0.0, 1.0]]}, {"class": "TomatoSauce", "pose": [[-0.8952371803809909, 0.31073750379917536, 0.31936280979639836, -1.846346348216274], [-0.32968453488214555, 0.02024981826191973, -0.9438739744807607, -13.327841054002644], [-0.29976405911513127, -0.9502800890555161, 0.08431695586272815, 40.659104641073014], [0.0, 0.0, 0.0, 1.0]]}, {"class": "Parmesan", "pose": [[-0.9188167173985992, 0.32823401579682626, 0.21917636822351685, -2.1793856174783994], [-0.25900160516715254, -0.08240941690144228, -0.9623548638153221, -1.7021076830482373], [-0.29781538194434787, -0.9409948020408084, 0.16073228875374668, 38.19992545022908], [0.0, 0.0, 0.0, 1.0]]}, {"class": "Cookies", "pose": [[-0.8110886221363746, -0.49142093148972854, -0.31723922333088833, 7.1162242493581775], [0.48825205442426733, -0.8674685254283018, 0.09543749852094571, -20.12457420430143], [-0.32209501050421124, -0.07748441541904878, 0.9435311639866261, 46.02319116975953], [0.0, 0.0, 0.0, 1.0]]}, {"class": "Cherries", "pose": [[-0.8694593018019698, 0.30922470802717267, 0.3852539579815401, 5.910571746045967], [-0.4131908331942519, -0.02776741222022213, -0.9102210355540233, -4.430367521830647], [-0.2707653056949383, -0.9505835837702563, 0.15191144570742776, 43.6073432474425], [0.0, 0.0, 0.0, 1.0]]}]}