{"camera": {"camera": "RealSense D415", "extrinsics": [[0.58513397, 0.73076314, 0.35157284, -0.2897855], [0.80147743, -0.5871588, -0.11348333, -0.57898396], [0.12349965, 0.34818065, -0.92925674, -0.018259877], [0.0, 0.0, 0.0, 1.0]], "height": 480, "intrinsics": [[605.11334, 0.0, 326.28275], [0.0, 605.6117, 245.73769], [0.0, 0.0, 1.0]], "width": 640}, "objects": [{"class": "MacaroniAndCheese", "pose": [[0.0037839336495446925, 0.38028918103662257, 0.9248598859916359, -12.933422396840966], [-0.9930090028601884, -0.10768576808570111, 0.048341603885092746, -10.341149539914124], [0.11797805442080736, -0.9185771314892156, 0.3772230930244032, 33.327114190549764], [0.0, 0.0, 0.0, 1.0]]}, {"class": "TomatoSauce", "pose": [[-0.8857268811357584, 0.3258610479402241, 0.3306092218203411, -6.019064923988415], [-0.3504059475737049, -0.0022000488888492503, -0.9365953484646591, -13.402227807262607], [-0.3044725682629956, -0.94541513263077, 0.11613230342523319, 41.659089190234575], [0.0, 0.0, 0.0, 1.0]]}, {"class": "Parmesan", "pose": [[-0.9102831625983218, 0.34458273677671614, 0.22944997164805953, -6.468309214047363], [-0.2800307387996472, -0.10430400532988468, -0.9543078512069583, -1.8561047734327096], [-0.3049054437722672, -0.9329434304977701, 0.19143995293527355, 38.86599501689197], [0.0, 0.0, 0.0, 1.0]]}, {"class": "Cookies", "pose": [[-0.8122302778172711, -0.4783878834893248, -0.3338068255912594, 2.9455899819523568], [0.46766802326546486, -0.8760528842404858, 0.11754990048772658, -19.919990579049024], [-0.34866687906696875, -0.06063316776754077, 0.9352834095283337, 47.35561491656332], [0.0, 0.0, 0.0, 1.0]]}, {"class": "Cherries", "pose": [[-0.8593039903772997, 0.3249990886100326, 0.39493320018470157, 1.5685237681136333], [-0.4326961999620011, -0.05022317070760257, -0.9001397928868025, -4.318309096300455], [-0.2727097963866788, -0.944379828144501, 0.18378285251696222, 44.476506806403435], [0.0, 0.0, 0.0, 1.0]]}]}