{"camera": {"camera": "RealSense D415", "extrinsics": [[0.5459627, 0.7633878, 0.3452011, -0.29483342], [0.8313017, -0.54485697, -0.109856375, -0.6087971], [0.10422219, 0.34694374, -0.9320771, 0.009427473], [0.0, 0.0, 0.0, 1.0]], "height": 480, "intrinsics": [[605.11334, 0.0, 326.28275], [0.0, 605.6117, 245.73769], [0.0, 0.0, 1.0]], "width": 640}, "objects": [{"class": "MacaroniAndCheese", "pose": [[0.054726210143894206, 0.37372354824539583, 0.9259242685284418, -15.391658304996774], [-0.9897099927618859, -0.10248052929888458, 0.09985964640906571, -12.06125418666062], [0.13220913793860145, -0.9218613834569583, 0.3642695300939397, 35.19272885204741], [0.0, 0.0, 0.0, 1.0]]}, {"class": "TomatoSauce", "pose": [[-0.8708865401985246, 0.3137772009586735, 0.37828626977377233, -8.230227560332079], [-0.3984806028580914, -0.00024223683842192334, -0.9171767703699331, -14.64966457653688], [-0.2876974898506336, -0.9494965892678765, 0.12524511296181715, 43.4761089552431], [0.0, 0.0, 0.0, 1.0]]}, {"class": "Parmesan", "pose": [[-0.8989224334347075, 0.33771696507500326, 0.2790801136020335, -9.2889486844977], [-0.3294255791256964, -0.10109184089816112, -0.9387541239113543, -3.183395360622654], [-0.288820438471651, -0.9358032109377831, 0.20212635092456818, 40.52315429227], [0.0, 0.0, 0.0, 1.0]]}, {"class": "Cookies", "pose": [[-0.8387995321848205, -0.43485933931593396, -0.32758617103902254, 1.1182415021403325], [0.42147577232158556, -0.8995323989982645, 0.11489000886676186, -20.627973475238775], [-0.3446353587837014, -0.041699912175412274, 0.9378099721260682, 49.14731920101705], [0.0, 0.0, 0.0, 1.0]]}, {"class": "Cherries", "pose": [[-0.8400029762764397, 0.31532214077259935, 0.4415506166059346, -1.0702263474113294], [-0.4788707243333029, -0.04822793310314972, -0.8765597375445393, -5.158954533047854], [-0.25510358347878526, -0.9477583945478953, 0.19151016755980296, 46.06217460885463], [0.0, 0.0, 0.0, 1.0]]}]}