{"camera": {"camera": "RealSense D415", "extrinsics": [[0.4958681, 0.7908764, 0.3586493, -0.27151594], [0.8627204, -0.49579877, -0.09948421, -0.63631994], [0.09913818, 0.35874513, -0.928156, 0.015556164], [0.0, 0.0, 0.0, 1.0]], "height": 480, "intrinsics": [[605.11334, 0.0, 326.28275], [0.0, 605.6117, 245.73769], [0.0, 0.0, 1.0]], "width": 640}, "objects": [{"class": "MacaroniAndCheese", "pose": [[0.11104594141927601, 0.3866101190127443, 0.9155333890116599, -16.201958065599765], [-0.9833880395245517, -0.09035315173302982, 0.1574303256317428, -13.715105797547961], [0.14358550020851715, -0.9178065846662992, 0.3701544244021129, 35.368161939505455], [0.0, 0.0, 0.0, 1.0]]}, {"class": "TomatoSauce", "pose": [[-0.8438704007096017, 0.32105429864846957, 0.4298916790884323, -8.970562625000897], [-0.4515123877529251, 0.007924521709544023, -0.8922296797337981, -15.79427136719822], [-0.2898608628154895, -0.9470276394520213, 0.1382727411791551, 43.73382614433494], [0.0, 0.0, 0.0, 1.0]]}, {"class": "Parmesan", "pose": [[-0.8758607490155176, 0.3506994782128278, 0.33147819828631636, -10.669362497867033], [-0.3842214451000131, -0.09121007830873354, -0.9187244627616707, -4.441059470899667], [-0.29196204136150533, -0.9320357302633656, 0.21463360535540996, 40.6459769357458], [0.0, 0.0, 0.0, 1.0]]}, {"class": "Cookies", "pose": [[-0.8590089145417448, -0.38150592502132585, -0.3414042845884516, 0.6625194642640608], [0.36827032887738986, -0.9237027249797447, 0.10559486952538003, -21.157909554962608], [-0.35564115153930004, -0.03502212419929755, 0.9339661893129618, 49.541733439680726], [0.0, 0.0, 0.0, 1.0]]}, {"class": "Cherries", "pose": [[-0.8086373879915955, 0.3253701853101846, 0.4901426209556393, -2.395547711530896], [-0.5296184421206597, -0.03986880079036159, -0.8472985425608698, -5.8760940804652995], [-0.2561442864487351, -0.9447458544825099, 0.20456147141919748, 46.26875574433898], [0.0, 0.0, 0.0, 1.0]]}]}