{"camera": {"camera": "RealSense D415", "extrinsics": [[0.39133978, 0.8670119, 0.30845338, -0.24708565], [0.92010176, -0.36270425, -0.14784567, -0.66101736], [-0.016306601, 0.3416664, -0.9396798, 0.13087769], [0.0, 0.0, 0.0, 1.0]], "height": 480, "intrinsics": [[605.11334, 0.0, 326.28275], [0.0, 605.6117, 245.73769], [0.0, 0.0, 1.0]], "width": 640}, "objects": [{"class": "MacaroniAndCheese", "pose": [[0.23999172769692262, 0.3356802777005395, 0.9108911396034082, -17.852251832784518], [-0.944868978922891, -0.13454981161454488, 0.29852795045802977, -12.168769251915169], [0.22277019623303032, -0.9323170442488677, 0.2848830406206607, 41.35620251156626], [0.0, 0.0, 0.0, 1.0]]}, {"class": "TomatoSauce", "pose": [[-0.7986634126087837, 0.256816915176395, 0.5442258463610784, -9.903277926318687], [-0.572943135562234, -0.047921146406269446, -0.818192950030854, -12.559612420228794], [-0.1840458575086655, -0.9652712631866558, 0.18541437096368305, 49.30990583710484], [0.0, 0.0, 0.0, 1.0]]}, {"class": "Parmesan", "pose": [[-0.8387517545412976, 0.29931636360382136, 0.45486828328752416, -13.177618871950802], [-0.510366982268906, -0.14097470784806926, -0.8483228462665898, -1.8402197516129704], [-0.18979198167823919, -0.9436820535877133, 0.2710039918286121, 45.34891372952774], [0.0, 0.0, 0.0, 1.0]]}, {"class": "Cookies", "pose": [[-0.9186142287794596, -0.26650723154045636, -0.29175630349423604, 0.6655249907077554], [0.2290410309713774, -0.9607598490783189, 0.15646307830137368, -16.16859008737826], [-0.32200629397792224, 0.07690506262126837, 0.9436087834170171, 54.83913289475133], [0.0, 0.0, 0.0, 1.0]]}, {"class": "Cherries", "pose": [[-0.7520252249218882, 0.2671116343013356, 0.6025855809012647, -4.449723161827104], [-0.6427222980521793, -0.09442999412402751, -0.7602571934136698, -1.7428321683979342], [-0.14617138110801364, -0.9590278020377596, 0.24269235757131086, 50.44256909965659], [0.0, 0.0, 0.0, 1.0]]}]}