{"camera": {"camera": "RealSense D415", "extrinsics": [[-0.8592, 0.4733931, 0.19409874, 0.5740744], [0.37317944, 0.8393639, -0.39522827, -0.3557166], [-0.35001782, -0.26714647, -0.89784205, 0.31095713], [0.0, 0.0, 0.0, 1.0]], "height": 480, "intrinsics": [[603.75165, 0.0, 326.28275], [0.0, 603.20245, 245.73769], [0.0, 0.0, 1.0]], "width": 640}, "objects": [{"class": "ChocolatePudding", "pose": [[0.47214721043602603, 0.12990704935095043, 0.8718951316301478, 14.78079553265166], [-0.7555918844018653, -0.4498089969954295, 0.4761856860059173, 5.663328318031841], [0.4540461513608599, -0.8836266521516306, -0.11421936506730808, 46.75703371780142], [0.0, 0.0, 0.0, 1.0]]}, {"class": "MacaroniAndCheese", "pose": [[0.23569952241549877, 0.8914633406631326, -0.38696097702582144, 4.943382030673071], [-0.38629313813435096, -0.27943018662048497, -0.8790315235214711, 0.5527068516078981], [-0.8917529814402302, 0.35666767307806785, 0.2785046182529547, 42.399924564539134], [0.0, 0.0, 0.0, 1.0]]}, {"class": "Milk", "pose": [[0.7282653505958318, 0.6558255305517906, 0.19880242189655925, -9.887076178766495], [0.6660779478622111, -0.6091855716250965, -0.43038720218472176, -5.413880346715888], [-0.16115136027602064, 0.4458539927737789, -0.8804796917155753, 44.33190228439802], [0.0, 0.0, 0.0, 1.0]]}, {"class": "Ketchup", "pose": [[0.3024909723349355, 0.16853825395266428, 0.9381332629026627, -4.252298761581075], [-0.8319283514324909, -0.43367135243604554, 0.3461566311195424, 8.670398985692879], [0.4651821569713475, -0.8851689386732108, 0.009030069673761727, 35.31654166662389], [0.0, 0.0, 0.0, 1.0]]}, {"class": "OrangeJuice", "pose": [[-0.22025411037576842, -0.953207361323766, -0.20708404944540332, 11.907889882211082], [0.8819658887473849, -0.2852953821024678, 0.375156971341283, -8.086902873218849], [-0.41668251163881376, -0.10001119121908462, 0.9035338828400384, 51.11449588968207], [0.0, 0.0, 0.0, 1.0]]}]}