{"camera": {"camera": "RealSense D415", "extrinsics": [[0.3284169, 0.89340997, 0.30653048, -0.21686822], [0.94431454, -0.3035921, -0.12689331, -0.68523777], [-0.020307528, 0.3311351, -0.9433648, 0.129591], [0.0, 0.0, 0.0, 1.0]], "height": 480, "intrinsics": [[605.11334, 0.0, 326.28275], [0.0, 605.6117, 245.73769], [0.0, 0.0, 1.0]], "width": 640}, "objects": [{"class": "MacaroniAndCheese", "pose": [[0.3055547386567991, 0.33288791351100555, 0.8920885108194797, -18.134969856897513], [-0.926583746460088, -0.11179730915754245, 0.3590876754861942, -14.248810976154191], [0.2192690685460367, -0.9363156558627311, 0.27428831872942455, 41.18126887850819], [0.0, 0.0, 0.0, 1.0]]}, {"class": "TomatoSauce", "pose": [[-0.7604902926009109, 0.24799749113172978, 0.6001264297342689, -10.083987502828576], [-0.6253308431935068, -0.030666900010608213, -0.7797569583014917, -14.103784680792874], [-0.17497373089687854, -0.9682751662952451, 0.178402380752216, 49.04008526803337], [0.0, 0.0, 0.0, 1.0]]}, {"class": "Parmesan", "pose": [[-0.8047575695025789, 0.29690568463248257, 0.514015798565248, -14.117837969282698], [-0.565590249029776, -0.12065223651518882, -0.815812934594246, -3.6290639715178985], [-0.1802023225128704, -0.9472539580349961, 0.2650227831227287, 45.125441609625], [0.0, 0.0, 0.0, 1.0]]}, {"class": "Cookies", "pose": [[-0.9356787749080531, -0.20042532021561965, -0.2904047066018101, 0.7681973894611699], [0.1667660316340942, -0.9764864893605054, 0.13661355355296678, -16.993871283702266], [-0.31095708927267884, 0.07939679169692444, 0.9471018169792598, 54.441395920189436], [0.0, 0.0, 0.0, 1.0]]}, {"class": "Cherries", "pose": [[-0.7088236952014514, 0.2614669605798343, 0.6551366041212754, -5.356448982905734], [-0.6918144508325922, -0.07637824935173433, -0.7180244876535351, -2.9448991020550763], [-0.1377014704375247, -0.9621857418748647, 0.23502535352207762, 50.11552742433292], [0.0, 0.0, 0.0, 1.0]]}]}