{"camera": {"camera": "RealSense D415", "extrinsics": [[0.10363152, 0.93407667, 0.34170353, -0.03500255], [0.99020046, -0.06455623, -0.12383689, -0.6922997], [-0.09361406, 0.35118842, -0.93161315, 0.19198231], [0.0, 0.0, 0.0, 1.0]], "height": 480, "intrinsics": [[605.11334, 0.0, 326.28275], [0.0, 605.6117, 245.73769], [0.0, 0.0, 1.0]], "width": 640}, "objects": [{"class": "MacaroniAndCheese", "pose": [[0.5063309470887382, 0.3637920175717849, 0.7818467686290094, -12.904006613213337], [-0.8124687667972909, -0.1026063539685331, 0.5739045851171695, -13.621402509647229], [0.2890043842365146, -0.9258116754625572, 0.24361688668038262, 43.159347099548704], [0.0, 0.0, 0.0, 1.0]]}, {"class": "TomatoSauce", "pose": [[-0.594277817936317, 0.26306803381245103, 0.7600191539291967, -5.2203468119216385], [-0.794567572227158, -0.04577507426444938, -0.6054478090268892, -11.040392422752499], [-0.12448402982653738, -0.963690724387129, 0.23622847850103132, 50.96319932681605], [0.0, 0.0, 0.0, 1.0]]}, {"class": "Parmesan", "pose": [[-0.6509687376166163, 0.33096504164072116, 0.6831558193428022, -11.486669438113198], [-0.7471529509919208, -0.12028322208580136, -0.6536776331059962, -2.09694781451657], [-0.13417226351424674, -0.9359455339275641, 0.3255821574212345, 46.265949328590516], [0.0, 0.0, 0.0, 1.0]]}, {"class": "Cookies", "pose": [[-0.9441784244054349, 0.027416109856302735, -0.3282917748771197, 5.922203363372815], [-0.07639937093333901, -0.9875853872371486, 0.13725258741086765, -10.946664863587785], [-0.3204532517640971, 0.15467223808036648, 0.9345513320345665, 56.54275782200061], [0.0, 0.0, 0.0, 1.0]]}, {"class": "Cherries", "pose": [[-0.5293260011442341, 0.2865569207990948, 0.7985606710195216, -3.1916208991076083], [-0.8444127136964402, -0.08658129113431383, -0.5286500569258139, 0.9541871129316926], [-0.08234791458332752, -0.9541429498004695, 0.2878020714247776, 51.16632964727405], [0.0, 0.0, 0.0, 1.0]]}]}