{"camera": {"camera": "RealSense D415", "extrinsics": [[0.06683142, 0.9357634, 0.34623754, 0.010810033], [0.9935909, -0.030710652, -0.108784236, -0.6839364], [-0.09116313, 0.35128868, -0.9318184, 0.19092947], [0.0, 0.0, 0.0, 1.0]], "height": 480, "intrinsics": [[605.11334, 0.0, 326.28275], [0.0, 605.6117, 245.73769], [0.0, 0.0, 1.0]], "width": 640}, "objects": [{"class": "MacaroniAndCheese", "pose": [[0.5360788378389936, 0.367521868166655, 0.7599652495999213, -10.38436645684992], [-0.7938264823495974, -0.08676293928378388, 0.6019233659949222, -13.231320770830223], [0.287156841263492, -0.9259588863496939, 0.2452368099490008, 43.18739176757936], [0.0, 0.0, 0.0, 1.0]]}, {"class": "TomatoSauce", "pose": [[-0.5643589605775972, 0.2647653334514137, 0.7819196291033494, -2.8032362659828505], [-0.8157655600347247, -0.033615795648438626, -0.5774050221356825, -10.386115578637911], [-0.1265919705719346, -0.963726771636932, 0.2349578393357514, 50.999665514757694], [0.0, 0.0, 0.0, 1.0]]}, {"class": "Parmesan", "pose": [[-0.6227685714574827, 0.3353753808783453, 0.7068823698922575, -9.396255888228442], [-0.7704637192406774, -0.10562089023108281, -0.6286731385417778, -1.6698674341954822], [-0.1361799379038509, -0.9361450591218787, 0.32417195505248425, 46.32256511485355], [0.0, 0.0, 0.0, 1.0]]}, {"class": "Cookies", "pose": [[-0.9406330905233337, 0.06401750364892961, -0.3333334258637521, 8.327119381462573], [-0.1105977428212828, -0.9862644204988193, 0.12268114111109064, -9.89265586411281], [-0.3209011650967658, 0.15226388687275988, 0.9347931079347405, 56.58252857948902], [0.0, 0.0, 0.0, 1.0]]}, {"class": "Cherries", "pose": [[-0.49761000072472833, 0.28975057148365246, 0.8175750228955249, -1.2210626385670005], [-0.8632693261450819, -0.07354556208110632, -0.49935673729163343, 1.6749520365473392], [-0.08455987183189877, -0.9542723136477876, 0.28672980858192254, 51.23269523968983], [0.0, 0.0, 0.0, 1.0]]}]}