{"camera": {"camera": "RealSense D415", "extrinsics": [[0.041090406, 0.9374446, 0.34570092, 0.04245355], [0.995132, -0.0073784236, -0.098274305, -0.6795617], [-0.08957599, 0.34805617, -0.9331843, 0.18953446], [0.0, 0.0, 0.0, 1.0]], "height": 480, "intrinsics": [[605.11334, 0.0, 326.28275], [0.0, 605.6117, 245.73769], [0.0, 0.0, 1.0]], "width": 640}, "objects": [{"class": "MacaroniAndCheese", "pose": [[0.5571849871476847, 0.3664352342513415, 0.7451644426333809, -8.54384070269622], [-0.780354116378287, -0.0757260716109943, 0.6207358468350084, -13.147074288189287], [0.28388787209737637, -0.927356835451157, 0.24375579803135763, 43.18726007598296], [0.0, 0.0, 0.0, 1.0]]}, {"class": "TomatoSauce", "pose": [[-0.5437476657950303, 0.2622241548286459, 0.7972307733244972, -1.0111314199203254], [-0.8297112046610571, -0.025158809431587527, -0.5576256159683011, -10.122487679950842], [-0.12616551102322174, -0.9646789331359807, 0.23125036875157445, 50.9789544726727], [0.0, 0.0, 0.0, 1.0]]}, {"class": "Parmesan", "pose": [[-0.603329124260628, 0.3347466205837117, 0.7238360347450278, -7.8409008714764195], [-0.7859014403505343, -0.0953822850558067, -0.6109509981730387, -1.5695965472969808], [-0.13547262969281387, -0.9374683128749538, 0.32062476856188793, 46.3401563063644], [0.0, 0.0, 0.0, 1.0]]}, {"class": "Cookies", "pose": [[-0.938595064381549, 0.08973764359323838, -0.33314621085890594, 10.122091201443585], [-0.13406087384250864, -0.9845675804606371, 0.11249150201955187, -9.354227330338816], [-0.31791022883586023, 0.15024585765827175, 0.9361405780725058, 56.52492531283298], [0.0, 0.0, 0.0, 1.0]]}, {"class": "Cherries", "pose": [[-0.4756618142684947, 0.2882545484181267, 0.8310566112677191, 0.2629235290637917], [-0.8755652600962804, -0.06445287364368697, -0.47878103430247687, 1.9746759792796498], [-0.08444680591276028, -0.9553821535990786, 0.28304344332873016, 51.228625551673915], [0.0, 0.0, 0.0, 1.0]]}]}