{"camera": {"camera": "RealSense D415", "extrinsics": [[0.025134409, 0.9403068, 0.33939856, 0.06027091], [0.9957065, 0.0067081964, -0.09232289, -0.6785376], [-0.0890886, 0.34026185, -0.936101, 0.18598606], [0.0, 0.0, 0.0, 1.0]], "height": 480, "intrinsics": [[605.11334, 0.0, 326.28275], [0.0, 605.6117, 245.73769], [0.0, 0.0, 1.0]], "width": 640}, "objects": [{"class": "MacaroniAndCheese", "pose": [[0.5713827908257659, 0.3598336072948927, 0.7375916843446578, -7.396354137198021], [-0.771944729128468, -0.06946443579401648, 0.6318828813962705, -13.263603258360511], [0.27860911740473393, -0.9304270330963502, 0.23808087525742186, 42.983111525666196], [0.0, 0.0, 0.0, 1.0]]}, {"class": "TomatoSauce", "pose": [[-0.5320354118475658, 0.25455558920910876, 0.8075517221501539, 0.15372376462124138], [-0.8378374039870129, -0.0204699009551471, -0.5455358980912683, -10.129694567850322], [-0.1223387002847934, -0.9668414738587436, 0.22416693382419475, 50.71455942642879], [0.0, 0.0, 0.0, 1.0]]}, {"class": "Parmesan", "pose": [[-0.5923545892889448, 0.32836614054631574, 0.7357253085874692, -6.844235106609699], [-0.7949370222564821, -0.08959565236569875, -0.6000397471786506, -1.6789501046996946], [-0.13111494096918838, -0.9402916000953955, 0.3141028277897973, 46.13966707138133], [0.0, 0.0, 0.0, 1.0]]}, {"class": "Cookies", "pose": [[-0.9390454717060134, 0.1060164011998848, -0.3270384322218735, 11.319592747080273], [-0.14816968841929726, -0.9831860301219078, 0.10672826278877166, -9.195231710261398], [-0.31022468815367604, 0.14867990035417855, 0.9389648222758332, 56.16862449581461], [0.0, 0.0, 0.0, 1.0]]}, {"class": "Cherries", "pose": [[-0.4629126556311167, 0.2812596890833352, 0.8405979252641413, 1.2448143570944814], [-0.8826745979687259, -0.05936798057938707, -0.46621984669652594, 1.9853528809957721], [-0.08122423706006292, -0.957793520850636, 0.27574300011317654, 50.96368405760545], [0.0, 0.0, 0.0, 1.0]]}]}