{"camera": {"camera": "RealSense D415", "extrinsics": [[0.008870309, 0.943483, 0.33130214, 0.072478436], [0.9959992, 0.021125792, -0.086829044, -0.6791626], [-0.08892075, 0.33074686, -0.93952096, 0.18147758], [0.0, 0.0, 0.0, 1.0]], "height": 480, "intrinsics": [[605.11334, 0.0, 326.28275], [0.0, 605.6117, 245.73769], [0.0, 0.0, 1.0]], "width": 640}, "objects": [{"class": "MacaroniAndCheese", "pose": [[0.5860096070012188, 0.3514384654183832, 0.73012582470687, -6.7689006202270985], [-0.7631103147770042, -0.06365951317264719, 0.6431252601222536, -13.54612732709115], [0.27249842206271574, -0.9340441703902431, 0.2308812185757594, 42.689516743645775], [0.0, 0.0, 0.0, 1.0]]}, {"class": "TomatoSauce", "pose": [[-0.5202575609880501, 0.245054486312999, 0.8180955588131956, 0.8097062669133792], [-0.8459142054746074, -0.016285556411671526, -0.5330702805187874, -10.298136396777114], [-0.11730810510719633, -0.9693725405230424, 0.21576775828134223, 50.345600333850435], [0.0, 0.0, 0.0, 1.0]]}, {"class": "Parmesan", "pose": [[-0.5813169539667448, 0.3201871664679729, 0.748031250575317, -6.363665493904196], [-0.80394728179189, -0.08427124679136974, -0.5886995085843127, -1.9551652377162165], [-0.12545648411937443, -0.9435987367970798, 0.30640191557014396, 45.8451870515739], [0.0, 0.0, 0.0, 1.0]]}, {"class": "Cookies", "pose": [[-0.9397361367001623, 0.12266745197444502, -0.3191373747826925, 12.01439519744961], [-0.16255888549517755, -0.9814723841202295, 0.10142265180752959, -9.19294248511825], [-0.3007832555566952, 0.14718916613008184, 0.9422657915409757, 55.686963619313225], [0.0, 0.0, 0.0, 1.0]]}, {"class": "Cherries", "pose": [[-0.45003931137312453, 0.2724455288753183, 0.8504340223626349, 1.7162491905940263], [-0.8896903897101479, -0.05476937040586203, -0.4532673745886688, 1.8322375801478108], [-0.07691291521899188, -0.960611155319327, 0.26704054206483246, 50.588765083336504], [0.0, 0.0, 0.0, 1.0]]}]}