{"camera": {"camera": "RealSense D415", "extrinsics": [[0.023564704, 0.9455323, 0.32467413, 0.052700598], [0.99565166, 0.0070807342, -0.09288482, -0.68362], [-0.09012453, 0.32545117, -0.941254, 0.17583814], [0.0, 0.0, 0.0, 1.0]], "height": 480, "intrinsics": [[605.11334, 0.0, 326.28275], [0.0, 605.6117, 245.73769], [0.0, 0.0, 1.0]], "width": 640}, "objects": [{"class": "MacaroniAndCheese", "pose": [[0.575816964834835, 0.3451918945705707, 0.7411324494053054, -7.778057059337027], [-0.7716709270486287, -0.07001940648724482, 0.6321560061354431, -13.757942314553596], [0.27010881848578094, -0.9359165699893991, 0.2260562044619946, 42.140315275409264], [0.0, 0.0, 0.0, 1.0]]}, {"class": "TomatoSauce", "pose": [[-0.5337495047685704, 0.23934684548856955, 0.8110637967165746, -0.10804358354372309], [-0.8380018423469019, -0.02106548672419209, -0.5452605895553985, -10.617755151585495], [-0.11342095310262595, -0.9707055828213039, 0.21181682241293603, 49.75020754061028], [0.0, 0.0, 0.0, 1.0]]}, {"class": "Parmesan", "pose": [[-0.5942062716962887, 0.31357681318376956, 0.7406675485942633, -7.178395797937588], [-0.7951167848841599, -0.09016208437647827, -0.5997166413952463, -2.1711284680590914], [-0.12127710977738541, -0.9452726432030661, 0.3029051007101077, 45.28022284206946], [0.0, 0.0, 0.0, 1.0]]}, {"class": "Cookies", "pose": [[-0.9437756630775752, 0.10850349035374716, -0.31227298793502184, 11.141927483751683], [-0.14852224011643922, -0.9830712531111463, 0.10729402838604467, -9.67793905830906], [-0.2953448515122569, 0.14764099937550898, 0.9439139586683062, 55.02766556459421], [0.0, 0.0, 0.0, 1.0]]}, {"class": "Cherries", "pose": [[-0.46398216194946107, 0.2661962724741946, 0.8449023769311329, 0.9847825538313364], [-0.8828010510127648, -0.05995338230362842, -0.46590540811536374, 1.497626009061337], [-0.07336752833358294, -0.962052560734469, 0.2628156836087634, 49.974233091764155], [0.0, 0.0, 0.0, 1.0]]}]}