{"camera": {"camera": "RealSense D415", "extrinsics": [[0.019163126, 0.94893295, 0.31489524, 0.009283539], [0.9939814, 0.015895316, -0.10838964, -0.7000357], [-0.107859865, 0.3150771, -0.9429171, 0.17563625], [0.0, 0.0, 0.0, 1.0]], "height": 480, "intrinsics": [[605.11334, 0.0, 326.28275], [0.0, 605.6117, 245.73769], [0.0, 0.0, 1.0]], "width": 640}, "objects": [{"class": "MacaroniAndCheese", "pose": [[0.5813351329889419, 0.3353899724459567, 0.7413251804623823, -12.044376885021121], [-0.7649118523588098, -0.085366974789283, 0.6384530790494165, -15.018304061236176], [0.27741546992005633, -0.9382036268336679, 0.2069169372724189, 41.2956106043505], [0.0, 0.0, 0.0, 1.0]]}, {"class": "TomatoSauce", "pose": [[-0.5320390926396231, 0.22901020894722474, 0.8151617764304876, -4.304196714947936], [-0.8416057273695455, -0.03737882600848645, -0.5387973825440735, -11.719573262067007], [-0.09292029840854572, -0.9727060964656654, 0.21262331792916256, 48.76610798613626], [0.0, 0.0, 0.0, 1.0]]}, {"class": "Parmesan", "pose": [[-0.5927241138065643, 0.30374620047035594, 0.7459332170269654, -11.451106953627738], [-0.7990630772877894, -0.10577431185898932, -0.5918699095894843, -3.3760895424017945], [-0.10087765225284591, -0.9468632635998104, 0.3054073781133653, 44.22473085516753], [0.0, 0.0, 0.0, 1.0]]}, {"class": "Cookies", "pose": [[-0.9463660699474001, 0.11346919001544588, -0.3025161123340455, 6.998330633845143], [-0.15677813389643308, -0.9799592735432212, 0.12288382863474738, -10.65026763212077], [-0.2825099465564167, 0.1637210191702232, 0.9451896980308057, 53.90479794941916], [0.0, 0.0, 0.0, 1.0]]}, {"class": "Cherries", "pose": [[-0.46169271687858277, 0.2560847581575938, 0.8492705254939643, -3.2508395257853637], [-0.8854647612659798, -0.07602051692304061, -0.45844632616509806, 0.4013739614602829], [-0.052839118001577215, -0.9636604581201108, 0.26185216506564557, 48.765365149354025], [0.0, 0.0, 0.0, 1.0]]}]}