{"camera": {"camera": "RealSense D415", "extrinsics": [[-0.044255838, 0.96840566, 0.24542175, -0.028161446], [0.9654301, 0.10462431, -0.23874354, -0.66525465], [-0.2568777, 0.22637175, -0.9395582, 0.30510798], [0.0, 0.0, 0.0, 1.0]], "height": 480, "intrinsics": [[605.11334, 0.0, 326.28275], [0.0, 605.6117, 245.73769], [0.0, 0.0, 1.0]], "width": 640}, "objects": [{"class": "MacaroniAndCheese", "pose": [[0.6426467128354003, 0.26492105763744994, 0.7189033226646108, -16.90150261025257], [-0.687615942728853, -0.21441771802944476, 0.6936925486370407, -9.145376026320285], [0.33791940606199544, -0.9401286166660792, 0.04436908523514032, 46.7590714853216], [0.0, 0.0, 0.0, 1.0]]}, {"class": "TomatoSauce", "pose": [[-0.49042247361638563, 0.15367541515571026, 0.8578284302731012, -8.792805689553946], [-0.8677708441673446, -0.17688944673089219, -0.4644177862471776, -4.4091718312843975], [0.08037122534929035, -0.9721594179034898, 0.220105631254112, 52.95727631737367], [0.0, 0.0, 0.0, 1.0]]}, {"class": "Parmesan", "pose": [[-0.5538002719348684, 0.23387008237344428, 0.7991307746618264, -16.72370391080868], [-0.829584829555389, -0.2372442820970793, -0.5054741889732777, 2.8235615860819463], [0.07137393970570571, -0.9428785049849097, 0.32540104818619847, 47.84801308336944], [0.0, 0.0, 0.0, 1.0]]}, {"class": "Cookies", "pose": [[-0.9555182539449446, 0.17988639675765442, -0.23372142023284828, 2.801852518551609], [-0.2385751470663399, -0.9373377305580259, 0.25392887312985934, -2.0809797351590276], [-0.1733975586569095, 0.2983938315395007, 0.938559728809717, 56.88666417606609], [0.0, 0.0, 0.0, 1.0]]}, {"class": "Cherries", "pose": [[-0.4148340452873928, 0.1834679052828708, 0.8912082776981604, -8.413413321636524], [-0.9018993093544481, -0.21248895449592176, -0.3760665825855802, 7.6009032729165815], [0.12037579425532068, -0.9597853475735006, 0.2536172536184914, 51.04911427846641], [0.0, 0.0, 0.0, 1.0]]}]}