{"camera": {"camera": "RealSense D415", "extrinsics": [[-0.09270431, 0.98553276, 0.14188388, -0.0109175285], [0.92602754, 0.13770276, -0.3514412, -0.61198], [-0.36589465, 0.098808266, -0.92539614, 0.39492553], [0.0, 0.0, 0.0, 1.0]], "height": 480, "intrinsics": [[605.11334, 0.0, 326.28275], [0.0, 605.6117, 245.73769], [0.0, 0.0, 1.0]], "width": 640}, "objects": [{"class": "MacaroniAndCheese", "pose": [[0.6906749892535494, 0.16069521816321697, 0.7050851498853811, -14.399850531844487], [-0.6366755917207758, -0.3272531823876072, 0.6982474546060333, -2.3378247555804865], [0.34294642284019455, -0.9311725868770354, -0.12371488213796547, 50.134571516471816], [0.0, 0.0, 0.0, 1.0]]}, {"class": "TomatoSauce", "pose": [[-0.46043254914835796, 0.04579353776436142, 0.8865127083655219, -5.73716050379477], [-0.8541870195162835, -0.29464923807206084, -0.42842306722801776, 3.177101101866342], [0.24159131420365232, -0.9545076045403565, 0.17478237133231767, 54.73280316923825], [0.0, 0.0, 0.0, 1.0]]}, {"class": "Parmesan", "pose": [[-0.5251828263967812, 0.1300018081654486, 0.8410008865877644, -14.342056345877962], [-0.8177929507756724, -0.35043417151184847, -0.4565200361846593, 9.674833513303705], [0.2353670450543681, -0.9275211077288472, 0.29035660208163316, 49.72766674792947], [0.0, 0.0, 0.0, 1.0]]}, {"class": "Cookies", "pose": [[-0.9639992511066818, 0.231575910928287, -0.1306828368734584, 6.179253449658507], [-0.2640047515745158, -0.8921937998131335, 0.3664582882958182, 6.043633809358662], [-0.03173150774886036, 0.38776644645948816, 0.9212113231874274, 56.98640830046797], [0.0, 0.0, 0.0, 1.0]]}, {"class": "Cherries", "pose": [[-0.3801129316898711, 0.07751406886898476, 0.9216863299405667, -5.82043074307245], [-0.882650696740992, -0.32826512811730435, -0.33640706821408034, 14.861685308807981], [0.2764812314558357, -0.9413997880129532, 0.1931956918111741, 51.34304219176735], [0.0, 0.0, 0.0, 1.0]]}]}