{"camera": {"camera": "RealSense D415", "extrinsics": [[-0.13354129, 0.9865749, 0.09400406, 0.0028534976], [0.9019367, 0.16029511, -0.4010183, -0.5886541], [-0.41070294, 0.03123321, -0.9112341, 0.43679845], [0.0, 0.0, 0.0, 1.0]], "height": 480, "intrinsics": [[605.11334, 0.0, 326.28275], [0.0, 605.6117, 245.73769], [0.0, 0.0, 1.0]], "width": 640}, "objects": [{"class": "MacaroniAndCheese", "pose": [[0.7229338683470012, 0.11193107642930157, 0.6817903985510587, -13.591739704441217], [-0.6039611522852291, -0.37687349340204324, 0.7022800695297876, 0.2637096380405102], [0.3355556724286887, -0.9194769406703154, -0.20485256162803012, 51.80708720645472], [0.0, 0.0, 0.0, 1.0]]}, {"class": "TomatoSauce", "pose": [[-0.4273753743967803, -0.004807687197445906, 0.9040615393507322, -4.788251199823303], [-0.8469600076944229, -0.3476624717711125, -0.4022307181777488, 6.181897535707959], [0.3162420344682644, -0.9376074502082896, 0.14451045179626323, 55.55861960220933], [0.0, 0.0, 0.0, 1.0]]}, {"class": "Parmesan", "pose": [[-0.4931254990587249, 0.08199840614357558, 0.8660852123193123, -13.80862343872791], [-0.8121156730007911, -0.40034153915510584, -0.42449356326205534, 12.232899766112304], [0.3119220574762209, -0.91268995494063, 0.2640107989066889, 50.72804869716296], [0.0, 0.0, 0.0, 1.0]]}, {"class": "Cookies", "pose": [[-0.9584699894387597, 0.27273071290300904, -0.08338662371671283, 7.1785645761031525], [-0.282178550559233, -0.8644925871903583, 0.41596614267838655, 9.379747484737832], [0.041359609508974236, 0.422220947561846, 0.9055489384181947, 56.924548597962875], [0.0, 0.0, 0.0, 1.0]]}, {"class": "Cherries", "pose": [[-0.34455067342888, 0.028328753018993295, 0.9383402403298537, -5.316121919175589], [-0.8719843033113653, -0.37991856038328103, -0.3087155030321827, 17.651331553778903], [0.3477473125317375, -0.9245860743077943, 0.15560341754644855, 51.53365269161535], [0.0, 0.0, 0.0, 1.0]]}]}