{"camera": {"camera": "RealSense D415", "extrinsics": [[-0.17319995, 0.9838148, 0.04593804, 0.027668664], [0.89205784, 0.17647274, -0.4160411, -0.58628184], [-0.4174142, -0.031078905, -0.9081847, 0.44859248], [0.0, 0.0, 0.0, 1.0]], "height": 480, "intrinsics": [[605.11334, 0.0, 326.28275], [0.0, 605.6117, 245.73769], [0.0, 0.0, 1.0]], "width": 640}, "objects": [{"class": "MacaroniAndCheese", "pose": [[0.7518903008999189, 0.06292666911201394, 0.6562783837783608, -11.597034199188467], [-0.5861888530668462, -0.39176934618562315, 0.709154011331188, 0.4117835191112529], [0.3017344631028947, -0.9179090254990845, -0.25768065083552916, 52.78635358156271], [0.0, 0.0, 0.0, 1.0]]}, {"class": "TomatoSauce", "pose": [[-0.39322440227040256, -0.05516758209399107, 0.9177860396806149, -2.6858101149363853], [-0.8477216444014585, -0.36475013314422683, -0.38513031280620486, 6.536401891328447], [0.35600928169498286, -0.929469659354897, 0.09666192020338862, 55.89754133348952], [0.0, 0.0, 0.0, 1.0]]}, {"class": "Parmesan", "pose": [[-0.459695968886086, 0.0338569266673573, 0.8874308040597662, -12.08095786384588], [-0.8140096374157305, -0.4155816085425146, -0.4058081328573586, 12.354336890806128], [0.35506049616820357, -0.9089255197547671, 0.21860106754315495, 51.515875776821474], [0.0, 0.0, 0.0, 1.0]]}, {"class": "Cookies", "pose": [[-0.9493446130202237, 0.3121755113292371, -0.03593554150769557, 9.285521994484476], [-0.2965496236330454, -0.8522058699297478, 0.4310492777375119, 9.948130350590711], [0.10393853393015756, 0.4198709829499019, 0.9016125120986427, 56.48406128490794], [0.0, 0.0, 0.0, 1.0]]}, {"class": "Cherries", "pose": [[-0.3082466462356653, -0.020767996623645018, 0.95107980879017, -3.648410566800754], [-0.8708493723470182, -0.39623333131538563, -0.2908960668265678, 17.920642125745665], [0.38289084330386036, -0.9179149223514218, 0.10405181675653444, 51.71431264295183], [0.0, 0.0, 0.0, 1.0]]}]}