{"camera": {"camera": "RealSense D415", "extrinsics": [[-0.22705741, 0.9735192, 0.026558202, 0.06991264], [0.87849677, 0.21651301, -0.4258703, -0.5804592], [-0.4203431, -0.07336572, -0.9043943, 0.45743075], [0.0, 0.0, 0.0, 1.0]], "height": 480, "intrinsics": [[605.11334, 0.0, 326.28275], [0.0, 605.6117, 245.73769], [0.0, 0.0, 1.0]], "width": 640}, "objects": [{"class": "MacaroniAndCheese", "pose": [[0.7873107813113133, 0.0421107136303667, 0.6151166409340714, -9.495835519410424], [-0.5505655764011569, -0.4010497071545956, 0.7321452297674573, 0.45113135427812256], [0.277523503742441, -0.9150878294675635, -0.29256604365134053, 53.562842450911205], [0.0, 0.0, 0.0, 1.0]]}, {"class": "TomatoSauce", "pose": [[-0.3427430535648059, -0.07738024062272464, 0.9362369134571366, -0.7299824661367402], [-0.8584090036684984, -0.3790862422772852, -0.34558293119728944, 6.979432815249997], [0.38165581677721255, -0.9221202941348899, 0.06350528585588316, 56.23519154359597], [0.0, 0.0, 0.0, 1.0]]}, {"class": "Parmesan", "pose": [[-0.41054963677789746, 0.01444838340910075, 0.911723807127961, -10.529445243825133], [-0.8274859836477182, -0.4259199485339245, -0.3658676035198982, 12.345503331918584], [0.38303515386199705, -0.9046454319320811, 0.18681711393035771, 52.1741610288203], [0.0, 0.0, 0.0, 1.0]]}, {"class": "Cookies", "pose": [[-0.9311447017138188, 0.36423146874029894, -0.0174654566236454, 11.102197191359622], [-0.3340813801365408, -0.832911331183234, 0.4411896472386954, 10.890063383386316], [0.14614797147544453, 0.4166462793472345, 0.8972438737637909, 56.29154760880619], [0.0, 0.0, 0.0, 1.0]]}, {"class": "Cherries", "pose": [[-0.255856261151536, -0.0412560662523286, 0.9658341323190259, -2.3358020466776637], [-0.8776475849664053, -0.40896527300990015, -0.24996415957601312, 18.257388667696272], [0.40530514991810945, -0.9116168379185199, 0.06842804206050118, 51.962490486071864], [0.0, 0.0, 0.0, 1.0]]}]}