{"camera": {"camera": "RealSense D415", "extrinsics": [[-0.26547438, 0.96408504, 0.007962679, 0.098093614], [0.8713182, 0.24344878, -0.42607194, -0.5884546], [-0.41270807, -0.10617315, -0.90465426, 0.4587182], [0.0, 0.0, 0.0, 1.0]], "height": 480, "intrinsics": [[605.11334, 0.0, 326.28275], [0.0, 605.6117, 245.73769], [0.0, 0.0, 1.0]], "width": 640}, "objects": [{"class": "MacaroniAndCheese", "pose": [[0.8112452070381396, 0.022448595853494454, 0.5842750321305255, -8.029248823803655], [-0.5280877610792433, -0.4008409840277582, 0.7486319669424671, -0.820685571337898], [0.2510071143750371, -0.9158725968923781, -0.31332547490428514, 54.22574103491758], [0.0, 0.0, 0.0, 1.0]]}, {"class": "TomatoSauce", "pose": [[-0.3056437685563916, -0.09777708063171248, 0.9471122255651966, 0.6362159271079151], [-0.8671528580256441, -0.3822221322934814, -0.3192994867035607, 5.952452891958149], [0.3932274036130623, -0.9188829811242415, 0.032036143295081955, 56.5994858943903], [0.0, 0.0, 0.0, 1.0]]}, {"class": "Parmesan", "pose": [[-0.37420104999064413, -0.004142639389345302, 0.9273383693636653, -9.440137673552984], [-0.8381283801901471, -0.426459099638031, -0.34010800411330394, 11.03858274734777], [0.3968808081970108, -0.9044973868414806, 0.15610938380214703, 52.869266501961434], [0.0, 0.0, 0.0, 1.0]]}, {"class": "Cookies", "pose": [[-0.9160243816416078, 0.4011223815056981, 0.00045372081799858663, 12.349989523905368], [-0.35970240383874946, -0.8219350992780879, 0.4416297918545817, 10.191124667638418], [0.17752050353860652, 0.4043804401011773, 0.8971972853928194, 56.25619694696833], [0.0, 0.0, 0.0, 1.0]]}, {"class": "Cherries", "pose": [[-0.2175077623102207, -0.06050108643046268, 0.974181723522264, -1.4262257883423475], [-0.8839354821701747, -0.41107074852669734, -0.22288764629844035, 17.17608114314585], [0.4139425333891228, -0.9095935942762217, 0.035932029337720536, 52.38007512057514], [0.0, 0.0, 0.0, 1.0]]}]}