{"camera": {"camera": "RealSense D415", "extrinsics": [[-0.9886373, -0.14978693, 0.012654976, 0.79977846], [-0.1278811, 0.7938205, -0.59455484, -0.32258067], [0.07901077, -0.5894174, -0.8039555, 0.23390512], [0.0, 0.0, 0.0, 1.0]], "height": 480, "intrinsics": [[605.8222, 0.0, 326.28275], [0.0, 605.7743, 245.73769], [0.0, 0.0, 1.0]], "width": 640}, "objects": [{"class": "MacaroniAndCheese", "pose": [[-0.20787001630983457, -0.9763291480689646, 0.059761308091495956, 0.13647988469971395], [-0.7948878577485222, 0.13300297015968482, -0.5919996280969145, -21.892505447000136], [0.5700380023040957, -0.17056251735382824, -0.8037195436940463, 55.94770750870245], [0.0, 0.0, 0.0, 1.0]]}, {"class": "Pineapple", "pose": [[0.6041721533644172, 0.015559611195492894, 0.7967018705845849, 14.420338958372724], [-0.6412070166599444, -0.5841117072110971, 0.4976616636021001, -26.169977552630442], [0.4731062774679464, -0.8115241778933118, -0.3429270479674836, 58.914281328871176], [0.0, 0.0, 0.0, 1.0]]}, {"class": "Milk", "pose": [[0.23830981204763943, 0.06531268983232501, 0.968990530925464, -9.414730406726902], [-0.7730331685225332, -0.5912150570904191, 0.22996637312399157, -9.75781920125098], [0.5879014645579896, -0.8038650925518069, -0.09040344163764442, 36.737985427851065], [0.0, 0.0, 0.0, 1.0]]}, {"class": "TomatoSauce", "pose": [[-0.23992743937490107, -0.019387720583530964, -0.9705971889100571, 0.5879185264264453], [0.7510913657155006, -0.6371449819555488, -0.1729395514354783, -3.008640763638004], [-0.615058175979907, -0.7705001455732843, 0.16743048451372913, 39.295296049300724], [0.0, 0.0, 0.0, 1.0]]}, {"class": "Cookies", "pose": [[-0.4539386661926061, -0.0006461130601672836, 0.8910326777777109, 25.87482401059501], [-0.723216916198397, -0.5838611265342117, -0.3688679074965712, -20.265491302750526], [0.5204776153629519, -0.8118533409868874, 0.26456985079031226, 47.80520597712405], [0.0, 0.0, 0.0, 1.0]]}, {"class": "OrangeJuice", "pose": [[-0.9852552731703519, 0.011332564519686238, -0.17071491635457584, 9.794238853298287], [0.12924188650346882, -0.6045270650057867, -0.78603029113561, -17.786202353116597], [-0.11210953407709999, -0.7965040378937845, 0.5941487787588202, 43.81466183406248], [0.0, 0.0, 0.0, 1.0]]}, {"class": "Mustard", "pose": [[0.44884359728205286, 0.013393587850104258, -0.8935099327807922, 18.846242965795966], [0.7208723890394964, -0.5963264470546231, 0.35318242226633606, -10.027501055104015], [-0.5280931659552296, -0.8026303390107423, -0.27731236590453057, 40.12573016530317], [0.0, 0.0, 0.0, 1.0]]}, {"class": "Parmesan", "pose": [[-0.4337834958669957, 0.05685747898498975, -0.8992213680687345, -11.312149091163137], [0.7024229746408593, -0.6037034422770574, -0.3770201249452542, 1.6663783813286315], [-0.5642994072170534, -0.7951788860461799, 0.2219385489578657, 34.08784483312425], [0.0, 0.0, 0.0, 1.0]]}, {"class": "CreamCheese", "pose": [[0.34778802251935625, -0.9351716505158398, -0.06706294400101225, 6.33632649849829], [0.7580374211638415, 0.23837679911857668, 0.6070879885910049, 6.160734381586891], [-0.5517451676792731, -0.2619741508482186, 0.7917997319667459, 36.24346179811134], [0.0, 0.0, 0.0, 1.0]]}, {"class": "AlphabetSoup", "pose": [[-0.9671191109891447, 0.022555149948826087, 0.25332164014327707, 19.51512445611756], [-0.21346500447769184, -0.6134505823408725, -0.7603361960496164, 3.6907107733920697], [0.13825077946711514, -0.7894110022941632, 0.5980944680787014, 35.27427910203913], [0.0, 0.0, 0.0, 1.0]]}]}