{"camera": {"camera": "RealSense D415", "extrinsics": [[-0.9890942, -0.14685644, 0.011219113, 0.8004203], [-0.12468311, 0.7943339, -0.59454846, -0.32378525], [0.07840154, -0.58946323, -0.8039815, 0.23441935], [0.0, 0.0, 0.0, 1.0]], "height": 480, "intrinsics": [[605.8222, 0.0, 326.28275], [0.0, 605.7743, 245.73769], [0.0, 0.0, 1.0]], "width": 640}, "objects": [{"class": "MacaroniAndCheese", "pose": [[-0.21079022508031373, -0.975789271672825, 0.058333321298538354, 0.21483618111978187], [-0.7942419230997587, 0.13617348343411817, -0.5921458269402762, -21.756246010639487], [0.5698660187344261, -0.1711493318385157, -0.8037167177622492, 55.95110317403006], [0.0, 0.0, 0.0, 1.0]]}, {"class": "Pineapple", "pose": [[0.6018042644973614, 0.014162161050023088, 0.7985180389334318, 14.482959064238887], [-0.6431863212392585, -0.584114371446442, 0.49509785659302397, -26.080117058592368], [0.47343747933176633, -0.8115478126427291, -0.34241354597373086, 58.926129213899415], [0.0, 0.0, 0.0, 1.0]]}, {"class": "Milk", "pose": [[0.23544708414848878, 0.06388730240214505, 0.9697850696070037, -9.285326369274538], [-0.7738332722057863, -0.5913792300010429, 0.22683210423841493, -9.589633940120454], [0.5880023760474993, -0.8038588419568328, -0.08980035343935731, 36.736261642343834], [0.0, 0.0, 0.0, 1.0]]}, {"class": "TomatoSauce", "pose": [[-0.23711922053895637, -0.02098170928426206, -0.9712539529913984, 0.7375676158337452], [0.7518983175804324, -0.6370364528244459, -0.1698046175907191, -2.8730247604686623], [-0.6151613167687913, -0.7705480889765967, 0.16682965094167032, 39.30004635934223], [0.0, 0.0, 0.0, 1.0]]}, {"class": "Cookies", "pose": [[-0.4565952604981169, -0.002042463559604285, 0.8896721837329599, 25.963268843600463], [-0.721771739546974, -0.5838112921645203, -0.37176613817707455, -20.212144919990504], [0.5201599097476239, -0.8118868281294701, 0.2650912712797797, 47.82436676715539], [0.0, 0.0, 0.0, 1.0]]}, {"class": "OrangeJuice", "pose": [[-0.9847631269710677, 0.009859876481670837, -0.17362132550133572, 9.8932299537426], [0.132438107923105, -0.6045167607564816, -0.7855060559262462, -17.680572634985907], [-0.11270201035693643, -0.7965314129569704, 0.5939999162809672, 43.82417423266914], [0.0, 0.0, 0.0, 1.0]]}, {"class": "Mustard", "pose": [[0.4514972645783872, 0.011951176622092075, -0.8921924610365701, 18.972557549048773], [0.7194441441536542, -0.5963225227655673, 0.3560894587713791, -9.951023294778263], [-0.5277786943701925, -0.8026559905612197, -0.27783618571489305, 40.14119676856702], [0.0, 0.0, 0.0, 1.0]]}, {"class": "Parmesan", "pose": [[-0.4311627489225741, 0.05538640478115079, -0.9005726112767681, -11.144124569363356], [0.7038551826144298, -0.603840646447321, -0.3741182780451344, 1.8407947979586115], [-0.5645233605595406, -0.7951784969298868, 0.2213695302213173, 34.085617426324816], [0.0, 0.0, 0.0, 1.0]]}, {"class": "CreamCheese", "pose": [[0.35057699669254594, -0.9342350822842881, -0.06557879607169981, 6.517497290365471], [0.7569375506660766, 0.2414185093418116, 0.6072584113055877, 6.27785460490834], [-0.5514900999849566, -0.2625298818706097, 0.7917933229392029, 36.252235190162715], [0.0, 0.0, 0.0, 1.0]]}, {"class": "AlphabetSoup", "pose": [[-0.9678893611825818, 0.021049183417248978, 0.25049374136283376, 19.688815221740274], [-0.21033951657527136, -0.6134769661918277, -0.7611855424806229, 3.7652180551043024], [0.13764976050655686, -0.7894320546431337, 0.5982052407342535, 35.29093577063339], [0.0, 0.0, 0.0, 1.0]]}]}