{"camera": {"camera": "RealSense D415", "extrinsics": [[-0.98937374, -0.14490375, 0.011934836, 0.7993723], [-0.1233991, 0.79345655, -0.595986, -0.3232767], [0.07689083, -0.59112567, -0.8029061, 0.23508775], [0.0, 0.0, 0.0, 1.0]], "height": 480, "intrinsics": [[605.8222, 0.0, 326.28275], [0.0, 605.7743, 245.73769], [0.0, 0.0, 1.0]], "width": 640}, "objects": [{"class": "MacaroniAndCheese", "pose": [[-0.21270774238319062, -0.9753298304095116, 0.059051263676231924, 0.06570300975720089], [-0.792985429722413, 0.136998890798164, -0.5936374277038908, -21.555374456607193], [0.5709023176271854, -0.17309810004648138, -0.802563104394919, 55.859291942888945], [0.0, 0.0, 0.0, 1.0]]}, {"class": "Pineapple", "pose": [[0.6002288042448859, 0.01490321407879553, 0.7996894336322301, 14.32357492858365], [-0.6430416100443502, -0.5855687611059719, 0.49356529170034547, -25.89047137481395], [0.47562887180189667, -0.8104857220922523, -0.34189181862229295, 58.86694420873428], [0.0, 0.0, 0.0, 1.0]]}, {"class": "Milk", "pose": [[0.23352053861818386, 0.06460637037127918, 0.9702031171095474, -9.386725058421385], [-0.7730610857298956, -0.5928775121782985, 0.2255499871120495, -9.41187536124225], [0.5897835752533859, -0.8026968643060811, -0.08850436962275438, 36.60632669229671], [0.0, 0.0, 0.0, 1.0]]}, {"class": "TomatoSauce", "pose": [[-0.2351706405471834, -0.020373671927327107, -0.9717404987006482, 0.6394579755419572], [0.7510799482390266, -0.6383773315746534, -0.16838431425683603, -2.7023340329970336], [-0.6169064999901982, -0.7694538885044286, 0.16542983039059178, 39.17574913345191], [0.0, 0.0, 0.0, 1.0]]}, {"class": "Cookies", "pose": [[-0.45834122579917613, -0.0013004297439436784, 0.8887753051888586, 25.830078336250807], [-0.7203191044761909, -0.5852475303461813, -0.3723247229948242, -20.055488847299547], [0.5206377111835006, -0.8108536386641547, 0.26730636993253326, 47.774916321931485], [0.0, 0.0, 0.0, 1.0]]}, {"class": "OrangeJuice", "pose": [[-0.9844101884660167, 0.010551009610534639, -0.1755709843301555, 9.770007037376116], [0.13337757085388247, -0.6059394912418837, -0.7842497943573233, -17.512419425837034], [-0.11466005033286635, -0.7954407559475095, 0.5950857263311917, 43.74212173716934], [0.0, 0.0, 0.0, 1.0]]}, {"class": "Mustard", "pose": [[0.4532538609116157, 0.0126625218411143, -0.8912914852098035, 18.864722959898263], [0.7179839017375909, -0.5977585549571891, 0.3566283923414091, -9.799927495133042], [-0.5282612724973245, -0.8015761703922715, -0.2800278844804037, 40.061355210476975], [0.0, 0.0, 0.0, 1.0]]}, {"class": "Parmesan", "pose": [[-0.42935801779596683, 0.05607585490621221, -0.9013917597521152, -11.227620765349256], [0.7033513001771525, -0.6053136663883645, -0.3726825689852472, 2.015976917936074], [-0.5665232512367488, -0.7940093504465566, 0.22045521599495607, 33.93218739810172], [0.0, 0.0, 0.0, 1.0]]}, {"class": "CreamCheese", "pose": [[0.35241878382107383, -0.9334938386813875, -0.06625833873651446, 6.4353221916738645], [0.7555519611555251, 0.24203351110770624, 0.6087372149768525, 6.436429516442866], [-0.5522156809443651, -0.26459207581596506, 0.7906002910335617, 36.1218535817692], [0.0, 0.0, 0.0, 1.0]]}, {"class": "AlphabetSoup", "pose": [[-0.9683719338921067, 0.021717481529020494, 0.24856400009707297, 19.60537560011344], [-0.20897476632106202, -0.6149000338532565, -0.7604127029522721, 3.906850797416661], [0.13632772941066212, -0.7883059599630392, 0.5999903405291516, 35.188063994383896], [0.0, 0.0, 0.0, 1.0]]}]}