{"camera": {"camera": "RealSense D415", "extrinsics": [[-0.98658997, -0.16225064, -0.017745955, 0.8190684], [-0.12205191, 0.80556965, -0.5797938, -0.3330575], [0.108367525, -0.5698529, -0.81456995, 0.19630082], [0.0, 0.0, 0.0, 1.0]], "height": 480, "intrinsics": [[605.8222, 0.0, 326.28275], [0.0, 605.7743, 245.73769], [0.0, 0.0, 1.0]], "width": 640}, "objects": [{"class": "MacaroniAndCheese", "pose": [[-0.195840102683884, -0.9801961177396462, 0.029362624662085748, 3.2309991211393996], [-0.8036577605837139, 0.14326613011979314, -0.5775889849585845, -22.953323445396755], [0.5619438494046393, -0.1367126285500116, -0.8157994854041344, 54.914620863074525], [0.0, 0.0, 0.0, 1.0]]}, {"class": "Pineapple", "pose": [[0.6138821885921173, -0.015002004272411882, 0.7892550520429492, 17.568022848786857], [-0.6541871103357053, -0.5692352643068792, 0.4980064801501251, -27.38913092841046], [0.4418007685042074, -0.8220378065576729, -0.35925751016972496, 57.343472486764654], [0.0, 0.0, 0.0, 1.0]]}, {"class": "Milk", "pose": [[0.25084173994153236, 0.03491256123735816, 0.9673983012953389, -6.832670802030827], [-0.7854079876222817, -0.5768426238166867, 0.22447025651256633, -10.398786393683398], [0.5658734584305932, -0.8161088774659887, -0.11727558245180918, 36.24389904395702], [0.0, 0.0, 0.0, 1.0]]}, {"class": "TomatoSauce", "pose": [[-0.2534998854900498, -0.049039702335631916, -0.9660915352229925, 3.29971001053031], [0.7639801613534013, -0.622753868993895, -0.16885481172588526, -3.7711836547222157], [-0.5933567046800947, -0.7808794571595642, 0.1953333752121495, 38.60058417460235], [0.0, 0.0, 0.0, 1.0]]}, {"class": "Cookies", "pose": [[-0.4427912391141006, -0.031207478873914434, 0.8960814419483799, 28.70813520690312], [-0.7292870963470186, -0.5688598127604323, -0.3801826669632886, -21.36617688349305], [0.5216092904379177, -0.8218422043889937, 0.22912697852566058, 45.98118099693942], [0.0, 0.0, 0.0, 1.0]]}, {"class": "OrangeJuice", "pose": [[-0.9872796716174332, -0.018908555099374853, -0.15786467411419783, 12.528403835167424], [0.13849971342813505, -0.5898909781783287, -0.7955164856717667, -18.696249909652344], [-0.07808091877005255, -0.8072614826075304, 0.5850062409040815, 42.55418284659032], [0.0, 0.0, 0.0, 1.0]]}, {"class": "Mustard", "pose": [[0.4374370543919661, -0.016979435526341676, -0.8990886836081534, 21.519087924732048], [0.7271200106335, -0.5815947727019584, 0.3647520064831934, -10.937842301205599], [-0.5290985887719897, -0.8133014326350132, -0.24206506585571494, 38.71762841366709], [0.0, 0.0, 0.0, 1.0]]}, {"class": "Parmesan", "pose": [[-0.4460146148667783, 0.026640549790165804, -0.8946290757684279, -8.723259713086994], [0.7158128921500019, -0.589425780298166, -0.3744184406291527, 1.0856851306585702], [-0.5372922098934511, -0.807383137003433, 0.24382285443476057, 33.86307529638658], [0.0, 0.0, 0.0, 1.0]]}, {"class": "CreamCheese", "pose": [[0.3359749001457029, -0.9411469585432856, -0.03692164236545682, 9.020114307513282], [0.7654527264548033, 0.24999322165578503, 0.5929464802328188, 5.410178869975535], [-0.5488196482880872, -0.22747695284473615, 0.8043949668240232, 35.53221608385768], [0.0, 0.0, 0.0, 1.0]]}, {"class": "AlphabetSoup", "pose": [[-0.963868538306737, -0.007536102696582819, 0.2662716409923063, 22.141245573516976], [-0.20886296198974658, -0.5990251129439712, -0.773010473992915, 2.8617237486123104], [0.165328867185673, -0.8006947741526357, 0.5758075002934309, 34.09613330625564], [0.0, 0.0, 0.0, 1.0]]}]}