{"camera": {"camera": "RealSense D415", "extrinsics": [[-0.98821676, -0.1525489, -0.012510768, 0.8167348], [-0.11673669, 0.80403733, -0.5830064, -0.3304048], [0.0989961, -0.5746762, -0.81237125, 0.1992086], [0.0, 0.0, 0.0, 1.0]], "height": 480, "intrinsics": [[605.8222, 0.0, 326.28275], [0.0, 605.7743, 245.73769], [0.0, 0.0, 1.0]], "width": 640}, "objects": [{"class": "MacaroniAndCheese", "pose": [[-0.20543125979370291, -0.9780591056469907, 0.03461812353345936, 2.7022999672525194], [-0.8003892746173824, 0.147547826364888, -0.5810392663826567, -22.156269745235964], [0.5631828459487153, -0.1470716220649916, -0.8131389870782374, 54.37585438110257], [0.0, 0.0, 0.0, 1.0]]}, {"class": "Pineapple", "pose": [[0.6061826968861712, -0.009639971090898392, 0.7952670243821081, 16.992135954923715], [-0.6554088583515335, -0.572491995918157, 0.4926379239056039, -26.65291118783191], [0.45053495774280833, -0.8198536716768176, -0.3533527998814662, 56.965598695053785], [0.0, 0.0, 0.0, 1.0]]}, {"class": "Milk", "pose": [[0.24127455360673786, 0.040174516066687434, 0.9696249940864115, -7.112107256025634], [-0.7843297517447253, -0.5803215858583846, 0.21921149281209076, -9.628208908654374], [0.5715009747487344, -0.8133959188665777, -0.10850671558381152, 35.555260655369295], [0.0, 0.0, 0.0, 1.0]]}, {"class": "TomatoSauce", "pose": [[-0.2437652276929147, -0.044352326974763226, -0.9688195992939765, 3.029146984423259], [0.7628037418983674, -0.6256740626904151, -0.16328625076336675, -3.0411962744884278], [-0.5989231157463635, -0.7788227648838105, 0.1863496568758532, 37.986404990424326], [0.0, 0.0, 0.0, 1.0]]}, {"class": "Cookies", "pose": [[-0.45159470273565866, -0.025844521041157833, 0.8918488192006766, 28.274817218683566], [-0.7249646150434499, -0.5720357290292033, -0.38366836293206136, -20.731293835901443], [0.5200850422760162, -0.8198214705173668, 0.2395919397096655, 45.69105698368553], [0.0, 0.0, 0.0, 1.0]]}, {"class": "OrangeJuice", "pose": [[-0.985750466365298, -0.01379642645795344, -0.16764757020006096, 12.143547013527535], [0.14305488938833974, -0.5930679133072622, -0.7923419273858339, -17.995455420766294], [-0.0884949274511619, -0.8050342646703916, 0.5865905495457282, 42.09190927430402], [0.0, 0.0, 0.0, 1.0]]}, {"class": "Mustard", "pose": [[0.44630472395604537, -0.011765908702986041, -0.8948037147236864, 21.210547392773794], [0.7227935622460673, -0.5848059632402663, 0.36820026181454957, -10.297205234684839], [-0.5276186869378511, -0.8110879155774837, -0.2524973399711257, 38.314226494096474], [0.0, 0.0, 0.0, 1.0]]}, {"class": "Parmesan", "pose": [[-0.43706674376115606, 0.03175338133275001, -0.898868408271396, -8.921666597805288], [0.7158161197210738, -0.5928281553201318, -0.3690014120206486, 1.8556831380906025], [-0.5445914992152728, -0.8047027759035216, 0.23637583152676894, 33.10956191646895], [0.0, 0.0, 0.0, 1.0]]}, {"class": "CreamCheese", "pose": [[0.3452363146252102, -0.937576157175047, -0.041986517803585, 8.825496596093984], [0.7615463574916638, 0.25371084031452174, 0.5963874042634675, 6.099252860883619], [-0.5485061041104602, -0.23786927811594885, 0.8015979369836889, 34.93848084754738], [0.0, 0.0, 0.0, 1.0]]}, {"class": "AlphabetSoup", "pose": [[-0.9664968035271644, -0.0025356206549960823, 0.2566661849875527, 21.947442644236016], [-0.20342656038885634, -0.6022313209802298, -0.7719682970335014, 3.480214450408059], [0.15652978738653864, -0.7983176466822381, 0.5815387802638805, 33.64378837374671], [0.0, 0.0, 0.0, 1.0]]}]}