{"camera": {"camera": "RealSense D415", "extrinsics": [[-0.9885025, -0.1510699, -0.006379295, 0.81933457], [-0.11911348, 0.80400133, -0.58257514, -0.3235061], [0.09313853, -0.5751172, -0.81275177, 0.2010043], [0.0, 0.0, 0.0, 1.0]], "height": 480, "intrinsics": [[605.8222, 0.0, 326.28275], [0.0, 605.7743, 245.73769], [0.0, 0.0, 1.0]], "width": 640}, "objects": [{"class": "MacaroniAndCheese", "pose": [[-0.20684435408008608, -0.9775249118014615, 0.040748527383085285, 2.736370563155832], [-0.801187644527076, 0.14533314075877654, -0.5804968782746214, -21.671390559218374], [0.5615280828021334, -0.1527197639386498, -0.8132422069842072, 54.098008253334584], [0.0, 0.0, 0.0, 1.0]]}, {"class": "Pineapple", "pose": [[0.6050724225939538, -0.003489445450152105, 0.7961627783800796, 17.021324202613386], [-0.6542376268032728, -0.5720497962225941, 0.49470410100255446, -26.135916859313085], [0.4537185695790285, -0.8202114434785288, -0.34841447860198016, 56.76897657093131], [0.0, 0.0, 0.0, 1.0]]}, {"class": "Milk", "pose": [[0.23976603208673297, 0.046304626363911784, 0.9697257931631162, -6.997033954884424], [-0.7840836094273251, -0.5797660033895736, 0.22154968736907157, -9.155786441130182], [0.5724728738507329, -0.8134661751375156, -0.1027014698321509, 35.22712606184296], [0.0, 0.0, 0.0, 1.0]]}, {"class": "TomatoSauce", "pose": [[-0.24204535023857088, -0.03831642683636767, -0.9695080620363777, 3.114279475184778], [0.7625673040937168, -0.6253364234977687, -0.1656666937151051, -2.5463458827757304], [-0.599920998764666, -0.7794139884583882, 0.18057860097490294, 37.72129178079193], [0.0, 0.0, 0.0, 1.0]]}, {"class": "Cookies", "pose": [[-0.4529277739617652, -0.01969493390770264, 0.8913296380372209, 28.355912246819404], [-0.7263170651135932, -0.5716316113978922, -0.3817077560224049, -20.181445571551155], [0.517029927681768, -0.8202739595604542, 0.24460312026190498, 45.564016394980115], [0.0, 0.0, 0.0, 1.0]]}, {"class": "OrangeJuice", "pose": [[-0.9855487673255221, -0.007684250853532357, -0.16921749910430842, 12.239617191320706], [0.14078905801542013, -0.5926437888586832, -0.7930647955259331, -17.4814722155029], [-0.09419163565805717, -0.805427990944489, 0.5851612499718729, 41.87189998184058], [0.0, 0.0, 0.0, 1.0]]}, {"class": "Mustard", "pose": [[0.4476871490381126, -0.0056377371033375515, -0.8941724749720457, 21.310463555607594], [0.7241378492338343, -0.5843736734281402, 0.36624005016291294, -9.759812973422727], [-0.5245956405917843, -0.8114650841607387, -0.25753413822940285, 38.15166273091681], [0.0, 0.0, 0.0, 1.0]]}, {"class": "Parmesan", "pose": [[-0.4355508296932709, 0.03786214170764118, -0.8993675085691977, -8.819239141842516], [0.7150950822547224, -0.5922972278132506, -0.3712452107328583, 2.3252033953221787], [-0.5467490758552599, -0.8048294273598771, 0.23090050281550142, 32.77719290783171], [0.0, 0.0, 0.0, 1.0]]}, {"class": "CreamCheese", "pose": [[0.3466519887802429, -0.9367604760725112, -0.04808525381296079, 8.906872208824945], [0.7626649342906996, 0.2516422308676565, 0.5958341840474971, 6.609413464322683], [-0.5460536607409029, -0.24322009157168173, 0.8016666314252965, 34.71242734210364], [0.0, 0.0, 0.0, 1.0]]}, {"class": "AlphabetSoup", "pose": [[-0.9669161736485303, 0.0035585295829990825, 0.2550694660190529, 22.042302738338492], [-0.20578458373017466, -0.60178451408652, -0.7716917084800666, 4.021935995742959], [0.1507507412728333, -0.7986505439785667, 0.5826075213227951, 33.49321630691803], [0.0, 0.0, 0.0, 1.0]]}]}