{"camera": {"camera": "RealSense D415", "extrinsics": [[-0.8363911, 0.499178, 0.22643168, 0.5581369], [0.41800642, 0.8480851, -0.3256107, -0.34665823], [-0.354571, -0.17768797, -0.9179904, 0.3163886], [0.0, 0.0, 0.0, 1.0]], "height": 480, "intrinsics": [[603.75165, 0.0, 326.28275], [0.0, 603.20245, 245.73769], [0.0, 0.0, 1.0]], "width": 640}, "objects": [{"class": "ChocolatePudding", "pose": [[0.43855820356216896, 0.1607391115173438, 0.8842113202034045, 13.263517182210993], [-0.7993909685498327, -0.3798070070269188, 0.4655327570175695, 6.05489703467571], [0.4106589251998521, -0.9109937247731124, -0.03807409110000818, 48.783477931805585], [0.0, 0.0, 0.0, 1.0]]}, {"class": "MacaroniAndCheese", "pose": [[0.2678740026613301, 0.8699554910118403, -0.41403016920926866, 3.5395580070706534], [-0.3180652431146741, -0.3257910595771507, -0.8903340483572253, 1.5181955622171284], [-0.9094382941457517, 0.37018590467086815, 0.18943162608090292, 43.61235438848865], [0.0, 0.0, 0.0, 1.0]]}, {"class": "Milk", "pose": [[0.746101651995986, 0.624935261943343, 0.22975696274014457, -11.462852440021686], [0.6615442127038174, -0.6566665505326597, -0.3621440695245333, -4.2737123330294], [-0.07544288278434251, 0.42219062486093395, -0.9033622770251707, 44.42271851606429], [0.0, 0.0, 0.0, 1.0]]}, {"class": "Ketchup", "pose": [[0.2672758713819617, 0.19967534753885985, 0.9427053531306364, -5.1938429992338], [-0.8728181609658991, -0.36440749466513284, 0.32464698791479907, 10.370096901114778], [0.40835284659147963, -0.9095806313032402, 0.07688292186183608, 36.82977882406443], [0.0, 0.0, 0.0, 1.0]]}, {"class": "OrangeJuice", "pose": [[-0.18639049715512007, -0.952710896205402, -0.24000114474867934, 9.963593584389924], [0.9170601785072093, -0.2563557150358348, 0.30542168784642, -7.938593154139784], [-0.3525041888586065, -0.16316776914991668, 0.921475464558419, 51.882293096211576], [0.0, 0.0, 0.0, 1.0]]}]}