{"camera": {"camera": "RealSense D415", "extrinsics": [[-0.9890947, -0.14551315, 0.022751605, 0.84343046], [-0.13100468, 0.7986368, -0.5873815, -0.2992098], [0.06730146, -0.5839565, -0.8089903, 0.21545368], [0.0, 0.0, 0.0, 1.0]], "height": 480, "intrinsics": [[605.8222, 0.0, 326.28275], [0.0, 605.7743, 245.73769], [0.0, 0.0, 1.0]], "width": 640}, "objects": [{"class": "MacaroniAndCheese", "pose": [[-0.2119127232501235, -0.9747894858894773, 0.06984606332794858, 4.13256897139841], [-0.8004114766953668, 0.13210800829237784, -0.5847127234861779, -20.040279592258003], [0.5607445567583659, -0.17981367831456746, -0.8082280323430002, 53.33704830851275], [0.0, 0.0, 0.0, 1.0]]}, {"class": "Pineapple", "pose": [[0.6007228959196184, 0.02571019175068633, 0.7990438066817472, 18.394823552192364], [-0.6438834700777539, -0.5768646672417109, 0.5026343198946932, -24.30873132518], [0.4738629597894094, -0.8164350168821256, -0.3299814050162422, 56.41834438503059], [0.0, 0.0, 0.0, 1.0]]}, {"class": "Milk", "pose": [[0.2339938363085243, 0.07539666219810301, 0.9693101900513432, -5.244018707639098], [-0.777619385777809, -0.5839132548819242, 0.23313821763709122, -7.759520247366483], [0.5835708904587837, -0.808307273045932, -0.07800216188273208, 34.134126012897234], [0.0, 0.0, 0.0, 1.0]]}, {"class": "TomatoSauce", "pose": [[-0.23526554534034355, -0.009537527356651808, -0.971884342597409, 4.71351238566905], [0.7559149430574049, -0.6303447557298754, -0.17679964556984604, -1.0086847567395918], [-0.6109359452332039, -0.7762567392019029, 0.1555079251158239, 36.85773195909906], [0.0, 0.0, 0.0, 1.0]]}, {"class": "Cookies", "pose": [[-0.4576205316947107, 0.009508316286072816, 0.8890967649987372, 29.95211236508354], [-0.7289095208491243, -0.5766510078908732, -0.3690048135203648, -18.27800077050698], [0.5091898921102301, -0.8169352500568657, 0.2708180571813601, 45.48495011701789], [0.0, 0.0, 0.0, 1.0]]}, {"class": "OrangeJuice", "pose": [[-0.9843293107108485, 0.02137519601463713, -0.1750397832185814, 13.908756840636006], [0.12780768394070974, -0.5974225189543757, -0.7916764216895562, -15.803006780974657], [-0.12149497147159397, -0.8016417102694929, 0.5853285482286916, 41.34469648501812], [0.0, 0.0, 0.0, 1.0]]}, {"class": "Mustard", "pose": [[0.45261302874596115, 0.02348055067529661, -0.8913978497773928, 22.97978665145257], [0.7266199896410636, -0.5891629483500329, 0.353426707865686, -7.989731392495436], [-0.5168798924293438, -0.8076730032112787, -0.28372427776644765, 37.821403899598025], [0.0, 0.0, 0.0, 1.0]]}, {"class": "Parmesan", "pose": [[-0.4295274577586571, 0.0668811263646654, -0.9005737585594777, -7.142193110941508], [0.7063228658905558, -0.5964987870297138, -0.38117874164162274, 3.682992984282091], [-0.562684804517979, -0.799822547117355, 0.20897290014606723, 31.56477628057487], [0.0, 0.0, 0.0, 1.0]]}, {"class": "CreamCheese", "pose": [[0.35172111856246285, -0.9329277845568047, -0.07705855045008499, 10.470745611465349], [0.7637444969104366, 0.23838776634345588, 0.5998880255381513, 8.201446505299732], [-0.5412823536266006, -0.2698463477515329, 0.796364446322031, 33.948595356297204], [0.0, 0.0, 0.0, 1.0]]}, {"class": "AlphabetSoup", "pose": [[-0.9679916393363044, 0.03254417805559615, 0.24886357565555112, 23.665397212626782], [-0.21705652264954964, -0.6063808728190867, -0.7649762937122349, 5.772493219727304], [0.1260105513462128, -0.7945080934590829, 0.594035520390511, 33.098647453874115], [0.0, 0.0, 0.0, 1.0]]}]}