{"camera": {"camera": "RealSense D415", "extrinsics": [[-0.9971182, -0.06673227, 0.036085352, 0.82035], [-0.07529933, 0.81263876, -0.5778826, -0.3139901], [0.009239064, -0.57893443, -0.81532174, 0.21995945], [0.0, 0.0, 0.0, 1.0]], "height": 480, "intrinsics": [[605.8222, 0.0, 326.28275], [0.0, 605.7743, 245.73769], [0.0, 0.0, 1.0]], "width": 640}, "objects": [{"class": "MacaroniAndCheese", "pose": [[-0.28831000825796493, -0.9539214286995052, 0.0831340778638262, 0.8151481031675512], [-0.7937848848108893, 0.1895462894536559, -0.5779081584945109, -17.3545972560777], [0.5355211565133272, -0.2326072829624576, -0.8118564553623897, 49.34827726774559], [0.0, 0.0, 0.0, 1.0]]}, {"class": "Pineapple", "pose": [[0.535473412380391, 0.0400515934247379, 0.8436018743423472, 14.615146183749772], [-0.6827244139265235, -0.5674618197064729, 0.46029831268266314, -22.464932465084548], [0.49714749761724236, -0.8224250552094317, -0.27651646506276983, 53.165409812348855], [0.0, 0.0, 0.0, 1.0]]}, {"class": "Milk", "pose": [[0.15612961919192908, 0.08871620230049286, 0.9837443800888739, -6.740876978780697], [-0.7966885441255958, -0.5774250207022351, 0.17851551187631978, -4.328355735567991], [0.5838757810618125, -0.8116093884082105, -0.019473936716568295, 29.83640440018909], [0.0, 0.0, 0.0, 1.0]]}, {"class": "TomatoSauce", "pose": [[-0.15704675890724165, -0.0003881378506119569, -0.9875911060564593, 3.4073676209268933], [0.77542471331987, -0.6193316444419583, -0.12306464569493157, 1.8112761835654967], [-0.6115985999384842, -0.785129410657583, 0.09756496475627802, 33.22200474523331], [0.0, 0.0, 0.0, 1.0]]}, {"class": "Cookies", "pose": [[-0.5262560145709118, 0.023942630658077103, 0.8499890502007611, 27.10054222602858], [-0.7077941738084903, -0.5663202655235974, -0.4222663179019144, -16.969828493525863], [0.47125579506933535, -0.8238374391087356, 0.3149758892525907, 42.996906116484695], [0.0, 0.0, 0.0, 1.0]]}, {"class": "OrangeJuice", "pose": [[-0.9670153965241504, 0.033728408541895315, -0.2524750388425609, 11.485219267125169], [0.18508989575906437, -0.5879172648611523, -0.7874611730240946, -13.535706758948454], [-0.17499425364513943, -0.8082176105008814, 0.56228219475772, 37.994401673136416], [0.0, 0.0, 0.0, 1.0]]}, {"class": "Mustard", "pose": [[0.521577010186955, 0.036636420631641235, -0.8524172822179407, 21.16760638925903], [0.7058866870285518, -0.5797184755219057, 0.4070019079424757, -6.2093140073719635], [-0.4792508907920416, -0.8139928023221692, -0.32822897909366333, 35.10999570226968], [0.0, 0.0, 0.0, 1.0]]}, {"class": "Parmesan", "pose": [[-0.3562325459062421, 0.07903517435436894, -0.9310487862341116, -7.843284687118313], [0.736389496101154, -0.5896072940388651, -0.3318038994684321, 7.233928909878573], [-0.5751772852165808, -0.80381384702178, 0.1518365936823591, 27.339604427937907], [0.0, 0.0, 0.0, 1.0]]}, {"class": "CreamCheese", "pose": [[0.4244934709116688, -0.9010668300292398, -0.088791265733193, 9.829846828390398], [0.748986532236975, 0.29435368011173907, 0.5936119644908694, 10.713337666950062], [-0.5087479511270325, -0.3184878581063996, 0.7998380884510166, 30.784712256279857], [0.0, 0.0, 0.0, 1.0]]}, {"class": "AlphabetSoup", "pose": [[-0.9842797034612752, 0.043949507815854195, 0.17106119961291602, 22.894331066703046], [-0.16311759846759838, -0.5975825694789569, -0.7850399993500287, 7.547765944864782], [0.06772103660769144, -0.8006019837518419, 0.5953572760011647, 30.645189144385686], [0.0, 0.0, 0.0, 1.0]]}]}