{"camera": {"camera": "RealSense D415", "extrinsics": [[-0.82566726, 0.5177385, 0.22409905, 0.55274504], [0.43952712, 0.83936685, -0.3198112, -0.3502324], [-0.3536799, -0.16556, -0.92059785, 0.31261647], [0.0, 0.0, 0.0, 1.0]], "height": 480, "intrinsics": [[603.75165, 0.0, 326.28275], [0.0, 603.20245, 245.73769], [0.0, 0.0, 1.0]], "width": 640}, "objects": [{"class": "ChocolatePudding", "pose": [[0.41964611450298184, 0.15724985566197844, 0.8939628352593656, 13.503649059935386], [-0.8130723383898653, -0.37268971218646374, 0.4472312046857248, 6.385467935351164], [0.4034977823348299, -0.9145353125992688, -0.02854226536634345, 48.67274992327616], [0.0, 0.0, 0.0, 1.0]]}, {"class": "MacaroniAndCheese", "pose": [[0.26564765351162345, 0.861081371593736, -0.43355521566018096, 3.7124006561659817], [-0.31323732799011644, -0.3482224085204173, -0.8835290204780427, 2.1136218059752796], [-0.911764042373161, 0.3705130905507567, 0.17721833996031708, 43.403941721014405], [0.0, 0.0, 0.0, 1.0]]}, {"class": "Milk", "pose": [[0.7601835088520318, 0.6089174451735239, 0.22658443719922372, -11.412072019150465], [0.6465183452312495, -0.6744414125593351, -0.35657090427214305, -3.370241710051869], [-0.06430429608225992, 0.417550309621977, -0.9063755599597594, 44.07680955933692], [0.0, 0.0, 0.0, 1.0]]}, {"class": "Ketchup", "pose": [[0.24687431727268722, 0.19649315966433178, 0.9489169821561834, -4.799595019673641], [-0.8828486776605751, -0.35812988677099683, 0.3038440323972222, 11.224083274134589], [0.3995387906228396, -0.9127614126938807, 0.08506066974296, 36.68254318864601], [0.0, 0.0, 0.0, 1.0]]}, {"class": "OrangeJuice", "pose": [[-0.16535637158382618, -0.9570593525638333, -0.23810626912127777, 9.895499632206228], [0.9247393431548765, -0.2343777061368836, 0.2998737026758726, -7.56993216940029], [-0.3428037157569146, -0.17060022195086996, 0.9237863042857787, 51.59473162216391], [0.0, 0.0, 0.0, 1.0]]}]}