{"camera": {"camera": "RealSense D415", "extrinsics": [[-0.9980513, -0.04915867, 0.03843291, 0.813532], [-0.062342457, 0.8118251, -0.580563, -0.31518936], [-0.0026610957, -0.58182764, -0.81330776, 0.22281069], [0.0, 0.0, 0.0, 1.0]], "height": 480, "intrinsics": [[605.8222, 0.0, 326.28275], [0.0, 605.7743, 245.73769], [0.0, 0.0, 1.0]], "width": 640}, "objects": [{"class": "MacaroniAndCheese", "pose": [[-0.30505750038260465, -0.9484942458796951, 0.08543197056974874, -0.002219551047610846], [-0.7884913605123308, 0.2012485654329944, -0.581188779740472, -16.347055079517805], [0.5340610984821371, -0.24465837725219663, -0.8092718984530693, 48.60918627739418], [0.0, 0.0, 0.0, 1.0]]}, {"class": "Pineapple", "pose": [[0.5205034708441557, 0.04261986653978077, 0.8527952382707842, 13.683022341051876], [-0.688225029802259, -0.5702142658342533, 0.44855546789714557, -21.62521915859463], [0.5053933578151053, -0.8203897023202732, -0.26746639845163195, 52.606824554103056], [0.0, 0.0, 0.0, 1.0]]}, {"class": "Milk", "pose": [[0.13868942363569198, 0.09101650477799227, 0.9861446517786332, -7.151755214945943], [-0.7970213329558995, -0.5807773537876545, 0.16569450361509822, -3.2781856200972905], [0.5878113722909468, -0.8089583956557226, -0.008005548139459674, 28.973034763792754], [0.0, 0.0, 0.0, 1.0]]}, {"class": "TomatoSauce", "pose": [[-0.13954738275895895, 0.001061328716671701, -0.990214843429689, 3.033718031356536], [0.7756942963411462, -0.6214518146936843, -0.10998185771018534, 2.7387644485369567], [-0.6154874946976204, -0.7834516868382805, 0.08589867495228952, 32.46540983124894], [0.0, 0.0, 0.0, 1.0]]}, {"class": "Cookies", "pose": [[-0.5410711953996845, 0.026545361714625064, 0.8405577552329166, 26.360861834575644], [-0.6996023721379631, -0.568867929272695, -0.432372302919109, -16.320662720143382], [0.46668881624854064, -0.8220003947418008, 0.32636924476782253, 42.5761807392349], [0.0, 0.0, 0.0, 1.0]]}, {"class": "OrangeJuice", "pose": [[-0.9623409809519671, 0.035860005376536566, -0.26946972185535983, 10.853138347099966], [0.19712222954322162, -0.5905465100661345, -0.7825584032238498, -12.69832538604428], [-0.18719696471625766, -0.8062064912755365, 0.5612382505885257, 37.375628876270284], [0.0, 0.0, 0.0, 1.0]]}, {"class": "Mustard", "pose": [[0.5364648548043605, 0.03894395962071344, -0.8430236427116392, 20.66409481050624], [0.6977335064731178, -0.5824021677443686, 0.4171039167150451, -5.506086875026956], [-0.4747350646105209, -0.8119674313296505, -0.3396107963340294, 34.58972086060185], [0.0, 0.0, 0.0, 1.0]]}, {"class": "Parmesan", "pose": [[-0.33964959999224303, 0.08108439883925214, -0.9370504277209365, -8.073538704924111], [0.7393454594402019, -0.5928114296085301, -0.3192849963876946, 8.290440576648134], [-0.5813831996956278, -0.8012489968502284, 0.14139874205817968, 26.43277256736201], [0.0, 0.0, 0.0, 1.0]]}, {"class": "CreamCheese", "pose": [[0.44031349709918083, -0.8932471804468265, -0.09073882023747193, 9.600347041557267], [0.7420060677369913, 0.30512322682978343, 0.596931168794285, 11.550029240221665], [-0.5055205074984385, -0.33016560793298116, 0.7971446994957855, 30.082906405560657], [0.0, 0.0, 0.0, 1.0]]}, {"class": "AlphabetSoup", "pose": [[-0.9870634262811314, 0.04586177347490884, 0.1536311323719713, 22.623324580009307], [-0.15015706346609137, -0.6003223084343504, -0.7855354802139339, 8.215007121921436], [0.056202112564205764, -0.7984421400907821, 0.5994426207470003, 30.11017760681454], [0.0, 0.0, 0.0, 1.0]]}]}