{"camera": {"camera": "RealSense D415", "extrinsics": [[-0.99857014, -0.03612443, 0.039404433, 0.8107739], [-0.052304372, 0.81250644, -0.580601, -0.31479666], [-0.011042477, -0.5818318, -0.81323415, 0.22366445], [0.0, 0.0, 0.0, 1.0]], "height": 480, "intrinsics": [[605.8222, 0.0, 326.28275], [0.0, 605.7743, 245.73769], [0.0, 0.0, 1.0]], "width": 640}, "objects": [{"class": "MacaroniAndCheese", "pose": [[-0.317427003882219, -0.9443421699655885, 0.08635939243327566, -0.33902309841250533], [-0.7855940417125432, 0.21087000811866224, -0.5817008350457128, -15.500974688072992], [0.5311139436448018, -0.2524909807707395, -0.8088054364400062, 48.02007616684618], [0.0, 0.0, 0.0, 1.0]]}, {"class": "Pineapple", "pose": [[0.5093109966856818, 0.04375432753050555, 0.8594695159851771, 13.258532913838772], [-0.6936212995739016, -0.5702921052979474, 0.440064117604856, -20.918023906813733], [0.5094033392122845, -0.8202758764693925, -0.26010704527397444, 52.129578636864835], [0.0, 0.0, 0.0, 1.0]]}, {"class": "Milk", "pose": [[0.1257461987142922, 0.09194495870404576, 0.9877924880804773, -7.192204228933196], [-0.7986058645542464, -0.5813456968678766, 0.15577507510465355, -2.3531870606454564], [0.5885715752140097, -0.8084450168178946, 0.0003258094934947368, 28.331012893979924], [0.0, 0.0, 0.0, 1.0]]}, {"class": "TomatoSauce", "pose": [[-0.12658670081070852, 0.0013751555045366454, -0.9919545844218882, 3.0236270112422248], [0.7772993881220774, -0.6211237414423444, -0.10005488110432188, 3.5596892628836474], [-0.616264064730266, -0.783711334098033, 0.07755706188235811, 31.911364593551905], [0.0, 0.0, 0.0, 1.0]]}, {"class": "Cookies", "pose": [[-0.5519631102566604, 0.027708214241813446, 0.8334080400438464, 26.07257843579077], [-0.6943103681665866, -0.5687836004413099, -0.4409289610770556, -15.737257986929562], [0.46181139428798257, -0.8220203836531882, 0.33318564717566485, 42.207903637792164], [0.0, 0.0, 0.0, 1.0]]}, {"class": "OrangeJuice", "pose": [[-0.958710281739584, 0.036671960891703, -0.2820101849252395, 10.646127332394306], [0.206860550858645, -0.5905609235007274, -0.7800298252781869, -11.957157618995515], [-0.19514942403995067, -0.8061594172935468, 0.5585907685642659, 36.879490339951396], [0.0, 0.0, 0.0, 1.0]]}, {"class": "Mustard", "pose": [[0.5474057488600991, 0.03988573371433437, -0.8359162971203437, 20.551849896938922], [0.6924910627958175, -0.5824457382084303, 0.42569133204923115, -4.8628246116120435], [-0.46989679644423576, -0.8118904681145009, -0.3464546420466516, 34.179205521873236], [0.0, 0.0, 0.0, 1.0]]}, {"class": "Parmesan", "pose": [[-0.3273226299755111, 0.08182821567712195, -0.9413628527063383, -7.976377790655498], [0.7429507372040887, -0.5932823353094451, -0.3099036832449151, 9.22511715888214], [-0.5838527566548025, -0.8008247346955296, 0.1334003499464467, 25.788637745459326], [0.0, 0.0, 0.0, 1.0]]}, {"class": "CreamCheese", "pose": [[0.45196530127281925, -0.8873400040507875, -0.09140604513335335, 9.698193237013864], [0.7377401139359965, 0.3142175258676578, 0.5975005363331515, 12.305425160062644], [-0.5014646682232138, -0.3374834082299166, 0.7966417552530837, 29.588092701453984], [0.0, 0.0, 0.0, 1.0]]}, {"class": "AlphabetSoup", "pose": [[-0.9889585584004408, 0.04650962122900243, 0.14070467771207706, 22.686311525976766], [-0.14024808849761203, -0.6004398250836471, -0.7872753713392652, 8.839634915578841], [0.047868774844614694, -0.7983163005886269, 0.6003329202440734, 29.72275146613792], [0.0, 0.0, 0.0, 1.0]]}]}