{"camera": {"camera": "RealSense D415", "extrinsics": [[-0.9987923, 0.008396059, 0.048409775, 0.79428643], [-0.021606931, 0.80984086, -0.5862516, -0.3124499], [-0.044126414, -0.5865896, -0.80868137, 0.23055461], [0.0, 0.0, 0.0, 1.0]], "height": 480, "intrinsics": [[605.8222, 0.0, 326.28275], [0.0, 605.7743, 245.73769], [0.0, 0.0, 1.0]], "width": 640}, "objects": [{"class": "MacaroniAndCheese", "pose": [[-0.3590645942988969, -0.9284513761472701, 0.09513510808869856, -2.2614685596070716], [-0.7723539130500886, 0.23836704488967528, -0.5887704465520888, -12.619172851356044], [0.5239676510331301, -0.2848846176890668, -0.802682192565202, 45.89981754999111], [0.0, 0.0, 0.0, 1.0]]}, {"class": "Pineapple", "pose": [[0.47038901413353823, 0.0533082648366536, 0.8808475655994192, 11.01783274081628], [-0.7059993012930231, -0.5761225456631502, 0.41188329995126194, -18.428230980598258], [0.5294329405979052, -0.8156231191886971, -0.2333660983113394, 50.486862205259285], [0.0, 0.0, 0.0, 1.0]]}, {"class": "Milk", "pose": [[0.08133964236497128, 0.1007139313989131, 0.9915848910415853, -8.04641520680044], [-0.7986665161812455, -0.588585312847089, 0.12529636570137417, 0.6187654899949824], [0.5962513978130772, -0.802137184722738, 0.032561549062248854, 25.930313419774524], [0.0, 0.0, 0.0, 1.0]]}, {"class": "TomatoSauce", "pose": [[-0.08191877960779784, 0.008184415015034458, -0.9966054176243823, 2.2229631154263574], [0.7772355487780095, -0.6254124753318357, -0.06902312106401554, 6.235089986089198], [-0.6238543791060546, -0.780251423433379, 0.044871782744683814, 29.82145781060429], [0.0, 0.0, 0.0, 1.0]]}, {"class": "Cookies", "pose": [[-0.5882304142775667, 0.037383362461838696, 0.8078288763529856, 24.308678881688582], [-0.6742984823787295, -0.5741310137066481, -0.46442996198381103, -13.702039507638228], [0.4464376460966295, -0.8179095886236322, 0.362928891067551, 40.97390874175905], [0.0, 0.0, 0.0, 1.0]]}, {"class": "OrangeJuice", "pose": [[-0.9448339249034262, 0.04513674531955801, -0.3244249653053586, 9.19219290423171], [0.2351347983307955, -0.5960814468131956, -0.7677229898898361, -9.479912262628648], [-0.22803624434120023, -0.801654298621195, 0.5525847480298586, 35.115406150798734], [0.0, 0.0, 0.0, 1.0]]}, {"class": "Mustard", "pose": [[0.5838900681675544, 0.04878882987633722, -0.8103653916070368, 19.39702659092999], [0.6725733912891776, -0.5881024444141578, 0.4491999577362326, -2.709638607717657], [-0.4546619153102446, -0.8073135675523344, -0.37620126714119934, 32.71348747318519], [0.0, 0.0, 0.0, 1.0]]}, {"class": "Parmesan", "pose": [[-0.2845877871546956, 0.08998493095537964, -0.9544173788983452, -8.386889437302314], [0.7492706053271843, -0.600160449351557, -0.28000187294576667, 12.200761313066955], [-0.5979995215557503, -0.7948019735797229, 0.10337524848420987, 23.30787399020814], [0.0, 0.0, 0.0, 1.0]]}, {"class": "CreamCheese", "pose": [[0.4909976432433239, -0.8654849309100824, -0.09928332305533763, 9.238568947621006], [0.7205545678510491, 0.33941576319631056, 0.6046470939888984, 14.757600345770083], [-0.4896146140667623, -0.3684193718041038, 0.7902814328819997, 27.680564547793356], [0.0, 0.0, 0.0, 1.0]]}, {"class": "AlphabetSoup", "pose": [[-0.9938703384259799, 0.054397859942956525, 0.09624267645121884, 22.101526906308266], [-0.10946123033089163, -0.6062127568938805, -0.7877337026304854, 10.894519481475118], [0.015492486200703669, -0.7934399771862642, 0.6084513394350307, 28.265354572212097], [0.0, 0.0, 0.0, 1.0]]}]}