{"camera": {"camera": "RealSense D415", "extrinsics": [[-0.9985149, 0.023626527, 0.049089573, 0.79002124], [-0.009736112, 0.8091732, -0.5874895, -0.31357118], [-0.053602304, -0.58709496, -0.80774146, 0.23188375], [0.0, 0.0, 0.0, 1.0]], "height": 480, "intrinsics": [[605.8222, 0.0, 326.28275], [0.0, 605.7743, 245.73769], [0.0, 0.0, 1.0]], "width": 640}, "objects": [{"class": "MacaroniAndCheese", "pose": [[-0.37321241850879827, -0.9227944933084231, 0.09572245543077573, -2.6732180017548512], [-0.7675626687352356, 0.24917148525690377, -0.590560013971471, -11.738872080873364], [0.5211141871585667, -0.2938773311539809, -0.8012964953602761, 45.24109735760858], [0.0, 0.0, 0.0, 1.0]]}, {"class": "Pineapple", "pose": [[0.45688443490345665, 0.0541742490506639, 0.8878748439763223, 10.491680054668151], [-0.7110968081578805, -0.5774256010783073, 0.4011496157920422, -17.70184540927563], [0.5344136342521814, -0.8146439825727101, -0.2252935961900196, 49.95855132121624], [0.0, 0.0, 0.0, 1.0]]}, {"class": "Milk", "pose": [[0.0661402981991494, 0.10129766322706361, 0.992655136017588, -8.109936281546393], [-0.7990610900386333, -0.5904409307548123, 0.11349401428592626, 1.5497370189897441], [0.5976008763683388, -0.8006986215593536, 0.041891112393030644, 25.207510296678603], [0.0, 0.0, 0.0, 1.0]]}, {"class": "TomatoSauce", "pose": [[-0.06671291542838247, 0.008131740664135011, -0.9977390622763291, 2.1882987797681275], [0.7776145747577569, -0.6261433066557169, -0.05709765544774576, 7.046609432154488], [-0.6251919145546796, -0.7796655900557086, 0.035448454963772, 29.19185189932621], [0.0, 0.0, 0.0, 1.0]]}, {"class": "Cookies", "pose": [[-0.6004455904023704, 0.03829666920713038, 0.7987480408597067, 23.927698049773905], [-0.6668494931225125, -0.5752463412408061, -0.47371237055241194, -13.142711101729333], [0.4413352436777233, -0.8170832300240805, 0.37094225049476454, 40.56879882101629], [0.0, 0.0, 0.0, 1.0]]}, {"class": "OrangeJuice", "pose": [[-0.939753529854879, 0.04563292734045866, -0.33879332010957297, 8.918971072313298], [0.2461841777977102, -0.5972735174053067, -0.7633201855128885, -8.745757058984996], [-0.2371848306301232, -0.8007383940417757, 0.550055756925731, 34.56368004548882], [0.0, 0.0, 0.0, 1.0]]}, {"class": "Mustard", "pose": [[0.5961632668941006, 0.04943351505800505, -0.8013399163141669, 19.226194316524627], [0.6651691249871964, -0.5893435427598871, 0.45850216288918944, -2.099716451296235], [-0.4495990932570186, -0.8063687182332726, -0.38422662700296645, 32.253759591142185], [0.0, 0.0, 0.0, 1.0]]}, {"class": "Parmesan", "pose": [[-0.26993748883827284, 0.09036216685510517, -0.958628398079344, -8.28729813779059], [0.7520903177953109, -0.6018809551878141, -0.26851346197876963, 13.132685604555377], [-0.6012436165062481, -0.7934569854699279, 0.09450968797029481, 22.573203110762588], [0.0, 0.0, 0.0, 1.0]]}, {"class": "CreamCheese", "pose": [[0.5041859572266049, -0.8578366388998337, -0.09956302616815482, 9.325090020411885], [0.7142239670283029, 0.34938971211540554, 0.6064742068656669, 15.4830103356492], [-0.48546946077494285, -0.37688608946428465, 0.7888448729148123, 27.11130524167637], [0.0, 0.0, 0.0, 1.0]]}, {"class": "AlphabetSoup", "pose": [[-0.9952077305658166, 0.054694097994080294, 0.08105617403926342, 22.13491359248465], [-0.09759100972460057, -0.6075073771851496, -0.7882961315962582, 11.467361317133285], [0.006127046983584605, -0.7924287584379693, 0.609933666390453, 27.821258824158374], [0.0, 0.0, 0.0, 1.0]]}]}