{"camera": {"camera": "RealSense D415", "extrinsics": [[-0.99815166, 0.038135786, 0.047317244, 0.78696805], [0.0031419117, 0.80994165, -0.586502, -0.31513768], [-0.06069092, -0.5852693, -0.8085644, 0.23117499], [0.0, 0.0, 0.0, 1.0]], "height": 480, "intrinsics": [[605.8222, 0.0, 326.28275], [0.0, 605.7743, 245.73769], [0.0, 0.0, 1.0]], "width": 640}, "objects": [{"class": "MacaroniAndCheese", "pose": [[-0.38668372686406915, -0.9174235344488973, 0.09386010655239319, -2.875831250503391], [-0.7637346637130502, 0.2615251127273899, -0.5901812945465594, -10.895113938930177], [0.5168994212107945, -0.29989774136797637, -0.8017956434502873, 44.63111421829268], [0.0, 0.0, 0.0, 1.0]]}, {"class": "Pineapple", "pose": [[0.44395141229185, 0.05257902563703421, 0.8945068783253441, 10.177940289511023], [-0.7179181395627435, -0.576490603536984, 0.39019496472525883, -17.035144508534042], [0.5361908898488186, -0.8154103041965909, -0.21818635666485667, 49.42955505463451], [0.0, 0.0, 0.0, 1.0]]}, {"class": "Milk", "pose": [[0.05167600046811409, 0.09943199141654263, 0.9937015828923588, -7.9998012717882645], [-0.8009990796957585, -0.5901347001754713, 0.10070497282640384, 2.5007775271931374], [0.5964310794870558, -0.8011580670992887, 0.04914915792935912, 24.58654723568264], [0.0, 0.0, 0.0, 1.0]]}, {"class": "TomatoSauce", "pose": [[-0.05232653674105666, 0.0056703515474202755, -0.9986139126059852, 2.3392594715366255], [0.7796151864563955, -0.6246830687223165, -0.04439826882707157, 7.8577259843611245], [-0.6240689545309889, -0.780857765394293, 0.028266782546966355, 28.654858003587215], [0.0, 0.0, 0.0, 1.0]]}, {"class": "Cookies", "pose": [[-0.6120387501192713, 0.036748323887107755, 0.7899734772941093, 23.73750492668949], [-0.6599683938079284, -0.5741036859884332, -0.48460980023694233, -12.630061440101587], [0.43571806869103497, -0.8179574884196446, 0.3756264534559685, 40.14444949342092], [0.0, 0.0, 0.0, 1.0]]}, {"class": "OrangeJuice", "pose": [[-0.9348217987061481, 0.0436861806160327, -0.3524197611814705, 8.829241079388083], [0.25864506804181014, -0.59625455953958, -0.7599889542503371, -8.029835402285812], [-0.24333292735227902, -0.80160585925706, 0.5460925321339318, 34.042144329143866], [0.0, 0.0, 0.0, 1.0]]}, {"class": "Mustard", "pose": [[0.6077941368919005, 0.04762770299879685, -0.7926650331956795, 19.236701621180462], [0.6583589713202007, -0.5883629492097414, 0.46945978151065776, -1.5117247984946403], [-0.4440154270585522, -0.8071930233661447, -0.38895969501294353, 31.818760088312537], [0.0, 0.0, 0.0, 1.0]]}, {"class": "Parmesan", "pose": [[-0.25602572069880436, 0.0883000207063197, -0.9626286420360345, -8.010415113538594], [0.7566463314039825, -0.6014479192597588, -0.2564112149801812, 14.090133421604534], [-0.6016121123248465, -0.7940172804297757, 0.08717422477123991, 21.974566293426932], [0.0, 0.0, 0.0, 1.0]]}, {"class": "CreamCheese", "pose": [[0.5167083937899944, -0.8506021394561873, -0.0974084284019607, 9.597874520425131], [0.7086558606906722, 0.3610649526704944, 0.6061674295427198, 16.2061592328731], [-0.4804365265063925, -0.3822408721690498, 0.7893494666011022, 26.642026059411233], [0.0, 0.0, 0.0, 1.0]]}, {"class": "AlphabetSoup", "pose": [[-0.9963919195632792, 0.05255656247360076, 0.0666401992357581, 22.349970916384997], [-0.08486375768709324, -0.6066195885942751, -0.7904497447286263, 12.025603055626094], [-0.0011180972980799953, -0.793253060944123, 0.6088910016930283, 27.434513685314155], [0.0, 0.0, 0.0, 1.0]]}]}