{"camera": {"camera": "RealSense D415", "extrinsics": [[-0.99756336, 0.05386476, 0.044338327, 0.78400636], [0.017756782, 0.81062895, -0.58529085, -0.31727457], [-0.06746849, -0.58307743, -0.80961025, 0.2308788], [0.0, 0.0, 0.0, 1.0]], "height": 480, "intrinsics": [[605.8222, 0.0, 326.28275], [0.0, 605.7743, 245.73769], [0.0, 0.0, 1.0]], "width": 640}, "objects": [{"class": "MacaroniAndCheese", "pose": [[-0.40123134603539773, -0.9114675597620753, 0.0907756599188223, -3.0097948459805624], [-0.7592163856573529, 0.2754838839665444, -0.5896601767002733, -9.97667197587065], [0.5124488811218497, -0.3055085505931413, -0.8025339271415074, 44.09512701814291], [0.0, 0.0, 0.0, 1.0]]}, {"class": "Pineapple", "pose": [[0.4298291986594636, 0.04979126023005507, 0.9015362534907699, 9.920554902535272], [-0.7254963745968291, -0.5753413207324556, 0.37767365498111727, -16.316262717916082], [0.5374959247784951, -0.8163965007107775, -0.2111750907077736, 48.967662428602225], [0.0, 0.0, 0.0, 1.0]]}, {"class": "Milk", "pose": [[0.035988800139721645, 0.09634314843170447, 0.9946973057108763, -7.802060994428706], [-0.8030153247046251, -0.5896958502181746, 0.08616964133088711, 3.537567741639064], [0.5948707346876908, -0.8018583729199, 0.056142615294492174, 24.047953016111872], [0.0, 0.0, 0.0, 1.0]]}, {"class": "TomatoSauce", "pose": [[-0.036760231820325256, 0.0019542787773771902, -0.9993221663331012, 2.585489579023803], [0.7817058687703454, -0.6229265976518157, -0.029973375352733866, 8.734748632968603], [-0.6225629420230409, -0.7822778844495444, 0.021371223233318384, 28.19913730962938], [0.0, 0.0, 0.0, 1.0]]}, {"class": "Cookies", "pose": [[-0.6244993362504564, 0.03401457724357347, 0.7802842517514924, 23.605645415626107], [-0.6520085081439538, -0.5727192681393735, -0.4968677487741577, -12.087263190126475], [0.4299830613100537, -0.8190456035415354, 0.3798406254831672, 39.785418953457814], [0.0, 0.0, 0.0, 1.0]]}, {"class": "OrangeJuice", "pose": [[-0.9292918118322127, 0.04051888330567402, -0.36711697663138865, 8.807640796788252], [0.2727281804578697, -0.5950054782431395, -0.7560342816346998, -7.257455015401085], [-0.24907031084222683, -0.8026996653994761, 0.541883070307842, 33.59279866057703], [0.0, 0.0, 0.0, 1.0]]}, {"class": "Mustard", "pose": [[0.6202886432751323, 0.04461241345353101, -0.7831038612875395, 19.323395476757565], [0.6504796472542407, -0.5871592127145379, 0.48178864867755744, -0.8859562348610517], [-0.43831287497013965, -0.8082412035586662, -0.39322768845438283, 31.45566462785493], [0.0, 0.0, 0.0, 1.0]]}, {"class": "Parmesan", "pose": [[-0.24091950211535998, 0.08499990308291258, -0.9668157714632549, -7.626913620179831], [0.7616430662479347, -0.6008625875801831, -0.24261905334287867, 15.13175420359834], [-0.6015460369197004, -0.7948202415429829, 0.08001989478550871, 21.46340392841094], [0.0, 0.0, 0.0, 1.0]]}, {"class": "CreamCheese", "pose": [[0.530192173787862, -0.8426499233900886, -0.09400686910266803, 9.977882911961167], [0.7021748781911934, 0.3742305969001024, 0.6057242898737675, 16.981567113802836], [-0.47523326558555073, -0.3871595744799433, 0.790101791942741, 26.255473751799784], [0.0, 0.0, 0.0, 1.0]]}, {"class": "AlphabetSoup", "pose": [[-0.9974859649723358, 0.049180880148296253, 0.05101878756648298, 22.66235780755498], [-0.07040007184575865, -0.605516998123025, -0.7927124380443998, 12.614702887084961], [-0.008093586476328875, -0.7943113101006541, 0.6074570527748117, 27.124747244562347], [0.0, 0.0, 0.0, 1.0]]}]}