{"camera": {"camera": "RealSense D415", "extrinsics": [[-0.99688584, 0.06777956, 0.040306363, 0.7822433], [0.031581614, 0.8114907, -0.5835113, -0.31932998], [-0.07225838, -0.5804212, -0.8111041, 0.2287415], [0.0, 0.0, 0.0, 1.0]], "height": 480, "intrinsics": [[605.8222, 0.0, 326.28275], [0.0, 605.7743, 245.73769], [0.0, 0.0, 1.0]], "width": 640}, "objects": [{"class": "MacaroniAndCheese", "pose": [[-0.4140620516747557, -0.906115534256819, 0.08664452866640804, -2.9834350780357677], [-0.7551329733907352, 0.2887916058175012, -0.5885351563129932, -9.132208877512719], [0.5082585896565878, -0.3091182253755014, -0.8038152923175512, 43.5498060824939], [0.0, 0.0, 0.0, 1.0]]}, {"class": "Pineapple", "pose": [[0.4172488633348518, 0.04592776774245557, 0.9076310068537887, 9.835159503100021], [-0.7328454133813385, -0.5736177428389853, 0.3659239189984531, -15.6618985214569], [0.5374392990153928, -0.817834490053989, -0.20568335405309016, 48.46638602269381], [0.0, 0.0, 0.0, 1.0]]}, {"class": "Milk", "pose": [[0.022110767175957776, 0.0922076382087903, 0.9954942912128124, -7.492579028738422], [-0.8051396571947651, -0.5886488535424869, 0.07240641507735814, 4.503857994306698], [0.5926729614592301, -0.8031128235007637, 0.06122457730626111, 23.519455455067632], [0.0, 0.0, 0.0, 1.0]]}, {"class": "TomatoSauce", "pose": [[-0.023037479083056228, -0.0027208058716700484, -0.9997309088846649, 2.9445104290466984], [0.7839224627858824, -0.6206427712388409, -0.01637535213760884, 9.546639050772527], [-0.6204311690368921, -0.7840886971884975, 0.01643091023993408, 27.73629746590875], [0.0, 0.0, 0.0, 1.0]]}, {"class": "Cookies", "pose": [[-0.6354393543610719, 0.03020150538331746, 0.771559922759222, 23.621489419116337], [-0.6446472406804385, -0.570772725829733, -0.5085749304094089, -11.593921766936289], [0.4250255840083012, -0.8205524313815517, 0.3821607720250457, 39.36317694905579], [0.0, 0.0, 0.0, 1.0]]}, {"class": "OrangeJuice", "pose": [[-0.9242517862350252, 0.03632087427261194, -0.38005190190274085, 8.921286836577591], [0.2861174406356347, -0.593192659603949, -0.7525020319341672, -6.544547926971511], [-0.25277554556704473, -0.8042407561802551, 0.5378672931536622, 33.11302337660401], [0.0, 0.0, 0.0, 1.0]]}, {"class": "Mustard", "pose": [[0.6312490053128823, 0.04054821321641547, -0.7745195634087658, 19.53337833645876], [0.6432000275902366, -0.5853871634559117, 0.493574333487777, -0.3112306199674675], [-0.43338020469837807, -0.8097392426685545, -0.3956056779682275, 31.045726706842082], [0.0, 0.0, 0.0, 1.0]]}, {"class": "Parmesan", "pose": [[-0.22755205138133353, 0.08067869075650874, -0.9704179672576214, -7.146519536087926], [0.7665911781480161, -0.599679728521923, -0.22961319233539593, 16.101953402387288], [-0.6004648446821602, -0.7961627363196618, 0.07461074305601333, 20.969914450982802], [0.0, 0.0, 0.0, 1.0]]}, {"class": "CreamCheese", "pose": [[0.5420484496104251, -0.8355574121254312, -0.08959524386728682, 10.458223111723598], [0.6962276415754093, 0.3868230642742628, 0.6046776144035395, 17.697220097229554], [-0.47058530839550794, -0.3901432516326208, 0.7914149392767256, 25.85282215831956], [0.0, 0.0, 0.0, 1.0]]}, {"class": "AlphabetSoup", "pose": [[-0.9983025670701176, 0.0447974017363899, 0.037218218459968214, 23.07749480004847], [-0.056738460523301754, -0.6038456523303388, -0.7950793699802151, 13.154937868659577], [-0.013143463298008305, -0.7958414122744091, 0.6053623636006463, 26.77081598475841], [0.0, 0.0, 0.0, 1.0]]}]}