{"camera": {"camera": "RealSense D415", "extrinsics": [[-0.99248755, 0.11996878, 0.023998275, 0.77442706], [0.0843924, 0.8133221, -0.57566047, -0.32765064], [-0.08857961, -0.5693106, -0.81733656, 0.22908035], [0.0, 0.0, 0.0, 1.0]], "height": 480, "intrinsics": [[605.8222, 0.0, 326.28275], [0.0, 605.7743, 245.73769], [0.0, 0.0, 1.0]], "width": 640}, "objects": [{"class": "MacaroniAndCheese", "pose": [[-0.4615450070895949, -0.8843602746574007, 0.06987875832152803, -2.816485744691777], [-0.7381552580552968, 0.3391605385150026, -0.5831782519924397, -5.989835857112741], [0.4920395493721064, -0.3207444079087492, -0.8093330949229706, 42.49396438140439], [0.0, 0.0, 0.0, 1.0]]}, {"class": "Pineapple", "pose": [[0.3691670254061307, 0.030242733195363723, 0.9288708275469038, 9.557780142881157], [-0.7596269057601246, -0.5659988052856363, 0.32033146261014955, -13.23470780094073], [0.5354274861125919, -0.8238511418350205, -0.18597487760694306, 47.54523402568106], [0.0, 0.0, 0.0, 1.0]]}, {"class": "Milk", "pose": [[-0.03009636542216658, 0.07541537465360376, 0.9966978779350529, -6.261521916641788], [-0.8118107061784116, -0.583590113849285, 0.019643976911837547, 8.08745340687591], [0.5831444854915485, -0.8085388506874364, 0.07878697772138671, 22.557784373064813], [0.0, 0.0, 0.0, 1.0]]}, {"class": "TomatoSauce", "pose": [[0.02855012074487329, -0.02136479520167099, -0.9993639807184612, 4.348821822377391], [0.7909843614276062, -0.6107965257202638, 0.03565492423834449, 12.530735960344753], [-0.6111698090822887, -0.7914992897701104, -0.0005391181342027676, 27.009982616577428], [0.0, 0.0, 0.0, 1.0]]}, {"class": "Cookies", "pose": [[-0.6753965688271364, 0.014735332747190424, 0.7373074491766414, 23.69315857945188], [-0.6153339148500322, -0.5623062785889943, -0.5524271461216894, -9.789879518347641], [0.40645239270363465, -0.8267977346076851, 0.38884689840825937, 38.724578531827866], [0.0, 0.0, 0.0, 1.0]]}, {"class": "OrangeJuice", "pose": [[-0.9035876598312225, 0.01939599603172312, -0.42796386081616544, 9.386310629181827], [0.33680332866769835, -0.5851971395072362, -0.7376366010362638, -3.909981657880901], [-0.26475044626544386, -0.8106590393452023, 0.5222442675786837, 32.290495022903706], [0.0, 0.0, 0.0, 1.0]]}, {"class": "Mustard", "pose": [[0.6712824806123302, 0.02411848139517474, -0.7408090576553134, 20.342538859763803], [0.6142014904428951, -0.577561632847409, 0.5377536786278515, 1.7836788394051895], [-0.41489306999747055, -0.815990706913661, -0.40252063125664916, 30.47728653280651], [0.0, 0.0, 0.0, 1.0]]}, {"class": "Parmesan", "pose": [[-0.1769051329699335, 0.0632092959052897, -0.9821960540880077, -5.268497319631615], [0.7841300880313867, -0.5940815365793057, -0.1794632620256459, 19.679605933152], [-0.5948482933680365, -0.8019175057772271, 0.05553173591558567, 20.155364782045158], [0.0, 0.0, 0.0, 1.0]]}, {"class": "CreamCheese", "pose": [[0.5856205803390329, -0.8074017182056723, -0.07176998779370082, 12.307846796635836], [0.6722286543918972, 0.43427983889002497, 0.5995911834121135, 20.29860998180958], [-0.45294267796972437, -0.3993788023832914, 0.7970818368079503, 25.351859874101617], [0.0, 0.0, 0.0, 1.0]]}, {"class": "AlphabetSoup", "pose": [[-0.9995228473704079, 0.027159754114195814, -0.014709016520983475, 24.655950011375737], [-0.004392533821551082, -0.5963719196694163, -0.802696186956103, 15.093686640055031], [-0.030573100661816267, -0.8022486246389504, 0.5962066602022057, 26.426179213057477], [0.0, 0.0, 0.0, 1.0]]}]}