{"camera": {"camera": "RealSense D415", "extrinsics": [[-0.9779747, 0.20696709, 0.027019009, 0.7447331], [0.15357064, 0.80117035, -0.57839614, -0.3273263], [-0.1413558, -0.56150746, -0.81530845, 0.24361745], [0.0, 0.0, 0.0, 1.0]], "height": 480, "intrinsics": [[605.8222, 0.0, 326.28275], [0.0, 605.7743, 245.73769], [0.0, 0.0, 1.0]], "width": 640}, "objects": [{"class": "MacaroniAndCheese", "pose": [[-0.5378158741485463, -0.840002122737545, 0.07176629372366553, -4.636154408489301], [-0.7024505303138806, 0.39941821939691996, -0.5890911148207463, -0.3315204607345468], [0.466172982694408, -0.36723484426098046, -0.8048734521051871, 39.65618164394875], [0.0, 0.0, 0.0, 1.0]]}, {"class": "Pineapple", "pose": [[0.2858410506051877, 0.03426493911545893, 0.9576641840128067, 6.911868102018815], [-0.7820388844263914, -0.5692163068239807, 0.2537872778056487, -8.411659408464025], [0.5538140634705295, -0.8214735097523477, -0.13590883126099204, 45.355346205679005], [0.0, 0.0, 0.0, 1.0]]}, {"class": "Milk", "pose": [[-0.11807561411370143, 0.07721009830437776, 0.9899982988248405, -6.016665812466259], [-0.8059282525332376, -0.5898881265655385, -0.0501163944326464, 13.89243966431205], [0.5801187238476001, -0.8037851795593168, 0.13187723798873313, 19.574778072750448], [0.0, 0.0, 0.0, 1.0]]}, {"class": "TomatoSauce", "pose": [[0.11656576433760309, -0.02201218787191902, -0.9929389547067125, 4.6272413969221216], [0.785177061706742, -0.6101835337061651, 0.10570260190095301, 17.59356401075824], [-0.6082017215858672, -0.7919542560458187, -0.05384307502556727, 24.590068702293628], [0.0, 0.0, 0.0, 1.0]]}, {"class": "Cookies", "pose": [[-0.7376468533196039, 0.01923430936110597, 0.674912618592707, 21.704172631781148], [-0.5651830756903132, -0.5644534784583454, -0.6016314193048089, -5.994084533725336], [0.36938476845682594, -0.82524077081152, 0.4272382444957531, 37.3040869372569], [0.0, 0.0, 0.0, 1.0]]}, {"class": "OrangeJuice", "pose": [[-0.8623037680970593, 0.0214089611977262, -0.5059384839193644, 8.208894688300106], [0.3985857041522786, -0.5875660451152754, -0.7041985388782299, 0.8559000120704041], [-0.31234845245242304, -0.808892958911446, 0.4981270719518972, 30.119958257195794], [0.0, 0.0, 0.0, 1.0]]}, {"class": "Mustard", "pose": [[0.7339189902729554, 0.02693349107742839, -0.6787027216533656, 19.619013555923694], [0.5643166397854038, -0.5802969696760101, 0.587198569592398, 5.76107754392573], [-0.37803378380281094, -0.8139594786655717, -0.4410899907405612, 28.8981359377703], [0.0, 0.0, 0.0, 1.0]]}, {"class": "Parmesan", "pose": [[-0.08944053208549181, 0.06396178983895118, -0.9939361962749111, -4.085225307479201], [0.7928083806815922, -0.5994769462530843, -0.10991935915622472, 25.378992561275233], [-0.6028724569866921, -0.797832249512831, 0.0029080545786614683, 17.23717954475369], [0.0, 0.0, 0.0, 1.0]]}, {"class": "CreamCheese", "pose": [[0.6546941293221237, -0.7524718276405652, -0.07184446563926472, 13.189265389974803], [0.6280972323523525, 0.4886634627222068, 0.6055591548287127, 24.778650162642542], [-0.42055839798813166, -0.44158134887968997, 0.7925506297647854, 23.364670718916468], [0.0, 0.0, 0.0, 1.0]]}, {"class": "AlphabetSoup", "pose": [[-0.9943099592800764, 0.027909392596925375, -0.10280395073099623, 25.06642634617365], [0.06567433288493378, -0.5992326434554185, -0.797876634638938, 18.72322112353481], [-0.083871768626238, -0.800088323544545, 0.5939900297921628, 25.0926356979493], [0.0, 0.0, 0.0, 1.0]]}]}