{"camera": {"camera": "RealSense D415", "extrinsics": [[-0.9704068, 0.24024957, 0.02430807, 0.7363871], [0.18232025, 0.7949639, -0.5786119, -0.32858148], [-0.15833531, -0.5570571, -0.8152407, 0.242489], [0.0, 0.0, 0.0, 1.0]], "height": 480, "intrinsics": [[605.8222, 0.0, 326.28275], [0.0, 605.7743, 245.73769], [0.0, 0.0, 1.0]], "width": 640}, "objects": [{"class": "MacaroniAndCheese", "pose": [[-0.5663296482594737, -0.8213246639969438, 0.06853163670530735, -4.7403393397765115], [-0.6865191669236842, 0.4240952060213274, -0.5906223270690143, 1.8491352210840084], [0.45602873970415453, -0.3815352518086586, -0.8040327849664791, 38.18408448214213], [0.0, 0.0, 0.0, 1.0]]}, {"class": "Pineapple", "pose": [[0.2529671187108099, 0.031927779603694334, 0.9669479371494774, 6.463389992680457], [-0.7903294964703758, -0.5696466318918635, 0.22557048862698748, -6.569395680567657], [0.5580206239023839, -0.8212693664756407, -0.1188683729934209, 44.07736655778227], [0.0, 0.0, 0.0, 1.0]]}, {"class": "Milk", "pose": [[-0.15187663935565332, 0.07392972561446752, 0.985630732833297, -5.349540315707602], [-0.8023412555411725, -0.5915795173259839, -0.07926050651648446, 16.115633086511018], [0.5772192554602416, -0.8028499908600366, 0.14916401178492047, 18.094643488320255], [0.0, 0.0, 0.0, 1.0]]}, {"class": "TomatoSauce", "pose": [[0.15025048729039284, -0.026038601961952203, -0.9883050347406744, 5.30891604170839], [0.7816547587804286, -0.6089531090546334, 0.13487769498654756, 19.500132424409], [-0.60534345913799, -0.7927787477921849, -0.07114234068201437, 23.29913331812396], [0.0, 0.0, 0.0, 1.0]]}, {"class": "Cookies", "pose": [[-0.7603100857550261, 0.017112070506303204, 0.6493348981527723, 21.4593724614916], [-0.543395694488256, -0.5644423431956831, -0.6213903796935312, -4.5846151289251065], [0.35587882010779354, -0.8252951350279868, 0.43844986555777343, 36.288854348091164], [0.0, 0.0, 0.0, 1.0]]}, {"class": "OrangeJuice", "pose": [[-0.844600850311544, 0.018319181243876714, -0.5350830502533888, 8.299426356375928], [0.4238967481804709, -0.5876154512657487, -0.6892167089327217, 2.6621544222148295], [-0.3270489902098227, -0.8089329571649481, 0.48853506314789347, 28.875574267712967], [0.0, 0.0, 0.0, 1.0]]}, {"class": "Mustard", "pose": [[0.7567107104041523, 0.0241430554568079, -0.6533039668100544, 19.868486716004806], [0.5426427436403937, -0.5805099363964947, 0.607080810169159, 7.230168192682612], [-0.3645926432167843, -0.8138951817952448, -0.45237917356183904, 27.858448362133302], [0.0, 0.0, 0.0, 1.0]]}, {"class": "Parmesan", "pose": [[-0.055504265782703004, 0.06030285576654685, -0.9966357917931812, -3.040563054818124], [0.7953386055415409, -0.6007769990831683, -0.08064455012050242, 27.54136243377472], [-0.6036189731648979, -0.7971390095182626, -0.014615534523423446, 15.801813419068592], [0.0, 0.0, 0.0, 1.0]]}, {"class": "CreamCheese", "pose": [[0.680153338124773, -0.7299176690544493, -0.06790944306020547, 14.09863173077155], [0.6087426343533668, 0.5107578309710178, 0.6070905095441562, 26.4308233465781], [-0.40844079833402214, -0.45425404318235096, 0.7917256201605212, 22.230604314994775], [0.0, 0.0, 0.0, 1.0]]}, {"class": "AlphabetSoup", "pose": [[-0.9903249325885101, 0.024318358872750745, -0.13662065997571143, 25.76050936469375], [0.09491915922162754, -0.5994717086721324, -0.7947478010480129, 20.028048279071164], [-0.10122721778282433, -0.800026453997172, 0.5913635112132535, 24.160927852378485], [0.0, 0.0, 0.0, 1.0]]}]}