{"camera": {"camera": "RealSense D415", "extrinsics": [[-0.9627105, 0.26981616, 0.019691234, 0.7293958], [0.20901152, 0.7880198, -0.5790846, -0.32863098], [-0.17176346, -0.5533751, -0.8150296, 0.24129419], [0.0, 0.0, 0.0, 1.0]], "height": 480, "intrinsics": [[605.8222, 0.0, 326.28275], [0.0, 605.7743, 245.73769], [0.0, 0.0, 1.0]], "width": 640}, "objects": [{"class": "MacaroniAndCheese", "pose": [[-0.5913429528902874, -0.8039235770053376, 0.06340638280408059, -4.638909283624448], [-0.6706254191760138, 0.44657650390090786, -0.5923098889204752, 3.9931515719366093], [0.44785602683815745, -0.3927802086090544, -0.8032114424359356, 36.984555697567046], [0.0, 0.0, 0.0, 1.0]]}, {"class": "Pineapple", "pose": [[0.22327945824016884, 0.02763850771829483, 0.9743625461795224, 6.245233142924567], [-0.7969906386720274, -0.5703330688474083, 0.1988118297350521, -4.7310270268820345], [0.5612060049322332, -0.8209484135516927, -0.1053159846614491, 43.03022462777118], [0.0, 0.0, 0.0, 1.0]]}, {"class": "Milk", "pose": [[-0.18196963753422732, 0.06875902589962785, 0.9808971517704368, -4.574618575126643], [-0.7978312263738369, -0.5934155682925603, -0.10641113064517495, 18.270472839667907], [0.5747628628055955, -0.8019539604354421, 0.16284173663921117, 16.893672325499118], [0.0, 0.0, 0.0, 1.0]]}, {"class": "TomatoSauce", "pose": [[0.1801653812560579, -0.03178096340762577, -0.983122769922506, 6.0996174613247796], [0.777196678683179, -0.6080250279987248, 0.16208306254921218, 21.35985450162099], [-0.6029143530384806, -0.7932815003697138, -0.08484502567395642, 22.247235380070478], [0.0, 0.0, 0.0, 1.0]]}, {"class": "Cookies", "pose": [[-0.7798890005340563, 0.013029459388110185, 0.625782194547274, 21.39724986561169], [-0.5222089339841749, -0.5647222356385195, -0.6390513727681764, -3.160822505098432], [0.34506657131712015, -0.8251781772033415, 0.4472247438783609, 35.45192762661998], [0.0, 0.0, 0.0, 1.0]]}, {"class": "OrangeJuice", "pose": [[-0.8279528477180573, 0.013369060606150836, -0.5606383193757162, 8.546674700470746], [0.44702160245959494, -0.5879193720713425, -0.6741828610043727, 4.4459535940849175], [-0.3386233207547882, -0.8088090489863332, 0.4807932021452383, 27.85875871521291], [0.0, 0.0, 0.0, 1.0]]}, {"class": "Mustard", "pose": [[0.7763919183149851, 0.019455216050349312, -0.6299500446241518, 20.250356305321336], [0.5215553054316083, -0.5809773260686745, 0.6248563364202863, 8.693113076882764], [-0.35382992257562973, -0.8136871864450955, -0.4612130557729658, 27.004407932385423], [0.0, 0.0, 0.0, 1.0]]}, {"class": "Parmesan", "pose": [[-0.02513777085854663, 0.0548054793755301, -0.9981805582583942, -1.9197066288175857], [0.7965503288144694, -0.6022335488159881, -0.053125865079149535, 29.628108079640334], [-0.6040493619645818, -0.7964365066769153, -0.028516546998214112, 14.637282271512452], [0.0, 0.0, 0.0, 1.0]]}, {"class": "CreamCheese", "pose": [[0.7023046458784272, -0.7091575468875984, -0.06215893377704696, 15.091157145398304], [0.5897403890628053, 0.5306830483367042, 0.608754307508753, 28.04544851382663], [-0.39871596264842973, -0.4641886016033069, 0.7909200070684462, 21.303639368059436], [0.0, 0.0, 0.0, 1.0]]}, {"class": "AlphabetSoup", "pose": [[-0.9858247835423197, 0.018914368016905315, -0.16670848153173945, 26.544005871442504], [0.12219461386587373, -0.5999363388457772, -0.7906610505575962, 21.323513797401162], [-0.11496935433737827, -0.7998241274855844, 0.589120825438567, 23.393830940317663], [0.0, 0.0, 0.0, 1.0]]}]}