{"camera": {"camera": "RealSense D415", "extrinsics": [[-0.9589118, 0.28328654, 0.015393826, 0.7275322], [0.22151846, 0.7815223, -0.5832259, -0.3264981], [-0.17725067, -0.5558522, -0.8121641, 0.24210377], [0.0, 0.0, 0.0, 1.0]], "height": 480, "intrinsics": [[605.8222, 0.0, 326.28275], [0.0, 605.7743, 245.73769], [0.0, 0.0, 1.0]], "width": 640}, "objects": [{"class": "MacaroniAndCheese", "pose": [[-0.6026615753454753, -0.795822748575919, 0.05886608066364213, -4.36393576529257], [-0.6601882011807285, 0.45578872790964403, -0.5969993258151794, 5.340878115267278], [0.4482751344621273, -0.3986512688382739, -0.8000790968990011, 36.52751405548509], [0.0, 0.0, 0.0, 1.0]]}, {"class": "Pineapple", "pose": [[0.20959551984409933, 0.023489123309549977, 0.9775060184719835, 6.369961478933906], [-0.7972962254779221, -0.5746141275596597, 0.18476296636238113, -3.504223370524706], [0.5660286977995369, -0.818087305225069, -0.1017087307711151, 42.66539680159868], [0.0, 0.0, 0.0, 1.0]]}, {"class": "Milk", "pose": [[-0.19568425580819637, 0.06419699450375889, 0.9785634649459355, -4.008732258645553], [-0.7924484146384695, -0.5981730907564424, -0.11922451142016574, 19.518876463751077], [0.5776964744167324, -0.798791381336573, 0.16792588891237784, 16.36944175418803], [0.0, 0.0, 0.0, 1.0]]}, {"class": "TomatoSauce", "pose": [[0.19372303832265622, -0.03657518619177057, -0.9803742536294973, 6.682646130121183], [0.7717053644981346, -0.6113441337703076, 0.17529746433120114, 22.485635293052532], [-0.6057575821996233, -0.790519186106424, -0.09020620612479005, 21.758041586265374], [0.0, 0.0, 0.0, 1.0]]}, {"class": "Cookies", "pose": [[-0.7886515525007466, 0.008979090988607238, 0.6147748707166697, 21.57706813245386], [-0.5096673212255468, -0.5688215941783825, -0.6455085097523147, -2.180973255113755], [0.3439011223177422, -0.8224119066579392, 0.45317840358293204, 35.15056648512045], [0.0, 0.0, 0.0, 1.0]]}, {"class": "OrangeJuice", "pose": [[-0.8200926046729202, 0.008920908818173163, -0.5721613182907087, 8.86854468329351], [0.4568283674509561, -0.591941997874882, -0.6640124504371161, 5.566668050144241], [-0.3446099336541677, -0.8059311776411663, 0.4813719166620735, 27.461350469070446], [0.0, 0.0, 0.0, 1.0]]}, {"class": "Mustard", "pose": [[0.7851861088588645, 0.015125348595921944, -0.6190751451047326, 20.633930596940996], [0.5090200239016452, -0.5851086731096148, 0.6313053749261053, 9.646857673508496], [-0.3526775025737458, -0.8108138125209305, -0.4671183278589524, 26.641473456713832], [0.0, 0.0, 0.0, 1.0]]}, {"class": "Parmesan", "pose": [[-0.011283924570054614, 0.05009699235883178, -0.9986806303340493, -1.1858737465938463], [0.7939000831864076, -0.6067699025187282, -0.03940766176194247, 30.827566990744682], [-0.6079435565077835, -0.7932972640588437, -0.03292528747854716, 14.071459385956924], [0.0, 0.0, 0.0, 1.0]]}, {"class": "CreamCheese", "pose": [[0.7122610353917312, -0.69956923059655, -0.05733363817836938, 15.770479657525648], [0.5780092614818496, 0.5382269214844747, 0.6133653846787148, 29.04119756224004], [-0.3982330249406135, -0.4700156577329037, 0.7877155139710525, 20.824651130205886], [0.0, 0.0, 0.0, 1.0]]}, {"class": "AlphabetSoup", "pose": [[-0.9834916293913143, 0.014257248952052123, -0.18039119371813936, 27.119059932234034], [0.13530553309970222, -0.6039912797780894, -0.7854215219588441, 22.171157285589004], [-0.1201526865753629, -0.7968633755034659, 0.5920912803851025, 23.00027336254407], [0.0, 0.0, 0.0, 1.0]]}]}