{"camera": {"camera": "RealSense D415", "extrinsics": [[-0.959047, 0.27677673, 0.06019465, 0.7238275], [0.18708219, 0.77853775, -0.5990653, -0.2763749], [-0.21267115, -0.56327045, -0.7984343, 0.26810753], [0.0, 0.0, 0.0, 1.0]], "height": 480, "intrinsics": [[605.8222, 0.0, 326.28275], [0.0, 605.7743, 245.73769], [0.0, 0.0, 1.0]], "width": 640}, "objects": [{"class": "MacaroniAndCheese", "pose": [[-0.5960933108019674, -0.7961958614259177, 0.1036570228201557, -6.245751620578909], [-0.6697086402069099, 0.4218240561181004, -0.6111913352889651, 8.117296257798046], [0.44290297067843476, -0.4337470983094823, -0.7846657642787142, 35.82258092871076], [0.0, 0.0, 0.0, 1.0]]}, {"class": "Pineapple", "pose": [[0.21575987383958883, 0.06820650754715868, 0.9740612981139805, 4.552549965007213], [-0.7783516376756003, -0.5903234309998293, 0.21374522301170593, -0.2520505451515276], [0.589590033184345, -0.8042798685608009, -0.07427943292918383, 42.491664091598956], [0.0, 0.0, 0.0, 1.0]]}, {"class": "Milk", "pose": [[-0.18963807187699586, 0.10897698550264176, 0.975787518694557, -5.673886054220589], [-0.7862080660783668, -0.612167463183971, -0.08442700558611796, 21.88058812300205], [0.5881447678540833, -0.7831826107510789, 0.20176887426401283, 15.384028707963482], [0.0, 0.0, 0.0, 1.0]]}, {"class": "TomatoSauce", "pose": [[0.1892458218437985, 0.008448771521819614, -0.9818933243937372, 4.737394688136199], [0.7648385667923633, -0.6283762157709206, 0.14200473097908745, 25.297750690117937], [-0.6157986452038764, -0.7778637062187982, -0.12537954965384732, 21.047283215721425], [0.0, 0.0, 0.0, 1.0]]}, {"class": "Cookies", "pose": [[-0.7831783950772724, 0.053671950361057014, 0.619476219513853, 19.948784145833176], [-0.5273885205535848, -0.5850876229536123, -0.6160632007146787, 1.4008284159013507], [0.3293825336426542, -0.8091920558299334, 0.48653397792101594, 35.44158051273107], [0.0, 0.0, 0.0, 1.0]]}, {"class": "OrangeJuice", "pose": [[-0.8222428143195325, 0.05379662858651856, -0.5665885106205095, 7.262967399661124], [0.42320266969622744, -0.6078532245943514, -0.6718735023293129, 8.578455099210641], [-0.3805472100817535, -0.7922249497161593, 0.47703605556079226, 27.182751630056107], [0.0, 0.0, 0.0, 1.0]]}, {"class": "Mustard", "pose": [[0.7800240952230865, 0.05994106515138353, -0.6228718511013892, 18.915649338282947], [0.5264500019413487, -0.6009274328490386, 0.6014454766023605, 13.014476569379429], [-0.3382494786747288, -0.7970528707629209, -0.5002938733820727, 26.65252148571809], [0.0, 0.0, 0.0, 1.0]]}, {"class": "Parmesan", "pose": [[-0.016172973505278153, 0.09498015921287527, -0.9953477119069706, -3.1320344590894833], [0.7804258639392501, -0.6210949755463382, -0.0719482290663965, 33.223843679438545], [-0.6250391223663067, -0.7779587334025371, -0.0640800514439024, 12.933461967578452], [0.0, 0.0, 0.0, 1.0]]}, {"class": "CreamCheese", "pose": [[0.7065097171774916, -0.7002801980614675, -0.10223271028061738, 13.64163832798846], [0.5921210531361816, 0.5058041985213286, 0.6273394747751158, 32.119514444798014], [-0.3876036587622655, -0.5037556006544618, 0.7720062479553803, 20.26414695988018], [0.0, 0.0, 0.0, 1.0]]}, {"class": "AlphabetSoup", "pose": [[-0.9827773543242776, 0.05920708932689237, -0.17505158015670322, 25.12201616859162], [0.10132445585022383, -0.6195363552711645, -0.7784009921396553, 25.66169973122915], [-0.15453770599600664, -0.7827318935095313, 0.602867173320336, 22.95089084468696], [0.0, 0.0, 0.0, 1.0]]}]}