{"camera": {"camera": "RealSense D415", "extrinsics": [[-0.7799231, 0.58330727, 0.22687589, 0.5353359], [0.5274464, 0.8077057, -0.26346123, -0.3782147], [-0.3369278, -0.085814625, -0.9376116, 0.29169038], [0.0, 0.0, 0.0, 1.0]], "height": 480, "intrinsics": [[603.75165, 0.0, 326.28275], [0.0, 603.20245, 245.73769], [0.0, 0.0, 1.0]], "width": 640}, "objects": [{"class": "ChocolatePudding", "pose": [[0.3459897282689987, 0.15613475726003212, 0.9251557167674525, 14.455943614001637], [-0.8716376494882996, -0.31139179510429854, 0.3785273730017388, 5.176818246572823], [0.34718716417336304, -0.9373670941546339, 0.028354566613124684, 48.834158180303845], [0.0, 0.0, 0.0, 1.0]]}, {"class": "MacaroniAndCheese", "pose": [[0.2685182884058423, 0.8215055301713575, -0.5030175418902183, 4.534730344906857], [-0.260785638742523, -0.44069781449062795, -0.8589390555238489, 2.087568948633894], [-0.927301873161036, 0.3618205789339628, 0.09590141975168197, 43.011475844322774], [0.0, 0.0, 0.0, 1.0]]}, {"class": "Milk", "pose": [[0.8076605313695087, 0.5445335239380006, 0.22620292247314125, -10.968458065804665], [0.5896226500892218, -0.7493764471254005, -0.30129733681338483, -2.2610976991016996], [0.005444638999348051, 0.3767203171037697, -0.926311036426677, 42.887144851747095], [0.0, 0.0, 0.0, 1.0]]}, {"class": "Ketchup", "pose": [[0.16870672531192632, 0.1962811289630833, 0.9659253666859084, -3.074650538630097], [-0.9274986140075173, -0.3000530123507913, 0.2229675424108019, 12.316181746004752], [0.333593123241075, -0.9335105198879755, 0.13142950583186658, 36.83858384994666], [0.0, 0.0, 0.0, 1.0]]}, {"class": "OrangeJuice", "pose": [[-0.08601789405294746, -0.9663523562600066, -0.2424130776448177, 9.736631539551304], [0.9585054966675095, -0.14664416658369245, 0.24446413937530329, -8.647112881000679], [-0.27178695018658416, -0.21132596534497208, 0.938868024643375, 50.54790820791008], [0.0, 0.0, 0.0, 1.0]]}]}