{"camera": {"camera": "RealSense D415", "extrinsics": [[-0.9685316, 0.24582314, 0.038954876, 0.72504026], [0.17759332, 0.7922248, -0.5838154, -0.27817467], [-0.17437637, -0.55852556, -0.81095135, 0.23529044], [0.0, 0.0, 0.0, 1.0]], "height": 480, "intrinsics": [[605.8222, 0.0, 326.28275], [0.0, 605.7743, 245.73769], [0.0, 0.0, 1.0]], "width": 640}, "objects": [{"class": "MacaroniAndCheese", "pose": [[-0.5707140436306684, -0.8169387106343855, 0.08304543965919886, -6.207545676806681], [-0.6856814122334179, 0.4184738148692428, -0.5955842901558001, 6.681598696398078], [0.4518035038304696, -0.3968510726974529, -0.7989886290932662, 36.033535119349416], [0.0, 0.0, 0.0, 1.0]]}, {"class": "Pineapple", "pose": [[0.2473001423889071, 0.04663293938653512, 0.9678160621301078, 4.935537050876215], [-0.7857087983153365, -0.5748606985508331, 0.22846627979975195, -1.6556874027952195], [0.5670134891139085, -0.8169213976595093, -0.1055231851483409, 42.15295709397289], [0.0, 0.0, 0.0, 1.0]]}, {"class": "Milk", "pose": [[-0.1577432460849957, 0.08842825262060447, 0.9835128031863464, -6.561267542638616], [-0.7991345238970133, -0.5965132194250572, -0.07453838783517516, 20.81446316109584], [0.5800870918893277, -0.7977170199739801, 0.16476204436143707, 15.843768501691319], [0.0, 0.0, 0.0, 1.0]]}, {"class": "TomatoSauce", "pose": [[0.15662537322244496, -0.011617813861128652, -0.9875897126046056, 4.003481368342243], [0.7782591651526218, -0.6142008166454096, 0.13065224139705806, 24.273309167588025], [-0.6080963062735536, -0.7890642620593298, -0.08715779960606039, 21.188550191007398], [0.0, 0.0, 0.0, 1.0]]}, {"class": "Cookies", "pose": [[-0.7636636322304706, 0.03186157451655617, 0.6448275881631614, 20.04179702909855], [-0.5439522414058267, -0.5697391281628715, -0.616046479093751, 0.33530576802736634], [0.34775527206393325, -0.8212077633496538, 0.4524202576818846, 34.58218538392471], [0.0, 0.0, 0.0, 1.0]]}, {"class": "OrangeJuice", "pose": [[-0.841047210315313, 0.03290329025718697, -0.5399600773108236, 6.970399731917332], [0.41854190837369354, -0.5928003637685771, -0.6880482389664034, 7.483520525595805], [-0.342727618922812, -0.8046770324747868, 0.4848016728828561, 26.92071464643498], [0.0, 0.0, 0.0, 1.0]]}, {"class": "Mustard", "pose": [[0.7602011837493409, 0.03877626537434191, -0.6485294773933948, 18.53671200568643], [0.5431288428453952, -0.5857052418741447, 0.6016314562957885, 12.088767396054095], [-0.3565180690066123, -0.8095960690368865, -0.46631435841796914, 26.050913444350748], [0.0, 0.0, 0.0, 1.0]]}, {"class": "Parmesan", "pose": [[-0.04918085526539248, 0.07474951135636611, -0.9959887929117366, -4.259700252669607], [0.791171479033828, -0.6057250402302615, -0.08452719027326065, 32.233705863841806], [-0.6096137300245776, -0.7921551033671933, -0.02934964684245463, 13.511514521846731], [0.0, 0.0, 0.0, 1.0]]}, {"class": "CreamCheese", "pose": [[0.6840813760465575, -0.7247482653664451, -0.08229546994219589, 12.782837019879967], [0.6086500102964985, 0.5050076814594662, 0.6119741711273655, 31.23026247694401], [-0.4019673535054192, -0.4687293095122939, 0.7865844458892651, 20.209247641857495], [0.0, 0.0, 0.0, 1.0]]}, {"class": "AlphabetSoup", "pose": [[-0.9889998529403619, 0.038808966867465974, -0.14273428653639036, 24.43734954601997], [0.09049111906593177, -0.6045754333840327, -0.7913911057199997, 24.884592739087445], [-0.11700675474266119, -0.7956019314461669, 0.5944131521245676, 22.360028367994754], [0.0, 0.0, 0.0, 1.0]]}]}