{"camera": {"camera": "RealSense D415", "extrinsics": [[-0.9650332, 0.25536463, 0.05916028, 0.7070569], [0.17463334, 0.7946431, -0.5814168, -0.2783853], [-0.1954846, -0.55075514, -0.81145215, 0.25963247], [0.0, 0.0, 0.0, 1.0]], "height": 480, "intrinsics": [[605.8222, 0.0, 326.28275], [0.0, 605.7743, 245.73769], [0.0, 0.0, 1.0]], "width": 640}, "objects": [{"class": "MacaroniAndCheese", "pose": [[-0.5781751657003341, -0.8093833744380973, 0.10301506009095836, -8.389662163655153], [-0.6889590476895124, 0.4166686664818388, -0.5930620922026267, 6.345626575209106], [0.43709140093550364, -0.4138669440609717, -0.7985394816586028, 36.799713908754235], [0.0, 0.0, 0.0, 1.0]]}, {"class": "Pineapple", "pose": [[0.2374195115819608, 0.06693728074249539, 0.9690982652042764, 2.644103494979455], [-0.7863978305213437, -0.5724183012825799, 0.23219761570016356, -1.9689739008441565], [0.5702722373470291, -0.8172250258398496, -0.08326389600535197, 43.14395636255771], [0.0, 0.0, 0.0, 1.0]]}, {"class": "Milk", "pose": [[-0.16776362937603684, 0.1083714672239113, 0.9798525712602228, -8.343664437299115], [-0.8012995861276859, -0.593975412155392, -0.07149947730705236, 20.53321093119157], [0.574259793333273, -0.7971504789739018, 0.18648551567943278, 16.64530989654339], [0.0, 0.0, 0.0, 1.0]]}, {"class": "TomatoSauce", "pose": [[0.16734682636439596, 0.008221767764458635, -0.985863841458619, 2.0865550016398338], [0.780498322681029, -0.6120425196146562, 0.12738255259097817, 24.01471995748052], [-0.6023432419028588, -0.7907821523558236, -0.10884048132548346, 22.23403624035279], [0.0, 0.0, 0.0, 1.0]]}, {"class": "Cookies", "pose": [[-0.7692650446934757, 0.05224686584367409, 0.6367900970313615, 17.90831761489059], [-0.5476279848996009, -0.5673373767271801, -0.6150055961955743, 0.09674224325563197], [0.3291426579633092, -0.8218263934414811, 0.46504465772389386, 35.91786827163155], [0.0, 0.0, 0.0, 1.0]]}, {"class": "OrangeJuice", "pose": [[-0.8346942514520964, 0.05300265768401176, -0.548157182317453, 4.985455975811792], [0.41650061384453096, -0.5904406247874319, -0.6913082521542082, 7.219715210393163], [-0.36029545828490495, -0.805338836219835, 0.4707617078109378, 27.985689088294485], [0.0, 0.0, 0.0, 1.0]]}, {"class": "Mustard", "pose": [[0.766002086607358, 0.05895829219555397, -0.6401287329510456, 16.55157672450255], [0.5468166443625175, -0.5833110248073224, 0.6006161819457562, 11.868448288883505], [-0.33798279260094816, -0.8101063030734664, -0.47905683749637035, 27.38686969741509], [0.0, 0.0, 0.0, 1.0]]}, {"class": "Parmesan", "pose": [[-0.03841959277565108, 0.09460536410453319, -0.9947732563898943, -6.031909695095072], [0.792683134346193, -0.6032512240223438, -0.08798523437139316, 31.967001848398706], [-0.6084220291598469, -0.7919203479361844, -0.05181545023798356, 14.395878356259662], [0.0, 0.0, 0.0, 1.0]]}, {"class": "CreamCheese", "pose": [[0.6906794686826199, -0.7159247343539933, -0.1020476258195725, 10.860372726344814], [0.6121928930377768, 0.5037291646455273, 0.6094889520149703, 31.00553300313868], [-0.38494380073221324, -0.4834343426757859, 0.7861994343200631, 21.46984627154172], [0.0, 0.0, 0.0, 1.0]]}, {"class": "AlphabetSoup", "pose": [[-0.9864620294181204, 0.05874680221708639, -0.15310633363941328, 22.486835008853006], [0.08729979674371263, -0.6022198072877235, -0.7935427155658312, 24.695378178068022], [-0.13882179685244575, -0.7961659189394416, 0.5889383517514302, 23.863251040570184], [0.0, 0.0, 0.0, 1.0]]}]}