{"camera": {"camera": "RealSense D415", "extrinsics": [[-0.9693752, 0.23907915, 0.056150332, 0.6968075], [0.16306171, 0.79755735, -0.58078665, -0.28146273], [-0.1836371, -0.5538442, -0.812117, 0.25318262], [0.0, 0.0, 0.0, 1.0]], "height": 480, "intrinsics": [[605.8222, 0.0, 326.28275], [0.0, 605.7743, 245.73769], [0.0, 0.0, 1.0]], "width": 640}, "objects": [{"class": "MacaroniAndCheese", "pose": [[-0.5644987875353035, -0.81931785109168, 0.10029615172252317, -9.678622545144933], [-0.6957544985392278, 0.4069077198792986, -0.5919052314863593, 5.0919528786214086], [0.4441472034960779, -0.40391130838251765, -0.7997430331503792, 37.12376186958086], [0.0, 0.0, 0.0, 1.0]]}, {"class": "Pineapple", "pose": [[0.253773498418569, 0.06374788747233547, 0.9651606905794904, 1.5306632495952988], [-0.7834218029818516, -0.5716967113839867, 0.24374816225207244, -3.089292962175072], [0.567317613651446, -0.817984791255282, -0.09513994429846197, 43.33223102862743], [0.0, 0.0, 0.0, 1.0]]}, {"class": "Milk", "pose": [[-0.1511232739846263, 0.10567971695191669, 0.9828496801555127, -10.049268000978929], [-0.8031632373408364, -0.59275428293031, -0.059759451535498276, 19.27613757065308], [0.5762729696350686, -0.7984198127064899, 0.1744570710259261, 16.970321029883767], [0.0, 0.0, 0.0, 1.0]]}, {"class": "TomatoSauce", "pose": [[0.150610775968955, 0.005838672159046674, -0.988575866773062, 0.406340980683062], [0.7823543868209978, -0.6120158097133811, 0.11557802506824873, 22.88283764525908], [-0.6043492130306491, -0.7908240044088508, -0.09674412253577326, 22.430740919717483], [0.0, 0.0, 0.0, 1.0]]}, {"class": "Cookies", "pose": [[-0.7585729730603942, 0.048942497578146206, 0.6497473484130504, 16.679359457501853], [-0.5567324866260219, -0.5667923481028461, -0.6072852626757298, -0.842392933124192], [0.33854972318207255, -0.8224056836428012, 0.45720124554794284, 35.91952737910302], [0.0, 0.0, 0.0, 1.0]]}, {"class": "OrangeJuice", "pose": [[-0.8439661935830395, 0.05017639408466085, -0.5340443182567148, 3.576024925980148], [0.4064450580763027, -0.5898825141621175, -0.6977399601907522, 6.124507268491946], [-0.3500335042423839, -0.8059286522689483, 0.47744691416427226, 28.14640287235503], [0.0, 0.0, 0.0, 1.0]]}, {"class": "Mustard", "pose": [[0.7552118036581682, 0.05598750940614749, -0.653085347181007, 15.077558451710749], [0.5558809285962454, -0.5826829569480322, 0.5928549423772529, 10.91101884214622], [-0.3473491853315687, -0.8107687791792563, -0.47117144718552934, 27.405815515768513], [0.0, 0.0, 0.0, 1.0]]}, {"class": "Parmesan", "pose": [[-0.05534560141737172, 0.09209059666665706, -0.9942113088805572, -7.9020580487822345], [0.7920788466474328, -0.6021931546606849, -0.09987253360832779, 30.736406521258207], [-0.607904549032011, -0.7930212908973568, -0.03961431477267502, 14.692722697784388], [0.0, 0.0, 0.0, 1.0]]}, {"class": "CreamCheese", "pose": [[0.6785432584189379, -0.727766166406842, -0.09967644548418575, 9.085967012142792], [0.6203456772974437, 0.4950685562374734, 0.6083406801120418, 29.97787412329791], [-0.3933830478012379, -0.4746193379463461, 0.7873920651335097, 21.55903488900161], [0.0, 0.0, 0.0, 1.0]]}, {"class": "AlphabetSoup", "pose": [[-0.9890625903425718, 0.05617291500891307, -0.13638085019864923, 20.8154712820398], [0.07548661473151887, -0.6015908855168184, -0.7952296493814397, 23.807437034856484], [-0.12671588201812842, -0.7968268656800829, 0.590770711748691, 23.809697802882322], [0.0, 0.0, 0.0, 1.0]]}]}