{"camera": {"camera": "RealSense D415", "extrinsics": [[-0.97906756, 0.2016184, 0.027868824, 0.70562196], [0.15083486, 0.81066203, -0.56575257, -0.28816903], [-0.13665833, -0.5497064, -0.82410395, 0.21721122], [0.0, 0.0, 0.0, 1.0]], "height": 480, "intrinsics": [[605.8222, 0.0, 326.28275], [0.0, 605.7743, 245.73769], [0.0, 0.0, 1.0]], "width": 640}, "objects": [{"class": "MacaroniAndCheese", "pose": [[-0.5331852600840337, -0.8428694790569137, 0.07269403006444715, -8.668571439691386], [-0.7121490927950853, 0.40078308842507715, -0.5763824030073316, 2.952684474186462], [0.4566805660816574, -0.35908760766780845, -0.8139403497380473, 37.69729230286411], [0.0, 0.0, 0.0, 1.0]]}, {"class": "Pineapple", "pose": [[0.2910686634262191, 0.035054056677539205, 0.9560596992789127, 2.933275932628532], [-0.788960715441679, -0.5564437962363232, 0.260598119626324, -5.155806965962325], [0.5411285037793715, -0.830145471184585, -0.13430704158073914, 43.24485598590395], [0.0, 0.0, 0.0, 1.0]]}, {"class": "Milk", "pose": [[-0.11265887826694906, 0.0781443750356901, 0.9905560741833225, -10.168892859791857], [-0.8152603447111191, -0.5771687909217458, -0.047189468744086575, 17.47420550463492], [0.5680304396260797, -0.8128773785953828, 0.1287312292143953, 17.838688944002204], [0.0, 0.0, 0.0, 1.0]]}, {"class": "TomatoSauce", "pose": [[0.11118243410256565, -0.020946883020708768, -0.9935791849381239, 0.4689139693613842], [0.7949326059284475, -0.5981363103668104, 0.10156374887477086, 21.151387458174504], [-0.596423210623461, -0.8011205787251884, -0.04985092297610055, 22.884441836664525], [0.0, 0.0, 0.0, 1.0]]}, {"class": "Cookies", "pose": [[-0.733930498485529, 0.019990819909383714, 0.6789302562234903, 17.693555017371843], [-0.5744186302003527, -0.5516990016216796, -0.6047078118573495, -2.542061235580706], [0.36247650368034895, -0.8338036744504773, 0.41639183361528526, 35.19611582197194], [0.0, 0.0, 0.0, 1.0]]}, {"class": "OrangeJuice", "pose": [[-0.8650313756044418, 0.022320016895622363, -0.5012209476560492, 4.146904137456975], [0.39900249121787923, -0.5750470870725691, -0.7142254185368868, 4.349381326322788], [-0.30416719009162907, -0.8178157843191449, 0.4885279989306369, 28.14964141956796], [0.0, 0.0, 0.0, 1.0]]}, {"class": "Mustard", "pose": [[0.7301856570592514, 0.02779603132023272, -0.6826830810642345, 15.529583235840006], [0.5736656441191206, -0.5676741547259049, 0.5904691961876891, 9.329402834691091], [-0.37112880475311627, -0.8227839483510959, -0.43045316466167605, 26.97557300005815], [0.0, 0.0, 0.0, 1.0]]}, {"class": "Parmesan", "pose": [[-0.09484531751173324, 0.06495835493215674, -0.9933703640506735, -8.300039977261308], [0.8014554222659496, -0.586913164793741, -0.11490096581497782, 29.00455356282105], [-0.5904859079764485, -0.8070398632843774, 0.0036047052736106044, 15.672077899015912], [0.0, 0.0, 0.0, 1.0]]}, {"class": "CreamCheese", "pose": [[0.6505418156032122, -0.7559650590533882, -0.07288400335907076, 8.992259644434075], [0.637691920073565, 0.49158677350848873, 0.593035874140271, 28.396890666895807], [-0.41248555308995566, -0.43227218791057653, 0.801870542170009, 21.748401922889332], [0.0, 0.0, 0.0, 1.0]]}, {"class": "AlphabetSoup", "pose": [[-0.9948262651406152, 0.0288997384851645, -0.09739306754294691, 20.90344030661485], [0.061991778514510626, -0.5868140841242977, -0.8073452414567645, 22.37505436340093], [-0.08048372187713358, -0.8092058020003845, 0.5819864971549308, 23.355357441434318], [0.0, 0.0, 0.0, 1.0]]}]}