{"camera": {"camera": "RealSense D415", "extrinsics": [[-0.9813143, 0.18691905, 0.045645732, 0.69708794], [0.12946618, 0.8169337, -0.5620123, -0.27786985], [-0.14234035, -0.5456011, -0.8258684, 0.22099566], [0.0, 0.0, 0.0, 1.0]], "height": 480, "intrinsics": [[605.8222, 0.0, 326.28275], [0.0, 605.7743, 245.73769], [0.0, 0.0, 1.0]], "width": 640}, "objects": [{"class": "MacaroniAndCheese", "pose": [[-0.5200123484561215, -0.8493367437618851, 0.0906324274251652, -10.309607533441623], [-0.7255007446468446, 0.38318945182432634, -0.5716769518154081, 2.1507692214532637], [0.4508167893596215, -0.3630329795208425, -0.8154576782372337, 37.6830833436454], [0.0, 0.0, 0.0, 1.0]]}, {"class": "Pineapple", "pose": [[0.30520522492290136, 0.05265916993956151, 0.9508295148200379, 1.4353020097091274], [-0.7842249096152, -0.5525239321102815, 0.2823271494099268, -5.717073399535918], [0.5402231447438653, -0.8318319033382843, -0.1273365040199161, 43.275946496881716], [0.0, 0.0, 0.0, 1.0]]}, {"class": "Milk", "pose": [[-0.09799557401078304, 0.09609219802250714, 0.9905367942208764, -12.009168732551945], [-0.8196140701765071, -0.5723454874922295, -0.02556252384823306, 16.706829283452546], [0.564472855259915, -0.8143628990284794, 0.13484587922887048, 17.865862463675143], [0.0, 0.0, 0.0, 1.0]]}, {"class": "TomatoSauce", "pose": [[0.09715090162178602, -0.002578243980858721, -0.9952663154773795, -1.4878651094195394], [0.799361095506192, -0.5955588535477171, 0.07957081538842227, 20.60197749780817], [-0.592944768673976, -0.8033075453206318, -0.055798169481293194, 22.99170129359657], [0.0, 0.0, 0.0, 1.0]]}, {"class": "Cookies", "pose": [[-0.7231868135712708, 0.03751702028310977, 0.6896327208141868, 16.18370506503495], [-0.5919399839296061, -0.5481029033864346, -0.5909232491908636, -2.7459321694017436], [0.35581995475158507, -0.8355690755805364, 0.4185886125044786, 35.33008819477382], [0.0, 0.0, 0.0, 1.0]]}, {"class": "OrangeJuice", "pose": [[-0.871796907604967, 0.04026641745673212, -0.4882097410616539, 2.5310567214501867], [0.3807170692419194, -0.5714508290609088, -0.7269790140457655, 3.8672327332932186], [-0.3082607161131018, -0.819647831572193, 0.48285889231202644, 28.221798095850758], [0.0, 0.0, 0.0, 1.0]]}, {"class": "Mustard", "pose": [[0.7195139650867828, 0.0456075673569629, -0.6929787786049054, 13.806915705050148], [0.591134949521748, -0.5639397821328297, 0.5766553713366475, 9.103943494097877], [-0.3644983903888574, -0.8245555608312624, -0.43272277186500346, 27.137221610988494], [0.0, 0.0, 0.0, 1.0]]}, {"class": "Parmesan", "pose": [[-0.10900424899396326, 0.08309058094619551, -0.990562472947141, -10.384518934966858], [0.801268436404786, -0.582402366176508, -0.13702700610807883, 28.283714878017207], [-0.5882915403476503, -0.8086429620906487, -0.003093574147708104, 15.75116071386825], [0.0, 0.0, 0.0, 1.0]]}, {"class": "CreamCheese", "pose": [[0.6387219320958228, -0.7640233801039105, -0.0911183399006184, 6.8786417174865555], [0.6535189161201116, 0.47617126744014354, 0.588365510586023, 28.03972013879793], [-0.40613700837202893, -0.4353495170159151, 0.8034447555675407, 21.93487895866127], [0.0, 0.0, 0.0, 1.0]]}, {"class": "AlphabetSoup", "pose": [[-0.9954382715503458, 0.04705300103554376, -0.08299786972133247, 18.91092183870794], [0.04009171497499835, -0.5830992425994532, -0.811411086552197, 22.27912019216973], [-0.08657535994761965, -0.8110371702725909, 0.5785528171831209, 23.596437600693807], [0.0, 0.0, 0.0, 1.0]]}]}