{"camera": {"camera": "RealSense D415", "extrinsics": [[-0.98266697, 0.1774872, 0.053515825, 0.67966616], [0.116140634, 0.81443584, -0.5685117, -0.27169004], [-0.14448875, -0.5524423, -0.8209327, 0.2259963], [0.0, 0.0, 0.0, 1.0]], "height": 480, "intrinsics": [[605.8222, 0.0, 326.28275], [0.0, 605.7743, 245.73769], [0.0, 0.0, 1.0]], "width": 640}, "objects": [{"class": "MacaroniAndCheese", "pose": [[-0.5115699465086239, -0.853564908513516, 0.09860590550767306, -12.432105574374042], [-0.727932320369632, 0.3695562894241326, -0.5775315230204113, 1.914543534969937], [0.45652017148810325, -0.3672262038954609, -0.8103914095103301, 37.83946549600224], [0.0, 0.0, 0.0, 1.0]]}, {"class": "Pineapple", "pose": [[0.3142033100078018, 0.06041891228283447, 0.9474311705006396, -0.5977854373092062], [-0.7757176274776655, -0.5589894970688309, 0.29290421431089636, -5.759543757734748], [0.5473010077908849, -0.8269705675579568, -0.12876830229171457, 43.51249042506797], [0.0, 0.0, 0.0, 1.0]]}, {"class": "Milk", "pose": [[-0.08855944856148376, 0.10407221331389087, 0.990619092438635, -14.287616520112255], [-0.8158581827872475, -0.5781233121360373, -0.012199824501740016, 16.277063290258592], [0.5714302977238637, -0.8092851360665858, 0.13610647227829123, 17.89542525339776], [0.0, 0.0, 0.0, 1.0]]}, {"class": "TomatoSauce", "pose": [[0.0879970798925143, 0.00568207324095042, -0.9961045205155858, -3.8209915102861536], [0.7953514630571515, -0.602453603906638, 0.06682574000096703, 20.34554164602531], [-0.5997270204672325, -0.7981336946295292, -0.057533423587073904, 22.998510339413762], [0.0, 0.0, 0.0, 1.0]]}, {"class": "Cookies", "pose": [[-0.716261849444198, 0.045227864386872194, 0.696364409724743, 14.12216211838928], [-0.5977079033302071, -0.5547876546564298, -0.5787537427190863, -2.6756924963792144], [0.36015854411120046, -0.8307617717599728, 0.42440627952124804, 35.556816350799274], [0.0, 0.0, 0.0, 1.0]]}, {"class": "OrangeJuice", "pose": [[-0.876056534251363, 0.04824582466442184, -0.4797887837532796, 0.39744522708865526], [0.3672801686425173, -0.5779617310422367, -0.728742402599513, 3.7072950056565634], [-0.3124583420190931, -0.8146364840672068, 0.4886073799488054, 28.37725109729729], [0.0, 0.0, 0.0, 1.0]]}, {"class": "Mustard", "pose": [[0.7126092625716413, 0.053499853545532154, -0.6995182573637513, 11.609273058064428], [0.5967828652074018, -0.5704281079615802, 0.5643243390251225, 9.072896279604725], [-0.368833569023533, -0.8196032956678349, -0.43842014609609753, 27.259359674610284], [0.0, 0.0, 0.0, 1.0]]}, {"class": "Parmesan", "pose": [[-0.11817119795189532, 0.09118868158819347, -0.9887973402787505, -12.803070590897791], [0.7947603484295801, -0.5882897952346386, -0.1492349810225607, 27.854400335051572], [-0.595307901613504, -0.8034922295772727, -0.0029542675245279484, 15.682482827142543], [0.0, 0.0, 0.0, 1.0]]}, {"class": "CreamCheese", "pose": [[0.6311042098151626, -0.7693180866995034, -0.09928315893496296, 4.454593904139392], [0.657805761820589, 0.462954162533232, 0.5941085736485492, 27.876342615747056], [-0.41109488167736435, -0.440253458823395, 0.7982342254400321, 21.886284391093184], [0.0, 0.0, 0.0, 1.0]]}, {"class": "AlphabetSoup", "pose": [[-0.9957550006812347, 0.055165207433180714, -0.07368016235513652, 16.554901016935364], [0.02708346300532355, -0.5894509783379495, -0.8073499887545664, 22.278881823729176], [-0.08796849593349979, -0.8059183378608537, 0.5854546650543779, 23.61024837590115], [0.0, 0.0, 0.0, 1.0]]}]}