{"camera": {"camera": "RealSense D415", "extrinsics": [[-0.9871076, 0.15663554, 0.032922924, 0.6741127], [0.10757827, 0.80157185, -0.5881407, -0.25569305], [-0.11851383, -0.57701635, -0.80808824, 0.21345901], [0.0, 0.0, 0.0, 1.0]], "height": 480, "intrinsics": [[605.8222, 0.0, 326.28275], [0.0, 605.7743, 245.73769], [0.0, 0.0, 1.0]], "width": 640}, "objects": [{"class": "MacaroniAndCheese", "pose": [[-0.49386055590305655, -0.8660038879355525, 0.07835182550933616, -12.677583236964074], [-0.7191386109417021, 0.3561230493967847, -0.5966708202297621, 3.4694524635290658], [0.48881631230282946, -0.3510180209047187, -0.7986519614580061, 38.215575584904414], [0.0, 0.0, 0.0, 1.0]]}, {"class": "Pineapple", "pose": [[0.3344653292034779, 0.0395923391764473, 0.9415760093568448, -0.6391287759047848], [-0.7604935296322998, -0.5787340717834414, 0.2944766566586359, -4.003368443198366], [0.5565811181288977, -0.8145546965667351, -0.16345671891171712, 43.7254330764976], [0.0, 0.0, 0.0, 1.0]]}, {"class": "Milk", "pose": [[-0.06718670529648568, 0.08385131427401413, 0.9942106893827574, -15.195149544619024], [-0.8020775637394585, -0.597207597144646, -0.003834505310401319, 17.33027566099595], [0.5934286129476603, -0.7976917164686986, 0.10737970257995894, 17.99110770705224], [0.0, 0.0, 0.0, 1.0]]}, {"class": "TomatoSauce", "pose": [[0.06592085107934569, -0.01403058132139937, -0.9977262025915585, -4.60835399505487], [0.7808823080155524, -0.621757408082138, 0.06033723805219774, 21.5754687105322], [-0.6211901888209178, -0.7830842275169351, -0.030030578428663048, 22.68603377787149], [0.0, 0.0, 0.0, 1.0]]}, {"class": "Cookies", "pose": [[-0.7020175205115717, 0.024273436161023863, 0.711745876242873, 13.825252220986473], [-0.5923515214894078, -0.5747034402107173, -0.5646553520260229, -1.0402765050965628], [0.3953366289347904, -0.8180017051376979, 0.41783029321510073, 35.27075909320102], [0.0, 0.0, 0.0, 1.0]]}, {"class": "OrangeJuice", "pose": [[-0.8868805512310365, 0.027892969687238492, -0.46115600532485085, -0.1390817226467722], [0.3550728796847346, -0.597460563630566, -0.7190021980433153, 5.0953969192320425], [-0.2955776500539804, -0.8014130595973321, 0.5199720707973968, 28.342019195220608], [0.0, 0.0, 0.0, 1.0]]}, {"class": "Mustard", "pose": [[0.6981197435849277, 0.032956697971034656, -0.715222112936097, 11.004256887998132], [0.5911960431754967, -0.5900240767563265, 0.5498716788069405, 10.488942205592473], [-0.4038762629942105, -0.8067127611519564, -0.43139132918771184, 26.767180410693676], [0.0, 0.0, 0.0, 1.0]]}, {"class": "Parmesan", "pose": [[-0.14002498881575415, 0.07120069255034134, -0.9875846571532554, -13.842619636345276], [0.779352064038726, -0.6072946781586427, -0.15428405598521797, 28.857418461794605], [-0.6107400103814445, -0.7912797661408694, 0.029545983301399244, 15.455092269741586], [0.0, 0.0, 0.0, 1.0]]}, {"class": "CreamCheese", "pose": [[0.6150687433725401, -0.7844575560862096, -0.0794781402801383, 3.5876585512995995], [0.6507522082393754, 0.44813368880700066, 0.6129419191084006, 29.118759696012365], [-0.4452100392475873, -0.42872199931253213, 0.7861205136444094, 21.14997819926719], [0.0, 0.0, 0.0, 1.0]]}, {"class": "AlphabetSoup", "pose": [[-0.9980313341586652, 0.03512924912780012, -0.05195558728573602, 15.765173098383622], [0.019864760085261078, -0.6086978463169296, -0.793153427130192, 23.626683037169883], [-0.05948817277027006, -0.7926240616259808, 0.6068016545345859, 22.655397633655987], [0.0, 0.0, 0.0, 1.0]]}]}