{"camera": {"camera": "RealSense D415", "extrinsics": [[-0.7865179, 0.5828253, 0.20421623, 0.5632035], [0.5379861, 0.80899626, -0.23684588, -0.37767234], [-0.30324993, -0.07641803, -0.949842, 0.26492637], [0.0, 0.0, 0.0, 1.0]], "height": 480, "intrinsics": [[603.75165, 0.0, 326.28275], [0.0, 603.20245, 245.73769], [0.0, 0.0, 1.0]], "width": 640}, "objects": [{"class": "ChocolatePudding", "pose": [[0.35222305013114624, 0.13339979409024316, 0.9263602945970772, 17.806297976218783], [-0.8817095337164865, -0.2846626743552804, 0.3762385074159158, 4.706489236876471], [0.31389032100494973, -0.9493006380396076, 0.01735509809847352, 48.29361352398175], [0.0, 0.0, 0.0, 1.0]]}, {"class": "MacaroniAndCheese", "pose": [[0.24609502469490244, 0.8288563227332004, -0.5024285149139164, 7.744467553178841], [-0.23452592415409898, -0.45204490328122143, -0.860611962964342, 1.7993117024657168], [-0.9404439779067033, 0.32962481465648463, 0.08314229016991663, 42.62039179018638], [0.0, 0.0, 0.0, 1.0]]}, {"class": "Milk", "pose": [[0.8088030255429618, 0.5516628523930588, 0.20372957732027328, -7.766466108452108], [0.5880706156263236, -0.7606273884909818, -0.27498887503764075, -2.521857706018399], [0.00326114071809653, 0.34221919348894025, -0.9396145076583272, 42.737134549656446], [0.0, 0.0, 0.0, 1.0]]}, {"class": "Ketchup", "pose": [[0.17455242371819146, 0.17364948205888786, 0.9692147781930359, 0.013589645671208128], [-0.9369052111086016, -0.2734962781626067, 0.21773462221004064, 12.21124632329969], [0.30288612491581546, -0.9460685431194529, 0.11495364929536173, 36.92329470944553], [0.0, 0.0, 0.0, 1.0]]}, {"class": "OrangeJuice", "pose": [[-0.09036842857285016, -0.9713595072366803, -0.2197594874656796, 13.09952855417288], [0.9660125113702027, -0.13915559890301712, 0.21784283704170115, -9.154063983043065], [-0.24218445852755574, -0.19260428427291137, 0.9509207707061816, 49.72235262324149], [0.0, 0.0, 0.0, 1.0]]}]}