{"camera": {"camera": "RealSense D415", "extrinsics": [[-0.991269, 0.13134825, 0.011550194, 0.67777294], [0.098132625, 0.7934189, -0.6007133, -0.2404423], [-0.08806679, -0.594335, -0.7993811, 0.19120483], [0.0, 0.0, 0.0, 1.0]], "height": 480, "intrinsics": [[605.8222, 0.0, 326.28275], [0.0, 605.7743, 245.73769], [0.0, 0.0, 1.0]], "width": 640}, "objects": [{"class": "MacaroniAndCheese", "pose": [[-0.4719108411455309, -0.8797804022562458, 0.05732861138662895, -11.957722295663952], [-0.7149823499704222, 0.34384653630037376, -0.6087445022821216, 4.64830024320968], [0.5158491831721517, -0.3282620903944525, -0.7912923646955007, 38.1237856904727], [0.0, 0.0, 0.0, 1.0]]}, {"class": "Pineapple", "pose": [[0.35848331936629746, 0.01793003422558713, 0.9333639115999472, 0.3131846785124237], [-0.7489251283813483, -0.5913605975924182, 0.29900479268369407, -2.6433928082631173], [0.5573157818762453, -0.8062079155718466, -0.19856460494226436, 43.35656891822246], [0.0, 0.0, 0.0, 1.0]]}, {"class": "Milk", "pose": [[-0.04141407399617869, 0.06286048037317815, 0.9971626759715063, -15.241183185587492], [-0.792979453507302, -0.6092238697857187, 0.0054711198372249786, 18.164473143474797], [0.6078391780944317, -0.7905029293674514, 0.07507754943971467, 17.7762645167418], [0.0, 0.0, 0.0, 1.0]]}, {"class": "TomatoSauce", "pose": [[0.03942336681258359, -0.034294274653965486, -0.9986339012588554, -4.542961938509615], [0.7713341306221196, -0.6342834721995004, 0.052232233205779216, 22.56485001703811], [-0.6352082015847453, -0.7723395845384812, 0.0014467167338969957, 22.057500136798588], [0.0, 0.0, 0.0, 1.0]]}, {"class": "Cookies", "pose": [[-0.6840094246885953, 0.002475293362070756, 0.7294689491186795, 14.471816982945285], [-0.591298131352576, -0.587502621511376, -0.5524556633159905, 0.2945034038123795], [0.4271973725893588, -0.809218504993382, 0.4033209667546836, 34.390988384715136], [0.0, 0.0, 0.0, 1.0]]}, {"class": "OrangeJuice", "pose": [[-0.898843089566802, 0.006814948267824197, -0.43821755406016744, 0.2410881635117379], [0.34352331829971267, -0.6099634014350237, -0.7140983469017903, 6.2118798368958394], [-0.2721632303488075, -0.7924003117614012, 0.5459202397433578, 27.823830918012764], [0.0, 0.0, 0.0, 1.0]]}, {"class": "Mustard", "pose": [[0.6798469283861551, 0.011643797383477515, -0.7332615793935789, 11.283326026772055], [0.5899765888992229, -0.6025741384324593, 0.5374310212454393, 11.66446346627067], [-0.43558666902649484, -0.7979779928866624, -0.4165277455703108, 25.80324793675165], [0.0, 0.0, 0.0, 1.0]]}, {"class": "Parmesan", "pose": [[-0.16605721725389463, 0.05050654402078902, -0.9848218404753882, -14.065372786484975], [0.7683991942740483, -0.6193034434045993, -0.16132573749993534, 29.659596834167388], [-0.6180515277607116, -0.7835256096444649, 0.06403057284476103, 15.0166743454136], [0.0, 0.0, 0.0, 1.0]]}, {"class": "CreamCheese", "pose": [[0.5950195897232498, -0.8015432376041222, -0.0589923212379371, 3.537331595392057], [0.6482288295036753, 0.43522318857522, 0.624804154179862, 30.144965380799494], [-0.47513266137489507, -0.4100112416050823, 0.7785497556657358, 20.137595274827348], [0.0, 0.0, 0.0, 1.0]]}, {"class": "AlphabetSoup", "pose": [[-0.9995622429492711, 0.014423121370145281, -0.02583145192448965, 15.801518683034278], [0.01129293660075698, -0.6210032078225084, -0.7837267099000675, 24.77076198511949], [-0.02734523839655363, -0.7836753403129146, 0.6205684370940742, 21.332879537741217], [0.0, 0.0, 0.0, 1.0]]}]}