{"camera": {"camera": "RealSense D415", "extrinsics": [[-0.9934689, 0.113446, 0.012230914, 0.6666438], [0.083477736, 0.79570776, -0.5999005, -0.23007998], [-0.07778854, -0.59496146, -0.7999811, 0.1815752], [0.0, 0.0, 0.0, 1.0]], "height": 480, "intrinsics": [[605.8222, 0.0, 326.28275], [0.0, 605.7743, 245.73769], [0.0, 0.0, 1.0]], "width": 640}, "objects": [{"class": "MacaroniAndCheese", "pose": [[-0.45592382202066956, -0.8881135927848341, 0.05820419739980043, -13.28759000066615], [-0.7222763117915914, 0.3309914982278316, -0.6072574229602338, 4.484667868970541], [0.5200484264280445, -0.3189026411051319, -0.7923702964659338, 38.00432627971014], [0.0, 0.0, 0.0, 1.0]]}, {"class": "Pineapple", "pose": [[0.3752650900866409, 0.018400781285255626, 0.9267348796610787, -0.8567118949044161], [-0.7439246512772805, -0.5904492605408036, 0.31296294375447764, -2.62792236698644], [0.5529486568897126, -0.806864966824826, -0.20788615925612172, 43.10435556595795], [0.0, 0.0, 0.0, 1.0]]}, {"class": "Milk", "pose": [[-0.023394036933393977, 0.0637503967327365, 0.9976916456112348, -16.980310663273624], [-0.7939437279235341, -0.607655229407991, 0.02021136508689205, 17.965272155412716], [0.6075409839097536, -0.7916381761932827, 0.06482976105900065, 17.70342073838593], [0.0, 0.0, 0.0, 1.0]]}, {"class": "TomatoSauce", "pose": [[0.021443013729859687, -0.032830038841495865, -0.9992309039866223, -6.305032264216315], [0.7722909491193364, -0.634166615921068, 0.037408733930023, 22.520812272002523], [-0.6349069660048938, -0.7724991204223887, 0.01175587175506194, 21.878312340068373], [0.0, 0.0, 0.0, 1.0]]}, {"class": "Cookies", "pose": [[-0.6707341309236932, 0.002860370999070623, 0.7416923605254813, 13.16379741234931], [-0.6016888585001844, -0.5868188455823928, -0.5418617722637064, 0.5261712632736559], [0.43368907895931147, -0.8097131922435644, 0.39532047272280935, 33.996295507061006], [0.0, 0.0, 0.0, 1.0]]}, {"class": "OrangeJuice", "pose": [[-0.9065911521492072, 0.007705436203067694, -0.4219397147315828, -1.21993395877803], [0.33034512163405094, -0.6092248598018216, -0.720914135682404, 6.23647879569483], [-0.262611127241857, -0.79296008192297, 0.549772363238735, 27.580907079123325], [0.0, 0.0, 0.0, 1.0]]}, {"class": "Mustard", "pose": [[0.6665055876385856, 0.012366533401661618, -0.7453974673073726, 9.718859407541391], [0.6003117389974791, -0.601760753788937, 0.5267920191459486, 11.853747728608685], [-0.4420363003575385, -0.798580652263049, -0.4085006708109164, 25.451697272246143], [0.0, 0.0, 0.0, 1.0]]}, {"class": "Parmesan", "pose": [[-0.18378404742534704, 0.0516197335770602, -0.9816103304201044, -16.003545315385892], [0.7662952850130286, -0.6179220055897594, -0.1759657676634936, 29.478558189542404], [-0.6156418915436374, -0.7845430469508615, 0.07400821517409664, 14.941916680433351], [0.0, 0.0, 0.0, 1.0]]}, {"class": "CreamCheese", "pose": [[0.580421346167488, -0.8120853347794611, -0.06023689666082892, 1.6417864205871213], [0.6573274233990889, 0.4235776849866406, 0.623299786173191, 30.22135945594202], [-0.48065755933791576, -0.4013718602188502, 0.779659468955135, 19.882072582732178], [0.0, 0.0, 0.0, 1.0]]}, {"class": "AlphabetSoup", "pose": [[-0.999848269865695, 0.01556585276554101, -0.007820181860666915, 13.995967781061925], [-0.003519103310472943, -0.6201568431016932, -0.7844699650596603, 25.028852453726792], [-0.017060709580041897, -0.7843233963701417, 0.6201174801202239, 20.946558909965113], [0.0, 0.0, 0.0, 1.0]]}]}