{"camera": {"camera": "RealSense D415", "extrinsics": [[-0.99393296, 0.10914207, 0.01361097, 0.6546176], [0.07922155, 0.7962486, -0.59976, -0.22692616], [-0.07629677, -0.59504294, -0.80006415, 0.18331827], [0.0, 0.0, 0.0, 1.0]], "height": 480, "intrinsics": [[605.8222, 0.0, 326.28275], [0.0, 605.7743, 245.73769], [0.0, 0.0, 1.0]], "width": 640}, "objects": [{"class": "MacaroniAndCheese", "pose": [[-0.45204328900791935, -0.8900008245790714, 0.05962670918982351, -14.57773514985129], [-0.7242798374907885, 0.3272100128843457, -0.6069203470305627, 4.454639063185434], [0.5206491078225195, -0.3175407127507502, -0.7925227660548224, 38.300933070131585], [0.0, 0.0, 0.0, 1.0]]}, {"class": "Pineapple", "pose": [[0.3792790275671082, 0.01972993933066919, 0.9250719410289608, -2.108850388718808], [-0.7423643526232275, -0.5902816603565019, 0.31695853446188105, -2.6050646383265876], [0.5523065584512155, -0.8069561812057476, -0.2092346040965456, 43.3816272299558], [0.0, 0.0, 0.0, 1.0]]}, {"class": "Milk", "pose": [[-0.019079831319543602, 0.06517565107443786, 0.9976913560220778, -18.35857119069223], [-0.7940994264301878, -0.6072944239746009, 0.024486051534687657, 17.921364618201995], [0.6074882596087855, -0.7917989666914386, 0.063343059838357, 18.007037355092166], [0.0, 0.0, 0.0, 1.0]]}, {"class": "TomatoSauce", "pose": [[0.017180896373999822, -0.031261446066097015, -0.9993635405231538, -7.696720470713448], [0.7724412960481519, -0.6342220101945296, 0.03311901434849219, 22.522244831931538], [-0.6348536707330426, -0.7725187102641791, 0.013251094082266178, 22.16649258945926], [0.0, 0.0, 0.0, 1.0]]}, {"class": "Cookies", "pose": [[-0.6674977642499551, 0.004169859052355863, 0.7446000902055581, 11.884382476591139], [-0.6046064448237591, -0.5867176763731387, -0.5387145796022548, 0.6101073514687416], [0.43462362253923703, -0.8097808150802259, 0.394153866788976, 34.25300024512717], [0.0, 0.0, 0.0, 1.0]]}, {"class": "OrangeJuice", "pose": [[-0.9083913895154554, 0.009136033383269139, -0.4180210086652719, -2.533281209805982], [0.32647854319324654, -0.609104418460616, -0.7227748967786065, 6.259296303804717], [-0.26122175929137065, -0.7930374077011483, 0.5503224463032476, 27.85970906814873], [0.0, 0.0, 0.0, 1.0]]}, {"class": "Mustard", "pose": [[0.6632627140579452, 0.01375666143638283, -0.7482601644775331, 8.378115083600612], [0.6032120519454189, -0.6016197989865766, 0.5236304240800982, 11.923676310219665], [-0.4429646751529155, -0.7986641099534568, -0.4073301713410773, 25.714793034544815], [0.0, 0.0, 0.0, 1.0]]}, {"class": "Parmesan", "pose": [[-0.18798955241619977, 0.05309976267789189, -0.9807345669054595, -17.435345227230847], [0.7655629768854401, -0.6176138951250989, -0.18018431712516167, 29.43902080557028], [-0.6152830170553649, -0.7846868674067516, 0.07545370427257087, 15.24533969604931], [0.0, 0.0, 0.0, 1.0]]}, {"class": "CreamCheese", "pose": [[0.5768770403018277, -0.8144937755950993, -0.06174720420209091, 0.2139906313168849], [0.6598617642591134, 0.42013011937628014, 0.6229551492915665, 30.2570301996964], [-0.4814511840864193, -0.40011315511331097, 0.7798167431473134, 20.15923949315585], [0.0, 0.0, 0.0, 1.0]]}, {"class": "AlphabetSoup", "pose": [[-0.9998482821748194, 0.017056173463493533, -0.003528018732583216, 12.591915711210289], [-0.007808123630210465, -0.6200034585377244, -0.7845602129688902, 25.117478903574753], [-0.01556901579369148, -0.7844136591106721, 0.6200425385355819, 21.204719976264197], [0.0, 0.0, 0.0, 1.0]]}]}