{"camera": {"camera": "RealSense D415", "extrinsics": [[-0.99476445, 0.101187214, 0.014312556, 0.64396906], [0.07210677, 0.79421693, -0.60334074, -0.2208839], [-0.07241765, -0.5991499, -0.79735506, 0.18409176], [0.0, 0.0, 0.0, 1.0]], "height": 480, "intrinsics": [[605.8222, 0.0, 326.28275], [0.0, 605.7743, 245.73769], [0.0, 0.0, 1.0]], "width": 640}, "objects": [{"class": "MacaroniAndCheese", "pose": [[-0.4448833667748637, -0.8935489319414963, 0.06040759370682391, -15.740592631716188], [-0.7249261617598203, 0.31967999024133503, -0.6101530704190553, 4.605777798479474], [0.5258905012670205, -0.3152380254401735, -0.7899773216520481, 38.59487342932486], [0.0, 0.0, 0.0, 1.0]]}, {"class": "Pineapple", "pose": [[0.38666960637073283, 0.020337487372147533, 0.921994025631764, -3.202437617867848], [-0.7372099802164779, -0.5938529221954957, 0.32227342021242955, -2.3454294146048134], [0.5540830829975542, -0.8043165488908118, -0.21463184071134833, 43.65465137426548], [0.0, 0.0, 0.0, 1.0]]}, {"class": "Milk", "pose": [[-0.011089822044611486, 0.0659619740287263, 0.9977604998261996, -19.69911632497151], [-0.7913978485347365, -0.6104860541351289, 0.031563088369742025, 17.952646003944754], [0.6112008246675893, -0.7892754974139439, 0.05897238199760354, 18.255727279822057], [0.0, 0.0, 0.0, 1.0]]}, {"class": "TomatoSauce", "pose": [[0.009222762711991411, -0.030206687850977763, -0.9995011144772208, -9.05137247313419], [0.7696011998965098, -0.6379796037740669, 0.02638226283816121, 22.645086019522694], [-0.6384582369305989, -0.7694605915815228, 0.017363134202229402, 22.348500139853478], [0.0, 0.0, 0.0, 1.0]]}, {"class": "Cookies", "pose": [[-0.661511527490471, 0.004741635459987617, 0.7499199937823785, 10.72974945685341], [-0.607119290376421, -0.5904079249797387, -0.5318126125622399, 0.9226607671496523], [0.44023701551252187, -0.8070910836054982, 0.3934404067555474, 34.45174465817671], [0.0, 0.0, 0.0, 1.0]]}, {"class": "OrangeJuice", "pose": [[-0.9116953703129836, 0.00993126152668599, -0.4107467625904493, -3.7530606523009102], [0.31908346989265407, -0.6126828379482826, -0.7230528921394532, 6.444087238983761], [-0.25883834797955657, -0.7902664920517767, 0.5554111827162237, 28.094181718837604], [0.0, 0.0, 0.0, 1.0]]}, {"class": "Mustard", "pose": [[0.6572507950390518, 0.014476857891280438, -0.7535328753215119, 7.110264080346984], [0.6056576342380858, -0.605193021899452, 0.5166432442601568, 12.172583640488563], [-0.4485534369458032, -0.7959471369255844, -0.40653163487595073, 25.876763058951973], [0.0, 0.0, 0.0, 1.0]]}, {"class": "Parmesan", "pose": [[-0.1958112679781803, 0.0539869847188837, -0.9791543974256126, -18.8661760313115], [0.7614180704603668, -0.6208544728942738, -0.1865000026002954, 29.463442563873265], [-0.6179809584430119, -0.7820646680341345, 0.08046359888394064, 15.437305329432494], [0.0, 0.0, 0.0, 1.0]]}, {"class": "CreamCheese", "pose": [[0.5703184998357649, -0.8190278399014029, -0.06269120668562084, -1.2021747896908908], [0.6615402361881911, 0.41272928930823016, 0.6261142508819945, 30.424145320673222], [-0.4869304774842506, -0.39855732054227266, 0.7772070335952735, 20.272047199899536], [0.0, 0.0, 0.0, 1.0]]}, {"class": "AlphabetSoup", "pose": [[-0.9998287595147292, 0.017962012340991634, 0.004449600439910961, 11.214835111256594], [-0.014679840233162083, -0.6234878316805127, -0.7816952293211125, 25.373778115857924], [-0.011266583043596352, -0.7816267062564564, 0.6236447361311133, 21.28826965118402], [0.0, 0.0, 0.0, 1.0]]}]}