{"camera": {"camera": "RealSense D415", "extrinsics": [[-0.9989701, -0.02567357, -0.037411902, 0.6293003], [0.002142249, 0.79692, -0.6040811, -0.19631213], [0.04532321, -0.6035391, -0.79604423, 0.11610629], [0.0, 0.0, 0.0, 1.0]], "height": 480, "intrinsics": [[605.8222, 0.0, 326.28275], [0.0, 605.7743, 245.73769], [0.0, 0.0, 1.0]], "width": 640}, "objects": [{"class": "MacaroniAndCheese", "pose": [[-0.32824620957932943, -0.9445434949003877, 0.009593291571992164, -15.94636695662025], [-0.7521058765976022, 0.25519922338729395, -0.6076266916507823, 1.480518653528562], [0.5714815990808136, -0.20666634719206317, -0.7941648700982537, 41.18880908796552], [0.0, 0.0, 0.0, 1.0]]}, {"class": "Pineapple", "pose": [[0.4996679202275426, -0.032924660791334055, 0.8655911016827051, -2.4456333066536384], [-0.7061525200893883, -0.5942237387708977, 0.38502838374481296, -4.557289981028728], [0.5016778403068788, -0.8036256494461191, -0.3201643299075958, 44.710319105931404], [0.0, 0.0, 0.0, 1.0]]}, {"class": "Milk", "pose": [[0.11614438684328156, 0.015201260335793162, 0.9931160164824764, -23.190983333060633], [-0.7877648679691958, -0.6075679901837564, 0.10142849567131886, 14.436003034957642], [0.6049273155267061, -0.7941222369905451, -0.05859055977404153, 21.512410513359104], [0.0, 0.0, 0.0, 1.0]]}, {"class": "TomatoSauce", "pose": [[-0.11967566645786608, -0.07581424837306386, -0.9899141143081621, -12.489898407125622], [0.7657811663200392, -0.6416325924178096, -0.043438592211547576, 19.877327856149453], [-0.631867867044601, -0.7632561106711491, 0.1348448967054617, 24.344901129743402], [0.0, 0.0, 0.0, 1.0]]}, {"class": "Cookies", "pose": [[-0.561137479164823, -0.04894081387897917, 0.8262744975602423, 10.045548594984854], [-0.6500675086577109, -0.591887932625902, -0.4765301659244589, -0.36104906145668914], [0.5123836353813119, -0.8045331204598067, 0.3003156777867021, 33.94734126024103], [0.0, 0.0, 0.0, 1.0]]}, {"class": "OrangeJuice", "pose": [[-0.955847692249075, -0.04026618534103624, -0.2910907807630119, -5.4342643504708965], [0.2535641454898695, -0.6136777591727336, -0.7477331888149173, 4.109388239699744], [-0.14852759515306233, -0.7885292089154108, 0.5967924917533184, 29.35962541973921], [0.0, 0.0, 0.0, 1.0]]}, {"class": "Mustard", "pose": [[0.5560412223540457, -0.03695425041599169, -0.8303328016670376, 4.666206557939656], [0.6482781988654747, -0.6059116784733874, 0.4610927286369834, 10.573813289580578], [-0.5201476346895268, -0.7946731980460426, -0.3129552435764828, 25.904752864469017], [0.0, 0.0, 0.0, 1.0]]}, {"class": "Parmesan", "pose": [[-0.31980491332603783, 0.004910674382738494, -0.947470697063847, -23.501227384036273], [0.7433768625292994, -0.6187184647731051, -0.25412278772575003, 25.965392915991224], [-0.5874655090380618, -0.7855974899213174, 0.1942186849091145, 18.66413754195051], [0.0, 0.0, 0.0, 1.0]]}, {"class": "CreamCheese", "pose": [[0.46151062226191625, -0.8870166503975332, -0.014471577729461213, -5.501903776485717], [0.697795675652258, 0.3528901518049083, 0.6233376496223517, 28.17728785049519], [-0.5478039549988787, -0.2977751626215444, 0.7818189160292486, 21.392964865010047], [0.0, 0.0, 0.0, 1.0]]}, {"class": "AlphabetSoup", "pose": [[-0.9907360557503665, -0.030540475029141742, 0.1323229622031713, 7.270703596515382], [-0.08453851629611321, -0.6238603454199623, -0.7769501903671413, 24.010870506449454], [0.10627944231823966, -0.7809389350020939, 0.6154990641635202, 20.921238377199554], [0.0, 0.0, 0.0, 1.0]]}]}