{"camera": {"camera": "RealSense D415", "extrinsics": [[-0.9361585, -0.3176909, 0.15059797, 0.52764666], [-0.34824714, 0.7790854, -0.5212964, -0.021753909], [0.048282437, -0.54046136, -0.83998233, 0.17910075], [0.0, 0.0, 0.0, 1.0]], "height": 480, "intrinsics": [[603.75165, 0.0, 326.28275], [0.0, 603.20245, 245.73769], [0.0, 0.0, 1.0]], "width": 640}, "objects": [{"class": "ChocolatePudding", "pose": [[0.9589122622736492, 0.14755660657166578, 0.24231026099581573, 0.1304612173445019], [-0.11059750959980316, -0.5921000075996832, 0.7982392109669985, 9.743382237922482], [0.26125738543632177, -0.7922402513898054, -0.5514525757580842, 47.06852594525154], [0.0, 0.0, 0.0, 1.0]]}, {"class": "MacaroniAndCheese", "pose": [[0.17467171507786994, 0.896713744850702, 0.4066868490782061, -4.346272196161205], [-0.48886766301388235, 0.43751214111020154, -0.7547129258830487, -1.2272643576836106], [-0.8546918621144693, -0.06698905008979132, 0.5147953658307337, 48.28562691047431], [0.0, 0.0, 0.0, 1.0]]}, {"class": "Milk", "pose": [[0.0028901992406762294, 0.9832242885053277, 0.1823775937639152, -9.9118020007546], [0.8375275618203808, 0.0972696141700905, -0.5376674356931525, -13.251851577503274], [-0.5463874947424056, 0.15430023251829061, -0.8231962855305835, 57.434910167752086], [0.0, 0.0, 0.0, 1.0]]}, {"class": "Ketchup", "pose": [[0.8976617763838275, 0.16261964151639766, 0.4095828718075045, -18.076832328288226], [-0.25824073161141037, -0.5590103505103732, 0.7879208200152555, -3.2182701932177022], [0.3570924768732523, -0.8130573562068588, -0.4598072195560539, 45.432664865629356], [0.0, 0.0, 0.0, 1.0]]}, {"class": "OrangeJuice", "pose": [[-0.861830436078978, -0.48622681611864327, -0.1443319929905327, 8.664931567348876], [0.35990147187559735, -0.7867732703958589, 0.5014566956246798, -0.2591959870314825], [-0.3573782598446606, 0.38022535673058966, 0.8530588714543261, 53.65799993469834], [0.0, 0.0, 0.0, 1.0]]}]}