{"camera": {"camera": "RealSense D415", "extrinsics": [[-0.78945637, 0.5917146, 0.16319442, 0.5778374], [0.557063, 0.8023365, -0.2143291, -0.37624], [-0.2577585, -0.07829389, -0.963032, 0.22974792], [0.0, 0.0, 0.0, 1.0]], "height": 480, "intrinsics": [[603.75165, 0.0, 326.28275], [0.0, 603.20245, 245.73769], [0.0, 0.0, 1.0]], "width": 640}, "objects": [{"class": "ChocolatePudding", "pose": [[0.3506947850290939, 0.0917290234421031, 0.9319865193423643, 20.808827457481417], [-0.8947078581081213, -0.26112665664286205, 0.3623682047012918, 4.799265381688694], [0.2766061924761957, -0.960936342295891, -0.009505080214150996, 47.38287309394067], [0.0, 0.0, 0.0, 1.0]]}, {"class": "MacaroniAndCheese", "pose": [[0.20543987516384335, 0.8341077449557739, -0.51191663942638, 10.48909344190458], [-0.21285913383560406, -0.4724692896332645, -0.8552565448124521, 2.1884448037957025], [-0.9552410389404263, 0.2846699220204074, 0.08048340966914683, 42.038319301737076], [0.0, 0.0, 0.0, 1.0]]}, {"class": "Milk", "pose": [[0.8172277966015911, 0.5529235991265821, 0.1625242757705926, -5.0697636107676525], [0.5761587693904681, -0.7772859679018931, -0.2527203879896074, -1.912247331398248], [-0.01340722352744851, 0.3001699010424264, -0.9537915197130485, 42.65595097280359], [0.0, 0.0, 0.0, 1.0]]}, {"class": "Ketchup", "pose": [[0.17190438995754675, 0.13224084163290298, 0.9761972949878956, 2.7014471775245186], [-0.9470463956531612, -0.25062661720984203, 0.20072224882818943, 12.857974389174087], [0.2712046924120693, -0.959009205640401, 0.08215439441504735, 36.92505381011566], [0.0, 0.0, 0.0, 1.0]]}, {"class": "OrangeJuice", "pose": [[-0.08497075870251627, -0.9801778348797329, -0.17897290409483094, 15.949764626112001], [0.9733190759176303, -0.12007810237177548, 0.19552806380154747, -9.025792187741983], [-0.21314298670049373, -0.15758357229935632, 0.96422895163588, 48.63475260029646], [0.0, 0.0, 0.0, 1.0]]}]}