{"camera": {"camera": "RealSense D415", "extrinsics": [[-0.99424314, -0.08931589, -0.059187714, 0.6166836], [-0.03378851, 0.7855652, -0.61785567, -0.17273721], [0.101680145, -0.6122989, -0.7840607, 0.09240286], [0.0, 0.0, 0.0, 1.0]], "height": 480, "intrinsics": [[605.8222, 0.0, 326.28275], [0.0, 605.7743, 245.73769], [0.0, 0.0, 1.0]], "width": 640}, "objects": [{"class": "MacaroniAndCheese", "pose": [[-0.26727609423917986, -0.963544589295395, -0.012051069680617447, -16.166351942162738], [-0.7542952185914554, 0.21698262856281053, -0.6196428625610078, 1.4050697148578846], [0.5996683676177518, -0.15652567515175328, -0.7847913845848815, 42.928854190750386], [0.0, 0.0, 0.0, 1.0]]}, {"class": "Pineapple", "pose": [[0.5531239024352851, -0.05550510295305219, 0.8312478851062193, -2.272510640162928], [-0.6791240052900819, -0.6079642994930727, 0.41130282152133685, -4.075381811245821], [0.4825396215288919, -0.7920218539494301, -0.3739744001171317, 45.766418938066835], [0.0, 0.0, 0.0, 1.0]]}, {"class": "Milk", "pose": [[0.17931489997927355, -0.006455669301323495, 0.9837705044226139, -24.982098590167702], [-0.7730746283600326, -0.6193777022854046, 0.1368462491572486, 13.765688996469914], [0.6084420577413844, -0.7850666269357748, -0.11605433669114422, 23.51269246317297], [0.0, 0.0, 0.0, 1.0]]}, {"class": "TomatoSauce", "pose": [[-0.1835201660060898, -0.09425776585631108, -0.9784864519437674, -14.351178072460446], [0.750542860531487, -0.6562554962294251, -0.07755097152609179, 19.641227737484815], [-0.6348273094857256, -0.7486282294503501, 0.1911805864172786, 25.658804535875802], [0.0, 0.0, 0.0, 1.0]]}, {"class": "Cookies", "pose": [[-0.5067768554074844, -0.07162334231390602, 0.8590967524392784, 9.43040023212891], [-0.6618430099838346, -0.6062328675945201, -0.44095981154116515, 0.40166578845203804], [0.5523956684646024, -0.7920554465677846, 0.2598213818098084, 34.25652539239184], [0.0, 0.0, 0.0, 1.0]]}, {"class": "OrangeJuice", "pose": [[-0.9715082757324486, -0.061254585542279125, -0.22895296531392048, -6.4388251094261495], [0.21587524680585626, -0.6274276927177231, -0.7481526470167588, 4.226112536837226], [-0.09782366519142348, -0.7762618058986246, 0.6227745134904198, 30.488526282787998], [0.0, 0.0, 0.0, 1.0]]}, {"class": "Mustard", "pose": [[0.5013249109217232, -0.0585856364327435, -0.863273404713551, 3.2025891215635705], [0.659742407587543, -0.6196457823407928, 0.4251812261478825, 11.000094394108077], [-0.5598332024563683, -0.7826920543410056, -0.2719924427637828, 26.37747601980228], [0.0, 0.0, 0.0, 1.0]]}, {"class": "Parmesan", "pose": [[-0.37986833577932444, -0.015827082471026373, -0.9249051115251392, -25.883992120559775], [0.7215305878285702, -0.6307588593789555, -0.2855466461954577, 25.228300150050632], [-0.5788727068648132, -0.7758174970575541, 0.251025010562816, 20.524237689549047], [0.0, 0.0, 0.0, 1.0]]}, {"class": "CreamCheese", "pose": [[0.4036020476882592, -0.9149155458549977, 0.005903003246187282, -7.855950420311197], [0.7053029500910603, 0.3152311696682419, 0.6349622612984153, 28.14317979732044], [-0.5827976205722281, -0.25210867416428523, 0.7725206180343551, 22.19988134510624], [0.0, 0.0, 0.0, 1.0]]}, {"class": "AlphabetSoup", "pose": [[-0.9793615897700664, -0.05074384931402793, 0.1956421545385161, 5.017683956090469], [-0.11911044788358449, -0.6371222592261606, -0.7615037380172748, 24.441241199694193], [0.16328957576535102, -0.7690905761426444, 0.6179289243567203, 21.06576150073008], [0.0, 0.0, 0.0, 1.0]]}]}