{"camera": {"camera": "RealSense D415", "extrinsics": [[-0.992831, -0.10333672, -0.060067426, 0.6109747], [-0.043850232, 0.78240526, -0.6212239, -0.16539699], [0.111192316, -0.6141364, -0.78132755, 0.08633395], [0.0, 0.0, 0.0, 1.0]], "height": 480, "intrinsics": [[605.8222, 0.0, 326.28275], [0.0, 605.7743, 245.73769], [0.0, 0.0, 1.0]], "width": 640}, "objects": [{"class": "MacaroniAndCheese", "pose": [[-0.2536675962251473, -0.967205086804906, -0.012923562570606827, -16.608668868089673], [-0.7549210727396857, 0.206310109235558, -0.6225193328179035, 1.4415032553873386], [0.604770113796505, -0.14815673662951012, -0.7824977052844065, 42.99168015089419], [0.0, 0.0, 0.0, 1.0]]}, {"class": "Pineapple", "pose": [[0.5647568042702164, -0.05656420422632208, 0.8233165798258787, -2.6318413707111077], [-0.6715683702131245, -0.6113228052808873, 0.41866497207680026, -3.8828491785009076], [0.47963075896616075, -0.7893572805201015, -0.3832354193820826, 45.716661144679435], [0.0, 0.0, 0.0, 1.0]]}, {"class": "Milk", "pose": [[0.19315905441575124, -0.007334101209723628, 0.981140019794374, -25.736418289998888], [-0.7689854812171071, -0.6221964966803963, 0.1467407788149185, 13.639949661829595], [0.6093856698023701, -0.7828267543012083, -0.12582267726947266, 23.617167159031087], [0.0, 0.0, 0.0, 1.0]]}, {"class": "TomatoSauce", "pose": [[-0.19737540546376045, -0.09439636323237652, -0.9757726291057579, -15.148146166403375], [0.7463172629783377, -0.6598632168445895, -0.08712683287773938, 19.63422202168322], [-0.6356520088414933, -0.745432668335173, 0.2006903798391516, 25.642362912736566], [0.0, 0.0, 0.0, 1.0]]}, {"class": "Cookies", "pose": [[-0.49456217055856366, -0.0726993656276112, 0.8660964204262656, 8.91440824566423], [-0.6651537323676072, -0.6097606048588978, -0.43100176803677387, 0.675743015620292], [0.559445013761371, -0.7892444521011373, 0.25320829238123277, 34.08123710872276], [0.0, 0.0, 0.0, 1.0]]}, {"class": "OrangeJuice", "pose": [[-0.9746034600591148, -0.06195995654576382, -0.215195276925621, -7.028950898191477], [0.20532784053421568, -0.6307893012962741, -0.7482949567135857, 4.320173989546583], [-0.08937857878350665, -0.7734764509160813, 0.6274915277981122, 30.450265394254313], [0.0, 0.0, 0.0, 1.0]]}, {"class": "Mustard", "pose": [[0.4890628157744638, -0.05943368893913331, -0.8702213204876597, 2.501531652404998], [0.6629696700172794, -0.6230027272944979, 0.41513711637490364, 11.180229551557282], [-0.5668233679344375, -0.7799584840748396, -0.2652847538186934, 26.224868790410998], [0.0, 0.0, 0.0, 1.0]]}, {"class": "Parmesan", "pose": [[-0.3928718472508495, -0.016497757400116185, -0.9194452041442805, -26.786936989289913], [0.7154467683321372, -0.6336423602610296, -0.29433533246486915, 25.081784659286154], [-0.5777435606236944, -0.7734501800362855, 0.26074348522100776, 20.597804297366533], [0.0, 0.0, 0.0, 1.0]]}, {"class": "CreamCheese", "pose": [[0.39065417982636214, -0.920514539445362, 0.006499402998081392, -8.77557031449232], [0.7074211734280443, 0.3047229506154303, 0.6377297340764251, 28.19146966761682], [-0.5890199935142122, -0.24453399255352654, 0.7702327840671641, 22.092840069497388], [0.0, 0.0, 0.0, 1.0]]}, {"class": "AlphabetSoup", "pose": [[-0.9764732233729303, -0.051280755340509854, 0.2094523238181726, 4.125038309662399], [-0.1287920252065694, -0.6403475876268615, -0.757210398921543, 24.6207138983031], [0.1729525851316357, -0.7663714832334059, 0.6186777197446333, 20.849841566936078], [0.0, 0.0, 0.0, 1.0]]}]}