{"camera": {"camera": "RealSense D415", "extrinsics": [[-0.9901987, -0.12119057, -0.069422215, 0.6074418], [-0.05215918, 0.7819737, -0.6211252, -0.16074763], [0.12956087, -0.61141634, -0.7806305, 0.072919436], [0.0, 0.0, 0.0, 1.0]], "height": 480, "intrinsics": [[605.8222, 0.0, 326.28275], [0.0, 605.7743, 245.73769], [0.0, 0.0, 1.0]], "width": 640}, "objects": [{"class": "MacaroniAndCheese", "pose": [[-0.2361412810542714, -0.9714628609725472, -0.022299097943806027, -16.456751478178244], [-0.7574424401098165, 0.1983957629349307, -0.6220289961300703, 1.236497755053803], [0.6087020604930123, -0.12999644558452647, -0.7826765875172728, 43.102506115234576], [0.0, 0.0, 0.0, 1.0]]}, {"class": "Pineapple", "pose": [[0.5791010931089746, -0.06615071248835432, 0.8125675675494936, -2.3881693222483125], [-0.6672173829477749, -0.6111895035341974, 0.42575621606568853, -3.97383522871589], [0.4684686607696862, -0.7887150541977654, -0.39807736951402556, 45.56287207341529], [0.0, 0.0, 0.0, 1.0]]}, {"class": "Milk", "pose": [[0.21079512550734344, -0.016719571213068114, 0.9773872905030127, -26.043250504406924], [-0.7678064375249218, -0.621659603270276, 0.15496003682808104, 13.373129704485917], [0.6050112831017753, -0.7831090319006541, -0.14388018083077467, 23.911600888258175], [0.0, 0.0, 0.0, 1.0]]}, {"class": "TomatoSauce", "pose": [[-0.21531074768520164, -0.10275795624078941, -0.9711241573539817, -15.469154871435197], [0.745123390020169, -0.6600741166547354, -0.09535877004214259, 19.453460170104435], [-0.6312149999079315, -0.7441390547201563, 0.21868837667364568, 25.745263602356122], [0.0, 0.0, 0.0, 1.0]]}, {"class": "Cookies", "pose": [[-0.47857026963446714, -0.08229337030888405, 0.8741843872211534, 8.901952733199792], [-0.6696413955058758, -0.6097611692389303, -0.4239949513495934, 0.6888583656523728], [0.5679356132747782, -0.7883013896398476, 0.2367065128525589, 33.71921656326927], [0.0, 0.0, 0.0, 1.0]]}, {"class": "OrangeJuice", "pose": [[-0.9777602724857394, -0.0710894527213527, -0.1973098677117218, -7.1356780804564535], [0.19730895111364719, -0.6307117337097001, -0.7505144153365514, 4.20369612201579], [-0.07109199840449844, -0.7727541418710415, 0.6307114070196748, 30.388020174614184], [0.0, 0.0, 0.0, 1.0]]}, {"class": "Mustard", "pose": [[0.4729531288593443, -0.0687484738572549, -0.8784014058962343, 2.257631978157304], [0.667417260106146, -0.6228997208607868, 0.4081055494851643, 11.14561306230428], [-0.5752125695369923, -0.7792750151412898, -0.24871844640863688, 25.992572496011405], [0.0, 0.0, 0.0, 1.0]]}, {"class": "Parmesan", "pose": [[-0.4094362591439209, -0.025612552925766432, -0.9119791617503561, -27.244269135644327], [0.7125910611120007, -0.6331879203122536, -0.30213744893763894, 24.808083996953005], [-0.5697156369643823, -0.7735741842402256, 0.27750133231404417, 20.922436618912883], [0.0, 0.0, 0.0, 1.0]]}, {"class": "CreamCheese", "pose": [[0.37378495954962987, -0.927385515321309, 0.015522713124241038, -9.234591390036694], [0.711067945103296, 0.2972631016778461, 0.6371946536844699, 28.065840128516285], [-0.5955393671131716, -0.22713607042001588, 0.7705465480380334, 22.085693160295513], [0.0, 0.0, 0.0, 1.0]]}, {"class": "AlphabetSoup", "pose": [[-0.9719949076822954, -0.06020146736017144, 0.2271601360349004, 3.6698150922025996], [-0.1370079122429858, -0.6401864084429035, -0.7559035621588397, 24.60304366454889], [0.19093130485071386, -0.7658571090883942, 0.6140098046835277, 20.600299379717757], [0.0, 0.0, 0.0, 1.0]]}]}