{"camera": {"camera": "RealSense D415", "extrinsics": [[-0.984986, -0.1584733, -0.06847451, 0.6083642], [-0.082324184, 0.77982223, -0.6205643, -0.14343885], [0.15174082, -0.60561, -0.7811602, 0.0562185], [0.0, 0.0, 0.0, 1.0]], "height": 480, "intrinsics": [[605.8222, 0.0, 326.28275], [0.0, 605.7743, 245.73769], [0.0, 0.0, 1.0]], "width": 640}, "objects": [{"class": "MacaroniAndCheese", "pose": [[-0.19940316740092656, -0.9796837170597188, -0.021404189370234014, -16.015357213133097], [-0.7660464892308078, 0.1694665563604226, -0.6200434932920326, 0.5278651212855534], [0.611073732885681, -0.10724203793869169, -0.7842754754391447, 43.234280247386245], [0.0, 0.0, 0.0, 1.0]]}, {"class": "Pineapple", "pose": [[0.6093654362997607, -0.06568731229597789, 0.7901638374480316, -1.7444384111914846], [-0.6509061312011115, -0.6105102036918438, 0.4512189828832988, -4.264201336380083], [0.4527636766238396, -0.7892797742431735, -0.4147800311009314, 45.35629140470277], [0.0, 0.0, 0.0, 1.0]]}, {"class": "Milk", "pose": [[0.24744350062847772, -0.01584953601261924, 0.9687726534997645, -26.395560469862144], [-0.7629457327186212, -0.6195050644733958, 0.18473590603765397, 12.428637301245416], [0.597231521153276, -0.7848326963952923, -0.16538479951077648, 24.310415879698656], [0.0, 0.0, 0.0, 1.0]]}, {"class": "TomatoSauce", "pose": [[-0.25187072926669307, -0.09978809462339464, -0.9626024204593305, -15.969781084232048], [0.7402165936021586, -0.6606091035722684, -0.1252001509374215, 18.818816137179684], [-0.623410373368368, -0.744068578898266, 0.24025286548219735, 25.926883806009492], [0.0, 0.0, 0.0, 1.0]]}, {"class": "Cookies", "pose": [[-0.44522222578334836, -0.08185199161685681, 0.8916711103882081, 9.1285128065553], [-0.6854570232005521, -0.6095695274285381, -0.3982131734848545, 0.7719858063402307], [0.5761300048422131, -0.7884956161433042, 0.21528786297114516, 33.27757108601877], [0.0, 0.0, 0.0, 1.0]]}, {"class": "OrangeJuice", "pose": [[-0.9846050961631164, -0.06967379293977832, -0.160306940433254, -7.078963431507146], [0.1680122285813997, -0.6302204881328951, -0.7580198535301961, 3.8127207808288572], [-0.04821460678054518, -0.7732837744477098, 0.632224279008867, 30.323222401856214], [0.0, 0.0, 0.0, 1.0]]}, {"class": "Mustard", "pose": [[0.43951041345484676, -0.06771717368605482, -0.8956812651924726, 1.9994146174801108], [0.683086932582988, -0.6223218435059231, 0.38224054807286817, 11.047438851855663], [-0.5832861920358073, -0.7798269059028972, -0.22726019913232007, 25.74213700370958], [0.0, 0.0, 0.0, 1.0]]}, {"class": "Parmesan", "pose": [[-0.44348421151475703, -0.024173458496104812, -0.8959561071869181, -28.00688978721395], [0.7016713051887097, -0.6313246049191507, -0.3302827480504291, 23.83128022511265], [-0.5576550031925928, -0.77514191165242, 0.2969442663421558, 21.391668554567634], [0.0, 0.0, 0.0, 1.0]]}, {"class": "CreamCheese", "pose": [[0.33864035791719654, -0.9408131583458138, 0.013901691880963025, -10.081321056486392], [0.7237951707195163, 0.26990940381768447, 0.6350350663823072, 27.62595269445045], [-0.6012014687505502, -0.20498651979068377, 0.772358274232668, 22.1591645137203], [0.0, 0.0, 0.0, 1.0]]}, {"class": "AlphabetSoup", "pose": [[-0.9628534101418704, -0.05835237379798985, 0.2636441901775506, 2.8841054984002024], [-0.16677232366422962, -0.6393840994596747, -0.7505831308916201, 24.55755013571283], [0.21236817307029068, -0.7666701193405452, 0.6059015351329965, 20.369285862059964], [0.0, 0.0, 0.0, 1.0]]}]}