{"camera": {"camera": "RealSense D415", "extrinsics": [[-0.9814246, -0.18002044, -0.06632026, 0.6015188], [-0.100262165, 0.7760091, -0.6227017, -0.1314362], [0.16356416, -0.6044854, -0.77964365, 0.047481615], [0.0, 0.0, 0.0, 1.0]], "height": 480, "intrinsics": [[605.8222, 0.0, 326.28275], [0.0, 605.7743, 245.73769], [0.0, 0.0, 1.0]], "width": 640}, "objects": [{"class": "MacaroniAndCheese", "pose": [[-0.1779587255297754, -0.9838484938615514, -0.01930796646934035, -16.50768026177527], [-0.7688206723913142, 0.15125778366517253, -0.6213178957126297, 0.3573183696040816], [0.6142031601267277, -0.09572461247901447, -0.7833206920943901, 43.25914704063948], [0.0, 0.0, 0.0, 1.0]]}, {"class": "Pineapple", "pose": [[0.6266077920790688, -0.06381573819982546, 0.7767175747328062, -2.12659947295758], [-0.6390019847091611, -0.6126081853726456, 0.4651749624608904, -4.168403666726794], [0.4461380901238588, -0.7878063187040515, -0.4246434254262714, 45.21575586464733], [0.0, 0.0, 0.0, 1.0]]}, {"class": "Milk", "pose": [[0.268558372499838, -0.013771210181159881, 0.9631649488874636, -27.330072617027124], [-0.7575072422799876, -0.6206779462764065, 0.20234064309419655, 12.041078878673705], [0.595028785888805, -0.783944687017968, -0.17712002051474943, 24.44810579956333], [0.0, 0.0, 0.0, 1.0]]}, {"class": "TomatoSauce", "pose": [[-0.27287727465298106, -0.0964465184686699, -0.9572021868384126, -17.00534683073184], [0.7346675239181868, -0.6632698284922135, -0.14260727492008318, 18.624236001986056], [-0.6211293738635087, -0.7421396362109693, 0.25184735713468487, 25.93347070749914], [0.0, 0.0, 0.0, 1.0]]}, {"class": "Cookies", "pose": [[-0.42562016268641584, -0.07998452784878869, 0.9013600373072905, 8.507083253311531], [-0.6928166805724831, -0.6119644257907417, -0.3814507302856236, 1.0520143092586753], [0.5821104287671139, -0.786830382222343, 0.2050498191648998, 33.00298476283609], [0.0, 0.0, 0.0, 1.0]]}, {"class": "OrangeJuice", "pose": [[-0.9880390548928958, -0.06724747914204732, -0.13876803302777946, -7.787716847367088], [0.1497872527573538, -0.6323684316343808, -0.7600486935269218, 3.789987085258659], [-0.0366412003929317, -0.7717434658550157, 0.6348775278358841, 30.239014057800954], [0.0, 0.0, 0.0, 1.0]]}, {"class": "Mustard", "pose": [[0.41986820655571294, -0.06551483407332942, -0.9052173551556773, 1.1005718960008681], [0.6903327910318555, -0.6244433184000227, 0.36539191381315367, 11.184931004524021], [-0.5891955144161406, -0.7783176614541873, -0.21695689356997858, 25.542465186806623], [0.0, 0.0, 0.0, 1.0]]}, {"class": "Parmesan", "pose": [[-0.46295117967371474, -0.021759873131223604, -0.8861166275355824, -29.185951434539316], [0.6926820737676024, -0.6326366117123368, -0.3463560785527661, 23.408429924981494], [-0.5530531812239143, -0.7741430473552273, 0.3079525141589533, 21.53695740986483], [0.0, 0.0, 0.0, 1.0]]}, {"class": "CreamCheese", "pose": [[0.31805875292161573, -0.9480025758781118, 0.01138904093491738, -11.32550779775604], [0.7291536158383612, 0.2522766154588655, 0.6361537430140343, 27.533596754906288], [-0.6059485744105438, -0.19402994122019906, 0.7714782803728606, 22.08664730333551], [0.0, 0.0, 0.0, 1.0]]}, {"class": "AlphabetSoup", "pose": [[-0.9570188334389977, -0.055681126272759736, 0.2846305132185633, 1.6720449063201692], [-0.18421203613733358, -0.641313635180185, -0.7448374440254845, 24.702281350103], [0.2240107866645239, -0.7652558182517168, 0.6034921127048695, 20.145430129234814], [0.0, 0.0, 0.0, 1.0]]}]}