{"camera": {"camera": "RealSense D415", "extrinsics": [[-0.9677428, -0.25185147, 0.0066826926, 0.5693259], [-0.19727087, 0.74098396, -0.64189327, -0.070832476], [0.15670998, -0.6225059, -0.7667649, 0.057992365], [0.0, 0.0, 0.0, 1.0]], "height": 480, "intrinsics": [[605.8222, 0.0, 326.28275], [0.0, 605.7743, 245.73769], [0.0, 0.0, 1.0]], "width": 640}, "objects": [{"class": "MacaroniAndCheese", "pose": [[-0.10506347236524832, -0.9930337720060913, 0.053343480904306406, -21.136113542580716], [-0.770432937130894, 0.04736068341719627, -0.6357594581331283, -0.7555121186708508], [0.6288041925386761, -0.1078927112552114, -0.7700418499691448, 43.31318797905578], [0.0, 0.0, 0.0, 1.0]]}, {"class": "Pineapple", "pose": [[0.6837843322776277, 0.008230421519155592, 0.7296377043563015, -6.3896142982647675], [-0.5620377297285591, -0.6317633101776277, 0.5338433701289013, -3.7385177820996693], [0.4653520922325513, -0.7751176994761274, -0.42736399311797846, 45.496852697215836], [0.0, 0.0, 0.0, 1.0]]}, {"class": "Milk", "pose": [[0.33812545122252924, 0.05879206458892157, 0.939262798636255, -32.8873971772889], [-0.7136752288825304, -0.6345665829888144, 0.2966360615113687, 9.370321728236755], [0.613464615852281, -0.7706288411418178, -0.17260461957245612, 24.159481096838714], [0.0, 0.0, 0.0, 1.0]]}, {"class": "TomatoSauce", "pose": [[-0.3397847437151181, -0.019543784252990713, -0.9403001121772774, -23.30975825410816], [0.6899882810162928, -0.6845745592884396, -0.23510397357515705, 17.008581698410417], [-0.6391107000918957, -0.7286808529590686, 0.24609292545502087, 25.598245451656926], [0.0, 0.0, 0.0, 1.0]]}, {"class": "Cookies", "pose": [[-0.35883746962429813, -0.007929074942956107, 0.9333663443092728, 3.7893202291967576], [-0.7209534529516034, -0.6327652184289191, -0.28254969576938216, 2.2986294796883815], [0.5928420715319586, -0.774303155593513, 0.22134340256656243, 33.27302867239721], [0.0, 0.0, 0.0, 1.0]]}, {"class": "OrangeJuice", "pose": [[-0.9977162665097777, 0.006663025234030248, -0.06721449368698429, -12.66821991240683], [0.04666499914001033, -0.6514419926324689, -0.7572620033026283, 3.2906591976265247], [-0.04883203908204417, -0.7586692320865082, 0.6496433087814248, 30.302880619699458], [0.0, 0.0, 0.0, 1.0]]}, {"class": "Mustard", "pose": [[0.35345075814438687, 0.007647533439824201, -0.9354218349624527, -4.533023259971625], [0.717748420724216, -0.6435156443015446, 0.2659414477712533, 11.46330225037996], [-0.5999247443161684, -0.7653947998159835, -0.2329401252939269, 25.530992790026946], [0.0, 0.0, 0.0, 1.0]]}, {"class": "Parmesan", "pose": [[-0.5253038305737907, 0.05196233182470714, -0.849326635742055, -35.866572371519354], [0.6300769139854672, -0.6470818979824334, -0.4292879375449648, 20.425361263506257], [-0.5718906901286503, -0.7606477506321763, 0.30717428017740317, 20.989883705357183], [0.0, 0.0, 0.0, 1.0]]}, {"class": "CreamCheese", "pose": [[0.24839143754335521, -0.9666342607066027, -0.06260856417792783, -18.530787244013712], [0.7455516132469518, 0.14951561762178928, 0.6494597028512631, 26.37475007470239], [-0.6184290003104208, -0.20799818049316088, 0.7578141783357631, 21.614321862601166], [0.0, 0.0, 0.0, 1.0]]}, {"class": "AlphabetSoup", "pose": [[-0.9355368651774735, 0.019012129958695466, 0.35271694789649194, -5.290349566394847], [-0.27702512311858407, -0.6590176376005197, -0.6992516485845219, 24.85562162357894], [0.21915237609555102, -0.7518872000905938, 0.6218021186774143, 19.85247621724539], [0.0, 0.0, 0.0, 1.0]]}]}