{"camera": {"camera": "RealSense D415", "extrinsics": [[-0.7742271, 0.6097638, 0.16958934, 0.56728196], [0.5770827, 0.7901554, -0.20647019, -0.38314354], [-0.25989997, -0.061987735, -0.96364385, 0.22980917], [0.0, 0.0, 0.0, 1.0]], "height": 480, "intrinsics": [[603.75165, 0.0, 326.28275], [0.0, 603.20245, 245.73769], [0.0, 0.0, 1.0]], "width": 640}, "objects": [{"class": "ChocolatePudding", "pose": [[0.32808882350957785, 0.09711066219102342, 0.9396420887195229, 20.399837954798894], [-0.9053120986688159, -0.251725191306766, 0.3421174624822494, 4.612008365954251], [0.26975481432515047, -0.9629142639403147, 0.005327228867829914, 47.480097977864666], [0.0, 0.0, 0.0, 1.0]]}, {"class": "MacaroniAndCheese", "pose": [[0.21176432269218662, 0.8203824742257252, -0.531157678410341, 10.088259608383765], [-0.20601039977748592, -0.4938019822527349, -0.844819059667008, 2.289163744701378], [-0.9553614625719914, 0.2883265186945693, 0.06443767041490918, 41.98889591427116], [0.0, 0.0, 0.0, 1.0]]}, {"class": "Milk", "pose": [[0.8295792882146317, 0.5325218810813714, 0.16798411368676935, -5.561595110385609], [0.5583823553632821, -0.7925979507113257, -0.24494399322501903, -1.479456014042918], [0.00270582704358862, 0.29699980407295395, -0.9548736637898032, 42.382277324212076], [0.0, 0.0, 0.0, 1.0]]}, {"class": "Ketchup", "pose": [[0.14828380518441542, 0.1378149444652492, 0.9792951372892323, 2.59213567463239], [-0.9536859497395387, -0.24213136868985125, 0.17848091112393552, 13.184866754482877], [0.2617153869038026, -0.960405838976767, 0.09552800445863856, 36.91705591500555], [0.0, 0.0, 0.0, 1.0]]}, {"class": "OrangeJuice", "pose": [[-0.061476384571679706, -0.9806657907769512, -0.1857828642692268, 15.229289919496935], [0.9773778736953286, -0.09688673200203521, 0.1880036681626746, -9.117979549164613], [-0.20236863990958112, -0.17002226179552488, 0.9644372882638896, 48.51100110189465], [0.0, 0.0, 0.0, 1.0]]}]}