{"camera": {"camera": "RealSense D415", "extrinsics": [[-0.94070137, -0.33913368, -0.008322611, 0.57187164], [-0.25463617, 0.7221041, -0.6432154, -0.0409158], [0.2241458, -0.6029544, -0.76564, 0.01922651], [0.0, 0.0, 0.0, 1.0]], "height": 480, "intrinsics": [[605.8222, 0.0, 326.28275], [0.0, 605.7743, 245.73769], [0.0, 0.0, 1.0]], "width": 640}, "objects": [{"class": "MacaroniAndCheese", "pose": [[-0.01403165261406081, -0.9991966649612143, 0.03753814760855428, -18.30002868465106], [-0.7729835909389129, -0.012974375897361291, -0.634293332754622, -2.338197926778741], [0.6342708052857238, -0.037916583945019754, -0.7721805538752147, 44.825667242791965], [0.0, 0.0, 0.0, 1.0]]}, {"class": "Pineapple", "pose": [[0.7473975684828417, -0.007978476518015556, 0.664329130483501, -3.2836211528787573], [-0.5180492253823671, -0.6330422021691708, 0.5752239291104333, -4.418875696864288], [0.415958979597805, -0.7740761383545237, -0.4772674186250256, 45.967702918533334], [0.0, 0.0, 0.0, 1.0]]}, {"class": "Milk", "pose": [[0.42275536564739447, 0.04285021450025125, 0.9052302110536282, -31.954535157430463], [-0.6896803899661195, -0.6327765142083152, 0.3520438055558758, 6.9886767689412945], [0.5878935720205454, -0.7731479122153423, -0.23795668381635102, 26.5485361863984], [0.0, 0.0, 0.0, 1.0]]}, {"class": "TomatoSauce", "pose": [[-0.42477458579743527, -0.029190850674604137, -0.9048283928834715, -22.778312362956953], [0.6658398065436716, -0.6872554108335206, -0.2904089367936914, 15.195592296002705], [-0.6133709263220487, -0.7258290803415259, 0.311365030843702, 27.315152400650362], [0.0, 0.0, 0.0, 1.0]]}, {"class": "Cookies", "pose": [[-0.27222520761309577, -0.02395111946544388, 0.9619354215782544, 5.630558613267834], [-0.7390228672485317, -0.6350129925220992, -0.224952660085616, 2.1744811647701576], [0.6162293400376584, -0.7721300394146445, 0.1551661440817052, 33.062479960455384], [0.0, 0.0, 0.0, 1.0]]}, {"class": "OrangeJuice", "pose": [[-0.9996782923273368, -0.007198347720614377, 0.024320170849912844, -11.024458465711373], [-0.013727897893969635, -0.6527173098312287, -0.7574771656847517, 2.1617361466072182], [0.02132675110405997, -0.7575673255155565, 0.6524084966931731, 31.255055819741827], [0.0, 0.0, 0.0, 1.0]]}, {"class": "Mustard", "pose": [[0.26655877026339775, -0.007167939586850729, -0.9637919991929383, -3.7519816662105243], [0.7354723239534465, -0.644771497361618, 0.20820704876704246, 10.791680006743645], [-0.6229180073492677, -0.7643417374384228, -0.16659770133025312, 25.9278061457818], [0.0, 0.0, 0.0, 1.0]]}, {"class": "Parmesan", "pose": [[-0.6011704392860233, 0.037504848698419996, -0.798240229707407, -35.81052792360511], [0.5951120740056642, -0.645642863814234, -0.4785257673794992, 17.83204727082769], [-0.5333251523786697, -0.762717924282281, 0.3658217863628276, 23.600932750383325], [0.0, 0.0, 0.0, 1.0]]}, {"class": "CreamCheese", "pose": [[0.15897446245616234, -0.9860932654606095, -0.04844757135896646, -18.864516019987455], [0.7568239273999143, 0.09020695026165211, 0.6473640763180861, 24.817610601286038], [-0.6339910325930452, -0.1395806631577773, 0.7606395589390107, 23.010005915281813], [0.0, 0.0, 0.0, 1.0]]}, {"class": "AlphabetSoup", "pose": [[-0.8994423870805978, 0.006030474503527224, 0.436997712546181, -5.712587366904554], [-0.33206831425524164, -0.659509349434796, -0.6743723385070609, 24.092480818022032], [0.28413726082190954, -0.7516721406114963, 0.5951931951896346, 20.32262680191278], [0.0, 0.0, 0.0, 1.0]]}]}