{"camera": {"camera": "RealSense D415", "extrinsics": [[-0.92202836, -0.38697273, -0.010763833, 0.5755115], [-0.28706536, 0.70210785, -0.65164256, -0.019673876], [0.25972527, -0.597743, -0.7584498, -0.0036840313], [0.0, 0.0, 0.0, 1.0]], "height": 480, "intrinsics": [[605.8222, 0.0, 326.28275], [0.0, 605.7743, 245.73769], [0.0, 0.0, 1.0]], "width": 640}, "objects": [{"class": "MacaroniAndCheese", "pose": [[0.03728670496929713, -0.9987098996283083, 0.034471432182670826, -16.405147689143984], [-0.7657900606346839, -0.05071839747980666, -0.6410875479047407, -2.553134297615122], [0.6420087771815981, -0.002493861535304188, -0.7666932172906741, 45.15283179122279], [0.0, 0.0, 0.0, 1.0]]}, {"class": "Pineapple", "pose": [[0.7804721889167825, -0.01109839728801495, 0.6250920168462092, -1.2902265320974604], [-0.48505835649373596, -0.6415590737384069, 0.5942393142394901, -4.058412746967715], [0.3944383442410562, -0.7669933464851069, -0.5061023392586171, 45.7847110279879], [0.0, 0.0, 0.0, 1.0]]}, {"class": "Milk", "pose": [[0.46873496425706057, 0.03968549000498999, 0.8824469597577936, -31.0313655805584], [-0.6667541925386223, -0.6393843105546402, 0.3829184861521343, 6.051101710665514], [0.5794190236981173, -0.7678624736080235, -0.2732412768312667, 27.277414069068968], [0.0, 0.0, 0.0, 1.0]]}, {"class": "TomatoSauce", "pose": [[-0.4707411685899471, -0.028553517184640206, -0.8818092143262816, -22.15015718451022], [0.6425699554949545, -0.6959811553029036, -0.3204904064816176, 14.60318936672926], [-0.6045714418925193, -0.7174921212870355, 0.34597457464692716, 27.63819813841637], [0.0, 0.0, 0.0, 1.0]]}, {"class": "Cookies", "pose": [[-0.22247657950613953, -0.026907656937521493, 0.9745666684168699, 6.913025529619254], [-0.7417035009615529, -0.6441031909699889, -0.18710161124896346, 2.7178819695677556], [0.6327559225663748, -0.7644652186971471, 0.12334038520529682, 32.50810643087397], [0.0, 0.0, 0.0, 1.0]]}, {"class": "OrangeJuice", "pose": [[-0.9970949072938806, -0.009000823469681398, 0.07563578944687607, -9.782577730334662], [-0.050823435503427564, -0.6610044986666825, -0.7486588328700478, 2.0626374759260275], [0.0567341170993869, -0.7503279630180199, 0.658626727846111, 31.289893757336785], [0.0, 0.0, 0.0, 1.0]]}, {"class": "Mustard", "pose": [[0.21671816045844455, -0.009506668498390356, -0.9761879449170365, -3.031231872597573], [0.7378687938305393, -0.6531397442475464, 0.17017089781634293, 10.897815969834914], [-0.6392048585992404, -0.7571777277917803, -0.13453258357102413, 25.62390834616668], [0.0, 0.0, 0.0, 1.0]]}, {"class": "Parmesan", "pose": [[-0.641441844372247, 0.035196627424027786, -0.766363881799032, -35.394245275139305], [0.5662060422410795, -0.6523233219063825, -0.5038700410969276, 16.70903514165296], [-0.5176515425551346, -0.7571231702672258, 0.3984988887034535, 24.36031445698174], [0.0, 0.0, 0.0, 1.0]]}, {"class": "CreamCheese", "pose": [[0.10808400971982733, -0.9930647925984518, -0.04626236228355853, -18.754812646462817], [0.7550605764782673, 0.051731177452164365, 0.6536110678500056, 24.31570301304998], [-0.646684890522459, -0.10557580842014866, 0.755415369058295, 23.102336711992873], [0.0, 0.0, 0.0, 1.0]]}, {"class": "AlphabetSoup", "pose": [[-0.8758087758139201, 0.004672513277403743, 0.4826356777599148, -5.686694333228736], [-0.3622229055372732, -0.6672309065185872, -0.6508436839816647, 24.05224483192553], [0.31898832547479194, -0.7448362904491056, 0.5860591500897298, 19.959737063424875], [0.0, 0.0, 0.0, 1.0]]}]}