{"camera": {"camera": "RealSense D415", "extrinsics": [[-0.8998802, -0.43485028, -0.03348001, 0.5808582], [-0.30570766, 0.6836541, -0.6626914, -0.0022189177], [0.31106028, -0.58610773, -0.74814385, -0.04196027], [0.0, 0.0, 0.0, 1.0]], "height": 480, "intrinsics": [[605.8222, 0.0, 326.28275], [0.0, 605.7743, 245.73769], [0.0, 0.0, 1.0]], "width": 640}, "objects": [{"class": "MacaroniAndCheese", "pose": [[0.08962804829801804, -0.9959146984160875, 0.01098961003902307, -13.384854680573099], [-0.7552150070609237, -0.07515139792436186, -0.6511548135363503, -1.9523546790994888], [0.6493204484900145, 0.05006220366900273, -0.7588653945704139, 45.10922731673697], [0.0, 0.0, 0.0, 1.0]]}, {"class": "Pineapple", "pose": [[0.8117469676990753, -0.03450867416781063, 0.582988899491461, 1.7756290712222622], [-0.46003384247192364, -0.6527446464116526, 0.6019080669446293, -3.078276731176284], [0.3597717875722277, -0.7567916676432959, -0.5457385718388833, 44.97503575375076], [0.0, 0.0, 0.0, 1.0]]}, {"class": "Milk", "pose": [[0.5146422738871768, 0.016091863045381027, 0.8572540037606663, -29.125890804689224], [-0.646582735239672, -0.6493418234593885, 0.4003573322520721, 6.030381371962214], [0.5630933017485277, -0.7603264416072552, -0.32377398267737767, 27.90500217977709], [0.0, 0.0, 0.0, 1.0]]}, {"class": "TomatoSauce", "pose": [[-0.5173343079964791, -0.04801091823019599, -0.8544356093891597, -20.455973734440104], [0.6219928069089442, -0.7068502700150984, -0.3368793175971041, 14.801395478718096], [-0.5877840843374976, -0.7057320340950441, 0.39554029174229577, 27.690327725416346], [0.0, 0.0, 0.0, 1.0]]}, {"class": "Cookies", "pose": [[-0.17079049350116157, -0.05009737015386915, 0.9840329801002722, 9.109716289504789], [-0.7376238949162899, -0.6556374182280029, -0.16140197074204465, 3.70240935551487], [0.6532545704756327, -0.7534121581249554, 0.07502361149780232, 31.2013942927368], [0.0, 0.0, 0.0, 1.0]]}, {"class": "OrangeJuice", "pose": [[-0.9912435631376814, -0.031065178492506257, 0.12834016641359683, -7.604716056532668], [-0.07435403338233176, -0.6718881183290223, -0.73691102913421, 2.6214957942180344], [0.10912248912763285, -0.7400009213569438, 0.6636948658061507, 30.860904030548685], [0.0, 0.0, 0.0, 1.0]]}, {"class": "Mustard", "pose": [[0.16480532835508208, -0.03212159552828718, -0.9858029478238634, -1.3792552193097718], [0.7335560022338139, -0.6641387092228752, 0.14427542129584567, 11.535611302882105], [-0.6593441676459615, -0.7469190247858086, -0.08589059985965167, 24.735006373562065], [0.0, 0.0, 0.0, 1.0]]}, {"class": "Parmesan", "pose": [[-0.6813462562115795, 0.01249023174272195, -0.7318547112297665, -33.90036047603142], [0.5427527186482368, -0.6622288828758714, -0.5165969645444096, 16.534832240862883], [-0.4911076837797159, -0.7491975386553663, 0.44442799995639665, 25.077161681704574], [0.0, 0.0, 0.0, 1.0]]}, {"class": "CreamCheese", "pose": [[0.055531667517624915, -0.9981766207407686, -0.023658250167313433, -17.544747232161605], [0.7479758769589986, 0.025892922291011044, 0.6632206832979686, 24.526905160831532], [-0.6613987123785613, -0.05452555128451771, 0.7480499071994331, 22.855604872476263], [0.0, 0.0, 0.0, 1.0]]}, {"class": "AlphabetSoup", "pose": [[-0.8487871367490133, -0.016974303655442294, 0.5284622168107692, -4.653710405560285], [-0.37884136379702277, -0.6776977014038409, -0.6302420783158941, 24.537269272291763], [0.3688354996711708, -0.7351447147298859, 0.5687904523873554, 19.042191413121248], [0.0, 0.0, 0.0, 1.0]]}]}