{"camera": {"camera": "RealSense D415", "extrinsics": [[-0.8824582, -0.46884558, -0.038096875, 0.57933867], [-0.32411227, 0.66473675, -0.6731094, 0.013618416], [0.34090877, -0.5816432, -0.738561, -0.067075826], [0.0, 0.0, 0.0, 1.0]], "height": 480, "intrinsics": [[605.8222, 0.0, 326.28275], [0.0, 605.7743, 245.73769], [0.0, 0.0, 1.0]], "width": 640}, "objects": [{"class": "MacaroniAndCheese", "pose": [[0.1275246653941427, -0.9918188184595383, 0.005736793706539193, -12.01985346380483], [-0.7441150046410491, -0.09949674483989707, -0.6606006886313112, -1.5157790318465676], [0.6557669057681196, 0.07997405047860084, -0.7507155479528501, 44.67584000028845], [0.0, 0.0, 0.0, 1.0]]}, {"class": "Pineapple", "pose": [[0.8332411791404949, -0.03962753686473923, 0.5514878198500726, 3.1542623598918684], [-0.43471034463859637, -0.6633062860347493, 0.6091401311330811, -2.2619249875550587], [0.3416665595736656, -0.7472980952628706, -0.5699205525986727, 44.11419511008695], [0.0, 0.0, 0.0, 1.0]]}, {"class": "Milk", "pose": [[0.5469701318141138, 0.010746949144551841, 0.8370831486320395, -28.448308729094595], [-0.625977378483856, -0.6586793960670659, 0.417485073995527, 5.841708706758199], [0.5558560394484683, -0.7523469749308226, -0.35355057645250515, 27.839484603586094], [0.0, 0.0, 0.0, 1.0]]}, {"class": "TomatoSauce", "pose": [[-0.5497439973370749, -0.050269256210537974, -0.8338192603965721, -20.01471875176497], [0.601004827609371, -0.7170577506581031, -0.35301755140108504, 14.824302681271515], [-0.5801505593413832, -0.6951986804532545, 0.4244102267626557, 27.26346588346204], [0.0, 0.0, 0.0, 1.0]]}, {"class": "Cookies", "pose": [[-0.13303650488713084, -0.055033581479509125, 0.9895820395567755, 9.913304739461648], [-0.7330253422547582, -0.6665452819908976, -0.1356143312995165, 4.519170575363178], [0.6670645043851502, -0.7434303639878401, 0.04833382127554457, 30.049636050631122], [0.0, 0.0, 0.0, 1.0]]}, {"class": "OrangeJuice", "pose": [[-0.9854706452112714, -0.03521474340552248, 0.16615519555571376, -6.770988471169559], [-0.09780523734832489, -0.682134579364956, -0.7246561690675645, 3.0140624970917607], [0.13885878509664368, -0.7303782268141243, 0.6687793365424318, 30.209507599488177], [0.0, 0.0, 0.0, 1.0]]}, {"class": "Mustard", "pose": [[0.12698416228509354, -0.03666727601309099, -0.9912267919779644, -0.9539283847202928], [0.7287285186275807, -0.6745058653606308, 0.11830720991894236, 12.000481154316594], [-0.6729262104617354, -0.7373583688276114, -0.05893104939068819, 23.794639774876096], [0.0, 0.0, 0.0, 1.0]]}, {"class": "Parmesan", "pose": [[-0.7088292003916009, 0.007797194094892271, -0.7053370741516736, -33.568623309395264], [0.5189458333509519, -0.6715053804789805, -0.5289383312081959, 16.18470972268575], [-0.47776180930190326, -0.7409586654619935, 0.47193625315094, 25.021606637220128], [0.0, 0.0, 0.0, 1.0]]}, {"class": "CreamCheese", "pose": [[0.017364411431343152, -0.9996684028080428, -0.01901529329916314, -17.492952589592715], [0.7403687501389642, 7.399680489700875e-05, 0.6722009524896458, 24.55546687400922], [-0.671976565668715, -0.02575068811320645, 0.7401245264430647, 22.225563532864435], [0.0, 0.0, 0.0, 1.0]]}, {"class": "AlphabetSoup", "pose": [[-0.827873673978484, -0.020846261277973673, 0.5605271028777206, -4.721542773533216], [-0.39517206960664764, -0.6875237297302091, -0.6092209522386004, 24.83969578238258], [0.39807562952680137, -0.7258626400494556, 0.5609448621264577, 18.03851659811301], [0.0, 0.0, 0.0, 1.0]]}]}