{"camera": {"camera": "RealSense D415", "extrinsics": [[-0.883292, -0.46879923, 0.0047445036, 0.5564855], [-0.35007176, 0.6527917, -0.67179817, 0.02234588], [0.3118413, -0.59505486, -0.740719, -0.052697174], [0.0, 0.0, 0.0, 1.0]], "height": 480, "intrinsics": [[605.8222, 0.0, 326.28275], [0.0, 605.7743, 245.73769], [0.0, 0.0, 1.0]], "width": 640}, "objects": [{"class": "MacaroniAndCheese", "pose": [[0.12768838292248044, -0.9906243868390155, 0.04856934757949173, -15.800645693594284], [-0.7420637631925998, -0.127911371565948, -0.6580122422532427, -2.780135121084087], [0.6580555018082186, 0.04797895620027674, -0.7514391940645397, 43.84162973826715], [0.0, 0.0, 0.0, 1.0]]}, {"class": "Pineapple", "pose": [[0.8339640632335186, 0.003214675750510709, 0.5518093761007423, -0.6012229191833307], [-0.41180036898098155, -0.662017547541087, 0.6262214316273418, -3.092529612802469], [0.36732056977687744, -0.7494814122111653, -0.5507749974746926, 43.76470356827856], [0.0, 0.0, 0.0, 1.0]]}, {"class": "Milk", "pose": [[0.5465699820157638, 0.05357220526852816, 0.8356980639200888, -31.88601274368589], [-0.6117508494173611, -0.6559444707752738, 0.44215134068672424, 4.155140214854647], [0.5718585113504343, -0.7529055881161787, -0.3257466875564442, 26.502293918880188], [0.0, 0.0, 0.0, 1.0]]}, {"class": "TomatoSauce", "pose": [[-0.5478524243673161, -0.007548118489826432, -0.8365409299490059, -23.698086475712543], [0.5867793121605945, -0.7161994199218401, -0.37782070919755506, 13.375720744326713], [-0.5962782559541865, -0.6978548445424049, 0.39680063444937724, 26.214216138358843], [0.0, 0.0, 0.0, 1.0]]}, {"class": "Cookies", "pose": [[-0.13331101257183883, -0.012208380033176838, 0.990999046337516, 6.407503064139281], [-0.7384262720434538, -0.6657047549696536, -0.10753547573421755, 3.9185165545169056], [0.6610255650081007, -0.7461153328106864, 0.07973078843846064, 29.93709620745138], [0.0, 0.0, 0.0, 1.0]]}, {"class": "OrangeJuice", "pose": [[-0.9862118059588049, 0.007620073199631539, 0.16531239738669112, -10.22363161501959], [-0.12620892367578743, -0.6807611240309596, -0.7215508701174773, 1.9387538168495386], [0.10703996840176301, -0.7324658255105556, 0.6723363337632361, 29.559689384385234], [0.0, 0.0, 0.0, 1.0]]}, {"class": "Mustard", "pose": [[0.12757413432182696, 0.006174212806012111, -0.9918098102993806, -4.463378281173769], [0.7339757911256453, -0.6731568317858253, 0.09021904696979455, 11.105455020883674], [-0.6670864713233641, -0.7394739455627435, -0.09040912390743891, 23.351991473267326], [0.0, 0.0, 0.0, 1.0]]}, {"class": "Parmesan", "pose": [[-0.707721495890685, 0.0506272776876062, -0.7046752042366917, -37.20673584450277], [0.49993264393058867, -0.6688818435791104, -0.5501495155295201, 14.356281358368308], [-0.4991969926829968, -0.741642714180425, 0.44807179455288526, 23.54216510204989], [0.0, 0.0, 0.0, 1.0]]}, {"class": "CreamCheese", "pose": [[0.017692513590816673, -0.9979299674480654, -0.061828274193708434, -21.29535080515025], [0.7424889103751661, -0.02830127392642, 0.669260274062808, 23.189130800327913], [-0.6696246564006779, -0.05774770722752362, 0.7404511516128107, 21.278714756625757], [0.0, 0.0, 0.0, 1.0]]}, {"class": "AlphabetSoup", "pose": [[-0.8285564378811515, 0.021984865485889325, 0.5594737486183738, -8.409991358248625], [-0.4197131848456882, -0.685752124670082, -0.5946300737027534, 23.848718640558324], [0.3705874181308311, -0.7275030238878609, 0.5774116398477278, 17.503333498788358], [0.0, 0.0, 0.0, 1.0]]}]}