{"camera": {"camera": "RealSense D415", "extrinsics": [[-0.8592101, -0.5114226, -0.014317202, 0.5502434], [-0.38122833, 0.65863985, -0.64873606, 0.018405786], [0.34120816, -0.55194247, -0.7608788, -0.07647569], [0.0, 0.0, 0.0, 1.0]], "height": 480, "intrinsics": [[605.8222, 0.0, 326.28275], [0.0, 605.7743, 245.73769], [0.0, 0.0, 1.0]], "width": 640}, "objects": [{"class": "MacaroniAndCheese", "pose": [[0.1758363650770461, -0.9840033087824717, 0.028620131721215334, -13.900809521618795], [-0.7582404952807414, -0.1539206256669629, -0.6335454154692911, -6.435544062613957], [0.6278159865382873, 0.08969934934238752, -0.7731760003759561, 44.533744698536395], [0.0, 0.0, 0.0, 1.0]]}, {"class": "Pineapple", "pose": [[0.859730748387498, -0.016486030373599508, 0.5104814413842038, 1.2813486644768224], [-0.40184998764690494, -0.6387357158128913, 0.6561503439949006, -6.367083646749999], [0.3152454198650686, -0.7692495894097513, -0.5557656054757953, 43.74421189393154], [0.0, 0.0, 0.0, 1.0]]}, {"class": "Milk", "pose": [[0.5870336137304245, 0.03349868916967076, 0.8088692261995214, -30.94142001202239], [-0.614992616581861, -0.6313103209045363, 0.4724736621449468, 0.6190745625507867], [0.5264747281037734, -0.7748065238002622, -0.34999889303748183, 28.183220353355093], [0.0, 0.0, 0.0, 1.0]]}, {"class": "TomatoSauce", "pose": [[-0.5888762709606729, -0.02353741041395058, -0.8078804235334316, -22.994543376967115], [0.5907477417509577, -0.6947069905521212, -0.4103648426042466, 10.045074718809632], [-0.5515812412247414, -0.7189076588410613, 0.42300109476393594, 27.806515985357983], [0.0, 0.0, 0.0, 1.0]]}, {"class": "Cookies", "pose": [[-0.08474858036637557, -0.03164316145422963, 0.9958998139256603, 7.466209319824202], [-0.7611915225851353, -0.6429058609336047, -0.08520282315271611, 1.2316874567580975], [0.6429658798283691, -0.7652913167776486, 0.030398875375814066, 29.83429000560091], [0.0, 0.0, 0.0, 1.0]]}, {"class": "OrangeJuice", "pose": [[-0.976861322366018, -0.010847592723362224, 0.21359854286844446, -9.11328651355776], [-0.15389793913704694, -0.6578704521272979, -0.7372393734050321, -1.149045025613244], [0.1485174107158953, -0.7530530076137093, 0.6409787517703249, 30.164423522993822], [0.0, 0.0, 0.0, 1.0]]}, {"class": "Mustard", "pose": [[0.07883916184365249, -0.012799098545569114, -0.9968052069257621, -3.8676460778167], [0.7567851958606302, -0.6500957932077612, 0.06820284547736497, 8.341933645534748], [-0.6488917726249063, -0.7597444815105978, -0.04156686200269283, 23.987934016364786], [0.0, 0.0, 0.0, 1.0]]}, {"class": "Parmesan", "pose": [[-0.7419261858701298, 0.031390462260510794, -0.6697463882077845, -36.63311008050739], [0.497049494458869, -0.6446520681676, -0.5808317417435688, 10.769581915471226], [-0.4499859686272236, -0.7638313836928841, 0.46268159581647916, 25.79416282936167], [0.0, 0.0, 0.0, 1.0]]}, {"class": "CreamCheese", "pose": [[-0.031209722939637845, -0.9986029042342159, -0.0426408696806262, -21.057168429545182], [0.7626338743876058, -0.0513676569889383, 0.6447875143048802, 20.060182759016243], [-0.6460770146883996, -0.01239575851691924, 0.7631715731373689, 23.075816854398173], [0.0, 0.0, 0.0, 1.0]]}, {"class": "AlphabetSoup", "pose": [[-0.8001564357064318, 0.0038476237989656004, 0.5997790635782319, -8.382471244883183], [-0.4512327129232796, -0.6626503701149888, -0.5977319858647476, 21.154269213779372], [0.3951439310358862, -0.7489190320172031, 0.5319601216545965, 18.731155160539387], [0.0, 0.0, 0.0, 1.0]]}]}