{"camera": {"camera": "RealSense D415", "extrinsics": [[-0.84796464, -0.5299778, 0.008919787, 0.53608626], [-0.40878654, 0.6431611, -0.64748544, 0.028321616], [0.33741602, -0.55269104, -0.76202565, -0.07863278], [0.0, 0.0, 0.0, 1.0]], "height": 480, "intrinsics": [[605.8222, 0.0, 326.28275], [0.0, 605.7743, 245.73769], [0.0, 0.0, 1.0]], "width": 640}, "objects": [{"class": "MacaroniAndCheese", "pose": [[0.19743353417724163, -0.9789678768684671, 0.05139995236397116, -15.208269234040305], [-0.7534460071696888, -0.18507754085021144, -0.6309243076815995, -7.710755217574289], [0.6271675471294769, 0.08583848082741603, -0.7741399341304611, 44.05147627594185], [0.0, 0.0, 0.0, 1.0]]}, {"class": "Pineapple", "pose": [[0.8708523504565255, 0.006466366529833763, 0.4915022169526153, -0.03310160459575329], [-0.37507260306823104, -0.6375434210610453, 0.6729479865190283, -7.161498539397121], [0.3177055297054143, -0.7703873369190626, -0.5527807540861344, 43.31759478546503], [0.0, 0.0, 0.0, 1.0]]}, {"class": "Milk", "pose": [[0.6042638318938205, 0.056211326815629854, 0.7947990737687806, -32.40417791254936], [-0.5971020367076266, -0.6285333298461022, 0.4984125549209094, -1.1681344969908822], [0.5275741058593382, -0.7757488088359467, -0.3462359932112886, 27.65072790990895], [0.0, 0.0, 0.0, 1.0]]}, {"class": "TomatoSauce", "pose": [[-0.6052493972838299, 0.0010049522183729087, -0.7960353111638245, -24.757661275420638], [0.5728565810171786, -0.6938005364003074, -0.4364358110267392, 8.504767482842768], [-0.5527282891712869, -0.7201665688249814, 0.41934659420974496, 27.319084797909927], [0.0, 0.0, 0.0, 1.0]]}, {"class": "Cookies", "pose": [[-0.06298109310452069, -0.008565657390517211, 0.9979779911831299, 5.958746609718063], [-0.7646513770262281, -0.6421972596741428, -0.05376816111350525, 0.6539624930249007], [0.6413592210100278, -0.7664916088855123, 0.033896573752906764, 29.44329943084516], [0.0, 0.0, 0.0, 1.0]]}, {"class": "OrangeJuice", "pose": [[-0.972042083938803, 0.012647944821356455, 0.23446593783488698, -10.538369336458542], [-0.18493588206080044, -0.6565198787552331, -0.7312868330526823, -2.2497005099197427], [0.14468222445120957, -0.7542027288630259, 0.6405039518083341, 29.708751521107395], [0.0, 0.0, 0.0, 1.0]]}, {"class": "Mustard", "pose": [[0.05723517132280663, 0.010475981757461155, -0.998305789040089, -5.572884706860249], [0.7600713889510452, -0.6487986110370811, 0.03676832719878397, 7.413356727766904], [-0.6473141552743797, -0.7608880952390081, -0.04509662386086113, 23.567600882774485], [0.0, 0.0, 0.0, 1.0]]}, {"class": "Parmesan", "pose": [[-0.7556286554311954, 0.05448600371180487, -0.6527301662646278, -38.404969104768284], [0.4741884002914848, -0.6419548521715817, -0.6025275036651672, 8.801898029400023], [-0.4518525942168637, -0.7648041048618426, 0.4592427776945904, 25.258094164164408], [0.0, 0.0, 0.0, 1.0]]}, {"class": "CreamCheese", "pose": [[-0.05295295755075693, -0.9964312648250689, -0.06573262680609449, -23.120531711310555], [0.7624370771493834, -0.08285195932873664, 0.6417361763948705, 18.584609484521955], [-0.6448920009398433, -0.0161352001818279, 0.7641033811059699, 22.612502059847984], [0.0, 0.0, 0.0, 1.0]]}, {"class": "AlphabetSoup", "pose": [[-0.7869241546092255, 0.027471808080792824, 0.6164379401970778, -10.471144351115914], [-0.4769888821467647, -0.6608408687481021, -0.579457519039357, 20.0862414188103], [0.39144856947746715, -0.750023148892386, 0.5331353563198298, 18.316089650589255], [0.0, 0.0, 0.0, 1.0]]}]}