{"camera": {"camera": "RealSense D415", "extrinsics": [[-0.7588729, 0.62490153, 0.18333022, 0.55481577], [0.6011629, 0.7804434, -0.17178859, -0.40087214], [-0.2504298, -0.02015437, -0.96792495, 0.22236867], [0.0, 0.0, 0.0, 1.0]], "height": 480, "intrinsics": [[603.75165, 0.0, 326.28275], [0.0, 603.20245, 245.73769], [0.0, 0.0, 1.0]], "width": 640}, "objects": [{"class": "ChocolatePudding", "pose": [[0.30679828274728355, 0.11004807943383918, 0.9453910191268113, 19.491957372816454], [-0.9211337538350832, -0.21567544514531, 0.3240320174692663, 2.520263691641955], [0.23955670289317768, -0.9702440437519075, 0.03520013932055593, 47.77080868262924], [0.0, 0.0, 0.0, 1.0]]}, {"class": "MacaroniAndCheese", "pose": [[0.22534919245092644, 0.8059944501936879, -0.5473487305622261, 9.241750447393038], [-0.17244087801349792, -0.5199335283507671, -0.8366201695660932, 0.6068402454768362], [-0.958896169833553, 0.28291695060005995, 0.02181977742772834, 42.01323792311518], [0.0, 0.0, 0.0, 1.0]]}, {"class": "Milk", "pose": [[0.8393012924061698, 0.5126965980795308, 0.180874221525345, -6.477913890761721], [0.5422528023454668, -0.8134096521444736, -0.210539009651032, -2.8812141747538655], [0.0391822050181061, 0.27478518876812624, -0.9607069391801408, 41.984659804124206], [0.0, 0.0, 0.0, 1.0]]}, {"class": "Ketchup", "pose": [[0.12632812891469963, 0.1508660194523417, 0.9804491792790212, 2.036189583678949], [-0.9657885851854492, -0.2069491641363512, 0.15628336644344445, 11.830568376620725], [0.226480961741524, -0.9666496102659116, 0.11956116880779397, 37.24463210845567], [0.0, 0.0, 0.0, 1.0]]}, {"class": "OrangeJuice", "pose": [[-0.04020133592528302, -0.9789983586825399, -0.1998649829662641, 14.057437789368032], [0.9855172705203522, -0.0718291274587243, 0.15361095140899023, -11.140517990944222], [-0.16474097198378548, -0.19079501455019865, 0.967707415863864, 48.169511633318315], [0.0, 0.0, 0.0, 1.0]]}]}