{"camera": {"camera": "RealSense D415", "extrinsics": [[-0.8367026, -0.5471214, 0.024227744, 0.5146035], [-0.4302533, 0.6293199, -0.64717734, 0.037965443], [0.3388376, -0.55191904, -0.76195437, -0.08364321], [0.0, 0.0, 0.0, 1.0]], "height": 480, "intrinsics": [[605.8222, 0.0, 326.28275], [0.0, 605.7743, 245.73769], [0.0, 0.0, 1.0]], "width": 640}, "objects": [{"class": "MacaroniAndCheese", "pose": [[0.21762281392468713, -0.9737818542462253, 0.06625149384857704, -16.98113710142306], [-0.7480496424832008, -0.21000653701003796, -0.6295386939473809, -8.491683389349019], [0.6269465803302746, 0.0874425780416214, -0.7741393646031843, 43.66281020783713], [0.0, 0.0, 0.0, 1.0]]}, {"class": "Pineapple", "pose": [[0.8806585669370453, 0.021507729852675534, 0.4732630930823346, -1.8261504085709257], [-0.3526528819420424, -0.6373026660070821, 0.6851870088825424, -7.555138135064955], [0.31634863175306754, -0.7703133860479361, -0.5536612731029131, 42.90436581490202], [0.0, 0.0, 0.0, 1.0]]}, {"class": "Milk", "pose": [[0.620166240984696, 0.07099763273948466, 0.7812510601113989, -34.36492810719231], [-0.5813828188578349, -0.6270258839271345, 0.5184906356005673, -2.393223063880771], [0.5266762223971633, -0.7757563151495649, -0.34758347362559566, 27.28898163511817], [0.0, 0.0, 0.0, 1.0]]}, {"class": "TomatoSauce", "pose": [[-0.6205727166726185, 0.0175658560507196, -0.7839521626092081, -26.968510844087135], [0.557115777592572, -0.693672284205595, -0.45655312162505524, 7.471767941073071], [-0.5518256113563433, -0.7200765143922983, 0.4206878687845039, 26.943733037056084], [0.0, 0.0, 0.0, 1.0]]}, {"class": "Cookies", "pose": [[-0.04239746517627224, 0.006605768084266051, 0.9990790098943758, 3.9417779534037187], [-0.7659002522377746, -0.6423382543212647, -0.02825510645511236, 0.40842760195680394], [0.6415599983740069, -0.7663927936520438, 0.03229286601049217, 29.019396429292975], [0.0, 0.0, 0.0, 1.0]]}, {"class": "OrangeJuice", "pose": [[-0.9667672065463109, 0.028198029529118426, 0.254098580700879, -12.475343083264745], [-0.20967791537494673, -0.6561122640695423, -0.7249495493651422, -2.9156005988077673], [0.1462750469065415, -0.754136295058654, 0.640220301145089, 29.31185346330183], [0.0, 0.0, 0.0, 1.0]]}, {"class": "Mustard", "pose": [[0.036760817643336975, 0.02581880097938036, -0.9989905310057069, -7.76818183454534], [0.7611739764446322, -0.6484501397387306, 0.011250521741419812, 6.870073114466605], [-0.6475050521886011, -0.7608191566796285, -0.04349014934612282, 23.16143342640116], [0.0, 0.0, 0.0, 1.0]]}, {"class": "Parmesan", "pose": [[-0.7682201666375585, 0.0696333027050383, -0.6363874825628117, -40.62225609789287], [0.4546562454539466, -0.6404852126312347, -0.6189235584897449, 7.419876881602932], [-0.4506944436836394, -0.764807086210449, 0.4603744282489953, 24.9047324562921], [0.0, 0.0, 0.0, 1.0]]}, {"class": "CreamCheese", "pose": [[-0.07344774367076384, -0.9940147044106512, -0.08087178495595948, -25.59695008840681], [0.760724957884922, -0.10827787775908478, 0.6399792340554021, 17.589326414307948], [-0.6449053715528844, -0.01451614863805676, 0.7641245435408852, 22.233196314986735], [0.0, 0.0, 0.0, 1.0]]}, {"class": "AlphabetSoup", "pose": [[-0.7738531194635692, 0.04313413146941014, 0.631894647418196, -12.996977361644223], [-0.49686504529074255, -0.660052504545404, -0.5634321595318591, 19.41281199953611], [0.3927804786910644, -0.7499800807292573, 0.5322155098634079, 17.91617771576057], [0.0, 0.0, 0.0, 1.0]]}]}