{"camera": {"camera": "RealSense D415", "extrinsics": [[-0.81678176, -0.57658494, 0.020431096, 0.5040003], [-0.45207587, 0.6175989, -0.64358294, 0.048076607], [0.358462, -0.53490317, -0.76510364, -0.09764167], [0.0, 0.0, 0.0, 1.0]], "height": 480, "intrinsics": [[605.8222, 0.0, 326.28275], [0.0, 605.7743, 245.73769], [0.0, 0.0, 1.0]], "width": 640}, "objects": [{"class": "MacaroniAndCheese", "pose": [[0.25216804703594387, -0.9657159196066051, 0.061677424338053385, -16.346974091886256], [-0.7447243753630074, -0.23437090844376451, -0.6248647113107392, -9.361882430745345], [0.617897107635496, 0.11163821808534664, -0.7782930206591827, 43.95846742944079], [0.0, 0.0, 0.0, 1.0]]}, {"class": "Pineapple", "pose": [[0.8969849965620407, 0.017252818457793234, 0.4417242603688278, -1.2444198917751614], [-0.3318973963685867, -0.633748075992258, 0.698718484001887, -8.047630868497066], [0.29199671891825074, -0.7733471108363555, -0.5627362754171945, 42.813225663561724], [0.0, 0.0, 0.0, 1.0]]}, {"class": "Milk", "pose": [[0.6477472275865955, 0.06631668573715666, 0.7589635645716118, -34.29416063553939], [-0.5677758347336876, -0.6222292546964595, 0.5389446924484764, -3.635741588130937], [0.5079902881459165, -0.7800210829149966, -0.365394212770157, 28.065089057940096], [0.0, 0.0, 0.0, 1.0]]}, {"class": "TomatoSauce", "pose": [[-0.6482065947028698, 0.01600466003527481, -0.7612963466623185, -27.154648231502655], [0.5435984791835181, -0.6903817028962528, -0.47736131301296914, 6.410551412133817], [-0.5332250025664736, -0.7232682759367393, 0.4388098119115599, 27.571537979606227], [0.0, 0.0, 0.0, 1.0]]}, {"class": "Cookies", "pose": [[-0.0068672323011041035, 0.002586106104786896, 0.9999731092265759, 3.9637897931456445], [-0.7690607521133497, -0.6391654082229914, -0.0036284867389998997, 0.1071228606022788], [0.6391387501172635, -0.7690649715752805, 0.006378162966922883, 28.818430909591548], [0.0, 0.0, 0.0, 1.0]]}, {"class": "OrangeJuice", "pose": [[-0.9571898480844814, 0.024821662093904413, 0.28839477425125487, -12.353296945594117], [-0.23408427890562014, -0.6524454110900609, -0.7207770538403587, -3.623405448713959], [0.1702709439674142, -0.7574291455620985, 0.6303243993864535, 29.520141672369803], [0.0, 0.0, 0.0, 1.0]]}, {"class": "Mustard", "pose": [[0.0011967185167974922, 0.022081924142286574, -0.9997554813510627, -8.04974352890888], [0.7642181824944596, -0.6448201076936195, -0.013327553597111456, 6.29828243776554], [-0.6449566482087127, -0.7640153507940113, -0.01764706918626042, 23.292463433490646], [0.0, 0.0, 0.0, 1.0]]}, {"class": "Parmesan", "pose": [[-0.7906136366699383, 0.0655687122204867, -0.6087946184796725, -40.851199056245115], [0.43714490611377704, -0.6357582650239018, -0.636172763436635, 6.02809594171984], [-0.42875918027822446, -0.7690983110415657, 0.4739760612610446, 25.885358304020166], [0.0, 0.0, 0.0, 1.0]]}, {"class": "CreamCheese", "pose": [[-0.10886293201630334, -0.9910852070317079, -0.0768052109967741, -26.15544539024979], [0.7610311371978826, -0.13280147765370864, 0.6349766934103322, 16.576158540901837], [-0.639515766034332, 0.010674265801264205, 0.7687038431096226, 22.870756263783136], [0.0, 0.0, 0.0, 1.0]]}, {"class": "AlphabetSoup", "pose": [[-0.7509327581170545, 0.03995302381744093, 0.6591690334618922, -13.720321440144845], [-0.5173083146215102, -0.6560298444636963, -0.5495607120441025, 18.726852020142008], [0.41047789403659685, -0.753676747677551, 0.5133022617190065, 18.23790923860567], [0.0, 0.0, 0.0, 1.0]]}]}