{"camera": {"camera": "RealSense D415", "extrinsics": [[-0.80223244, -0.5964325, 0.026295137, 0.49241406], [-0.47081953, 0.6049662, -0.6421408, 0.056571346], [0.36708596, -0.52752644, -0.7661356, -0.10450427], [0.0, 0.0, 0.0, 1.0]], "height": 480, "intrinsics": [[605.8222, 0.0, 326.28275], [0.0, 605.7743, 245.73769], [0.0, 0.0, 1.0]], "width": 640}, "objects": [{"class": "MacaroniAndCheese", "pose": [[0.275935222215107, -0.9588413706802253, 0.066955424105363, -16.554376712394504], [-0.7394866616787815, -0.2562768488228207, -0.6224802201089775, -10.075990527815007], [0.6140188591975109, 0.12225154078687316, -0.7797662293323097, 44.00545905439734], [0.0, 0.0, 0.0, 1.0]]}, {"class": "Pineapple", "pose": [[0.9075146898659427, 0.022801993203466184, 0.4194010092828035, -1.4993627453960046], [-0.31183095262642757, -0.6323715809463306, 0.7091315893865102, -8.41919484462165], [0.2813868832300646, -0.7743295679443677, -0.5667760697447138, 42.6910931352777], [0.0, 0.0, 0.0, 1.0]]}, {"class": "Milk", "pose": [[0.666140219546894, 0.07151400989214138, 0.7423900619587556, -34.80559883919084], [-0.5535173652258871, -0.6197386462218037, 0.5563654439690355, -4.740407063802387], [0.49987570262479625, -0.7815432055995509, -0.3732485375572816, 28.323809987415633], [0.0, 0.0, 0.0, 1.0]]}, {"class": "TomatoSauce", "pose": [[-0.6663391038664307, 0.0234028361382951, -0.7452815278289998, -27.901109506247135], [0.5293626946301216, -0.6890722510857412, -0.4949288239614557, 5.465350004339946], [-0.5251355258192416, -0.7243146886474741, 0.44676714562976305, 27.762758339586263], [0.0, 0.0, 0.0, 1.0]]}, {"class": "Cookies", "pose": [[0.01777405522623652, 0.008311038136129786, 0.9998075111789649, 3.364032438879044], [-0.7696995128789726, -0.6381238856305376, 0.018987810088590597, -0.13380434949821288], [0.638158802262629, -0.7698888626703039, -0.004945029126024545, 28.64903398465203], [0.0, 0.0, 0.0, 1.0]]}, {"class": "OrangeJuice", "pose": [[-0.9496593020077861, 0.030971741148975745, 0.3117499176651816, -12.855527258125665], [-0.25585985361292096, -0.6509098442917559, -0.7147391694762231, -4.2332606763076], [0.18078433853800094, -0.7585230076981958, 0.6260669619249729, 29.530451428991288], [0.0, 0.0, 0.0, 1.0]]}, {"class": "Mustard", "pose": [[-0.023399273480501883, 0.02798575524007505, -0.9993344391684847, -8.848327571030513], [0.7647360988609002, -0.6433414630656464, -0.03592257604723331, 5.789872874872135], [-0.643918540781213, -0.7650677006962845, -0.006348013200904622, 23.26757842598771], [0.0, 0.0, 0.0, 1.0]]}, {"class": "Parmesan", "pose": [[-0.8051085455774505, 0.07119607831984114, -0.5888390256037718, -41.60376054791147], [0.4196035312714846, -0.6332927400980072, -0.6502869769216986, 4.774934551282522], [-0.4192053414301101, -0.7706305532919927, 0.4799952115713722, 26.231204285066053], [0.0, 0.0, 0.0, 1.0]]}, {"class": "CreamCheese", "pose": [[-0.13328991917421762, -0.987644412464424, -0.08241578597753851, -27.18539470410324], [0.7590542226978283, -0.15519986919783813, 0.632257588389316, 15.655960521455366], [-0.6372365361322161, 0.0217154863240896, 0.7703622561847303, 23.064404624971214], [0.0, 0.0, 0.0, 1.0]]}, {"class": "AlphabetSoup", "pose": [[-0.734339519136156, 0.04622187409372583, 0.6772068065178505, -14.855436633472419], [-0.5346009516153319, -0.6541550412286522, -0.535054179534583, 18.092353218812256], [0.4182669858432307, -0.7549468507337572, 0.5050821242163552, 18.293955813305967], [0.0, 0.0, 0.0, 1.0]]}]}