{"camera": {"camera": "RealSense D415", "extrinsics": [[-0.7891987, -0.6119384, 0.05193034, 0.48061785], [-0.49678975, 0.5864008, -0.63979214, 0.0656412], [0.36106142, -0.5307216, -0.7667915, -0.10868452], [0.0, 0.0, 0.0, 1.0]], "height": 480, "intrinsics": [[605.8222, 0.0, 326.28275], [0.0, 605.7743, 245.73769], [0.0, 0.0, 1.0]], "width": 640}, "objects": [{"class": "MacaroniAndCheese", "pose": [[0.29533655766528283, -0.9509503303632005, 0.09203120237959325, -17.559289993619963], [-0.7312314027834502, -0.28698681272283805, -0.6188207903787565, -11.34816985100878], [0.6148795579100812, 0.11546430072739244, -0.7801224657076771, 43.12306530067085], [0.0, 0.0, 0.0, 1.0]]}, {"class": "Pineapple", "pose": [[0.9151236845977722, 0.04818135686479361, 0.40028384186943916, -2.556519596081208], [-0.2830919738757198, -0.6301269878185448, 0.723048324282915, -9.208907729894415], [0.2870670849362238, -0.7749958136280102, -0.5630043646236381, 41.91211773350946], [0.0, 0.0, 0.0, 1.0]]}, {"class": "Milk", "pose": [[0.680148244116892, 0.09651154613062725, 0.7266937751288896, -35.86670682094179], [-0.5327072900645311, -0.615932153322663, 0.5803882246512805, -6.574658382032596], [0.503608208232263, -0.7818651278379694, -0.36751276365861585, 27.326176326305713], [0.0, 0.0, 0.0, 1.0]]}, {"class": "TomatoSauce", "pose": [[-0.6794059635702393, 0.05026119363141765, -0.7320391413051844, -29.288522312659605], [0.5085975101189256, -0.6868563712645717, -0.5191886590176523, 3.8474625201738846], [-0.5289007724097781, -0.7250531809799192, 0.441091594428219, 26.825066033847396], [0.0, 0.0, 0.0, 1.0]]}, {"class": "Cookies", "pose": [[0.0381182020633729, 0.033852441791246364, 0.9986996396210013, 2.1330667508684122], [-0.769719058631885, -0.636346439660762, 0.05094845638849841, -0.7506744444950614], [0.6372436731000662, -0.7706602340557426, 0.0018004774565479247, 27.9140533680107], [0.0, 0.0, 0.0, 1.0]]}, {"class": "OrangeJuice", "pose": [[-0.9421772490606475, 0.05683404881748589, 0.3302603178863829, -13.952624883310571], [-0.28636656975398006, -0.6484189011746045, -0.7053701737565261, -5.367908754284008], [0.1740579938211823, -0.7591592687765104, 0.6272008899847382, 28.680999335500513], [0.0, 0.0, 0.0, 1.0]]}, {"class": "Mustard", "pose": [[-0.04354324448155136, 0.05365132216799824, -0.9976098820744201, -10.226279443529496], [0.7645872193332903, -0.6409397841522695, -0.06784204317002593, 4.787833831479916], [-0.6430476614075216, -0.7657138527349927, -0.013112508075862218, 22.458485449490862], [0.0, 0.0, 0.0, 1.0]]}, {"class": "Parmesan", "pose": [[-0.8152985643938949, 0.09655437349569018, -0.5709338483388426, -42.951556346922445], [0.3942952482223899, -0.6295062611361485, -0.6695170573764978, 2.72169885447378], [-0.42405121546365926, -0.7709728237320689, 0.47516461222441747, 25.200530563646367], [0.0, 0.0, 0.0, 1.0]]}, {"class": "CreamCheese", "pose": [[-0.15323814188849866, -0.9822991321999672, -0.1077331985631359, -28.867704839798048], [0.7553848858123702, -0.18672769873104225, 0.6281133707471094, 14.06296333373122], [-0.6371119738122516, 0.014870902147637494, 0.7706277480563234, 22.14513273017341], [0.0, 0.0, 0.0, 1.0]]}, {"class": "AlphabetSoup", "pose": [[-0.719644057912203, 0.07215594440904126, 0.6905837421493427, -16.590394086463068], [-0.5584467970337456, -0.6511804088238977, -0.5139077891462105, 16.899624734989715], [0.4126130978378351, -0.7554849904207054, 0.5089133499149732, 17.460899608214913], [0.0, 0.0, 0.0, 1.0]]}]}