{"camera": {"camera": "RealSense D415", "extrinsics": [[-0.7847993, -0.6165891, 0.06251399, 0.47603324], [-0.50328773, 0.5752087, -0.6448538, 0.072483264], [0.3616512, -0.53754324, -0.76174515, -0.11108319], [0.0, 0.0, 0.0, 1.0]], "height": 480, "intrinsics": [[605.8222, 0.0, 326.28275], [0.0, 605.7743, 245.73769], [0.0, 0.0, 1.0]], "width": 640}, "objects": [{"class": "MacaroniAndCheese", "pose": [[0.3013620960890689, -0.9479930982179015, 0.10242086309496871, -18.022585044117967], [-0.7231049907223664, -0.2972356644537516, -0.6235143725377863, -11.027350028429165], [0.6215303104994692, 0.1138425395520169, -0.7750741348509033, 42.7553959440692], [0.0, 0.0, 0.0, 1.0]]}, {"class": "Pineapple", "pose": [[0.9171962585707699, 0.05868566441474155, 0.39409018825780673, -3.0410419140623035], [-0.27019887623561095, -0.635294823976645, 0.7234591173670722, -8.72160040877283], [0.29282005630952057, -0.7700367538899194, -0.5668331125451834, 41.587977439731375], [0.0, 0.0, 0.0, 1.0]]}, {"class": "Milk", "pose": [[0.6842764171487878, 0.1068741863216546, 0.7213485659909454, -36.32026049147201], [-0.520924018707126, -0.62058655687588, 0.5860977160431559, -6.5868374688884135], [0.5102978185941556, -0.7768206702217235, -0.3689793325518568, 26.85047336925704], [0.0, 0.0, 0.0, 1.0]]}, {"class": "TomatoSauce", "pose": [[-0.6831498357941084, 0.06122546750277099, -0.7277072243757376, -29.862317942873407], [0.49663620014690196, -0.6916210493661578, -0.5244166753349349, 3.9075900487248], [-0.5354051709750789, -0.7196609594280342, 0.4420739435483192, 26.297109962548166], [0.0, 0.0, 0.0, 1.0]]}, {"class": "Cookies", "pose": [[0.04452232609493857, 0.04441291621989603, 0.9980206990724344, 1.6061741508471894], [-0.7644348734919025, -0.6416491193298961, 0.06265598490673323, -0.3138835748995983], [0.6431616929744368, -0.76571144998423, 0.005383052052388302, 27.545420352647522], [0.0, 0.0, 0.0, 1.0]]}, {"class": "OrangeJuice", "pose": [[-0.9394657530273113, 0.06748714229395818, 0.3359310121720126, -14.42745248454288], [-0.29607472616872527, -0.6533652348194106, -0.6967450516835672, -5.113370688675135], [0.17246428671050287, -0.7540288329771182, 0.633795356597615, 28.283191880043706], [0.0, 0.0, 0.0, 1.0]]}, {"class": "Mustard", "pose": [[-0.04986343586073771, 0.06424387585584443, -0.9966877257216887, -10.794796729418621], [0.7591965947931782, -0.6459731180539852, -0.07961973246690089, 5.038529902301598], [-0.6489484136016663, -0.7606520752510929, -0.016563275526943696, 21.99931068063058], [0.0, 0.0, 0.0, 1.0]]}, {"class": "Parmesan", "pose": [[-0.8181220910016335, 0.10703140209674124, -0.5649960916726867, -43.504560351492884], [0.381536840476546, -0.63407743336163, -0.6725886472820868, 2.6097399160803834], [-0.43023927692382247, -0.7658264878130294, 0.47791622733709377, 24.62684473131324], [0.0, 0.0, 0.0, 1.0]]}, {"class": "CreamCheese", "pose": [[-0.1594665182652886, -0.9801026541413129, -0.1181916973504965, -29.541896664399005], [0.7487545282909657, -0.19810538528916893, 0.6325511467662115, 14.092052142195321], [-0.6433793238896423, 0.012374159646545056, 0.765447510258178, 21.542177727709156], [0.0, 0.0, 0.0, 1.0]]}, {"class": "AlphabetSoup", "pose": [[-0.7147388052627603, 0.08282521922613231, 0.694469930045064, -17.27965602659274], [-0.5637387011102325, -0.6559195268049057, -0.5019644328223087, 17.03724443480084], [0.4139409909110031, -0.7502730722069697, 0.5155028015062837, 16.88553066551363], [0.0, 0.0, 0.0, 1.0]]}]}