{"camera": {"camera": "RealSense D415", "extrinsics": [[-0.7834833, -0.61804146, 0.06464275, 0.4760939], [-0.5037741, 0.5708131, -0.64837027, 0.074052334], [0.36382076, -0.5405526, -0.75857586, -0.11390221], [0.0, 0.0, 0.0, 1.0]], "height": 480, "intrinsics": [[605.8222, 0.0, 326.28275], [0.0, 605.7743, 245.73769], [0.0, 0.0, 1.0]], "width": 640}, "objects": [{"class": "MacaroniAndCheese", "pose": [[0.3032096659548884, -0.9471774451891599, 0.10449306500304269, -17.983439584028933], [-0.71920375937097, -0.2993997814115722, -0.6269814184819559, -10.796560015603498], [0.625147787312687, 0.11495498611818958, -0.7719945306212294, 42.538759666934034], [0.0, 0.0, 0.0, 1.0]]}, {"class": "Pineapple", "pose": [[0.9178611375881867, 0.06079002760076405, 0.3922187138407447, -3.008152081272147], [-0.2661354859143765, -0.6388627858951713, 0.7218214596835276, -8.453498158861095], [0.2944534648523673, -0.7669152291006353, -0.5702088639563843, 41.365392222651586], [0.0, 0.0, 0.0, 1.0]]}, {"class": "Milk", "pose": [[0.6855826121445495, 0.10893860263014171, 0.719797803288755, -36.287980166034004], [-0.5164674434877868, -0.6240493569356358, 0.5863648656337517, -6.486058929252134], [0.51306707622197, -0.7737537307646476, -0.3715740835275009, 26.605993637816837], [0.0, 0.0, 0.0, 1.0]]}, {"class": "TomatoSauce", "pose": [[-0.6843771554367343, 0.06347311926546846, -0.7263601634756024, -29.85998685776921], [0.492061087220081, -0.694935708047172, -0.524347426663892, 4.024056496656598], [-0.5380555339058241, -0.7162650228235817, 0.44436541228737164, 26.003830799535038], [0.0, 0.0, 0.0, 1.0]]}, {"class": "Cookies", "pose": [[0.04648171943980618, 0.04653400088508978, 0.9978346813760351, 1.620034869720255], [-0.7611654149865537, -0.6452369280086683, 0.06554764287571149, -0.1008935134160685], [0.6468899010108895, -0.7625640622068895, 0.005428363024132612, 27.283716041130223], [0.0, 0.0, 0.0, 1.0]]}, {"class": "OrangeJuice", "pose": [[-0.9386748613493209, 0.06963749728890853, 0.33769829504964793, -14.40001670486804], [-0.2979291408855046, -0.6568297406442849, -0.6926852781318982, -4.942765205287521], [0.17357337851333543, -0.7508164671072934, 0.6372965362501689, 28.039208499737278], [0.0, 0.0, 0.0, 1.0]]}, {"class": "Mustard", "pose": [[-0.05180565860718847, 0.06637544265072541, -0.9964489395781726, -10.794223827609523], [0.7558837238188282, -0.649479283207463, -0.08256168890217887, 5.188831806767675], [-0.6526529345663272, -0.7574767437532163, -0.016525428873691867, 21.707271393356503], [0.0, 0.0, 0.0, 1.0]]}, {"class": "Parmesan", "pose": [[-0.8190568311329259, 0.10913053083562609, -0.563237471632785, -43.4978368626924], [0.37708760091215465, -0.6374860729830407, -0.6718753036950046, 2.6789176973769133], [-0.43237811797872205, -0.762693968671351, 0.4809854814544777, 24.33511328455838], [0.0, 0.0, 0.0, 1.0]]}, {"class": "CreamCheese", "pose": [[-0.16138033832919418, -0.9795343878490003, -0.12028625964468094, -29.567065946672038], [0.7451541243473077, -0.20085701420192742, 0.6359259127747211, 14.186140473009479], [-0.6470715633522518, 0.012994111447641028, 0.7623185063298888, 21.19950341247731], [0.0, 0.0, 0.0, 1.0]]}, {"class": "AlphabetSoup", "pose": [[-0.7132686593853396, 0.08498147109342549, 0.6957197596350894, -17.311631660164235], [-0.5637684594111819, -0.6593216645004538, -0.4974535582521967, 17.143847390595724], [0.4164287130398872, -0.7470429366201048, 0.5181833053335732, 16.532882546754273], [0.0, 0.0, 0.0, 1.0]]}]}