{"camera": {"camera": "RealSense D415", "extrinsics": [[-0.7683439, -0.6377257, 0.054346405, 0.49160382], [-0.5113769, 0.56061226, -0.6513122, 0.07640324], [0.38489127, -0.5282233, -0.7568612, -0.13571002], [0.0, 0.0, 0.0, 1.0]], "height": 480, "intrinsics": [[605.8222, 0.0, 326.28275], [0.0, 605.7743, 245.73769], [0.0, 0.0, 1.0]], "width": 640}, "objects": [{"class": "MacaroniAndCheese", "pose": [[0.32684293004815046, -0.9404321674855837, 0.09360015547466415, -14.894836412213774], [-0.7123693593470549, -0.3102352354482331, -0.6295109578184567, -11.083140808970425], [0.6210504225807993, 0.13907328611598524, -0.7713332479659878, 42.0025546035793], [0.0, 0.0, 0.0, 1.0]]}, {"class": "Pineapple", "pose": [[0.9278276408543971, 0.05017940443447268, 0.36961851672520507, 0.01837180660111959], [-0.25356697945344064, -0.6418935601137872, 0.7236549563700725, -8.56535444928732], [0.27356834969764987, -0.7651501174402273, -0.5828427245334364, 40.45888237734363], [0.0, 0.0, 0.0, 1.0]]}, {"class": "Milk", "pose": [[0.7039216085867824, 0.09796620491456537, 0.7034891209736, -33.627026767979395], [-0.5055928132136868, -0.6265342442129862, 0.5931532681514927, -7.07330237299177], [0.4988690170862855, -0.773212440148248, -0.3914999513512146, 26.493979151174734], [0.0, 0.0, 0.0, 1.0]]}, {"class": "TomatoSauce", "pose": [[-0.7030178441317481, 0.05475841418543488, -0.7090609131641789, -27.343870528146], [0.4810786526526664, -0.6976770926584315, -0.5308578489626367, 3.510511315183079], [-0.5237645080404691, -0.7143166055497197, 0.4641363085018223, 25.688332160582245], [0.0, 0.0, 0.0, 1.0]]}, {"class": "Cookies", "pose": [[0.07124006427700777, 0.0361104606792345, 0.9968053167696863, 4.205710666234391], [-0.7573181414018899, -0.6484175764577479, 0.07761398525981865, -0.22771728760419552], [0.6491487565230855, -0.7604279713662191, -0.018846166321981075, 26.231101508512516], [0.0, 0.0, 0.0, 1.0]]}, {"class": "OrangeJuice", "pose": [[-0.9305461435795317, 0.05962834997406928, 0.36128698595106573, -11.731442881418975], [-0.3083701826011978, -0.6596720184294449, -0.6853763273176209, -5.258792814426045], [0.19746301856013557, -0.7491844276708409, 0.632242861053632, 27.393832959851217], [0.0, 0.0, 0.0, 1.0]]}, {"class": "Mustard", "pose": [[-0.07663578770378261, 0.05611832073926066, -0.9954785993628394, -8.402133592157258], [0.751943936642817, -0.6523947300238322, -0.09466511420211134, 4.88393521761971], [-0.6547574315574161, -0.7557988280211917, 0.007798916512990822, 20.929684647431408], [0.0, 0.0, 0.0, 1.0]]}, {"class": "Parmesan", "pose": [[-0.8337157456736034, 0.0985867975962157, -0.5433218663229044, -41.00037965587522], [0.3650154843770895, -0.6399124239946963, -0.6762217367445787, 1.9925544617948467], [-0.41434497203797704, -0.762097597613647, 0.4975193278406406, 24.35396943015924], [0.0, 0.0, 0.0, 1.0]]}, {"class": "CreamCheese", "pose": [[-0.18590638426843234, -0.9764212355813442, -0.10972847699213321, -27.2900076299889], [0.7399203654451135, -0.21259918349581805, 0.6382158658636946, 13.651340977637014], [-0.6464957052506197, 0.03745803238017999, 0.7619974964652817, 20.830760321037474], [0.0, 0.0, 0.0, 1.0]]}, {"class": "AlphabetSoup", "pose": [[-0.6961630493028386, 0.0750875578202259, 0.7139459497153423, -15.18685513184227], [-0.570256610964028, -0.661959721198699, -0.4864327051361022, 16.733493183583885], [0.43607838544682204, -0.7457688680279194, 0.5036510924668945, 15.857323040514814], [0.0, 0.0, 0.0, 1.0]]}]}