{"camera": {"camera": "RealSense D415", "extrinsics": [[-0.76032245, -0.6475839, 0.050446156, 0.4946167], [-0.5164735, 0.55563104, -0.6515591, 0.078612894], [0.39390975, -0.52144915, -0.75691867, -0.1446071], [0.0, 0.0, 0.0, 1.0]], "height": 480, "intrinsics": [[605.8222, 0.0, 326.28275], [0.0, 605.7743, 245.73769], [0.0, 0.0, 1.0]], "width": 640}, "objects": [{"class": "MacaroniAndCheese", "pose": [[0.33884830271321154, -0.9365859011793368, 0.08937914094472796, -13.830152649453641], [-0.7095055725507702, -0.316765721186495, -0.6294929225276409, -11.267562449733525], [0.617886439816032, 0.14988759102083785, -0.7718484325191353, 41.84463284345677], [0.0, 0.0, 0.0, 1.0]]}, {"class": "Pineapple", "pose": [[0.9326197472735848, 0.046119538558920724, 0.3579013111655502, 1.0465296286980674], [-0.24675798194866164, -0.6421772975223455, 0.7257539776007489, -8.645588966660869], [0.263307547056424, -0.7651674867902484, -0.5875268487950415, 40.13129278897287], [0.0, 0.0, 0.0, 1.0]]}, {"class": "Milk", "pose": [[0.7130538250439489, 0.0937025699827235, 0.6948194185141764, -32.763530448438814], [-0.500169520306845, -0.6264869860135129, 0.5977830094804564, -7.403716478403031], [0.4913091318641678, -0.7737789460852929, -0.3998517534972407, 26.544713002818927], [0.0, 0.0, 0.0, 1.0]]}, {"class": "TomatoSauce", "pose": [[-0.7122563671657274, 0.0516652632651008, -0.70001537224491, -26.565011871821387], [0.47564106009908547, -0.6978834600278067, -0.5354664109719872, 3.223617540726984], [-0.5161941671091798, -0.7143454054283974, 0.47249779768651295, 25.660195395905383], [0.0, 0.0, 0.0, 1.0]]}, {"class": "Cookies", "pose": [[0.08390264883993087, 0.032151190850894906, 0.9959551193804186, 5.014383449855786], [-0.7562386044820555, -0.6487967002374165, 0.08465243034821263, -0.2907060867713848], [0.6488940622442222, -0.760282263402145, -0.030121772409823323, 25.850823200019846], [0.0, 0.0, 0.0, 1.0]]}, {"class": "OrangeJuice", "pose": [[-0.9260572813245561, 0.05587322945452101, 0.3732238568361436, -10.872622956893164], [-0.31478072425998954, -0.6598747393288759, -0.682259806189542, -5.433479735142464], [0.20816091715490928, -0.7492953276730666, 0.6286696189011727, 27.196720803316154], [0.0, 0.0, 0.0, 1.0]]}, {"class": "Mustard", "pose": [[-0.08932288018481499, 0.05223753662825697, -0.9946318998594671, -7.688203000824057], [0.7508215357422007, -0.6526281489352685, -0.10170319461469633, 4.7270229462268825], [-0.654437490822639, -0.7558754632026436, 0.019073541012718537, 20.687642614983794], [0.0, 0.0, 0.0, 1.0]]}, {"class": "Parmesan", "pose": [[-0.8408894200262798, 0.09454294169600846, -0.5328851366278511, -40.224561527379734], [0.35874932111311203, -0.639850913096151, -0.6796247146202739, 1.6078796905779207], [-0.40522076896590314, -0.7626614026493801, 0.5041266294695891, 24.480766057227054], [0.0, 0.0, 0.0, 1.0]]}, {"class": "CreamCheese", "pose": [[-0.19840567663903538, -0.9744066982550248, -0.10567273654400938, -26.637666775601645], [0.7380318002506627, -0.21947395227179003, 0.6380754384904282, 13.36041035792474], [-0.6449373872056099, 0.048607931324158624, 0.7626879970404633, 20.794449778554036], [0.0, 0.0, 0.0, 1.0]]}, {"class": "AlphabetSoup", "pose": [[-0.6871549346902971, 0.07138570082470838, 0.7229952495169597, -14.613365721375636], [-0.5747968940079025, -0.6620500202663281, -0.48093484009375853, 16.52390510294275], [0.44432712982400474, -0.7460521626548474, 0.4959632219562189, 15.682744609638144], [0.0, 0.0, 0.0, 1.0]]}]}