{"camera": {"camera": "RealSense D415", "extrinsics": [[-0.7553629, -0.6539448, 0.042225517, 0.49976277], [-0.5142115, 0.55154926, -0.65679526, 0.08069439], [0.4062184, -0.5178316, -0.75288576, -0.15045552], [0.0, 0.0, 0.0, 1.0]], "height": 480, "intrinsics": [[605.8222, 0.0, 326.28275], [0.0, 605.7743, 245.73769], [0.0, 0.0, 1.0]], "width": 640}, "objects": [{"class": "MacaroniAndCheese", "pose": [[0.3464518233144748, -0.9345668646939398, 0.08096801429614948, -12.650090742253262], [-0.704950159939398, -0.3163287973704549, -0.6348082075978365, -10.70750183651593], [0.6188831720112957, 0.16285203884988478, -0.7684157203813737, 42.11583113398562], [0.0, 0.0, 0.0, 1.0]]}, {"class": "Pineapple", "pose": [[0.9357665242250457, 0.037797445743954015, 0.35058846962764845, 2.2039743388424182], [-0.24429841723082238, -0.6474741404099376, 0.7218695292896958, -8.087748459313278], [0.25428176060864344, -0.761149519903767, -0.5966507194813285, 40.21330985267591], [0.0, 0.0, 0.0, 1.0]]}, {"class": "Milk", "pose": [[0.7190229698757128, 0.08526674633883528, 0.6897357904014728, -31.760909806608918], [-0.49625640003889443, -0.6318129748761503, 0.5954343344791133, -6.963070023223514], [0.4865547202676074, -0.7704167347425216, -0.4119738407951825, 27.00803745528245], [0.0, 0.0, 0.0, 1.0]]}, {"class": "TomatoSauce", "pose": [[-0.7184934248394037, 0.04396809131208696, -0.6941425755633791, -25.580827597082312], [0.4715553004643988, -0.702820397496336, -0.532615418425923, 3.6619132733260575], [-0.5112755936780672, -0.7100072627390555, 0.48423841302862997, 25.978207773959284], [0.0, 0.0, 0.0, 1.0]]}, {"class": "Cookies", "pose": [[0.09191401056411218, 0.023891065300263265, 0.9954802566910526, 6.001262632067295], [-0.7516336098039335, -0.6540684773158526, 0.08509665136084006, 0.16982741249194078], [0.6531452460799001, -0.7560579649638143, -0.042160735567050654, 25.830237368347824], [0.0, 0.0, 0.0, 1.0]]}, {"class": "OrangeJuice", "pose": [[-0.9233706843660688, 0.047745994287982346, 0.38092887667336994, -9.865418239835543], [-0.31392999598018523, -0.6650538846633091, -0.6776071019374884, -4.973896111849776], [0.22098519334972103, -0.7452675069855617, 0.6290801012885922, 27.394547850392097], [0.0, 0.0, 0.0, 1.0]]}, {"class": "Mustard", "pose": [[-0.09739358592465726, 0.044029558835724854, -0.9942714906756173, -6.763531712301008], [0.7461743918151272, -0.6578558171039601, -0.10222327220259052, 5.143004863293691], [-0.6585880699854172, -0.7518557880953708, 0.031217214256320357, 20.778577793718988], [0.0, 0.0, 0.0, 1.0]]}, {"class": "Parmesan", "pose": [[-0.8457560946779863, 0.08624471801819747, -0.5265533085356583, -39.251831152568585], [0.35535653061499417, -0.6450983879830567, -0.6764391343269062, 2.0289736096752304], [-0.3980179507078312, -0.7592166493373171, 0.514948227270381, 24.96720878576127], [0.0, 0.0, 0.0, 1.0]]}, {"class": "CreamCheese", "pose": [[-0.20635050370365118, -0.9736210981162345, -0.09737215579945249, -25.716895733400946], [0.7333793894162367, -0.21977156995120076, 0.6433158047946987, 13.764432654755836], [-0.6477454121088494, 0.0613378096629998, 0.7593835925823228, 21.04303609246292], [0.0, 0.0, 0.0, 1.0]]}, {"class": "AlphabetSoup", "pose": [[-0.6815776654775602, 0.06329631852687129, 0.7290029984739088, -13.754480055728912], [-0.5721331671232849, -0.6671962383721926, -0.4769831391752482, 16.90008327116036], [0.45619674726384246, -0.742187822056385, 0.49095992816383943, 15.771476136374996], [0.0, 0.0, 0.0, 1.0]]}]}