{"camera": {"camera": "RealSense D415", "extrinsics": [[-0.7451707, -0.66574675, 0.03875366, 0.502255], [-0.5105549, 0.5321495, -0.67538923, 0.09472262], [0.42901546, -0.52306616, -0.7364425, -0.148002], [0.0, 0.0, 0.0, 1.0]], "height": 480, "intrinsics": [[605.8222, 0.0, 326.28275], [0.0, 605.7743, 245.73769], [0.0, 0.0, 1.0]], "width": 640}, "objects": [{"class": "MacaroniAndCheese", "pose": [[0.36104580088292965, -0.9293568033962909, 0.07708319464035815, -11.479644589369453], [-0.6857243378747683, -0.32059596845459004, -0.6534526740204653, -8.410778066169046], [0.6320032329362975, 0.18306850434824343, -0.7530324211014986, 43.635503382001126], [0.0, 0.0, 0.0, 1.0]]}, {"class": "Pineapple", "pose": [[0.9412321257026254, 0.03413156449053373, 0.33603136624558977, 3.3232391708451656], [-0.22916454625083646, -0.6663229837026561, 0.7095754588899345, -5.704806230273853], [0.2481243445291226, -0.7448817080788235, -0.619342830407996, 41.47256595573363], [0.0, 0.0, 0.0, 1.0]]}, {"class": "Milk", "pose": [[0.7298905975552186, 0.0813272691192951, 0.678708735871445, -30.817855895669588], [-0.4770807225964805, -0.6504703425055122, 0.5910011483704611, -5.228087258932317], [0.48954440565681295, -0.7551650496128398, -0.4359724918955028, 28.689141777406803], [0.0, 0.0, 0.0, 1.0]]}, {"class": "TomatoSauce", "pose": [[-0.72944524931956, 0.041483527540406566, -0.6827801274481118, -24.752430179692077], [0.4517624147219988, -0.7202868137802897, -0.5264006708453255, 5.423177579083604], [-0.5136344721577589, -0.6924348841901917, 0.5066690745683565, 27.308782415128498], [0.0, 0.0, 0.0, 1.0]]}, {"class": "Cookies", "pose": [[0.10742335813548363, 0.02035491258844169, 0.9940049581921324, 6.856796933066766], [-0.7338421629212787, -0.6729119992668179, 0.0930868459524489, 2.2172324278856017], [0.670772617920584, -0.7394424653640196, -0.05734916233534299, 26.83579657009797], [0.0, 0.0, 0.0, 1.0]]}, {"class": "OrangeJuice", "pose": [[-0.9174368506200612, 0.04444965550469922, 0.3953907061375978, -8.939022699136922], [-0.31661156711769756, -0.6833998684229656, -0.6578159128011204, -3.029670449237483], [0.24097024879831283, -0.7286898458199093, 0.641049482293883, 28.73806210996547], [0.0, 0.0, 0.0, 1.0]]}, {"class": "Mustard", "pose": [[-0.11292056072804134, 0.04058076634406795, -0.9927749521507502, -6.018457403676125], [0.7281959167508093, -0.6764066141081393, -0.11047551287879734, 6.942950778461493], [-0.6760027047210787, -0.7354096384970124, 0.04682945410421536, 21.827087902459954], [0.0, 0.0, 0.0, 1.0]]}, {"class": "Parmesan", "pose": [[-0.8541341525085908, 0.08257502468432229, -0.5134551315031777, -38.41923265640656], [0.33733480657085807, -0.6634559901375869, -0.6678558356067402, 3.6400856357761198], [-0.39580309214349374, -0.743644780108576, 0.5388249662210681, 26.5188146753935], [0.0, 0.0, 0.0, 1.0]]}, {"class": "CreamCheese", "pose": [[-0.2216029111037997, -0.9706264921789185, -0.09368201386018642, -25.047645764287697], [0.7146866602068799, -0.2270228652809272, 0.661576629038236, 15.39474160025765], [-0.663411743092826, 0.07965400664314752, 0.7440027481860874, 22.120710761524002], [0.0, 0.0, 0.0, 1.0]]}, {"class": "AlphabetSoup", "pose": [[-0.6702033599671979, 0.060057905803412, 0.7397435106098047, -13.18427270532776], [-0.5665049665270249, -0.6853206917993291, -0.45761087401800793, 18.503981014692705], [0.47947836149672945, -0.7257607333623401, 0.4933273251320961, 16.61489104695956], [0.0, 0.0, 0.0, 1.0]]}]}