{"camera": {"camera": "RealSense D415", "extrinsics": [[-0.7418064, -0.66989696, 0.031004881, 0.5044431], [-0.51208824, 0.5359938, -0.6711753, 0.09123932], [0.43299988, -0.5137594, -0.74065, -0.14492388], [0.0, 0.0, 0.0, 1.0]], "height": 480, "intrinsics": [[605.8222, 0.0, 326.28275], [0.0, 605.7743, 245.73769], [0.0, 0.0, 1.0]], "width": 640}, "objects": [{"class": "MacaroniAndCheese", "pose": [[0.3660241129911439, -0.9280284214286163, 0.06920676517966329, -10.736818013869708], [-0.6898128199079032, -0.32048216144026204, -0.6491914134603027, -9.018742236735108], [0.6246476053973605, 0.1898799730171856, -0.7574701098903168, 44.412387364013384], [0.0, 0.0, 0.0, 1.0]]}, {"class": "Pineapple", "pose": [[0.9432035631166462, 0.026316182682523385, 0.33117136903717936, 4.048787526321024], [-0.23177247750762253, -0.6620547075978573, 0.7127167154198054, -6.318887512418196], [0.23800955817229658, -0.748993363923213, -0.6183529683574993, 42.12708396842355], [0.0, 0.0, 0.0, 1.0]]}, {"class": "Milk", "pose": [[0.7337975095106991, 0.07343467278030076, 0.6753876979087059, -30.209322972204443], [-0.4808128964034938, -0.6462021441447411, 0.5926565457127114, -5.725598055666032], [0.47995851882604385, -0.7596250209956514, -0.438873159514886, 29.665644553155307], [0.0, 0.0, 0.0, 1.0]]}, {"class": "TomatoSauce", "pose": [[-0.7336098146599616, 0.034086117123134405, -0.678715518513405, -24.143107900190984], [0.455633519097201, -0.7163295326565124, -0.5284601503808054, 4.925845787352802], [-0.5041971259739956, -0.6969291041613349, 0.5099755723476898, 28.290140917974142], [0.0, 0.0, 0.0, 1.0]]}, {"class": "Cookies", "pose": [[0.11271135709790268, 0.012582224909905338, 0.9935480945653012, 7.456119946529066], [-0.7378356843547035, -0.6686577353349895, 0.09217032868993016, 1.68306683104303], [0.6655033099507969, -0.7434638913024411, -0.06608168606260997, 27.50386395737781], [0.0, 0.0, 0.0, 1.0]]}, {"class": "OrangeJuice", "pose": [[-0.9155641030391768, 0.03676241253742212, 0.4004882980404946, -8.328128772603073], [-0.31684697732966477, -0.6792376862312283, -0.6620001451522525, -3.5549254440766274], [0.24768999809565495, -0.7329970858137497, 0.6335336924669733, 29.523137491312557], [0.0, 0.0, 0.0, 1.0]]}, {"class": "Mustard", "pose": [[-0.11826444539104365, 0.03284020345327432, -0.9924389253804854, -5.459071223261269], [0.7322266149098706, -0.6722009181414632, -0.10949951455923021, 6.453751000462041], [-0.6707143266555688, -0.739640104102224, 0.055450977282013265, 22.64277784387387], [0.0, 0.0, 0.0, 1.0]]}, {"class": "Parmesan", "pose": [[-0.857344510729949, 0.07477277459284873, -0.5092832224978425, -37.81899917697559], [0.34068407668441564, -0.6592556238039579, -0.6703106861730922, 3.164474932439729], [-0.385868824820914, -0.7481918805372034, 0.5397352706544585, 27.617434950069747], [0.0, 0.0, 0.0, 1.0]]}, {"class": "CreamCheese", "pose": [[-0.22684228642847112, -0.9701378548727368, -0.08587839220493114, -24.47363155056559], [0.7187811446198429, -0.2262620572815783, 0.6573881510911168, 14.927551247719666], [-0.657188138202434, 0.0873956395260083, 0.7486426087638685, 23.16257124639995], [0.0, 0.0, 0.0, 1.0]]}, {"class": "AlphabetSoup", "pose": [[-0.6664451708077317, 0.05239476204950458, 0.743710697673299, -12.658037377742048], [-0.5684225665263569, -0.6811949466072446, -0.46137757227854415, 18.05364597675767], [0.4824381745525279, -0.7302248082766496, 0.4837614490331646, 17.5643292462355], [0.0, 0.0, 0.0, 1.0]]}]}