{"camera": {"camera": "RealSense D415", "extrinsics": [[-0.7453102, -0.666713, -0.002553967, 0.5203023], [-0.5134111, 0.5763713, -0.63577133, 0.06382652], [0.42534903, -0.4725356, -0.77187324, -0.13642052], [0.0, 0.0, 0.0, 1.0]], "height": 480, "intrinsics": [[605.8222, 0.0, 326.28275], [0.0, 605.7743, 245.73769], [0.0, 0.0, 1.0]], "width": 640}, "objects": [{"class": "MacaroniAndCheese", "pose": [[0.3614181068128762, -0.9317150788407321, 0.03583306592425156, -8.309544650826627], [-0.7276522849084531, -0.3058738499034706, -0.6139734405871147, -13.006446507774863], [0.583008639943672, 0.19582707979297934, -0.7885129268419282, 45.731631427218176], [0.0, 0.0, 0.0, 1.0]]}, {"class": "Pineapple", "pose": [[0.9417954811573656, -0.007183683213474902, 0.3361096711669904, 6.488236226471961], [-0.2663044067618461, -0.6261501850063496, 0.7328150887429781, -10.571038895970986], [0.20519079618916453, -0.7796693998973706, -0.5916183898840294, 43.2375491871037], [0.0, 0.0, 0.0, 1.0]]}, {"class": "Milk", "pose": [[0.7312793589556253, 0.04008957361577799, 0.6808989425294193, -28.00520406542728], [-0.521258728413612, -0.6109916114562776, 0.5958008344374215, -8.530783328485706], [0.43990889161002644, -0.7906213420471895, -0.4259084594228893, 31.60580013613079], [0.0, 0.0, 0.0, 1.0]]}, {"class": "TomatoSauce", "pose": [[-0.7322730944032589, 0.0002992234506327326, -0.6810110647877379, -21.695123706463605], [0.497263272968105, -0.68301580425048, -0.5349941065420812, 2.019211246363993], [-0.46530135027917574, -0.7304035608583322, 0.5000052469123537, 30.593506258948167], [0.0, 0.0, 0.0, 1.0]]}, {"class": "Cookies", "pose": [[0.10788770833691855, -0.02096159285000777, 0.9939421002754256, 9.784501083619046], [-0.7712229465655193, -0.6326636184611402, 0.07037015063289777, -1.9705355037536842], [0.6273558598752954, -0.7741430044391605, -0.08442268050753797, 28.932105459698366], [0.0, 0.0, 0.0, 1.0]]}, {"class": "OrangeJuice", "pose": [[-0.9179086959751945, 0.003156523704016996, 0.3967791664089115, -6.083177260629347], [-0.3053033761938979, -0.6443296607359933, -0.7011627359708227, -6.902836048693955], [0.2534433185778551, -0.7647413677429962, 0.5923994260267776, 31.064182577868344], [0.0, 0.0, 0.0, 1.0]]}, {"class": "Mustard", "pose": [[-0.11369667374142585, -0.0007244727432149366, -0.9935152672225561, -3.1046149484231567], [0.7660083558281015, -0.6368893054949855, -0.08719665636528907, 3.3468464676510727], [-0.632696001423492, -0.7709549413812092, 0.0729671389644738, 24.597605542593005], [0.0, 0.0, 0.0, 1.0]]}, {"class": "Parmesan", "pose": [[-0.8563602475014962, 0.041335320884500315, -0.5147218301485551, -35.42359980931585], [0.37994408400963264, -0.6246031909878134, -0.6822854185511839, 0.6338451993729504], [-0.34969934451532747, -0.7798475982965367, 0.519180168248666, 30.15227985409122], [0.0, 0.0, 0.0, 1.0]]}, {"class": "CreamCheese", "pose": [[-0.2222685248520365, -0.9735724379835439, -0.05247337938236053, -21.8764467860059], [0.754650424667046, -0.20586621062791188, 0.6229942900261556, 12.25849961965372], [-0.6173324915845301, 0.0988729481827497, 0.7804644067334058, 25.950293732084965], [0.0, 0.0, 0.0, 1.0]]}, {"class": "AlphabetSoup", "pose": [[-0.6703854021389583, 0.018789124007776808, 0.7417751856883151, -10.107777713581513], [-0.573896151995617, -0.6468062247980088, -0.5022797625037401, 15.351186761899166], [0.47034735433563923, -0.762422921538912, 0.444392405659204, 20.2358582329095], [0.0, 0.0, 0.0, 1.0]]}]}