{"camera": {"camera": "RealSense D415", "extrinsics": [[-0.74087644, -0.6716078, -0.0067146528, 0.52839416], [-0.52041286, 0.58035004, -0.62638986, 0.05801333], [0.4245852, -0.4605831, -0.779481, -0.13984908], [0.0, 0.0, 0.0, 1.0]], "height": 480, "intrinsics": [[605.8222, 0.0, 326.28275], [0.0, 605.7743, 245.73769], [0.0, 0.0, 1.0]], "width": 640}, "objects": [{"class": "MacaroniAndCheese", "pose": [[0.3675118471786464, -0.929485432002237, 0.03149444847667488, -7.01098978988618], [-0.733732149765651, -0.3105881675317086, -0.6042947298305176, -14.458054910831889], [0.5714649202380762, 0.1989769933999666, -0.7961381672394476, 45.593159359777324], [0.0, 0.0, 0.0, 1.0]]}, {"class": "Pineapple", "pose": [[0.9439403876039332, -0.011425594593306106, 0.32991821235606583, 7.761885642819694], [-0.2663728728156535, -0.6166868882625575, 0.7407717410811152, -11.955042449923612], [0.19499245045046731, -0.7871256177891454, -0.5851591120267775, 43.019630404035794], [0.0, 0.0, 0.0, 1.0]]}, {"class": "Milk", "pose": [[0.7357952613211137, 0.035727889893273794, 0.6762609538536609, -26.821702611824914], [-0.5246827945257497, -0.6012767983288936, 0.6026393405938342, -9.861880424862354], [0.4281510209077347, -0.7982416500681393, -0.4236708058065206, 31.66834331747168], [0.0, 0.0, 0.0, 1.0]]}, {"class": "TomatoSauce", "pose": [[-0.7369182898649321, -0.003438384486070712, -0.6759731044801743, -20.545187982769807], [0.5009938862123028, -0.6741252359951239, -0.542734087821816, 0.715595124082919], [-0.4538243676047337, -0.7386090618698867, 0.4984978208502385, 30.73742705793039], [0.0, 0.0, 0.0, 1.0]]}, {"class": "Cookies", "pose": [[0.11442465376929045, -0.025146158635520766, 0.9931136368621417, 10.930950028890663], [-0.7784804985621563, -0.6233017121770397, 0.07391269760300297, -3.17372797001467], [0.6171507825999266, -0.7815770252867493, -0.09089689423077696, 28.79552071175202], [0.0, 0.0, 0.0, 1.0]]}, {"class": "OrangeJuice", "pose": [[-0.915253910342299, -0.000930498437806884, 0.4028764577158655, -4.908349686441449], [-0.3106797768390052, -0.6350193139669134, -0.7072683684879616, -8.171781858490043], [0.2564924527281805, -0.772495700069248, 0.5809147918314634, 30.98471957357207], [0.0, 0.0, 0.0, 1.0]]}, {"class": "Mustard", "pose": [[-0.12026022681872969, -0.004875667715267087, -0.992730442827122, -2.0029334579803715], [0.773316154568124, -0.6275142107670193, -0.09059822449022162, 2.1629310003477937], [-0.6225107061092088, -0.7785898434441915, 0.07923545144410657, 24.621017096725538], [0.0, 0.0, 0.0, 1.0]]}, {"class": "Parmesan", "pose": [[-0.8598573021626753, 0.03708681672404196, -0.5091856383959569, -34.27311803018463], [0.38196951943254775, -0.6150145285893457, -0.6898234656488998, -0.6992220049737929], [-0.33873989100158436, -0.7876431300786503, 0.5146586890209164, 30.380775597090548], [0.0, 0.0, 0.0, 1.0]]}, {"class": "CreamCheese", "pose": [[-0.22868706658350405, -0.972305233683713, -0.04821601948094931, -20.78602353105118], [0.7614972267145351, -0.2095214638385697, 0.6133699762854234, 11.00982072454837], [-0.6064850999981376, 0.1035534303258316, 0.7883225804507884, 26.220100093268904], [0.0, 0.0, 0.0, 1.0]]}, {"class": "AlphabetSoup", "pose": [[-0.6654721418019122, 0.014724879391536189, 0.7462774502947118, -9.06764351216146], [-0.5812473017017877, -0.6374840052839109, -0.5057328496181949, 14.201327895243326], [0.4682930779215227, -0.7703228694999892, 0.4327866104637214, 20.456862291986997], [0.0, 0.0, 0.0, 1.0]]}]}