{"camera": {"camera": "RealSense D415", "extrinsics": [[-0.74671495, -0.6651433, 0.0010667812, 0.53344], [-0.52450514, 0.5878414, -0.6159033, 0.051558398], [0.40903687, -0.46046376, -0.787821, -0.13299331], [0.0, 0.0, 0.0, 1.0]], "height": 480, "intrinsics": [[605.8222, 0.0, 326.28275], [0.0, 605.7743, 245.73769], [0.0, 0.0, 1.0]], "width": 640}, "objects": [{"class": "MacaroniAndCheese", "pose": [[0.35949667033014826, -0.9323096409703354, 0.03950752854364495, -7.227586653933948], [-0.7420616775060477, -0.31129466659596183, -0.5936667012276107, -15.77390001380778], [0.5657796567461699, 0.18410416407291433, -0.803740609980364, 45.310296181740505], [0.0, 0.0, 0.0, 1.0]]}, {"class": "Pineapple", "pose": [[0.9411189498053414, -0.0035371689581358695, 0.3380570635105548, 7.578727983031985], [-0.2709077802576023, -0.6060893170166728, 0.7478400692760557, -13.267305670190671], [0.20224754122061517, -0.7953887077313219, -0.5713603652968255, 42.94048823256483], [0.0, 0.0, 0.0, 1.0]]}, {"class": "Milk", "pose": [[0.7298067116242538, 0.04377069914222942, 0.6822508754124973, -26.86770187755695], [-0.5318787397392223, -0.5906297011756835, 0.6068456287419334, -10.951078190483916], [0.42951968106413646, -0.8057547061809619, -0.4077647954326148, 31.221438432864666], [0.0, 0.0, 0.0, 1.0]]}, {"class": "TomatoSauce", "pose": [[-0.7306792442223935, 0.0037804489488052063, -0.6827104200938069, -20.560624339450374], [0.5085373677587595, -0.6641872251230521, -0.5479462842259131, -0.3751215167138999], [-0.4555190140074883, -0.7475566968193121, 0.4833852958734388, 30.50439562446262], [0.0, 0.0, 0.0, 1.0]]}, {"class": "Cookies", "pose": [[0.10581462908854077, -0.01733340010358481, 0.9942347735560391, 10.92828845234924], [-0.7868925519845037, -0.6127492778772959, 0.0730649636475652, -4.3032906176688845], [0.6079501558428074, -0.7900872390253794, -0.07847734761296683, 28.87255920694326], [0.0, 0.0, 0.0, 1.0]]}, {"class": "OrangeJuice", "pose": [[-0.9187419513493372, 0.00675352400687126, 0.3948006891845886, -4.944729733262665], [-0.31218424483850343, -0.6246372748531095, -0.7157997813350795, -9.297355674383509], [0.24177303772568506, -0.7808858017138901, 0.5759887969908423, 30.8124422076384], [0.0, 0.0, 0.0, 1.0]]}, {"class": "Mustard", "pose": [[-0.11159794193530526, 0.00289321886000281, -0.9937492118622073, -1.9463898219725606], [0.7818123776409864, -0.617043261962023, -0.08959393871946539, 1.1154308129292536], [-0.6134454504527189, -0.7869238919301729, 0.06659879110568119, 24.621458038031292], [0.0, 0.0, 0.0, 1.0]]}, {"class": "Parmesan", "pose": [[-0.8551638927904854, 0.04498109845149539, -0.5164023476765428, -34.28621889163418], [0.3882405795843621, -0.6045106059730923, -0.6955833770661112, -1.7566297612371127], [-0.3434587973782247, -0.7953260931942535, 0.4994921334078009, 29.97105662826618], [0.0, 0.0, 0.0, 1.0]]}, {"class": "CreamCheese", "pose": [[-0.22022467091897238, -0.9738334297372399, -0.05612052103428973, -20.729672749201388], [0.7700048173508119, -0.20887352238866846, 0.6028801603321727, 9.979022261046449], [-0.5988269271868901, 0.08955600090429441, 0.7958554927412042, 26.122790672492613], [0.0, 0.0, 0.0, 1.0]]}, {"class": "AlphabetSoup", "pose": [[-0.6719359464479272, 0.02237807629684482, 0.7402710807594111, -8.93957459807153], [-0.5860741178152411, -0.6271631777000073, -0.5130141633375915, 13.222991431655515], [0.45279047088264335, -0.7785663367215089, 0.43452868737326406, 20.537873737701904], [0.0, 0.0, 0.0, 1.0]]}]}