{"camera": {"camera": "RealSense D415", "extrinsics": [[-0.7575227, -0.65277517, 0.0066329488, 0.5544862], [-0.52769446, 0.60632604, -0.594901, 0.02923624], [0.38431486, -0.4541512, -0.8037716, -0.1163319], [0.0, 0.0, 0.0, 1.0]], "height": 480, "intrinsics": [[605.8222, 0.0, 326.28275], [0.0, 605.7743, 245.73769], [0.0, 0.0, 1.0]], "width": 640}, "objects": [{"class": "MacaroniAndCheese", "pose": [[0.3441805158122202, -0.9377998994035917, 0.04551025954605362, -6.162820951082315], [-0.7602383570082514, -0.30680311111525216, -0.572633762394718, -18.943775296961913], [0.5509785413145073, 0.16249069890793036, -0.818547126978266, 45.53241909235199], [0.0, 0.0, 0.0, 1.0]]}, {"class": "Pineapple", "pose": [[0.9354680766851727, 0.0022327707679703304, 0.35340423702573753, 8.699472582242329], [-0.2854406510665824, -0.5848458701153334, 0.7592620609635767, -16.522151276080642], [0.20838227472794177, -0.8111413763377661, -0.5464672675257934, 43.441021661309634], [0.0, 0.0, 0.0, 1.0]]}, {"class": "Milk", "pose": [[0.718409841025246, 0.04983088053470363, 0.6938330102937724, -25.549811427422085], [-0.5502094065941308, -0.5695870378872606, 0.6106063784936117, -13.557193162316613], [0.42562533059789887, -0.8204190991165062, -0.38177946390987677, 31.297987971106288], [0.0, 0.0, 0.0, 1.0]]}, {"class": "TomatoSauce", "pose": [[-0.7191272261732001, 0.008303108149630882, -0.6948288663272383, -19.132696324085963], [0.5275713178113096, -0.6442540717649363, -0.5537193602611985, -3.0289108793181616], [-0.45224390689325344, -0.7647664723546184, 0.4589201136856193, 30.951391175328585], [0.0, 0.0, 0.0, 1.0]]}, {"class": "Cookies", "pose": [[0.08949871103358134, -0.011701605756605967, 0.99591822739427, 12.33778509197414], [-0.8036539844561346, -0.5915064892128206, 0.06527082639154248, -7.223961037151269], [0.5883282792329709, -0.8062153281451518, -0.06234308160172366, 29.664735094794203], [0.0, 0.0, 0.0, 1.0]]}, {"class": "OrangeJuice", "pose": [[-0.9250789658505977, 0.01213520066784475, 0.3795809615294754, -3.608475620602536], [-0.3093468080584519, -0.6038705856526192, -0.7346052017366493, -12.110184889069508], [0.22030315583973817, -0.7969900009299243, 0.5623819318308464, 31.245285490646722], [0.0, 0.0, 0.0, 1.0]]}, {"class": "Mustard", "pose": [[-0.0952497847851471, 0.00843526075867807, -0.9954176949323423, -0.42177508801134467], [0.7987778949890081, -0.5960822249141239, -0.08148490602123915, -1.5679766646638134], [-0.594038099555848, -0.8028790921721967, 0.05003877430402371, 25.375769725950388], [0.0, 0.0, 0.0, 1.0]]}, {"class": "Parmesan", "pose": [[-0.8463622868918143, 0.05075785144482778, -0.5301835364796457, -32.86163305113837], [0.4055993675565562, -0.5837493307382384, -0.7033674759265689, -4.2600512784794775], [-0.3451957053059013, -0.8103458322258297, 0.47347601474373696, 30.186166872890997], [0.0, 0.0, 0.0, 1.0]]}, {"class": "CreamCheese", "pose": [[-0.20418446833157486, -0.9769722768153536, -0.061918783389834794, -19.139703487236726], [0.7876640705000714, -0.20151937893389907, 0.5822157557540736, 7.438307526323556], [-0.5812864494790798, 0.07010817859708732, 0.8106731068999559, 26.843763464060107], [0.0, 0.0, 0.0, 1.0]]}, {"class": "AlphabetSoup", "pose": [[-0.6839749909789714, 0.027699745689987162, 0.7289794224215984, -7.239537578355904], [-0.5911321011631817, -0.606611175591058, -0.531587861894315, 10.71160448442045], [0.42748216639618186, -0.7945159622347087, 0.43128107131255505, 21.515289602256573], [0.0, 0.0, 0.0, 1.0]]}]}