{"camera": {"camera": "RealSense D415", "extrinsics": [[-0.7595113, -0.6504916, 0.0018218067, 0.5718615], [-0.5254029, 0.61180216, -0.59131205, 0.017168937], [0.3835289, -0.45006534, -0.80644083, -0.115483195], [0.0, 0.0, 0.0, 1.0]], "height": 480, "intrinsics": [[605.8222, 0.0, 326.28275], [0.0, 605.7743, 245.73769], [0.0, 0.0, 1.0]], "width": 640}, "objects": [{"class": "MacaroniAndCheese", "pose": [[0.3412868141049766, -0.9390739477782124, 0.04078589685526496, -4.4220191399791275], [-0.7645141635167769, -0.3025675540713342, -0.5691845255904615, -20.080985631051707], [0.5468467660091437, 0.1630737313166005, -0.8211976515805487, 45.64736048372687], [0.0, 0.0, 0.0, 1.0]]}, {"class": "Pineapple", "pose": [[0.9343716932253092, -0.0025402710304506166, 0.3562908140583072, 10.44853916243717], [-0.2913152580694895, -0.5812008009869333, 0.7598296549320511, -17.728600906432415], [0.20514631421972043, -0.8137562749988022, -0.5437975036387389, 43.53578322306627], [0.0, 0.0, 0.0, 1.0]]}, {"class": "Milk", "pose": [[0.7163634838944913, 0.04511871684537557, 0.6962669880101623, -23.809572776369425], [-0.5559057595653699, -0.5661523093365071, 0.6086381554594603, -14.528111196345428], [0.42165408166722157, -0.8230649792419034, -0.38048900859352475, 31.47774369697206], [0.0, 0.0, 0.0, 1.0]]}, {"class": "TomatoSauce", "pose": [[-0.7172557380194768, 0.003311133379430621, -0.6968021964186454, -17.337518356505356], [0.5333915508115623, -0.6408479391892011, -0.552093676404553, -4.0324508815579225], [-0.44837225367905187, -0.7676607717238877, 0.4578856538358006, 31.16490986548934], [0.0, 0.0, 0.0, 1.0]]}, {"class": "Cookies", "pose": [[0.08645634517724751, -0.016499521916138717, 0.9961190312483246, 14.107579143694238], [-0.806750040561388, -0.5878097151685231, 0.06028404410624049, -8.38799944003871], [0.5845336945145558, -0.8088310112821095, -0.06413084645557982, 29.793718869973766], [0.0, 0.0, 0.0, 1.0]]}, {"class": "OrangeJuice", "pose": [[-0.9262472668874365, 0.007290474611083608, 0.3768460001425898, -1.8610368939530053], [-0.3054380785719034, -0.6003409657479772, -0.739119990373143, -13.19689993811124], [0.22084750688985852, -0.7997109945622538, 0.5582908867054619, 31.38567874538124], [0.0, 0.0, 0.0, 1.0]]}, {"class": "Mustard", "pose": [[-0.09224494523700764, 0.0036196773055247934, -0.9957297958153082, 1.3693200825316554], [0.8019301155815289, -0.5925067832433732, -0.0764451221471411, -2.6454320916796283], [-0.5902532735295845, -0.8055573908731334, 0.05175300376659754, 25.556805585036724], [0.0, 0.0, 0.0, 1.0]]}, {"class": "Parmesan", "pose": [[-0.8449135879277218, 0.045991476242306914, -0.5329220124071876, -31.074334224163447], [0.41161443766368294, -0.5803644020524806, -0.7026740145353186, -5.187543267731789], [-0.34160594352263823, -0.8130572197647732, 0.471426926511385, 30.42286554887547], [0.0, 0.0, 0.0, 1.0]]}, {"class": "CreamCheese", "pose": [[-0.2012103870630859, -0.9778789342726769, -0.05715967375367409, -17.29757504358106], [0.7913352036374383, -0.1966643628849029, 0.578888399453016, 6.453000727389855], [-0.5773239536480752, 0.07124586299462038, 0.8134009404050949, 27.104240457842593], [0.0, 0.0, 0.0, 1.0]]}, {"class": "AlphabetSoup", "pose": [[-0.6862115807905913, 0.02284536431000581, 0.7270431995269544, -5.39127284802764], [-0.5894217135797927, -0.603174887123183, -0.5373659407430854, 9.687235777523663], [0.42625780083370896, -0.7972817856574165, 0.4273710937685391, 21.765631073074854], [0.0, 0.0, 0.0, 1.0]]}]}