{"camera": {"camera": "RealSense D415", "extrinsics": [[-0.7670249, -0.6413235, 0.019414982, 0.59283525], [-0.5305413, 0.61693084, -0.5813108, 0.0023546163], [0.36083058, -0.4561803, -0.81345, -0.10125521], [0.0, 0.0, 0.0, 1.0]], "height": 480, "intrinsics": [[605.8222, 0.0, 326.28275], [0.0, 605.7743, 245.73769], [0.0, 0.0, 1.0]], "width": 640}, "objects": [{"class": "MacaroniAndCheese", "pose": [[0.3302661887112099, -0.9420630077892543, 0.058664358316096364, -3.5046378348285834], [-0.7710066858381901, -0.30510658966918824, -0.5589800186286171, -22.302821992645406], [0.5444932282401245, 0.13938156968547952, -0.8271033492480262, 45.47782478230637], [0.0, 0.0, 0.0, 1.0]]}, {"class": "Pineapple", "pose": [[0.9300597180824768, 0.015200385147285663, 0.36709377831709844, 11.405339400890718], [-0.29327905331977855, -0.5711125693909738, 0.7666927884493869, -19.915855591754607], [0.22130587365129797, -0.820731076369471, -0.5267107920609648, 43.71120995669656], [0.0, 0.0, 0.0, 1.0]]}, {"class": "Milk", "pose": [[0.7077354512863187, 0.0630332164046659, 0.7036599445823513, -22.592191625387258], [-0.5606494728792121, -0.555922449474229, 0.613695690569549, -16.5867930744879], [0.4298635346828745, -0.8288408545814695, -0.3581064467881685, 30.969828429017426], [0.0, 0.0, 0.0, 1.0]]}, {"class": "TomatoSauce", "pose": [[-0.7080421377458684, 0.020123923350011775, -0.7058833698796614, -16.12384576601832], [0.5384662816084128, -0.6313207500661826, -0.5581112577250904, -6.084288393226914], [-0.4568701711255499, -0.7752607671828634, 0.43616560789153364, 30.923729313728067], [0.0, 0.0, 0.0, 1.0]]}, {"class": "Cookies", "pose": [[0.07473001239988665, 0.0011454743592621628, 0.9972031318255115, 15.346924490152054], [-0.8138535652927421, -0.5777899404377227, 0.06165355530758297, -10.404190826548996], [0.5762445074845708, -0.8161847773876024, -0.04224600169550343, 30.16603070690922], [0.0, 0.0, 0.0, 1.0]]}, {"class": "OrangeJuice", "pose": [[-0.9304613445103048, 0.02474741643428517, 0.36555331312861594, -0.6477706487392765], [-0.3086825762884428, -0.590418903980344, -0.7457349306632886, -15.241713056063263], [0.1973745571921404, -0.8067175478914341, 0.5570010143634221, 31.359613678498434], [0.0, 0.0, 0.0, 1.0]]}, {"class": "Mustard", "pose": [[-0.08039199953189725, 0.02119473393405661, -0.9965379484255139, 2.6964768609536005], [0.8091012284129658, -0.5825152962169746, -0.07766037436608864, -4.617208528374752], [-0.582144536586636, -0.8125434336798653, 0.029680882916584387, 25.73108393309706], [0.0, 0.0, 0.0, 1.0]]}, {"class": "Parmesan", "pose": [[-0.8378311897243622, 0.06370568515654501, -0.5421996460633282, -29.840864284026125], [0.4153058617040604, -0.5702564857841638, -0.7087514257820887, -7.238164790810122], [-0.35434433119092695, -0.8189928234986132, 0.4513212801489268, 29.876383302002957], [0.0, 0.0, 0.0, 1.0]]}, {"class": "CreamCheese", "pose": [[-0.18959799828632726, -0.9790025261393553, -0.07487740544371616, -16.006716485076787], [0.7982838059995374, -0.19810062074730675, 0.568769822539158, 4.450512026972761], [-0.5716603010337987, 0.04806418804618728, 0.8190814257166683, 26.994406014729904], [0.0, 0.0, 0.0, 1.0]]}, {"class": "AlphabetSoup", "pose": [[-0.6945931690413037, 0.040249714846335036, 0.7182758961313902, -3.9926750981847836], [-0.5950398244118318, -0.5932735005392433, -0.5421753985701023, 7.757363814814765], [0.4043116140804401, -0.8039941748064979, 0.4360338673790493, 21.949746611954023], [0.0, 0.0, 0.0, 1.0]]}]}