{"camera": {"camera": "RealSense D415", "extrinsics": [[-0.7649953, -0.643967, 0.009419882, 0.60503644], [-0.53116775, 0.6225902, -0.57466716, -0.011449158], [0.36420193, -0.4446212, -0.818333, -0.10495674], [0.0, 0.0, 0.0, 1.0]], "height": 480, "intrinsics": [[605.8222, 0.0, 326.28275], [0.0, 605.7743, 245.73769], [0.0, 0.0, 1.0]], "width": 640}, "objects": [{"class": "MacaroniAndCheese", "pose": [[0.3333381071398583, -0.9415539797873617, 0.04859889260283208, -1.7911064692708978], [-0.7764459909919684, -0.3033945048196714, -0.5523436437912395, -23.949332723412482], [0.5348059250260285, 0.14638272790893517, -0.8321986830868542, 45.55236108503111], [0.0, 0.0, 0.0, 1.0]]}, {"class": "Pineapple", "pose": [[0.9313264731433756, 0.005163848656017184, 0.3641488404163944, 13.107661920809344], [-0.29789397827918873, -0.5643967990068746, 0.7698802077561477, -21.592978141294644], [0.20949997452041855, -0.8254874874824374, -0.5240993200628856, 43.65492455905897], [0.0, 0.0, 0.0, 1.0]]}, {"class": "Milk", "pose": [[0.7102849095068365, 0.05295950027752178, 0.7019192842089785, -21.0059444805597], [-0.5662954346948871, -0.5492851170447651, 0.6144879528157604, -18.056738405978283], [0.41809674795215673, -0.8339551260112203, -0.36015813992736856, 31.285020083751082], [0.0, 0.0, 0.0, 1.0]]}, {"class": "TomatoSauce", "pose": [[-0.7109323284198085, 0.010358140869595014, -0.7031841694837415, -14.505836341975852], [0.5443357961100695, -0.6249909492355074, -0.5595399518942077, -7.573790999731929], [-0.4452794896016329, -0.7805632837165886, 0.4386878900291036, 31.259556124071437], [0.0, 0.0, 0.0, 1.0]]}, {"class": "Cookies", "pose": [[0.07800286417668131, -0.00886522420044435, 0.9969137394315186, 16.94215615231102], [-0.8187802568125581, -0.5710688032792891, 0.05898657723565572, -11.982347540879157], [0.5687833291908138, -0.820854332587236, -0.051803645739259524, 30.14891933608727], [0.0, 0.0, 0.0, 1.0]]}, {"class": "OrangeJuice", "pose": [[-0.929380137051189, 0.014791549193481815, 0.3688276207314123, 0.945357170115313], [-0.30748163003289447, -0.5838463065961162, -0.7513844826620023, -16.78118269554303], [0.20422445598774816, -0.8117294553063917, 0.5471632220544421, 31.46427321887366], [0.0, 0.0, 0.0, 1.0]]}, {"class": "Mustard", "pose": [[-0.08373868793741308, 0.011204926128307655, -0.9964247711996147, 4.265710574021786], [0.8140936517941813, -0.5758844297297762, -0.07489160848907998, -6.120962439179332], [-0.5746645879208054, -0.8174543288450851, 0.03910192126665821, 25.889382410118973], [0.0, 0.0, 0.0, 1.0]]}, {"class": "Parmesan", "pose": [[-0.8400639916644277, 0.05368661625531571, -0.5398243047799042, -28.23621950032328], [0.4207301041357443, -0.5637015082675862, -0.7107931431644723, -8.677597198428625], [-0.34245982433837413, -0.8242319822900356, 0.4509576883576432, 30.34131597393919], [0.0, 0.0, 0.0, 1.0]]}, {"class": "CreamCheese", "pose": [[-0.1928666280475198, -0.9790789041883604, -0.06486143728073981, -14.395591562331568], [0.8035203475990135, -0.19553117120601077, 0.5622479127573734, 2.9925205670338997], [-0.5631674286401337, 0.05632134428894287, 0.8244211800413959, 27.415568352397045], [0.0, 0.0, 0.0, 1.0]]}, {"class": "AlphabetSoup", "pose": [[-0.6923299005241951, 0.030311551992279327, 0.7209442152782711, -2.4227502023590475], [-0.5962396182194969, -0.5867699751819178, -0.5479045694364454, 6.304390372901968], [0.4064205105171641, -0.8091861435621859, 0.4243113035289381, 22.27712089420799], [0.0, 0.0, 0.0, 1.0]]}]}