{"camera": {"camera": "RealSense D415", "extrinsics": [[-0.7733887, -0.63364726, 0.01900148, 0.60870314], [-0.5304898, 0.6304897, -0.56662446, -0.0252678], [0.34705982, -0.44830102, -0.82375705, -0.093289725], [0.0, 0.0, 0.0, 1.0]], "height": 480, "intrinsics": [[605.8222, 0.0, 326.28275], [0.0, 605.7743, 245.73769], [0.0, 0.0, 1.0]], "width": 640}, "objects": [{"class": "MacaroniAndCheese", "pose": [[0.3208362082127566, -0.9453257104968086, 0.058509986147954454, -2.4066556163063857], [-0.78350597594088, -0.2996098827763458, -0.5443824889603838, -25.53716253892603], [0.5321488713566113, 0.12881469586231983, -0.8367940767362867, 45.52180016839256], [0.0, 0.0, 0.0, 1.0]]}, {"class": "Pineapple", "pose": [[0.9263551522121931, 0.01491203870721624, 0.37635588606688286, 12.532164650221262], [-0.3050880337679843, -0.5562607690824205, 0.772978161988066, -23.244662803832387], [0.22087864861137718, -0.8308740143929345, -0.5107455029771025, 43.87800599512054], [0.0, 0.0, 0.0, 1.0]]}, {"class": "Milk", "pose": [[0.7006697186471673, 0.06291365420901482, 0.710706555049717, -21.366279393044696], [-0.5743040725419821, -0.5413309754331067, 0.6141136684502011, -19.39819826960007], [0.4233635493359396, -0.8384525547726634, -0.34316263273558884, 31.018855275425196], [0.0, 0.0, 0.0, 1.0]]}, {"class": "TomatoSauce", "pose": [[-0.7010141709039911, 0.019084110031433288, -0.7128919405083537, -14.810283298436143], [0.5526170837438189, -0.6173221432488131, -0.5599354611811944, -8.951614089028794], [-0.45076979355743746, -0.7864789967356284, 0.42220534687170364, 31.197816416755487], [0.0, 0.0, 0.0, 1.0]]}, {"class": "Cookies", "pose": [[0.06478146877848881, 0.0007772257572230257, 0.9978991668143089, 16.626977059145787], [-0.8247601401215001, -0.5629003909253473, 0.05398010412997072, -13.5228565707941], [0.5617597282175655, -0.8265244013480938, -0.035824513203291206, 30.5288961684976], [0.0, 0.0, 0.0, 1.0]]}, {"class": "OrangeJuice", "pose": [[-0.9340712295210976, 0.024220804717251496, 0.3562643410523459, 0.5861547100532882], [-0.30433363348477394, -0.575897750374954, -0.7587640022576526, -18.24587723648724], [0.18679396310658186, -0.8171628816967434, 0.5453006639837904, 31.54950355844311], [0.0, 0.0, 0.0, 1.0]]}, {"class": "Mustard", "pose": [[-0.07045064331634833, 0.020766131620712565, -0.9972990847982829, 4.049716208716225], [0.8201634653357511, -0.5678601753779049, -0.06976175046009025, -7.549802741248747], [-0.567775057401656, -0.8228630687209804, 0.02297451511542232, 26.13266216461203], [0.0, 0.0, 0.0, 1.0]]}, {"class": "Parmesan", "pose": [[-0.8323853980219607, 0.06341258031328459, -0.5505573391786741, -28.530536212921078], [0.4287209012749201, -0.555846210946872, -0.7122031796229594, -9.97038050901791], [-0.3511878000085937, -0.8288630013294083, 0.4354919381222574, 30.05687829266052], [0.0, 0.0, 0.0, 1.0]]}, {"class": "CreamCheese", "pose": [[-0.17979881681976884, -0.9808708966368003, -0.07459664541250666, -14.583709048998772], [0.8100810885892997, -0.1906590927686389, 0.5544526406589143, 1.6512650693846394], [-0.5580689277048989, 0.039260611543629996, 0.8288652787568531, 27.461114855539808], [0.0, 0.0, 0.0, 1.0]]}, {"class": "AlphabetSoup", "pose": [[-0.7017367667473673, 0.03968361464823779, 0.7113302403448554, -2.5150937516655536], [-0.5963750715349185, -0.5789321001065197, -0.5560345205083977, 4.947313250836662], [0.3897464293497156, -0.8144095260250673, 0.4299242011633255, 22.54119147667485], [0.0, 0.0, 0.0, 1.0]]}]}