{"camera": {"camera": "RealSense D415", "extrinsics": [[-0.7732579, -0.6337935, 0.019444186, 0.62529546], [-0.53836846, 0.64001626, -0.54821396, -0.046721242], [0.33500984, -0.43437892, -0.836112, -0.08872855], [0.0, 0.0, 0.0, 1.0]], "height": 480, "intrinsics": [[605.8222, 0.0, 326.28275], [0.0, 605.7743, 245.73769], [0.0, 0.0, 1.0]], "width": 640}, "objects": [{"class": "MacaroniAndCheese", "pose": [[0.32102430943550125, -0.9452347454368346, 0.0589468232786309, -0.751845146390262], [-0.7949810870908762, -0.3027765329427201, -0.5256723506074229, -28.918669617791377], [0.5147314455750718, 0.12189196415394614, -0.8486423150429703, 45.43764095042603], [0.0, 0.0, 0.0, 1.0]]}, {"class": "Pineapple", "pose": [[0.9264248629658232, 0.015352276422854501, 0.37616663872758943, 14.186445445531254], [-0.3095334270492486, -0.5376966906679237, 0.7842648177178739, -26.58421484146613], [0.2143038054662474, -0.8429985186127917, -0.49338348923522557, 43.84900412631565], [0.0, 0.0, 0.0, 1.0]]}, {"class": "Milk", "pose": [[0.7007991072864882, 0.06334965321402115, 0.7105402816648358, -19.710319513380124], [-0.5832643094224836, -0.5225830268604017, 0.6218598743426629, -22.4673806063369], [0.41071087557530594, -0.8502315734277739, -0.32927608340312126, 31.06938384171345], [0.0, 0.0, 0.0, 1.0]]}, {"class": "TomatoSauce", "pose": [[-0.7011276612463369, 0.01953826726652168, -0.7127680674326559, -13.158677945583818], [0.5621901346604485, -0.5997256319145561, -0.5694483267525607, -12.02466713333579], [-0.4385912885217432, -0.7999670965471783, 0.40949995964018815, 31.48163285686995], [0.0, 0.0, 0.0, 1.0]]}, {"class": "Cookies", "pose": [[0.06497909289170269, 0.0012190994635961033, 0.9978859105567571, 18.28063489729853], [-0.8369857223307805, -0.5444368621793102, 0.055166852737002024, -16.567172179090626], [0.5433530808468776, -0.83880089583997, -0.0343566229840982, 30.71979263646564], [0.0, 0.0, 0.0, 1.0]]}, {"class": "OrangeJuice", "pose": [[-0.9339930280497973, 0.024665661832254597, 0.3564388978281791, 2.241502874734136], [-0.3087799991204057, -0.5576290466181265, -0.7705223789333443, -21.318181709519852], [0.17975520471870404, -0.8297236769398564, 0.5284378650064203, 31.631219768239205], [0.0, 0.0, 0.0, 1.0]]}, {"class": "Mustard", "pose": [[-0.07064484486099258, 0.021209120304728702, -0.9972760592306856, 5.702027009846433], [0.8325212380008086, -0.5494684743731136, -0.07065947830137584, -10.503232651128112], [-0.5494703328831706, -0.8352451714216961, 0.021160051242866698, 26.45376066459716], [0.0, 0.0, 0.0, 1.0]]}, {"class": "Parmesan", "pose": [[-0.8324730445667514, 0.06385213279468947, -0.5503740495440824, -26.87822006094871], [0.4360631763228259, -0.537307099463451, -0.7219071720433029, -13.023466254579464], [-0.34181518285778467, -0.8409660603614763, 0.41945006491666936, 30.31478201894311], [0.0, 0.0, 0.0, 1.0]]}, {"class": "CreamCheese", "pose": [[-0.17999131367804513, -0.9808021418807529, -0.07503562278543872, -12.93552865217169], [0.8221816841881378, -0.19188149055198847, 0.535909273753723, -1.341456932498866], [-0.5400188662363583, 0.03476607677261546, 0.840934500948344, 27.980983407603276], [0.0, 0.0, 0.0, 1.0]]}, {"class": "AlphabetSoup", "pose": [[-0.7015896297681934, 0.04012902336890359, 0.7114504284132571, -0.8670254517184395], [-0.6051547972284479, -0.5607174072374869, -0.565140370649987, 2.0677672321109486], [0.37624406178811065, -0.8270342075983862, 0.41767776610910884, 23.13851788377933], [0.0, 0.0, 0.0, 1.0]]}]}