{"camera": {"camera": "RealSense D415", "extrinsics": [[-0.80232733, -0.5930651, 0.067414165, 0.62710464], [-0.5317934, 0.6589708, -0.5319336, -0.08091172], [0.27104726, -0.46263528, -0.8440983, -0.04491807], [0.0, 0.0, 0.0, 1.0]], "height": 480, "intrinsics": [[605.8222, 0.0, 326.28275], [0.0, 605.7743, 245.73769], [0.0, 0.0, 1.0]], "width": 640}, "objects": [{"class": "MacaroniAndCheese", "pose": [[0.27323103808193105, -0.9558647531456355, 0.10801574589863613, -4.4607970056742445], [-0.8102137184690483, -0.2892078996323963, -0.5098162713749967, -32.33452422838639], [0.5185543657747733, 0.05178174557144782, -0.8534752239729761, 44.92823883764128], [0.0, 0.0, 0.0, 1.0]]}, {"class": "Pineapple", "pose": [[0.9049526807660316, 0.06395935723842934, 0.420677874430728, 10.584893625493375], [-0.3291859534240464, -0.5212159028750775, 0.787382181676947, -30.220321265285293], [0.2696244631562997, -0.8510247786498087, -0.450621140611431, 44.395974735377], [0.0, 0.0, 0.0, 1.0]]}, {"class": "Milk", "pose": [[0.6623832918287824, 0.11256296857982545, 0.7406605029634684, -22.30384197366393], [-0.6028972939796691, -0.5067706444004908, 0.616196783706173, -25.285012486400742], [0.44470591779011087, -0.8547005800170507, -0.26781243917189024, 29.455041357769012], [0.0, 0.0, 0.0, 1.0]]}, {"class": "TomatoSauce", "pose": [[-0.6611530029816277, 0.06427258884159427, -0.7474929891387005, -15.634766164644788], [0.5823833189080534, -0.584139653034581, -0.5653411757286106, -14.963824257069843], [-0.47297621172398985, -0.8091043838206082, 0.3487743347778361, 30.523092872841634], [0.0, 0.0, 0.0, 1.0]]}, {"class": "Cookies", "pose": [[0.015220235354023922, 0.04947270713160916, 0.9986595133099028, 15.710426221938123], [-0.8484698747604775, -0.5277991110526618, 0.03907786278556395, -20.01742926986324], [0.5290248340210629, -0.8479272027456524, 0.0339429109998649, 31.782107234957103], [0.0, 0.0, 0.0, 1.0]]}, {"class": "OrangeJuice", "pose": [[-0.948650601591917, 0.07204646722077256, 0.3080119648647346, -0.4249845035833699], [-0.29653461341498516, -0.5415586513573768, -0.7866266964391261, -24.515605021387277], [0.11013281985674542, -0.8375700142490201, 0.5351141659454769, 31.514755016894213], [0.0, 0.0, 0.0, 1.0]]}, {"class": "Mustard", "pose": [[-0.020528064376739475, 0.06909697139873505, -0.9973987341860835, 3.5436596359845307], [0.8442221176965569, -0.5332343400186926, -0.05431633254095034, -13.660635277394602], [-0.5356002924014995, -0.8431409967616416, -0.04738695741909163, 26.80689526888213], [0.0, 0.0, 0.0, 1.0]]}, {"class": "Parmesan", "pose": [[-0.8006636948843707, 0.11221143140062921, -0.5885119116862999, -29.257940573853215], [0.45660157935149187, -0.521680237451831, -0.7206697141894144, -15.70914311148503], [-0.387882404175685, -0.845729458508066, 0.36645444589576015, 28.416296459307755], [0.0, 0.0, 0.0, 1.0]]}, {"class": "CreamCheese", "pose": [[-0.13040959270634594, -0.9837524571800818, -0.12338747489859285, -15.010999414070724], [0.8355352941980045, -0.17604160136874397, 0.5204711674059483, -4.2191607594919605], [-0.5337360656154687, -0.035220193302054205, 0.844917325907873, 27.26756541574896], [0.0, 0.0, 0.0, 1.0]]}, {"class": "AlphabetSoup", "pose": [[-0.7346459191986132, 0.08724341607189107, 0.6728179453585243, -2.591871243875743], [-0.6005700710745403, -0.5449582999182159, -0.5850949926667443, -0.9184746052543533], [0.31561197400896535, -0.8339118862732166, 0.45274715368363744, 23.318923382964453], [0.0, 0.0, 0.0, 1.0]]}]}