{"camera": {"camera": "RealSense D415", "extrinsics": [[-0.8083572, -0.5836715, 0.0767222, 0.6348323], [-0.52932864, 0.6636098, -0.5286144, -0.09003659], [0.25762358, -0.4679205, -0.84538776, -0.03532802], [0.0, 0.0, 0.0, 1.0]], "height": 480, "intrinsics": [[605.8222, 0.0, 326.28275], [0.0, 605.7743, 245.73769], [0.0, 0.0, 1.0]], "width": 640}, "objects": [{"class": "MacaroniAndCheese", "pose": [[0.262425103199534, -0.9577660018294737, 0.11754756547441296, -4.472541424113463], [-0.8136482564827419, -0.285117732007881, -0.5066402788014872, -33.155443633309], [0.5187576820379907, 0.03731276485859993, -0.8541066510596131, 44.84864726948011], [0.0, 0.0, 0.0, 1.0]]}, {"class": "Pineapple", "pose": [[0.8996629123776025, 0.07341124480780639, 0.43036904213323923, 10.588324157230545], [-0.33441034586800944, -0.517851702398927, 0.787400351400572, -31.106784643003728], [0.2806713444943981, -0.852314716435902, -0.44134246000762883, 44.533515682713265], [0.0, 0.0, 0.0, 1.0]]}, {"class": "Milk", "pose": [[0.6534797370161984, 0.12212480268242853, 0.7470273389091463, -22.06825973680553], [-0.6077729249017223, -0.5036099518042157, 0.6139943539536277, -25.959462673115453], [0.4511942947888388, -0.8552558229683809, -0.25487473807297906, 29.16112935035255], [0.0, 0.0, 0.0, 1.0]]}, {"class": "TomatoSauce", "pose": [[-0.6519495943377305, 0.07286465990806576, -0.7547533020649941, -15.368784057830009], [0.5873747968054218, -0.5809550568629291, -0.5634554538470202, -15.673089730819425], [-0.47953368966119203, -0.8106675882631699, 0.335954533082363, 30.36603214561138], [0.0, 0.0, 0.0, 1.0]]}, {"class": "Cookies", "pose": [[0.004126596163134086, 0.058853997333145974, 0.9982581116127622, 15.933211634595851], [-0.8507861417460136, -0.5243827776120521, 0.034432862843108245, -20.873195678643157], [0.5254958288663941, -0.8494462206501534, 0.04790823046493685, 32.036092698908874], [0.0, 0.0, 0.0, 1.0]]}, {"class": "OrangeJuice", "pose": [[-0.9513925918278499, 0.0812208924985916, 0.2970780739729555, -0.21679255445474777], [-0.2927265363585623, -0.5382880734290827, -0.7902892529968365, -25.297449851276333], [0.0957255912598184, -0.8388379404182025, 0.53589874731333, 31.526283815425383], [0.0, 0.0, 0.0, 1.0]]}, {"class": "Mustard", "pose": [[-0.009361762911200718, 0.07838579998394572, -0.9968791817240111, 3.8648313134020174], [0.8465905206451269, -0.5299267929785438, -0.04961917899422292, -14.440420341066728], [-0.532162382319344, -0.8444129520560067, -0.06139960686641391, 26.920884871938846], [0.0, 0.0, 0.0, 1.0]]}, {"class": "Parmesan", "pose": [[-0.7931821675664991, 0.12158288789879246, -0.5967241654427627, -28.96468134505834], [0.46185980422180645, -0.5185560672200812, -0.7195728628014041, -16.34800485341723], [-0.3969226396812155, -0.8463552332774689, 0.35515515439231105, 28.06797930735368], [0.0, 0.0, 0.0, 1.0]]}, {"class": "CreamCheese", "pose": [[-0.11929610126045363, -0.9839438274014749, -0.13275188865418946, -14.65227079919249], [0.8383909044533275, -0.17145563807864242, 0.5174008445951253, -4.917511352457008], [-0.5318543809347047, -0.049574056086204014, 0.8453835087833294, 27.166115600114082], [0.0, 0.0, 0.0, 1.0]]}, {"class": "AlphabetSoup", "pose": [[-0.7416053280988892, 0.09635050570344261, 0.6638811614925462, -2.1651431070409233], [-0.5985996136846848, -0.5417717747329979, -0.590052391814469, -1.65593794447067], [0.3028202139798797, -0.834984969052678, 0.45945616324124744, 23.40382266897153], [0.0, 0.0, 0.0, 1.0]]}]}