{"camera": {"camera": "RealSense D415", "extrinsics": [[-0.81505466, -0.570746, 0.09967388, 0.65153486], [-0.5298988, 0.66475934, -0.52659494, -0.10283419], [0.2342928, -0.48202074, -0.8442529, -0.01115199], [0.0, 0.0, 0.0, 1.0]], "height": 480, "intrinsics": [[605.8222, 0.0, 326.28275], [0.0, 605.7743, 245.73769], [0.0, 0.0, 1.0]], "width": 640}, "objects": [{"class": "MacaroniAndCheese", "pose": [[0.2482381827623168, -0.9584233990580122, 0.14072089577370372, -4.091785500978384], [-0.8149012609043221, -0.2851533714215104, -0.5046022766033382, -34.54711717582741], [0.5237496289185991, 0.010587877097013237, -0.8518064752081528, 45.34365136145688], [0.0, 0.0, 0.0, 1.0]]}, {"class": "Pineapple", "pose": [[0.8917062062348174, 0.09655229199401816, 0.44219642063614234, 10.972060382840166], [-0.3351303471748907, -0.5158155214244015, 0.7884300641590795, -32.4985404701318], [0.30421650917120524, -0.8512415071258957, -0.42759824629440335, 45.44284166082108], [0.0, 0.0, 0.0, 1.0]]}, {"class": "Milk", "pose": [[0.6409824558159266, 0.14532764258955383, 0.7536719083168424, -21.254742047381047], [-0.6088864638959582, -0.5015694617820152, 0.6145610766244107, -27.31266226478598], [0.46733150899224946, -0.8528235751597271, -0.23300913822238262, 29.200998080917078], [0.0, 0.0, 0.0, 1.0]]}, {"class": "TomatoSauce", "pose": [[-0.6386825071448989, 0.09487470910937947, -0.7635989931822332, -14.59058861899466], [0.5885560979742461, -0.5790182850145733, -0.564215838988849, -17.029570254226613], [-0.4956675792927275, -0.8097757194849297, 0.31396971686944686, 30.61213337136689], [0.0, 0.0, 0.0, 1.0]]}, {"class": "Cookies", "pose": [[-0.010147658623193632, 0.08192253099085185, 0.9965870266519244, 16.654509154110592], [-0.8520409190607686, -0.5223526369246135, 0.03426313987016152, -22.235381559659107], [0.5233767388886201, -0.8487853219045286, 0.07510202826866394, 33.1198113124085], [0.0, 0.0, 0.0, 1.0]]}, {"class": "OrangeJuice", "pose": [[-0.9536397297909341, 0.10399300502737154, 0.28241228447086947, 0.5243696926907848], [-0.2929022291569581, -0.536284500884795, -0.7915852361403733, -26.657513334959425], [0.06913396634257628, -0.8376064050392019, 0.54188195492688, 32.16070443502251], [0.0, 0.0, 0.0, 1.0]]}, {"class": "Mustard", "pose": [[0.005095641739461865, 0.10131038652853454, -0.9948418053977761, 4.729536926361677], [0.8478615450133333, -0.5279097526656477, -0.0494172170187427, -15.789723806479772], [-0.5301931240289809, -0.8432363840354942, -0.08858724519626535, 27.69392151741961], [0.0, 0.0, 0.0, 1.0]]}, {"class": "Parmesan", "pose": [[-0.7821067480492864, 0.1445441888374458, -0.6061484883091754, -28.11900356378384], [0.4628516443542778, -0.516536794736562, -0.7203874393766165, -17.698237030733253], [-0.4172258106128713, -0.843976786734536, 0.3370843433801223, 27.943830947228037], [0.0, 0.0, 0.0, 1.0]]}, {"class": "CreamCheese", "pose": [[-0.10480637541077095, -0.982231396239225, -0.15568264407313803, -13.787484136418104], [0.8396672755522525, -0.17128232655612155, 0.5153845154697209, -6.266407993713186], [-0.5328924956256971, -0.07670607347742134, 0.8426991245621546, 27.45861484699646], [0.0, 0.0, 0.0, 1.0]]}, {"class": "AlphabetSoup", "pose": [[-0.7495550485235429, 0.1190123532815602, 0.6511553322746108, -1.2027553292850324], [-0.5992813652884366, -0.5397782425287062, -0.5911863174333687, -2.9965328417997523], [0.28112095708421075, -0.8333520318941982, 0.47591537752650676, 24.044883445942727], [0.0, 0.0, 0.0, 1.0]]}]}