{"camera": {"camera": "RealSense D415", "extrinsics": [[-0.8480538, -0.51171714, 0.13765988, 0.6747246], [-0.49585125, 0.6746722, -0.5467623, -0.1314024], [0.18691237, -0.53194267, -0.8258939, 0.046971176], [0.0, 0.0, 0.0, 1.0]], "height": 480, "intrinsics": [[605.8222, 0.0, 326.28275], [0.0, 605.7743, 245.73769], [0.0, 0.0, 1.0]], "width": 640}, "objects": [{"class": "MacaroniAndCheese", "pose": [[0.1818176457794769, -0.9667346433872153, 0.1799066196864805, -5.6265649427194475], [-0.8124224737849157, -0.25075604534971035, -0.5263945324425571, -33.991544154349775], [0.5539964705748177, -0.050452363927015006, -0.830988821043767, 46.694914121244906], [0.0, 0.0, 0.0, 1.0]]}, {"class": "Pineapple", "pose": [[0.8559527137954845, 0.1354205374880078, 0.49900515891262925, 9.46042595896628], [-0.3602815412780965, -0.5360226348722749, 0.763463830115422, -32.476204659299825], [0.3708667193307754, -0.8332712816119441, -0.4100204859132107, 47.796002684485], [0.0, 0.0, 0.0, 1.0]]}, {"class": "Milk", "pose": [[0.5847967344127496, 0.18468030409192257, 0.789877131932247, -21.3704149561316], [-0.6216305766804867, -0.5235479762616614, 0.5826431297662834, -26.48171166674948], [0.5211412539688307, -0.8317395733367274, -0.191366210947288, 29.28160766638337], [0.0, 0.0, 0.0, 1.0]]}, {"class": "TomatoSauce", "pose": [[-0.5813162345943319, 0.1285967867366587, -0.8034514426441006, -14.444999026082773], [0.6006625622324172, -0.5982747368088566, -0.5303507326329684, -16.414669577917003], [-0.5488860700680631, -0.7909046919875027, 0.27054352960712047, 30.966097478661993], [0.0, 0.0, 0.0, 1.0]]}, {"class": "Cookies", "pose": [[-0.07712935386161758, 0.12042707765501111, 0.9897213247117471, 16.34377536806787], [-0.8403871324801141, -0.5419864699680059, 0.0004559705211641693, -22.6720854140568], [0.5364704474018291, -0.8317138939591954, 0.143008422110733, 35.71384691779386], [0.0, 0.0, 0.0, 1.0]]}, {"class": "OrangeJuice", "pose": [[-0.9662459524124736, 0.14115653059364086, 0.21550756869792626, 0.16522758876887922], [-0.2574837770784304, -0.5564623485310919, -0.7899695140854063, -26.53863053892821], [0.008412492977090548, -0.8187945457109246, 0.5740249759469007, 33.72363636362397], [0.0, 0.0, 0.0, 1.0]]}, {"class": "Mustard", "pose": [[0.07240430348074295, 0.1391737981554625, -0.9876174307864681, 5.061719877944015], [0.836252307740018, -0.5481134219845787, -0.01593199345642817, -15.91916615801133], [-0.5435436547291903, -0.8247438078491723, -0.15607016996521436, 29.365221131048276], [0.0, 0.0, 0.0, 1.0]]}, {"class": "Parmesan", "pose": [[-0.7342792651592668, 0.18274573024458804, -0.6537873336822548, -27.775150285504356], [0.481729077619061, -0.5382961782802247, -0.6915015503965545, -16.65759088961847], [-0.4783001517020657, -0.8227036167157112, 0.3072257721278555, 27.383778765530653], [0.0, 0.0, 0.0, 1.0]]}, {"class": "CreamCheese", "pose": [[-0.03728378360026574, -0.9803311454805317, -0.19380578817488892, -13.033813778820935], [0.8319028255026445, -0.13790204596311464, 0.5375135241233931, -5.752688359683933], [-0.5536674316616381, -0.141187037703001, 0.8206817572218511, 27.684932326588584], [0.0, 0.0, 0.0, 1.0]]}, {"class": "AlphabetSoup", "pose": [[-0.7884953826438147, 0.15571201794463466, 0.5950031242487783, -0.13386035023004172], [-0.5665488718613835, -0.5603991002168337, -0.604131855015445, -3.000309700862655], [0.23936861263774892, -0.8134535247222888, 0.5300905408849063, 25.08942647587697], [0.0, 0.0, 0.0, 1.0]]}]}