{"camera": {"camera": "RealSense D415", "extrinsics": [[-0.8887727, -0.44600552, 0.105650775, 0.6903156], [-0.41587174, 0.68778294, -0.59498346, -0.17174059], [0.1927011, -0.5727422, -0.79676384, 0.060190596], [0.0, 0.0, 0.0, 1.0]], "height": 480, "intrinsics": [[605.8222, 0.0, 326.28275], [0.0, 605.7743, 245.73769], [0.0, 0.0, 1.0]], "width": 640}, "objects": [{"class": "MacaroniAndCheese", "pose": [[0.10560599813549294, -0.9831054329529141, 0.14950249685212091, -6.199343864153128], [-0.797087181965203, -0.17357883128774498, -0.5783791461484853, -29.9913763718776], [0.594558079987075, -0.05808623601253946, -0.8019517521845685, 47.46886781452405], [0.0, 0.0, 0.0, 1.0]]}, {"class": "Pineapple", "pose": [[0.8174223552427522, 0.10441919319225125, 0.5664955789335169, 8.941374550196212], [-0.4104328828689657, -0.5844624203980816, 0.6999632496254253, -29.65481494663889], [0.40418494229151114, -0.8046740697259431, -0.43489551395641857, 48.79977646454147], [0.0, 0.0, 0.0, 1.0]]}, {"class": "Milk", "pose": [[0.5233543106749542, 0.15450507190003196, 0.8379906705708948, -20.991217415534546], [-0.6414256713767015, -0.5759686341769954, 0.506787197516998, -22.06931377522302], [0.5609574801148058, -0.8027380399864559, -0.2023321002359028, 29.415308203557345], [0.0, 0.0, 0.0, 1.0]]}, {"class": "TomatoSauce", "pose": [[-0.5211583979556892, 0.0918297019601605, -0.8485052420503455, -13.29145662430281], [0.6189421572360797, -0.6438586305634342, -0.44984074167290056, -12.528684040938643], [-0.5876261120183133, -0.759613998521782, 0.27871501546904726, 30.76966954331653], [0.0, 0.0, 0.0, 1.0]]}, {"class": "Cookies", "pose": [[-0.1544457394906583, 0.08896390750731371, 0.9839877298132134, 16.799699511591914], [-0.8047454614492083, -0.5891082107118074, -0.073049855391585, -21.030577493315473], [0.5731763789673052, -0.8031419471356019, 0.16257855168835295, 36.416361057870255], [0.0, 0.0, 0.0, 1.0]]}, {"class": "OrangeJuice", "pose": [[-0.984119763342016, 0.10822502364183256, 0.14069666437455935, 0.39272689293026186], [-0.17750254088626002, -0.6045848567973309, -0.7765114435307257, -23.661783235518353], [0.0010250837401139668, -0.7891543232527131, 0.6141940551802821, 34.28457163295853], [0.0, 0.0, 0.0, 1.0]]}, {"class": "Mustard", "pose": [[0.14951215410819405, 0.10703001678349208, -0.9829499514166536, 6.213448100201646], [0.8006744723526286, -0.5963964893848348, 0.05684751354442267, -13.695346125735675], [-0.5801434389665653, -0.7955223769826092, -0.17486472505313216, 29.53759701126136], [0.0, 0.0, 0.0, 1.0]]}, {"class": "Parmesan", "pose": [[-0.6844801304859965, 0.1512217922865089, -0.7131751791925158, -26.537092768205117], [0.5163282409870129, -0.5900622903222166, -0.62067033449558, -11.859699661676196], [-0.5146766173695784, -0.7930690456759438, 0.3258057741163848, 26.93684624326977], [0.0, 0.0, 0.0, 1.0]]}, {"class": "CreamCheese", "pose": [[0.04001453235808493, -0.9859339061576021, -0.1622747226086818, -10.957730887121587], [0.8047642353950485, -0.06446017614553934, 0.59008426020714, -2.1855095472114034], [-0.5922442659606982, -0.15420484830817202, 0.7908650506368632, 27.026971826327973], [0.0, 0.0, 0.0, 1.0]]}, {"class": "AlphabetSoup", "pose": [[-0.8360678726566417, 0.122320499179322, 0.5348159716207694, 2.1646987814878726], [-0.48858213093026104, -0.6094303257962939, -0.6244054791234352, -0.6165786507470128], [0.24955543559759416, -0.7833469378371072, 0.5692886734064215, 24.564994472486422], [0.0, 0.0, 0.0, 1.0]]}]}