{"camera": {"camera": "RealSense D415", "extrinsics": [[-0.89407516, -0.4248578, 0.14186426, 0.712096], [-0.41686413, 0.6733818, -0.61055815, -0.18016675], [0.16387157, -0.60502297, -0.77916193, 0.103732094], [0.0, 0.0, 0.0, 1.0]], "height": 480, "intrinsics": [[605.8222, 0.0, 326.28275], [0.0, 605.7743, 245.73769], [0.0, 0.0, 1.0]], "width": 640}, "objects": [{"class": "MacaroniAndCheese", "pose": [[0.08437062248180456, -0.9789557636953358, 0.18581499715692112, -5.63299955817217], [-0.7841414055814423, -0.18029240691003626, -0.5938155773751083, -30.40855082298365], [0.6148201462317525, -0.0956046653365409, -0.7828511418631047, 48.89224266495344], [0.0, 0.0, 0.0, 1.0]]}, {"class": "Pineapple", "pose": [[0.8016899093615487, 0.14091544838746534, 0.5808925270756575, 9.436697247740433], [-0.397441972073061, -0.6002083455255238, 0.6941108388911512, -29.95913737022343], [0.44646745405090105, -0.7873327386520872, -0.42517519410570476, 50.84882933674074], [0.0, 0.0, 0.0, 1.0]]}, {"class": "Milk", "pose": [[0.5024099635654719, 0.19083455615573516, 0.8433068261704612, -19.691629845987702], [-0.6268384156276706, -0.5913933890966894, 0.507274576433819, -22.941478094834828], [0.5955315482919987, -0.783476926739997, -0.17749945019040603, 30.07503242488726], [0.0, 0.0, 0.0, 1.0]]}, {"class": "TomatoSauce", "pose": [[-0.49898842497038987, 0.12673011889956978, -0.8572922670174865, -12.101373013923066], [0.6038265915791984, -0.6587402031445313, -0.4488371953536562, -13.33170382727888], [-0.6216140215383095, -0.7416204497906992, 0.2521806718250282, 31.553027312438587], [0.0, 0.0, 0.0, 1.0]]}, {"class": "Cookies", "pose": [[-0.1745143047923298, 0.1254319216647156, 0.9766327829993509, 17.76658781328636], [-0.7937073296647026, -0.6049092010343174, -0.06413711258341158, -21.54581223344975], [0.5827292430999841, -0.7863534540317897, 0.20512154721360984, 38.62963888523012], [0.0, 0.0, 0.0, 1.0]]}, {"class": "OrangeJuice", "pose": [[-0.9824323100754356, 0.14416275437785903, 0.11850678777497833, 1.4764006986043854], [-0.1830111850103884, -0.619987074640965, -0.7629698351240494, -24.31291005291519], [-0.03651918055621869, -0.7712542986525945, 0.635478662760843, 35.86748105817387], [0.0, 0.0, 0.0, 1.0]]}, {"class": "Mustard", "pose": [[0.1698971821708195, 0.14319692085691196, -0.9750023547285547, 7.443434609009736], [0.7894667470901636, -0.6119376468429546, 0.047692845219909394, -14.41293038595595], [-0.5898111060616092, -0.77783483004235, -0.2170156927558046, 31.16329732047531], [0.0, 0.0, 0.0, 1.0]]}, {"class": "Parmesan", "pose": [[-0.6647350681649393, 0.1872158284891348, -0.7232409868733873, -25.17745399414071], [0.5018044921661385, -0.6053045612178913, -0.6178985966003533, -12.81627776754863], [-0.5534614252201282, -0.7736644535918745, 0.30842136535039544, 27.15582242640833], [0.0, 0.0, 0.0, 1.0]]}, {"class": "CreamCheese", "pose": [[0.06098584752934751, -0.9782692814137285, -0.19816644978932665, -9.66219359268532], [0.7926882254392029, -0.07318155069224169, 0.6052188643443902, -3.0542526497207567], [-0.6065690804110346, -0.19399400895947144, 0.7709995134499479, 27.69819604864081], [0.0, 0.0, 0.0, 1.0]]}, {"class": "AlphabetSoup", "pose": [[-0.843455855294452, 0.15802503989299446, 0.5134299458689896, 3.544360838460181], [-0.48809624751841424, -0.624632822072481, -0.6095866850729253, -1.461796310961544], [0.22437518548696536, -0.7647627024407195, 0.6039815888387404, 25.756018422639183], [0.0, 0.0, 0.0, 1.0]]}]}