{"camera": {"camera": "RealSense D415", "extrinsics": [[-0.90114045, -0.4001688, 0.16676562, 0.7284034], [-0.41106662, 0.66649574, -0.6219386, -0.17943674], [0.13773185, -0.62900585, -0.7651023, 0.15588014], [0.0, 0.0, 0.0, 1.0]], "height": 480, "intrinsics": [[605.8222, 0.0, 326.28275], [0.0, 605.7743, 245.73769], [0.0, 0.0, 1.0]], "width": 640}, "objects": [{"class": "MacaroniAndCheese", "pose": [[0.059068042403685427, -0.9757229854640592, 0.21089230403530998, -5.374532418223255], [-0.7757882185137315, -0.17781950634995297, -0.6054195684370314, -29.498057677453744], [0.6282225543931914, -0.12784684817214892, -0.7674578378585668, 51.51835092115535], [0.0, 0.0, 0.0, 1.0]]}, {"class": "Pineapple", "pose": [[0.783593057023002, 0.16615265203270793, 0.5986444346233134, 9.618031470801947], [-0.39426133007621367, -0.6117004676167178, 0.6858429355134859, -29.07968591836691], [0.4801457279089508, -0.7734441060449837, -0.41381665278413515, 54.00309366600725], [0.0, 0.0, 0.0, 1.0]]}, {"class": "Milk", "pose": [[0.478211505680218, 0.2159414421318802, 0.851283144025937, -18.72359968198074], [-0.6203902842428225, -0.6030258230577284, 0.5014735712003078, -22.240462246616023], [0.6216346589057822, -0.7679382141280297, -0.1544058854297638, 32.111667341325386], [0.0, 0.0, 0.0, 1.0]]}, {"class": "TomatoSauce", "pose": [[-0.47396678095122946, 0.15009814190150442, -0.8676554501932585, -11.148701449104037], [0.5970029101655525, -0.6695320152498306, -0.4419438838575463, -12.640424019518425], [-0.6472580718652297, -0.7274595419705451, 0.2277268770429051, 33.72548393944913], [0.0, 0.0, 0.0, 1.0]]}, {"class": "Cookies", "pose": [[-0.19855387745821962, 0.15062374257540848, 0.9684465849062115, 18.413080253799173], [-0.784799399867335, -0.6163271775918179, -0.06504385289406685, -20.8703693042963], [0.5870827935492894, -0.7729510008831232, 0.24058360517405333, 41.972550659083566], [0.0, 0.0, 0.0, 1.0]]}, {"class": "OrangeJuice", "pose": [[-0.9813065608650815, 0.16874077048646524, 0.09254149272840478, 2.21928206749733], [-0.17969831498488223, -0.631264856016463, -0.7544621844863, -23.612719985163718], [-0.06889037063718853, -0.7569882343610491, 0.6497867782579277, 38.6714991974227], [0.0, 0.0, 0.0, 1.0]]}, {"class": "Mustard", "pose": [[0.19417257943704777, 0.16804429581931873, -0.966466795050391, 8.392714440367843], [0.7804781135318394, -0.623304554558458, 0.04842868193741045, -13.802669723822486], [-0.5942649833379194, -0.7637096955777413, -0.2521835795315407, 34.04590946962852], [0.0, 0.0, 0.0, 1.0]]}, {"class": "Parmesan", "pose": [[-0.642472115571914, 0.21191596701900273, -0.7364245688002072, -24.058076290470854], [0.49658638349135537, -0.6167843050533791, -0.6107201285699754, -12.13590607082294], [-0.5836364822492673, -0.7580690574125691, 0.29103210837933985, 28.859431855585438], [0.0, 0.0, 0.0, 1.0]]}, {"class": "CreamCheese", "pose": [[0.08593985806148699, -0.9710766591954914, -0.22276535785376578, -8.529367958459277], [0.7838866543275926, -0.07209841258442962, 0.6167037560609062, -2.4274042018981588], [-0.6149276472734495, -0.22762225596866187, 0.7550178968295267, 29.817973180380463], [0.0, 0.0, 0.0, 1.0]]}, {"class": "AlphabetSoup", "pose": [[-0.8530122994426749, 0.1823434656757288, 0.488999815360401, 4.744632889901601], [-0.48164119845345726, -0.6358730179571248, -0.6030648817964335, -0.9134135937717142], [0.2009768189077936, -0.7499442107061377, 0.6302316450452619, 28.324730281694972], [0.0, 0.0, 0.0, 1.0]]}]}