{"camera": {"camera": "RealSense D415", "extrinsics": [[-0.9117388, -0.37785998, 0.16110292, 0.7426783], [-0.39024055, 0.6743363, -0.62688345, -0.18584064], [0.1282366, -0.63442284, -0.7622749, 0.16717093], [0.0, 0.0, 0.0, 1.0]], "height": 480, "intrinsics": [[605.8222, 0.0, 326.28275], [0.0, 605.7743, 245.73769], [0.0, 0.0, 1.0]], "width": 640}, "objects": [{"class": "MacaroniAndCheese", "pose": [[0.03439136954620332, -0.9780279275446428, 0.20561748654250142, -4.585729626349478], [-0.7758487171113428, -0.15581560819881277, -0.611375734472727, -28.295869950877606], [0.629980894833202, -0.13850205007633123, -0.7641604669570655, 51.786398865968366], [0.0, 0.0, 0.0, 1.0]]}, {"class": "Pineapple", "pose": [[0.7690149327319049, 0.1608161287172687, 0.6186712779080047, 10.383809272576139], [-0.41114365526885216, -0.6166483928612225, 0.6713461689900285, -28.214105089054275], [0.4894659265278276, -0.7706380429945053, -0.4080932227421619, 54.43822346921947], [0.0, 0.0, 0.0, 1.0]]}, {"class": "Milk", "pose": [[0.45700866117329286, 0.21072481551641564, 0.864140081159736, -17.54885117824031], [-0.630029364506218, -0.6090982010926941, 0.48172856007225007, -20.770122852127347], [0.627858291190792, -0.7645877920707809, -0.14560027262864553, 32.22086150876006], [0.0, 0.0, 0.0, 1.0]]}, {"class": "TomatoSauce", "pose": [[-0.453011350636727, 0.1429380984044401, -0.8799712269997232, -9.77602012074673], [0.6065075151326089, -0.6740209138763791, -0.4217160965017424, -11.341975932936771], [-0.6533982695357456, -0.7247513891730597, 0.21864603872387336, 33.905311460594746], [0.0, 0.0, 0.0, 1.0]]}, {"class": "Cookies", "pose": [[-0.2228937221620908, 0.1451814569838957, 0.9639713052250825, 19.497029227018803], [-0.7790727264512679, -0.6209200899488964, -0.08662536061333301, -20.227519652947834], [0.585972685644962, -0.7703120461592665, 0.25150611962769986, 42.49488227731869], [0.0, 0.0, 0.0, 1.0]]}, {"class": "OrangeJuice", "pose": [[-0.9843103766479449, 0.16277474062381292, 0.06809853424721755, 3.2828872730041314], [-0.1574656139519698, -0.6362382209760153, -0.7552519651717253, -22.60676034495961], [-0.0796090885821007, -0.7541255687322288, 0.6518872483717171, 39.016758460067976], [0.0, 0.0, 0.0, 1.0]]}, {"class": "Mustard", "pose": [[0.21849568357123647, 0.16233457280178998, -0.9622406491427115, 9.729108630676587], [0.7748397939129286, -0.6282757179563825, 0.06994955538894537, -12.947533086932275], [-0.5931971360851431, -0.7608660664932978, -0.2630588367449945, 34.446201413034906], [0.0, 0.0, 0.0, 1.0]]}, {"class": "Parmesan", "pose": [[-0.6244567745218811, 0.20627753010949818, -0.7533281233660675, -22.615471205999416], [0.5100565290560531, -0.6227446372244382, -0.5933224066890127, -10.552536271005062], [-0.5915201034002137, -0.7547441669834903, 0.28366384095972846, 28.894299532280233], [0.0, 0.0, 0.0, 1.0]]}, {"class": "CreamCheese", "pose": [[0.11060582980172037, -0.9698647825859108, -0.2170912205549653, -6.881603668683378], [0.7806719740771951, -0.050399200836782586, 0.6229054613255347, -1.1978662258590789], [-0.615075228551005, -0.238374034204244, 0.7515718515420542, 30.012406088915267], [0.0, 0.0, 0.0, 1.0]]}, {"class": "AlphabetSoup", "pose": [[-0.8659372615331495, 0.17618963779781183, 0.46809167344627467, 6.43923876843796], [-0.4617819366308157, -0.641142251165605, -0.6129388885325696, 0.011452706369419197], [0.19211981078135698, -0.7469229471073955, 0.6365501192993112, 28.66565208019207], [0.0, 0.0, 0.0, 1.0]]}]}