{"camera": {"camera": "RealSense D415", "extrinsics": [[-0.951893, -0.26470512, 0.15437287, 0.76113635], [-0.30004826, 0.70286626, -0.64494187, -0.20760107], [0.062215928, -0.6602349, -0.74847776, 0.23479718], [0.0, 0.0, 0.0, 1.0]], "height": 480, "intrinsics": [[605.8222, 0.0, 326.28275], [0.0, 605.7743, 245.73769], [0.0, 0.0, 1.0]], "width": 640}, "objects": [{"class": "MacaroniAndCheese", "pose": [[-0.08572578377291225, -0.9759989879011088, 0.2001926951804215, -5.62218731614319], [-0.7709940540511376, -0.06228077594282783, -0.633789604786385, -22.60953178132355], [0.6310460731717193, -0.20867948937503833, -0.7471503231594575, 52.7695626646092], [0.0, 0.0, 0.0, 1.0]]}, {"class": "Pineapple", "pose": [[0.6887579952358786, 0.15567322845209836, 0.7080807295309094, 9.056555449577107], [-0.47946251094186115, -0.6347872442869037, 0.6059379874718999, -23.94486901725198], [0.5438088767185827, -0.7568427730076952, -0.36257523867006136, 56.49479560098396], [0.0, 0.0, 0.0, 1.0]]}, {"class": "Milk", "pose": [[0.3480149011043454, 0.2055128623589268, 0.9146858157889206, -16.362704823440378], [-0.6664043162187135, -0.6320156255276497, 0.3955521785851943, -14.016729275527412], [0.6593867024895357, -0.7472086028130074, -0.08299615419262246, 32.31730997688608], [0.0, 0.0, 0.0, 1.0]]}, {"class": "TomatoSauce", "pose": [[-0.3444751835568444, 0.1291106359891144, -0.9298749061992337, -7.860109404408222], [0.6424234297041754, -0.6898469977907541, -0.3337712482760281, -5.365704247900724], [-0.6845647438897251, -0.712349320546674, 0.15469142861982357, 34.55558428185549], [0.0, 0.0, 0.0, 1.0]]}, {"class": "Cookies", "pose": [[-0.3383005281223132, 0.13971729055465945, 0.9306083391971607, 19.729751785155834], [-0.7498422038272444, -0.637537074756366, -0.17687039673197832, -16.955840074760406], [0.5685853722231347, -0.7576447319013633, 0.32044502783558004, 45.23797158649507], [0.0, 0.0, 0.0, 1.0]]}, {"class": "OrangeJuice", "pose": [[-0.9866236634240125, 0.15454755678191456, -0.05185411319839065, 3.653738061962619], [-0.06289463150773354, -0.6543546918881864, -0.7535676426844203, -17.79391560788533], [-0.15039302621366815, -0.7402263003799705, 0.6553219384704225, 40.59944071659262], [0.0, 0.0, 0.0, 1.0]]}, {"class": "Mustard", "pose": [[0.3340458785121187, 0.15536052601615924, -0.9296647285963469, 11.310698616145764], [0.7459985243387555, -0.6464356355524793, 0.16002237450366882, -8.830863881000873], [-0.5761071556125901, -0.7469833067867826, -0.3318378606826078, 36.50321097965538], [0.0, 0.0, 0.0, 1.0]]}, {"class": "Parmesan", "pose": [[-0.5284021439831423, 0.1990781977104323, -0.8253236304756175, -20.170956160985064], [0.5633124741205651, -0.6451010051538695, -0.5162593720400293, -3.3845837860856154], [-0.6351930134662201, -0.7377076317516773, 0.22872946213286305, 28.630790201601464], [0.0, 0.0, 0.0, 1.0]]}, {"class": "CreamCheese", "pose": [[0.2290681715470192, -0.9505830087545766, -0.2095704316984425, -3.7312892602344827], [0.7619943965672382, 0.04114154357316169, 0.6462754076723631, 4.425575829780287], [-0.6057162749009383, -0.3077326074812237, 0.7337631210148773, 30.87876511587171], [0.0, 0.0, 0.0, 1.0]]}, {"class": "AlphabetSoup", "pose": [[-0.917891706041196, 0.1668765199364479, 0.3600376267360855, 9.706267853176687], [-0.3751892668412934, -0.6604706712156606, -0.6503933395112208, 4.341793834681518], [0.1292588706848256, -0.7320728834951785, 0.6688507447472072, 30.496532243236796], [0.0, 0.0, 0.0, 1.0]]}]}