{"camera": {"camera": "RealSense D415", "extrinsics": [[-0.98149514, -0.14013293, 0.13049924, 0.7402557], [-0.19111903, 0.75912327, -0.6222583, -0.23884113], [-0.011866127, -0.6356844, -0.77185786, 0.30823725], [0.0, 0.0, 0.0, 1.0]], "height": 480, "intrinsics": [[605.8222, 0.0, 326.28275], [0.0, 605.7743, 245.73769], [0.0, 0.0, 1.0]], "width": 640}, "objects": [{"class": "MacaroniAndCheese", "pose": [[-0.21301183998521955, -0.9608668770587734, 0.17708973988240995, -9.16334730032452], [-0.7850124801214191, 0.06039973953749015, -0.6165284496612258, -17.699800893804035], [0.5817055724708234, -0.2703455341974555, -0.7671583417662439, 54.97777127879353], [0.0, 0.0, 0.0, 1.0]]}, {"class": "Pineapple", "pose": [[0.59328333203301, 0.13347815817136166, 0.7938503918227785, 4.99486258414551], [-0.5807433355135572, -0.611936212256398, 0.5369090259160612, -20.890337635281252], [0.557451431580335, -0.7795624930621091, -0.2855349769913902, 59.50452875348154], [0.0, 0.0, 0.0, 1.0]]}, {"class": "Milk", "pose": [[0.22687000862774534, 0.18256703534898558, 0.9566604685902501, -17.49742628414157], [-0.7324917539020619, -0.6153777376039828, 0.29114622142685814, -6.969491548997869], [0.6418612480425646, -0.76679824204422, -0.005881879358172613, 34.413402317379195], [0.0, 0.0, 0.0, 1.0]]}, {"class": "TomatoSauce", "pose": [[-0.224374976944194, 0.09803682594525691, -0.969558985237133, -8.247667451580455], [0.7094819371143972, -0.6656177181759376, -0.23149187001472094, 0.5298571497190541], [-0.6680503581111302, -0.7398255645327579, 0.07979257695440807, 37.629916141452554], [0.0, 0.0, 0.0, 1.0]]}, {"class": "Cookies", "pose": [[-0.45694249014041954, 0.11740313619533477, 0.8817142619295434, 17.104580620944887], [-0.7320019138142024, -0.6127905125007079, -0.29776003372802806, -14.650947223949634], [0.5053481489046379, -0.7814757315321007, 0.3659493567020884, 49.31117401065984], [0.0, 0.0, 0.0, 1.0]]}, {"class": "OrangeJuice", "pose": [[-0.9753297985032917, 0.1290733357549067, -0.1790861064483157, 1.378362712004333], [0.05825382334412859, -0.6320087198672649, -0.7727687375934565, -13.412895249956575], [-0.21292783950861646, -0.7641368207357233, 0.6088979032676521, 43.67115271407373], [0.0, 0.0, 0.0, 1.0]]}, {"class": "Mustard", "pose": [[0.4527921556074706, 0.13121249820218955, -0.8819084530210995, 10.244024983257283], [0.7290338391929052, -0.623924866739771, 0.2814737531274714, -5.206730577387036], [-0.5133117159788433, -0.7703902057469305, -0.37816665026639545, 40.54012477624597], [0.0, 0.0, 0.0, 1.0]]}, {"class": "Parmesan", "pose": [[-0.41885871742966957, 0.17409437262252328, -0.8912062048866859, -19.840189733936874], [0.6498145049685575, -0.6280707311893914, -0.42809849039671166, 4.192798990317915], [-0.6342700669657755, -0.7584314956451089, 0.1499438255160988, 31.089178169340215], [0.0, 0.0, 0.0, 1.0]]}, {"class": "CreamCheese", "pose": [[0.3524545332717542, -0.9175407910452846, -0.1841050627179245, -2.815365838281403], [0.7583878980946036, 0.1647829317604555, 0.6306301873113359, 9.94397029655641], [-0.5482915268852666, -0.3618915355896674, 0.7539303152546821, 34.74896128661813], [0.0, 0.0, 0.0, 1.0]]}, {"class": "AlphabetSoup", "pose": [[-0.9606253493489684, 0.14007381263469854, 0.23995466358531153, 10.524151764494993], [-0.2727629052310067, -0.6398819789979028, -0.7184368463601518, 8.332558532023965], [0.05290845093301293, -0.7555993708012495, 0.6528937807256809, 35.17519225920673], [0.0, 0.0, 0.0, 1.0]]}]}