{"camera": {"camera": "RealSense D415", "extrinsics": [[-0.71041495, 0.6819832, 0.17380899, 0.52255434], [0.6763724, 0.7298502, -0.09919213, -0.4092591], [-0.19450189, 0.047092035, -0.9797711, 0.2132358], [0.0, 0.0, 0.0, 1.0]], "height": 480, "intrinsics": [[603.75165, 0.0, 326.28275], [0.0, 603.20245, 245.73769], [0.0, 0.0, 1.0]], "width": 640}, "objects": [{"class": "ChocolatePudding", "pose": [[0.23557348327381777, 0.09743966220798458, 0.966959501712248, 19.473425671075812], [-0.9591500082089166, -0.13705468610988664, 0.24748185738680248, 1.8580885831908311], [0.1566408642185955, -0.9857593820261814, 0.06117280212421652, 50.606705399108996], [0.0, 0.0, 0.0, 1.0]]}, {"class": "MacaroniAndCheese", "pose": [[0.2156223960543284, 0.7633879053169216, -0.608889086846035, 9.131738704277199], [-0.10380273733958502, -0.6021044133053839, -0.7916408669128033, 1.2373834211911128], [-0.9709438744334755, 0.23389984212357365, -0.05058545117121003, 44.729478231937506], [0.0, 0.0, 0.0, 1.0]]}, {"class": "Milk", "pose": [[0.8775912344682157, 0.44885523705201424, 0.16841209309339628, -6.805736865176493], [0.4718775415909592, -0.8707761826187631, -0.13813189527923544, -1.0396675303073866], [0.08464801795417234, 0.2006932099943856, -0.9759902560139092, 44.434316723735215], [0.0, 0.0, 0.0, 1.0]]}, {"class": "Ketchup", "pose": [[0.0523074086764438, 0.13878392852989035, 0.9889403358767053, 2.8114346912897603], [-0.988747934631219, -0.1317807576477961, 0.07079087966494846, 13.348623555566919], [0.14014792817582336, -0.9815156069885681, 0.1303292092410718, 40.98736661631908], [0.0, 0.0, 0.0, 1.0]]}, {"class": "OrangeJuice", "pose": [[0.03480865342706807, -0.9808429956320663, -0.19166483065673082, 13.02389151756979], [0.9964130126400861, 0.019258989607301522, 0.08240263665854014, -11.336034467400646], [-0.07713276323659635, -0.1938456514656416, 0.9779951081466944, 49.81389391776177], [0.0, 0.0, 0.0, 1.0]]}]}