{"camera": {"camera": "RealSense D415", "extrinsics": [[-0.98789144, -0.10693387, 0.11240864, 0.74724275], [-0.15320316, 0.7866946, -0.59803045, -0.25382662], [-0.024481555, -0.60801053, -0.79355145, 0.32538942], [0.0, 0.0, 0.0, 1.0]], "height": 480, "intrinsics": [[605.8222, 0.0, 326.28275], [0.0, 605.7743, 245.73769], [0.0, 0.0, 1.0]], "width": 640}, "objects": [{"class": "MacaroniAndCheese", "pose": [[-0.24654548026651424, -0.955974578584767, 0.15914759757200717, -8.341095307158874], [-0.7971780792160863, 0.10666351123192198, -0.5942474758875455, -16.93865390053543], [0.5511102140290699, -0.27337802080082724, -0.7883793704946666, 56.43251836106781], [0.0, 0.0, 0.0, 1.0]]}, {"class": "Pineapple", "pose": [[0.567025493139804, 0.11582875369625366, 0.8155156752017988, 5.654500526714957], [-0.6228754172738765, -0.5875531006992611, 0.5165342443868254, -20.827601417266038], [0.5389882773127364, -0.8008527373617852, -0.2610106742363165, 60.91864810399874], [0.0, 0.0, 0.0, 1.0]]}, {"class": "Milk", "pose": [[0.1945670647395302, 0.16466168307301993, 0.9669696034515841, -16.11942736954194], [-0.7636154522292337, -0.5933192515643047, 0.2546836548536363, -5.153048813399638], [0.615658305056608, -0.7879459676222266, 0.010297844842924878, 36.23136087618501], [0.0, 0.0, 0.0, 1.0]]}, {"class": "TomatoSauce", "pose": [[-0.1927558931533314, 0.07810993255002963, -0.9781329309683838, -6.616604826392614], [0.7415036108627866, -0.6412734940205981, -0.19733412820328963, 1.867170198393503], [-0.6426644617001558, -0.7633264047403592, 0.06569042228146475, 39.77496434876598], [0.0, 0.0, 0.0, 1.0]]}, {"class": "Cookies", "pose": [[-0.4877598239041894, 0.09974687462764081, 0.8672605962108973, 18.062441191537893], [-0.7321918424783891, -0.5877265361272496, -0.3441986080007526, -14.682190847552533], [0.47537930262300393, -0.8028873728349335, 0.35970324889496846, 51.03144955913557], [0.0, 0.0, 0.0, 1.0]]}, {"class": "OrangeJuice", "pose": [[-0.9709133767941213, 0.11056182401281398, -0.21237543263359476, 2.434282239616148], [0.1029630508974203, -0.6079964134901146, -0.7872350529179596, -12.642725396263529], [-0.21616166162045267, -0.7862038528899702, 0.5789280437430567, 45.35185583613154], [0.0, 0.0, 0.0, 1.0]]}, {"class": "Mustard", "pose": [[0.4835569599566738, 0.11304820608733294, -0.8679820252349735, 11.624769036996218], [0.7296773454144733, -0.5997755694634102, 0.32839046130090216, -4.669302089249872], [-0.48347043276677965, -0.7921422997782279, -0.37251437506232443, 42.57626197652264], [0.0, 0.0, 0.0, 1.0]]}, {"class": "Parmesan", "pose": [[-0.3895836788276467, 0.15565784616916112, -0.9077418237969451, -18.01636974934472], [0.6880543780108339, -0.605980188047421, -0.3992107736570066, 6.2044508095893125], [-0.6122138399538362, -0.7801017237159062, 0.1289789010271107, 33.30825470657801], [0.0, 0.0, 0.0, 1.0]]}, {"class": "CreamCheese", "pose": [[0.38464633802944137, -0.9081002530395235, -0.16553293214102233, -0.8132038665964125], [0.7640779069181396, 0.2126162378971625, 0.6090807374656843, 11.167868019838496], [-0.5179113556121839, -0.3607607429317751, 0.775641383741852, 37.274386717207165], [0.0, 0.0, 0.0, 1.0]]}, {"class": "AlphabetSoup", "pose": [[-0.9705710913603077, 0.12119722056150284, 0.20809376948130343, 12.452775214424516], [-0.2379003974383284, -0.6165889343730417, -0.7504808752507233, 9.0372835607836], [0.03735209400424507, -0.7779006194619345, 0.6272762464815226, 37.71650486789289], [0.0, 0.0, 0.0, 1.0]]}]}