{"camera": {"camera": "RealSense D415", "extrinsics": [[-0.989591, -0.11479568, 0.08678503, 0.77426255], [-0.14388382, 0.8004521, -0.581871, -0.2663106], [-0.0026709957, -0.58830124, -0.80863744, 0.31225652], [0.0, 0.0, 0.0, 1.0]], "height": 480, "intrinsics": [[605.8222, 0.0, 326.28275], [0.0, 605.7743, 245.73769], [0.0, 0.0, 1.0]], "width": 640}, "objects": [{"class": "MacaroniAndCheese", "pose": [[-0.24008607375873267, -0.9615041724472175, 0.13367279399512902, -4.928740732232972], [-0.806581930747439, 0.12096063756305477, -0.5786139706703094, -17.96497327980202], [0.5401705354405489, -0.24673523769238134, -0.8045728648266489, 57.390771059947014], [0.0, 0.0, 0.0, 1.0]]}, {"class": "Pineapple", "pose": [[0.5745248731820728, 0.09011872307948154, 0.8135107855132615, 9.138104636897781], [-0.6392756845329098, -0.5712704057095307, 0.5147589111693328, -22.07296939785555], [0.5111240251858276, -0.8157994717302866, -0.2705982862012063, 61.43727577068303], [0.0, 0.0, 0.0, 1.0]]}, {"class": "Milk", "pose": [[0.2028065792094453, 0.13920451787975674, 0.9692737518018238, -13.101658592509914], [-0.7783194719096758, -0.5777441388429847, 0.24582620605136857, -5.680976916922817], [0.5942122979903942, -0.8042598147757303, -0.008824678265488514, 37.647506416655254], [0.0, 0.0, 0.0, 1.0]]}, {"class": "TomatoSauce", "pose": [[-0.20188324375923575, 0.05285256134573063, -0.9779825023737388, -3.447137983871329], [0.756775891203907, -0.6254458060254418, -0.19002054657458972, 1.177259400779046], [-0.621718078039597, -0.7784755585643094, 0.08626943751608533, 41.09700803942909], [0.0, 0.0, 0.0, 1.0]]}, {"class": "Cookies", "pose": [[-0.48250764040841265, 0.07398983171670671, 0.8727610750089594, 21.350616974527615], [-0.7378538401585965, -0.5712577159909753, -0.3594945707333763, -15.827412389586199], [0.47197248726440016, -0.8174289976091174, 0.33022989692911636, 51.371129613428344], [0.0, 0.0, 0.0, 1.0]]}, {"class": "OrangeJuice", "pose": [[-0.9750330686271608, 0.08503003880604817, -0.20513512591679722, 5.604391569888135], [0.11616818906970999, -0.5919752789093644, -0.7975401149229003, -13.528375576817082], [-0.18924981335282653, -0.8014581726340342, 0.5673176229914256, 46.13401523158602], [0.0, 0.0, 0.0, 1.0]]}, {"class": "Mustard", "pose": [[0.47807912284787346, 0.08744341027675136, -0.8739530963369465, 14.7966870149976], [0.7355505422689288, -0.5836514966120359, 0.3439714292978474, -5.579090114092544], [-0.4800059296642033, -0.8072822433903365, -0.34335064684149874, 43.29588108308449], [0.0, 0.0, 0.0, 1.0]]}, {"class": "Parmesan", "pose": [[-0.39837643196349143, 0.13028224951055328, -0.9079222247633675, -14.964696743152627], [0.7044330060758605, -0.5904898834199845, -0.39382210632767645, 5.752882570782419], [-0.5874268800353315, -0.7964598370197147, 0.1434620797252414, 35.01469892688395], [0.0, 0.0, 0.0, 1.0]]}, {"class": "CreamCheese", "pose": [[0.37866113849186434, -0.9148493784613119, -0.14023683262877937, 2.378686629662863], [0.7715559207938718, 0.22833208449273412, 0.5937726283535744, 10.477586573065356], [-0.5111918842604549, -0.33303918944370275, 0.792317950985293, 38.64772124628607], [0.0, 0.0, 0.0, 1.0]]}, {"class": "AlphabetSoup", "pose": [[-0.9715175415150188, 0.09578970720389404, 0.21674411369899327, 15.630977223785791], [-0.23003602507830023, -0.6008375573794972, -0.7655570982697525, 8.220553804422304], [0.05689546588398132, -0.793611115606002, 0.6057592614570972, 38.708169699379646], [0.0, 0.0, 0.0, 1.0]]}]}