{"camera": {"camera": "RealSense D415", "extrinsics": [[-0.99125665, -0.09569396, 0.09084569, 0.7945257], [-0.12900598, 0.84744805, -0.5149653, -0.2886311], [-0.02770793, -0.5221824, -0.8523836, 0.33384398], [0.0, 0.0, 0.0, 1.0]], "height": 480, "intrinsics": [[605.8222, 0.0, 326.28275], [0.0, 605.7743, 245.73769], [0.0, 0.0, 1.0]], "width": 640}, "objects": [{"class": "MacaroniAndCheese", "pose": [[-0.2585016396956245, -0.9561450268878159, 0.13770832854637036, -3.1523333925193797], [-0.8445412165285008, 0.15448397000663344, -0.5127229931416438, -21.188369879467796], [0.46896376175020216, -0.24884010076091717, -0.8474382437927609, 59.0668447839792], [0.0, 0.0, 0.0, 1.0]]}, {"class": "Pineapple", "pose": [[0.5585774017443962, 0.09442228883450626, 0.8240605023603526, 10.798978531408798], [-0.6870952918398269, -0.5038632390160164, 0.5234710377856724, -25.81446150535378], [0.4646411006391595, -0.8586071838355724, -0.2165694671160765, 62.950932687412745], [0.0, 0.0, 0.0, 1.0]]}, {"class": "Milk", "pose": [[0.18389356301542764, 0.1432458984309331, 0.9724524481859609, -10.87533193695175], [-0.8271348820872472, -0.5119609365687815, 0.23182734386328951, -7.215024436400705], [0.5310659412301888, -0.8469808972587424, 0.024337386224323947, 40.289449664135844], [0.0, 0.0, 0.0, 1.0]]}, {"class": "TomatoSauce", "pose": [[-0.18285477325170552, 0.05590814269702578, -0.9815489826788569, -1.1824395352165062], [0.8079021773505488, -0.560370950341844, -0.18242395935237365, -0.8007759375743162], [-0.5602304800549399, -0.8263526560124606, 0.05729816526491606, 44.41855194149266], [0.0, 0.0, 0.0, 1.0]]}, {"class": "Cookies", "pose": [[-0.4989816952371171, 0.07832031793021253, 0.8630661559441811, 23.23750710351512], [-0.7670031238598146, -0.5034864857128594, -0.3977531870323304, -18.9419409126897], [0.40338994057296473, -0.8604459978136909, 0.3113024627514272, 53.59512112979543], [0.0, 0.0, 0.0, 1.0]]}, {"class": "OrangeJuice", "pose": [[-0.9705689258562464, 0.08885377454341263, -0.22383243918231271, 7.600603089412794], [0.14519995825883564, -0.5255967627432018, -0.8382511832476439, -15.997147604398068], [-0.1921273959416674, -0.8460810128965989, 0.4972262724039246, 48.35375005270367], [0.0, 0.0, 0.0, 1.0]]}, {"class": "Mustard", "pose": [[0.4946403202461992, 0.09146082720112013, -0.8642718696064844, 16.937000677769397], [0.7654282133270132, -0.5168599121693594, 0.3833738547891272, -7.974736860424686], [-0.41164374354664784, -0.8511702403257443, -0.32566644439806625, 46.30020487037236], [0.0, 0.0, 0.0, 1.0]]}, {"class": "Parmesan", "pose": [[-0.38049720824550465, 0.1340442919032324, -0.9150158448049962, -12.549244116179759], [0.7557474755765283, -0.5251729370192786, -0.3912022117560495, 4.42135222802883], [-0.5329799476832298, -0.8403722650333676, 0.0985231655725233, 38.57816673380206], [0.0, 0.0, 0.0, 1.0]]}, {"class": "CreamCheese", "pose": [[0.3961682285741092, -0.9068325957840389, -0.14389361282106095, 4.80027807961897], [0.8052827777322946, 0.26787574405086445, 0.5289255758020516, 8.584386569750796], [-0.44110129477477633, -0.3254185564984882, 0.8363805314918673, 42.818195416670356], [0.0, 0.0, 0.0, 1.0]]}, {"class": "AlphabetSoup", "pose": [[-0.9751857294087107, 0.09938077405901183, 0.19782883718936298, 18.01942757944174], [-0.2199912851113114, -0.5352242358435857, -0.8155604716643023, 6.140543536367021], [0.024831728962342873, -0.8388435554481515, 0.5438059004314012, 42.870842502156805], [0.0, 0.0, 0.0, 1.0]]}]}