{"camera": {"camera": "RealSense D415", "extrinsics": [[-0.9936584, -0.087175086, 0.07101736, 0.806105], [-0.11122662, 0.8546328, -0.50717986, -0.296999], [-0.016480315, -0.5118626, -0.85890925, 0.32415763], [0.0, 0.0, 0.0, 1.0]], "height": 480, "intrinsics": [[605.8222, 0.0, 326.28275], [0.0, 605.7743, 245.73769], [0.0, 0.0, 1.0]], "width": 640}, "objects": [{"class": "MacaroniAndCheese", "pose": [[-0.2675517067407401, -0.9562943915856178, 0.11797064156842489, -1.517246204577416], [-0.8449122201857363, 0.17399054515739681, -0.5058168195834887, -20.85205209274147], [0.46318402337791476, -0.23500702244023702, -0.8545362921398112, 59.22636419127214], [0.0, 0.0, 0.0, 1.0]]}, {"class": "Pineapple", "pose": [[0.5520736703665163, 0.07471215057074142, 0.8304412733451981, 12.397336091118461], [-0.701836983175564, -0.4960754237540009, 0.5112084189361771, -25.765015285874394], [0.45015501892769627, -0.8650591149188398, -0.22143441765650393, 62.88329639655612], [0.0, 0.0, 0.0, 1.0]]}, {"class": "Milk", "pose": [[0.17582546786115408, 0.12352615050804298, 0.9766404898539308, -9.22561941325528], [-0.8359733215118599, -0.5051573867421735, 0.2143936681368187, -6.541433774962538], [0.5198404069655121, -0.8541412683638933, 0.014445056472222117, 40.69863150044266], [0.0, 0.0, 0.0, 1.0]]}, {"class": "TomatoSauce", "pose": [[-0.17549323706273903, 0.03560844572717465, -0.9838364263271567, 0.6304709628642713], [0.8170437754019189, -0.552243970363309, -0.16572896811137267, -0.34412132755486935], [-0.5492191103675375, -0.8329217497568492, 0.06782139988170643, 44.77233106839887], [0.0, 0.0, 0.0, 1.0]]}, {"class": "Cookies", "pose": [[-0.5074204849306126, 0.05859763868294182, 0.859703855780361, 24.83772088719617], [-0.7624438018431098, -0.4953952819476475, -0.4162487096099499, -19.01114012033042], [0.40150204577764004, -0.8666890075813557, 0.29605115447646757, 53.44392456940235], [0.0, 0.0, 0.0, 1.0]]}, {"class": "OrangeJuice", "pose": [[-0.9701695747419951, 0.06891621669686487, -0.23242526272155176, 9.191125123430034], [0.16434537655677342, -0.517842555433242, -0.8395413685957921, -15.734673701167276], [-0.17821773841735822, -0.8526955182936738, 0.4910690435041905, 48.433400941516055], [0.0, 0.0, 0.0, 1.0]]}, {"class": "Mustard", "pose": [[0.5029488611716881, 0.07161393230143634, -0.861344204819701, 18.641930047987245], [0.7610354609308639, -0.5090980974098746, 0.40204997079505816, -7.8559969653954145], [-0.4097163200005567, -0.8577240674314838, -0.3105510843111456, 46.34697355456083], [0.0, 0.0, 0.0, 1.0]]}, {"class": "Parmesan", "pose": [[-0.37367313757175674, 0.11417506865158449, -0.9205065949713449, -10.71413146439113], [0.7680830741003567, -0.5182764765022989, -0.37608231782659063, 5.140538250377874], [-0.5200161684181642, -0.8475574019810974, 0.10597004116059702, 39.13287432893286], [0.0, 0.0, 0.0, 1.0]]}, {"class": "CreamCheese", "pose": [[0.4048382149012467, -0.9059407346156249, -0.12400546983794365, 6.75823558506865], [0.8029355238953825, 0.2873231457948104, 0.5222451330116302, 8.951123119741954], [-0.4374935049435533, -0.31099321812957653, 0.8437313945222437, 43.19617825346966], [0.0, 0.0, 0.0, 1.0]]}, {"class": "AlphabetSoup", "pose": [[-0.9785475824418224, 0.07936055166849153, 0.19012228477007317, 19.93157360384584], [-0.20304701474214035, -0.5277320332976324, -0.8247853268777063, 6.274518479030205], [0.0348781781280974, -0.845695457894577, 0.5325248537672036, 43.05475974499443], [0.0, 0.0, 0.0, 1.0]]}]}