{"camera": {"camera": "RealSense D415", "extrinsics": [[-0.99911726, -0.042007532, 0.00033187226, 0.83446217], [-0.0369938, 0.8760713, -0.48076037, -0.31641576], [0.019904813, -0.48034826, -0.876852, 0.29009947], [0.0, 0.0, 0.0, 1.0]], "height": 480, "intrinsics": [[605.8222, 0.0, 326.28275], [0.0, 605.7743, 245.73769], [0.0, 0.0, 1.0]], "width": 640}, "objects": [{"class": "MacaroniAndCheese", "pose": [[-0.31257068844277536, -0.9487118187596082, 0.04738635519440134, 3.2830497953052373], [-0.8385220097148934, 0.2521408174885028, -0.4830174681649295, -17.701309890141278], [0.44629630742455617, -0.19071162196406477, -0.8743276037081885, 59.36773978513066], [0.0, 0.0, 0.0, 1.0]]}, {"class": "Pineapple", "pose": [[0.5144069664522881, 0.004615353471436494, 0.8575337826371933, 16.91751077371727], [-0.7559204721750179, -0.46975090286459437, 0.45598065329258247, -23.75174552425875], [0.40493176716962076, -0.8827870011004852, -0.23815425674121793, 62.30366796708719], [0.0, 0.0, 0.0, 1.0]]}, {"class": "Milk", "pose": [[0.1320458894410287, 0.052986617780978705, 0.9898264082172309, -4.0221234116901154], [-0.8642907548192801, -0.4827837608975785, 0.14114304276173723, -2.2234629647737645], [0.48535078109183893, -0.8741352058464884, -0.017953734216606263, 41.63188953924526], [0.0, 0.0, 0.0, 1.0]]}, {"class": "TomatoSauce", "pose": [[-0.13424273910306384, -0.03735512710939912, -0.9902441610345959, 6.417817139553172], [0.8464248076212065, -0.5239693343635341, -0.0949800445492147, 3.0841271863481126], [-0.5153095562397052, -0.8509176425098035, 0.10195735526511648, 45.5024664189141], [0.0, 0.0, 0.0, 1.0]]}, {"class": "Cookies", "pose": [[-0.5477263210345036, -0.01145259167583363, 0.8365791847615368, 29.465179748440406], [-0.7364850735203625, -0.4678276421106354, -0.4885970332814575, -17.60859613239462], [0.396970528171559, -0.8837455728721297, 0.247806855375644, 52.592979418133126], [0.0, 0.0, 0.0, 1.0]]}, {"class": "OrangeJuice", "pose": [[-0.9611219571837848, -0.0023280289152290126, -0.27611443404310587, 13.930983651054262], [0.24156985166847764, -0.4914493363719533, -0.8367326835477202, -13.014231618336645], [-0.13374833503158678, -0.8709031129000725, 0.4729050921657573, 48.32248538520476], [0.0, 0.0, 0.0, 1.0]]}, {"class": "Mustard", "pose": [[0.54285525046214, 0.0008270166134163261, -0.8398258808083808, 23.861141518205397], [0.7356978183967943, -0.482757561632834, 0.475072503798158, -5.786071229037049], [-0.4050393602654882, -0.8757537065566818, -0.2626759171812644, 46.11112681102362], [0.0, 0.0, 0.0, 1.0]]}, {"class": "Parmesan", "pose": [[-0.33429693971557767, 0.04293196606442473, -0.9414894685406767, -4.687540136310231], [0.8112251902959325, -0.4953991281889974, -0.3106339028365088, 9.583973054172462], [-0.47974916652435445, -0.8676039708321049, 0.13078288265140814, 40.50166480409393], [0.0, 0.0, 0.0, 1.0]]}, {"class": "CreamCheese", "pose": [[0.447189501750448, -0.8928927980556963, -0.05257392595973226, 13.162230348687709], [0.7856634233746689, 0.3640328147967052, 0.5002130766932391, 11.951419390725814], [-0.4274979788568717, -0.2649954594513733, 0.8643048998602902, 43.9795261661444], [0.0, 0.0, 0.0, 1.0]]}, {"class": "AlphabetSoup", "pose": [[-0.9890164553940151, 0.007600891334000648, 0.14760994003505015, 26.082792529065635], [-0.13141439555426518, -0.5023203855907659, -0.854637065679686, 8.317076677149887], [0.06765144673935643, -0.8646482280843232, 0.4978019674567121, 43.22342859273213], [0.0, 0.0, 0.0, 1.0]]}]}