{"camera": {"camera": "RealSense D415", "extrinsics": [[-0.99928105, -0.037812427, -0.0027514847, 0.8370349], [-0.03196081, 0.8792268, -0.47533014, -0.311643], [0.020392565, -0.47490048, -0.8798032, 0.2913138], [0.0, 0.0, 0.0, 1.0]], "height": 480, "intrinsics": [[605.8222, 0.0, 326.28275], [0.0, 605.7743, 245.73769], [0.0, 0.0, 1.0]], "width": 640}, "objects": [{"class": "MacaroniAndCheese", "pose": [[-0.31659041429524293, -0.9475276417865727, 0.044292433208385676, 3.6341991139828944], [-0.8396390093608723, 0.25820537844061586, -0.4778455266033248, -16.99842164227971], [0.4413352794049251, -0.18847099174287468, -0.8773265316466826, 59.63213315632042], [0.0, 0.0, 0.0, 1.0]]}, {"class": "Pineapple", "pose": [[0.510774167834683, 0.0015847198980347796, 0.8597134290846041, 17.239244344442906], [-0.7610512609220932, -0.4643064682852797, 0.4530127068287605, -23.137141018805917], [0.39988840795325875, -0.8856731920426392, -0.23594966579500568, 62.52087469122984], [0.0, 0.0, 0.0, 1.0]]}, {"class": "Milk", "pose": [[0.12791381800955579, 0.0498939582323062, 0.9905294493890161, -3.603106851833171], [-0.8679420721029805, -0.4776419087914457, 0.13614256215682802, -1.373830888524663], [0.47991105962374486, -0.8771367109568338, -0.017791904052289836, 41.99741637547522], [0.0, 0.0, 0.0, 1.0]]}, {"class": "TomatoSauce", "pose": [[-0.13022342088751998, -0.04064331412563129, -0.9906512623935895, 6.866750500507135], [0.8502730950359598, -0.5185034647198523, -0.09049779954482301, 3.855815783539762], [-0.5099779733717849, -0.8541090644356413, 0.10207918216582519, 45.89319732430125], [0.0, 0.0, 0.0, 1.0]]}, {"class": "Cookies", "pose": [[-0.5512497690413695, -0.014473732549701296, 0.834214687721747, 29.811809047310156], [-0.7360874507694468, -0.46229444931394653, -0.49442809158079654, -16.998944199243134], [0.392809013368852, -0.8866083490577099, 0.244185792183972, 52.839299814115115], [0.0, 0.0, 0.0, 1.0]]}, {"class": "OrangeJuice", "pose": [[-0.95995316032697, -0.0054624668869371435, -0.28010718206884305, 14.2986213887786], [0.24734691662323732, -0.48604178364146505, -0.8382021940931542, -12.298203783222636], [-0.13156516657376674, -0.8739185079891074, 0.4679284507760489, 48.608391716033495], [0.0, 0.0, 0.0, 1.0]]}, {"class": "Mustard", "pose": [[0.5463691702663132, -0.0022659071992568772, -0.8375413646261546, 24.264452294346306], [0.7353751941603804, -0.4773366057811522, 0.481012597949252, -5.107850435377703], [-0.4008790560453815, -0.8787176124115995, -0.2591357303981549, 46.434577018521765], [0.0, 0.0, 0.0, 1.0]]}, {"class": "Parmesan", "pose": [[-0.3304322889712138, 0.03977877795617337, -0.9429910356108021, -4.208319854775999], [0.8158870983661319, -0.4902453364323859, -0.3065742709637699, 10.443637294534437], [-0.47449210544032, -0.8706762716509184, 0.12953786537546186, 40.94058298213637], [0.0, 0.0, 0.0, 1.0]]}, {"class": "CreamCheese", "pose": [[0.45094733633098877, -0.891182516925744, -0.04939801002730638, 13.655815706963326], [0.7859714775861396, 0.37026462114010683, 0.4951292533712895, 12.697431667830061], [-0.42296017467275066, -0.26210266552985995, 0.8674138977847323, 44.4201913235654], [0.0, 0.0, 0.0, 1.0]]}, {"class": "AlphabetSoup", "pose": [[-0.9896352158376573, 0.004414470579024654, 0.14353603741303564, 26.556917595110484], [-0.1267253948453521, -0.4970023439020798, -0.8584459070017779, 9.001216068445755], [0.06754813272025156, -0.8677379763155901, 0.4924104395043784, 43.632406099167056], [0.0, 0.0, 0.0, 1.0]]}]}