{"camera": {"camera": "RealSense D415", "extrinsics": [[-0.99831885, -0.056909874, 0.010988093, 0.840974], [-0.055359308, 0.8800568, -0.4716306, -0.2908154], [0.017170293, -0.471446, -0.88172776, 0.29722607], [0.0, 0.0, 0.0, 1.0]], "height": 480, "intrinsics": [[605.8222, 0.0, 326.28275], [0.0, 605.7743, 245.73769], [0.0, 0.0, 1.0]], "width": 640}, "objects": [{"class": "MacaroniAndCheese", "pose": [[-0.29821854067759934, -0.9527295090746057, 0.05807028366165449, 3.6280186127362946], [-0.8486134358783577, 0.23679511106402007, -0.4730574888569686, -16.914319163235287], [0.4369450217749216, -0.1903537476746747, -0.8791157404576644, 60.03262208491484], [0.0, 0.0, 0.0, 1.0]]}, {"class": "Pineapple", "pose": [[0.527205780499169, 0.015083269302832936, 0.8496037507599422, 17.36398387178838], [-0.7505659630933686, -0.4604845967338579, 0.4739248328135326, -22.745690319292596], [0.398377753629618, -0.8875395550869772, -0.23144910887091047, 62.938535727290315], [0.0, 0.0, 0.0, 1.0]]}, {"class": "Milk", "pose": [[0.1467077348792186, 0.06366493169450313, 0.9871289633623886, -3.9192670973915877], [-0.8666929400587676, -0.47272397125318444, 0.1592968003308963, -1.3902728542395715], [0.4767811050138088, -0.8789077619157148, -0.014174285669069546, 42.439096607107594], [0.0, 0.0, 0.0, 1.0]]}, {"class": "TomatoSauce", "pose": [[-0.14851390726556074, -0.025962084507378556, -0.9885694527076531, 6.413878479073798], [0.8490990817839907, -0.5157822153771499, -0.11401548822408403, 4.0661976797592425], [-0.506926423687342, -0.8563262902554625, 0.09864518241143949, 46.38843371660867], [0.0, 0.0, 0.0, 1.0]]}, {"class": "Cookies", "pose": [[-0.535085509444398, -0.001014913054459925, 0.8447972779573104, 29.81875702911224], [-0.7503677131530339, -0.4588440904153057, -0.4758260939557542, -16.275824681884274], [0.38811311124235004, -0.8885162360251874, 0.24475926464492404, 53.32088498197003], [0.0, 0.0, 0.0, 1.0]]}, {"class": "OrangeJuice", "pose": [[-0.9650686775044396, 0.00851035786404448, -0.2618587306522713, 14.212784088896125], [0.2254148822426306, -0.4824267906249183, -0.8464352299447584, -11.921026769615473], [-0.13353114694927207, -0.8758949703839771, 0.4636565755799996, 49.061086156758535], [0.0, 0.0, 0.0, 1.0]]}, {"class": "Mustard", "pose": [[0.5302470995536468, 0.011517136242504196, -0.8477649098055886, 24.01445880348846], [0.7495750414265935, -0.47362964805251506, 0.4623984101364593, -4.491120070696705], [-0.3962010408067967, -0.8806488201911478, -0.2597737038032492, 46.947297595395575], [0.0, 0.0, 0.0, 1.0]]}, {"class": "Parmesan", "pose": [[-0.3479707037730953, 0.053827502147116825, -0.9359588466584517, -4.797111089774109], [0.8099034254596859, -0.4855866049190914, -0.3290321663493865, 10.414110643614356], [-0.4722000267839184, -0.872529817034628, 0.12537479618684344, 41.428324587317874], [0.0, 0.0, 0.0, 1.0]]}, {"class": "CreamCheese", "pose": [[0.43373638608598114, -0.898796044568314, -0.06354833564607958, 12.999005028233213], [0.7980210663838787, 0.3504417950903149, 0.4902580971306528, 13.069865319736696], [-0.41837199635846695, -0.26335568937936027, 0.8692575222353043, 44.97230979153621], [0.0, 0.0, 0.0, 1.0]]}, {"class": "AlphabetSoup", "pose": [[-0.986604117510523, 0.018621978700194962, 0.16206637692788906, 25.985209650180742], [-0.15006671053242893, -0.4931792451709783, -0.856886392973604, 9.679051748749822], [0.06397082147522051, -0.8697283993899431, 0.4893671747496973, 44.209470562280266], [0.0, 0.0, 0.0, 1.0]]}]}