{"camera": {"camera": "RealSense D415", "extrinsics": [[-0.9988546, -0.01470569, 0.04553301, 0.8021905], [-0.033539068, 0.89388, -0.4470499, -0.3020301], [-0.03412687, -0.44806498, -0.8933494, 0.33433434], [0.0, 0.0, 0.0, 1.0]], "height": 480, "intrinsics": [[605.8222, 0.0, 326.28275], [0.0, 605.7743, 245.73769], [0.0, 0.0, 1.0]], "width": 640}, "objects": [{"class": "MacaroniAndCheese", "pose": [[-0.3375003346121126, -0.9367810575036987, 0.09238382262309176, -1.4031741884865334], [-0.8535775440587369, 0.2631853918428707, -0.4495984762682763, -17.092141112825995], [0.39686122268380075, -0.2305964087893375, -0.8884404788822029, 60.041279357915], [0.0, 0.0, 0.0, 1.0]]}, {"class": "Pineapple", "pose": [[0.4906858665534678, 0.05014752925306498, 0.8698922932857706, 12.04424771003325], [-0.7729267066347931, -0.4358406466898369, 0.46111517100098076, -23.306948904642415], [0.4022581900781386, -0.8986257299513082, -0.1751004406550647, 63.45726721300671], [0.0, 0.0, 0.0, 1.0]]}, {"class": "Milk", "pose": [[0.10438030856749, 0.09796663785061765, 0.9897006038671958, -7.728997831135709], [-0.8826755408160142, -0.4493957172011996, 0.13757668069103188, -0.920282347220136], [0.458245107892895, -0.887944858669813, 0.03956472402448118, 42.55000774392374], [0.0, 0.0, 0.0, 1.0]]}, {"class": "TomatoSauce", "pose": [[-0.1050328606440798, 0.006436582282165994, -0.9944479196201963, 2.5037955001455114], [0.8659716596419097, -0.49105601148053496, -0.09464165229670515, 4.192434941056544], [-0.4889387699336432, -0.8711042492939903, 0.04600309175248449, 47.16458204523663], [0.0, 0.0, 0.0, 1.0]]}, {"class": "Cookies", "pose": [[-0.5695042462193319, 0.03415673492616615, 0.8212784103096975, 25.099978727392134], [-0.748753821404613, -0.4338150245652999, -0.5011708326079864, -16.85141786934821], [0.33916451167092954, -0.9003543130587897, 0.2726344866529408, 54.66216921863357], [0.0, 0.0, 0.0, 1.0]]}, {"class": "OrangeJuice", "pose": [[-0.9522013771153217, 0.042539772571413344, -0.30249446509440137, 9.822689767151582], [0.2505070018600599, -0.45794621620671655, -0.8529545528013911, -12.032883852236168], [-0.17481070400059576, -0.8879615296534893, 0.4254004677422326, 49.758831886132995], [0.0, 0.0, 0.0, 1.0]]}, {"class": "Mustard", "pose": [[0.5650638344153481, 0.04596518638352919, -0.8237657803769481, 19.8713784894506], [0.7482945224097663, -0.4490894863559009, 0.48823550161752743, -4.767482966838904], [-0.3475026729406607, -0.892303693760486, -0.2881597278134946, 48.35090975339966], [0.0, 0.0, 0.0, 1.0]]}, {"class": "Parmesan", "pose": [[-0.3067603713672397, 0.08755404999658123, -0.9477512116221848, -8.308160945808618], [0.8302828969711729, -0.4622082043620775, -0.3114383580760818, 10.924287757870843], [-0.46532605351890644, -0.8824386152554876, 0.06909249275829514, 41.83835250631021], [0.0, 0.0, 0.0, 1.0]]}, {"class": "CreamCheese", "pose": [[0.470824839349025, -0.8768781785388045, -0.09699807677435564, 9.338441219288985], [0.7994786505307601, 0.37758770127196706, 0.46718452377754593, 13.082919655982373], [-0.37303859142074514, -0.29750998062728146, 0.8788230988492731, 46.33861493957411], [0.0, 0.0, 0.0, 1.0]]}, {"class": "AlphabetSoup", "pose": [[-0.9914918435980983, 0.052101267816521454, 0.11928695743393773, 22.272953028631136], [-0.12974928958155482, -0.4690888528913288, -0.8735678187809831, 9.425886596260714], [0.010442160347619642, -0.881612813618661, 0.4718578456312041, 46.12515091843492], [0.0, 0.0, 0.0, 1.0]]}]}