{"camera": {"camera": "RealSense D415", "extrinsics": [[-0.9986123, 0.011663788, 0.051356073, 0.7867136], [-0.012500143, 0.8948023, -0.4462876, -0.30584726], [-0.051158935, -0.44631025, -0.89341474, 0.34638768], [0.0, 0.0, 0.0, 1.0]], "height": 480, "intrinsics": [[605.8222, 0.0, 326.28275], [0.0, 605.7743, 245.73769], [0.0, 0.0, 1.0]], "width": 640}, "objects": [{"class": "MacaroniAndCheese", "pose": [[-0.36202487240594844, -0.9269971011215072, 0.09805280616058355, -3.0993110237701793], [-0.8470218965090361, 0.2832113465441826, -0.4498280776341976, -15.811436600619668], [0.38921962605837557, -0.24590184026263173, -0.8877163626358429, 59.88489581565298], [0.0, 0.0, 0.0, 1.0]]}, {"class": "Pineapple", "pose": [[0.4674578615706114, 0.05629368585136462, 0.8822211486431764, 10.154786794016923], [-0.783785418980419, -0.43516814873867554, 0.44306789403234187, -22.31336625883717], [0.40885646055243774, -0.8985876119109222, -0.15930056883056407, 63.51529113863275], [0.0, 0.0, 0.0, 1.0]]}, {"class": "Milk", "pose": [[0.07803965095079975, 0.10362939713919461, 0.9915496696848979, -8.786070239187982], [-0.8855013771463486, -0.449743465596267, 0.116696982097182, 0.5213329852640891], [0.4580362011634349, -0.8871255580231091, 0.056666176604199536, 42.32382847616486], [0.0, 0.0, 0.0, 1.0]]}, {"class": "TomatoSauce", "pose": [[-0.07851949935863996, 0.0109728062379972, -0.9968521817541041, 1.4715876222063495], [0.8688705278583797, -0.4895034784596335, -0.07382689076637106, 5.409728602262698], [-0.4887726761711188, -0.8719323035013802, 0.028901591379729676, 47.12260702623766], [0.0, 0.0, 0.0, 1.0]]}, {"class": "Cookies", "pose": [[-0.5907647765352855, 0.040380609506882444, 0.8058327194308084, 23.490804954339605], [-0.7372462670084514, -0.43280413804674495, -0.5187953153960888, -16.11741724327903], [0.3278184307284654, -0.9005831321558574, 0.285455900965548, 54.957220055075496], [0.0, 0.0, 0.0, 1.0]]}, {"class": "OrangeJuice", "pose": [[-0.9436273160141792, 0.04804381082416631, -0.32750460643715207, 8.403564631014016], [0.2707584029784983, -0.4571284224354196, -0.8471856656149515, -10.970340323773689], [-0.19041370852961292, -0.8881021298083107, 0.41835057007123105, 49.805586789682664], [0.0, 0.0, 0.0, 1.0]]}, {"class": "Mustard", "pose": [[0.5864583188413567, 0.05172753870140769, -0.808325979123429, 18.624841134341708], [0.7368954013314266, -0.4483377016419544, 0.5059432104379071, -3.9149597147340174], [-0.3362317807017789, -0.8923662708824825, -0.30104916721755626, 48.58429417754706], [0.0, 0.0, 0.0, 1.0]]}, {"class": "Parmesan", "pose": [[-0.28132349706964577, 0.09285831212352448, -0.955109632654943, -9.104645731762961], [0.8373818983822876, -0.46234448867579886, -0.29159764995280774, 12.37672221331651], [-0.46866692435163865, -0.881824756820534, 0.05231046857143098, 41.628131691115236], [0.0, 0.0, 0.0, 1.0]]}, {"class": "CreamCheese", "pose": [[0.49376126228574974, -0.8635789745714606, -0.10213303612579526, 8.504146536766621], [0.7900928678460764, 0.3964519420178139, 0.46752452048451665, 14.15625223966161], [-0.3632534726333958, -0.31154008981613807, 0.8780601687254199, 46.43212228745802], [0.0, 0.0, 0.0, 1.0]]}, {"class": "AlphabetSoup", "pose": [[-0.9940275896085613, 0.057260181334865656, 0.09289999598857751, 21.360925186140832], [-0.10892434848684018, -0.46848082199213703, -0.8767332919066662, 10.2288748418694], [-0.006680068423829921, -0.8816161222870058, 0.47191986867948016, 46.430434431383595], [0.0, 0.0, 0.0, 1.0]]}]}