{"camera": {"camera": "RealSense D415", "extrinsics": [[-0.9358321, -0.32169822, 0.14397426, 0.5189801], [-0.34653544, 0.76536363, -0.542339, -0.016810523], [0.06427685, -0.55743045, -0.8277317, 0.17662339], [0.0, 0.0, 0.0, 1.0]], "height": 480, "intrinsics": [[603.75165, 0.0, 326.28275], [0.0, 603.20245, 245.73769], [0.0, 0.0, 1.0]], "width": 640}, "objects": [{"class": "ChocolatePudding", "pose": [[0.9608830145401792, 0.1412873885725488, 0.23820517570161515, -0.5061847465442804], [-0.10438069009665618, -0.6119170368962286, 0.7840038885981253, 10.989671813249677], [0.2565316706185245, -0.7782000587912089, -0.5732330669339958, 46.9178551595259], [0.0, 0.0, 0.0, 1.0]]}, {"class": "MacaroniAndCheese", "pose": [[0.16794039611621783, 0.896263027057004, 0.41049800147559123, -4.9757398823827685], [-0.5103007669603994, 0.435317468538259, -0.7416816801505661, 0.05498833692274413], [-0.8434388435392179, -0.084919159068771, 0.530471141714426, 48.445375860206354], [0.0, 0.0, 0.0, 1.0]]}, {"class": "Milk", "pose": [[-0.0011599412943903928, 0.9844110394882777, 0.17587938879332332, -10.472850064925499], [0.8235059588374204, 0.10071794629138082, -0.5582953670773243, -11.733166958819202], [-0.5673063864731844, 0.14419012598847367, -0.8107852058305538, 57.937286116834954], [0.0, 0.0, 0.0, 1.0]]}, {"class": "Ketchup", "pose": [[0.9003445742221906, 0.156195922992656, 0.40618035506612615, -18.72841790332378], [-0.2495392868436955, -0.5793681328005278, 0.7759269275277575, -2.0015484836082167], [0.35652458989601116, -0.7999595758561596, -0.482653988230742, 45.749769976985256], [0.0, 0.0, 0.0, 1.0]]}, {"class": "OrangeJuice", "pose": [[-0.864494440898354, -0.4834381417562278, -0.13761149764332095, 8.076894903871729], [0.35114583021784795, -0.7767515610091912, 0.5228321951030743, 1.1526325308373602], [-0.3596469877130548, 0.4036638725344172, 0.841254718143661, 53.690838737896506], [0.0, 0.0, 0.0, 1.0]]}]}