{"camera": {"camera": "RealSense D415", "extrinsics": [[-0.6709352, 0.738305, 0.06893284, 0.5326261], [0.7405939, 0.67183363, 0.012655966, -0.4558337], [-0.036967438, 0.059542574, -0.997541, 0.092700176], [0.0, 0.0, 0.0, 1.0]], "height": 480, "intrinsics": [[603.75165, 0.0, 326.28275], [0.0, 603.20245, 245.73769], [0.0, 0.0, 1.0]], "width": 640}, "objects": [{"class": "ChocolatePudding", "pose": [[0.17401152243593754, -0.0103823940385203, 0.9846889016202618, 26.946449608261535], [-0.9845974422582999, -0.019059280569414604, 0.17379446400656276, -4.726595152868562], [0.016963052262569805, -0.9997644160082855, -0.013539012304922318, 46.69748640884323], [0.0, 0.0, 0.0, 1.0]]}, {"class": "MacaroniAndCheese", "pose": [[0.11091944855121967, 0.733150488534058, -0.6709599646148253, 16.063182300022532], [0.004240517073242011, -0.6754687947385274, -0.7373763086417758, -3.927596950391571], [-0.9938203221856448, 0.07894415129346573, -0.07803156861180854, 41.92321631823965], [0.0, 0.0, 0.0, 1.0]]}, {"class": "Milk", "pose": [[0.9158682138549115, 0.3968329122735686, 0.06090231200253994, 0.04411430261724858], [0.39889219741439924, -0.9166287773852461, -0.026011430331295844, -5.097148643445087], [0.04550262270079313, 0.048116492585017746, -0.9978047163555147, 43.061995136803375], [0.0, 0.0, 0.0, 1.0]]}, {"class": "Ketchup", "pose": [[-0.011739928773212857, 0.03146392593910114, 0.9994359571565655, 10.374126524874], [-0.9997911689184681, -0.017086139939450715, -0.011206139895190377, 8.945137137299186], [0.01672390626967056, -0.9993588059342947, 0.03165794486866414, 40.32348948563468], [0.0, 0.0, 0.0, 1.0]]}, {"class": "OrangeJuice", "pose": [[0.10492868390070702, -0.9905666245847033, -0.08813495659665654, 19.438216770168598], [0.9937868607139657, 0.10775050565792778, -0.02788187941082954, -17.265767326143244], [0.037115452566617725, -0.08466175187814506, 0.9957182174000545, 45.052642781711846], [0.0, 0.0, 0.0, 1.0]]}]}