{"camera": {"camera": "RealSense D415", "extrinsics": [[-0.99639434, 0.07468589, 0.040253997, 0.7653227], [0.050373986, 0.90253973, -0.42765003, -0.32408845], [-0.06827025, -0.4240803, -0.9030477, 0.35857147], [0.0, 0.0, 0.0, 1.0]], "height": 480, "intrinsics": [[605.8222, 0.0, 326.28275], [0.0, 605.7743, 245.73769], [0.0, 0.0, 1.0]], "width": 640}, "objects": [{"class": "MacaroniAndCheese", "pose": [[-0.42035286375086567, -0.9032250215014342, 0.0865334974931255, -4.627448625303765], [-0.8319009787548554, 0.3455608748692883, -0.43419871221327894, -13.20804920422012], [0.3622765016502912, -0.25450397828204585, -0.896651292028264, 60.07469261899997], [0.0, 0.0, 0.0, 1.0]]}, {"class": "Pineapple", "pose": [[0.4109472887713856, 0.04595810301233049, 0.9104999694328214, 8.134268359351148], [-0.8204721483854548, -0.41673903052758715, 0.3913490929337483, -20.598768805246], [0.39742650820446224, -0.9078637241231795, -0.13355039162397514, 63.76817562729451], [0.0, 0.0, 0.0, 1.0]]}, {"class": "Milk", "pose": [[0.015189141985844671, 0.09209302021595488, 0.9956345621318347, -8.979279996461853], [-0.8990707885947568, -0.43447235858151595, 0.05390329401437946, 3.8497502516777136], [0.4375397721982482, -0.8959647048519344, 0.07619890753552705, 42.82410607865921], [0.0, 0.0, 0.0, 1.0]]}, {"class": "TomatoSauce", "pose": [[-0.01612464162241902, -0.0030900572476485317, -0.9998652225159983, 1.4691792977194695], [0.8832226269182338, -0.46877943897341606, -0.012794814449877446, 7.982273774031401], [-0.4686766803578213, -0.8833099131760439, 0.010288084322083646, 47.91293574713208], [0.0, 0.0, 0.0, 1.0]]}, {"class": "Cookies", "pose": [[-0.640767492864516, 0.030259169587033282, 0.7671384610761199, 21.979681490465886], [-0.7068104638877043, -0.413351171367915, -0.5740730403433033, -15.040104547206292], [0.29972656012186427, -0.9100688439292612, 0.28624948309488407, 55.58981738275668], [0.0, 0.0, 0.0, 1.0]]}, {"class": "OrangeJuice", "pose": [[-0.921601411154624, 0.03618643477838073, -0.38644714595148466, 7.333373541066235], [0.3328677859223277, -0.4383866152386302, -0.8348750152305244, -8.852629887587923], [-0.19962441289617217, -0.8980578086516975, 0.39197237683398867, 50.31180880241999], [0.0, 0.0, 0.0, 1.0]]}, {"class": "Mustard", "pose": [[0.6366024988162651, 0.040479780208349594, -0.7701289902434423, 17.98870455135253], [0.7069224489078788, -0.4297430474391092, 0.5617665376196939, -2.4152058617257], [-0.3082173453621633, -0.9020434634834014, -0.3021915553255697, 49.435485918259005], [0.0, 0.0, 0.0, 1.0]]}, {"class": "Parmesan", "pose": [[-0.22081213939760072, 0.08047420754950936, -0.9719906978629707, -8.557491452495135], [0.863854776030945, -0.44650452768511467, -0.2332138740868595, 15.715185564502821], [-0.45276591403942357, -0.891155271048301, 0.029075557985883623, 42.41266995441358], [0.0, 0.0, 0.0, 1.0]]}, {"class": "CreamCheese", "pose": [[0.5478525947523852, -0.831790432472049, -0.08934330746761678, 9.036303682460922], [0.7663571745602671, 0.45616992943823914, 0.4523336764576566, 16.291644643010933], [-0.3354910456224448, -0.31628106100432113, 0.8873624551796497, 47.55472183161209], [0.0, 0.0, 0.0, 1.0]]}, {"class": "AlphabetSoup", "pose": [[-0.9985466412839762, 0.04456895330343562, 0.030302298594973878, 21.625933227227545], [-0.04716034411775483, -0.4504345382402933, -0.8915630696054723, 11.579098210810045], [-0.026086856693687342, -0.8916963864684436, 0.45188174157878896, 47.67385381256549], [0.0, 0.0, 0.0, 1.0]]}]}