{"camera": {"camera": "RealSense D415", "extrinsics": [[-0.9922209, 0.1160341, 0.045097876, 0.73930746], [0.08817574, 0.9107766, -0.40337455, -0.33604097], [-0.08787929, -0.3962601, -0.91392297, 0.37091246], [0.0, 0.0, 0.0, 1.0]], "height": 480, "intrinsics": [[605.8222, 0.0, 326.28275], [0.0, 605.7743, 245.73769], [0.0, 0.0, 1.0]], "width": 640}, "objects": [{"class": "MacaroniAndCheese", "pose": [[-0.4575221881748407, -0.8845333486426156, 0.0909627086803245, -7.014617261478373], [-0.8260120119126552, 0.38490757145327836, -0.4117649181440464, -12.173635650037692], [0.32920751295042955, -0.2635278804578615, -0.9067389403020143, 60.12694577346148], [0.0, 0.0, 0.0, 1.0]]}, {"class": "Pineapple", "pose": [[0.3726754546168607, 0.05129074975067689, 0.9265431864839356, 5.391902156345985], [-0.8455667177532964, -0.39254586813802284, 0.3618351799312914, -20.120402483969162], [0.382269464646571, -0.9183011863671167, -0.10292241610655406, 63.87569809882729], [0.0, 0.0, 0.0, 1.0]]}, {"class": "Milk", "pose": [[-0.026413456310706428, 0.09649242434157608, 0.9949831924580848, -10.374956780025057], [-0.9109301549519804, -0.41225804975371494, 0.01579820915959831, 5.5062981297293865], [0.4117141914581181, -0.9059429233008511, 0.09878704618894178, 43.28599199184949], [0.0, 0.0, 0.0, 1.0]]}, {"class": "TomatoSauce", "pose": [[0.02560790163646432, -0.00010463479482865565, -0.9996720643936247, 0.09794252325325825], [0.8960039714698596, -0.44345007773451034, 0.022998736220089428, 9.115137317958833], [-0.4433070152872092, -0.8962991083105002, -0.011262098409604489, 48.71175435493534], [0.0, 0.0, 0.0, 1.0]]}, {"class": "Cookies", "pose": [[-0.671920298167393, 0.03577462182358142, 0.7397589480686904, 19.603802666356216], [-0.6913498079903552, -0.3885334997996614, -0.6091610564746822, -14.83802396522991], [0.26562857405080387, -0.9207399007550529, 0.2857963121297251, 56.155716844410954], [0.0, 0.0, 0.0, 1.0]]}, {"class": "OrangeJuice", "pose": [[-0.904561719087469, 0.040542439006467174, -0.42441067246784026, 5.306845367212853], [0.3713542213205891, -0.41409290228868145, -0.8310373883176024, -7.980904000186307], [-0.2094377352005338, -0.909331319903957, 0.3595169285825615, 50.748918405426416], [0.0, 0.0, 0.0, 1.0]]}, {"class": "Mustard", "pose": [[0.6679513659590004, 0.04522696099335532, -0.7428293926713495, 16.200551920446248], [0.6918496262508385, -0.40550164329695104, 0.5974215782345608, -1.9100321269770792], [-0.2741989244333872, -0.912974812873199, -0.3021456223749743, 50.28403382337848], [0.0, 0.0, 0.0, 1.0]]}, {"class": "Parmesan", "pose": [[-0.1799402919695134, 0.08435041374278271, -0.9800543408051522, -9.523691446854897], [0.8835945994293659, -0.4239931855346206, -0.1987218978363693, 17.355660068580303], [-0.43229859656000746, -0.9017288148401189, 0.0017618515606387674, 43.22514193097876], [0.0, 0.0, 0.0, 1.0]]}, {"class": "CreamCheese", "pose": [[0.5819918449100798, -0.8078683141671188, -0.09292088746139532, 7.9610204095414865], [0.7551873873461116, 0.49455388083242074, 0.4302423725612944, 17.152899747388183], [-0.3016247412539739, -0.32057023089731823, 0.8979183029360484, 48.75310428572446], [0.0, 0.0, 0.0, 1.0]]}, {"class": "AlphabetSoup", "pose": [[-0.9987658306049377, 0.04834924922782301, -0.01136563323397878, 20.36989302733776], [-0.010360169159209778, -0.4266087344052992, -0.9043769594722807, 11.987786870146994], [-0.04857465254784017, -0.903143072152966, 0.42658308753817115, 49.00319893275301], [0.0, 0.0, 0.0, 1.0]]}]}