{"camera": {"camera": "RealSense D415", "extrinsics": [[-0.9893065, 0.13668026, 0.05090277, 0.72560483], [0.10526639, 0.9106926, -0.3994472, -0.33979148], [-0.10095332, -0.3898174, -0.9153419, 0.3819301], [0.0, 0.0, 0.0, 1.0]], "height": 480, "intrinsics": [[605.8222, 0.0, 326.28275], [0.0, 605.7743, 245.73769], [0.0, 0.0, 1.0]], "width": 640}, "objects": [{"class": "MacaroniAndCheese", "pose": [[-0.47574964836827205, -0.874269111478321, 0.09651784768837862, -8.32418044214096], [-0.8198681967926714, 0.4010329160684355, -0.4086427003965041, -11.309394247127685], [0.31855686002328737, -0.2735435575075651, -0.9075766782269689, 60.234168277927935], [0.0, 0.0, 0.0, 1.0]]}, {"class": "Pineapple", "pose": [[0.35319734140042147, 0.05733541075845011, 0.9337902284939903, 3.8950490392574255], [-0.8536275733212203, -0.38870201841333035, 0.34674316635933083, -19.482209995026924], [0.38284682892142424, -0.919577821803753, -0.08834541875369177, 64.10992300597668], [0.0, 0.0, 0.0, 1.0]]}, {"class": "Milk", "pose": [[-0.047295559383224314, 0.10202708360319172, 0.9936566340562917, -11.156695194686183], [-0.9124290572413583, -0.40923262815313216, -0.0014099738622902064, 6.509423286735439], [0.4064928732189667, -0.90670784070656, 0.11244738061300531, 43.44261333249984], [0.0, 0.0, 0.0, 1.0]]}, {"class": "TomatoSauce", "pose": [[0.04667480276783403, 0.004798610118538625, -0.9988985625465369, -0.7004756420723401], [0.8976784877932495, -0.4388467424458255, 0.0398369886873687, 9.914421194984719], [-0.4381722299415123, -0.8985491055565695, -0.024790715900523605, 49.029892100566045], [0.0, 0.0, 0.0, 1.0]]}, {"class": "Cookies", "pose": [[-0.6869723084991693, 0.041923516909139834, 0.7254732029615667, 18.298031088082546], [-0.6813053001480973, -0.3844174110902542, -0.6229337513014871, -14.400218910427512], [0.2527689536735849, -0.92220694640115, 0.292646855188154, 56.61277625446222], [0.0, 0.0, 0.0, 1.0]]}, {"class": "OrangeJuice", "pose": [[-0.8952627332360948, 0.0461060938973951, -0.44314644161291167, 4.193374148274664], [0.38754434847414365, -0.41011064160974453, -0.8256020567282771, -7.27675518513608], [-0.21980438140374808, -0.9108696233171123, 0.3492886213679847, 51.04757619526205], [0.0, 0.0, 0.0, 1.0]]}, {"class": "Mustard", "pose": [[0.6831304416531755, 0.050983230738013544, -0.7285145242205376, 15.192419000949563], [0.6819150294407507, -0.4015809294114488, 0.6113303249681169, -1.3873741005835827], [-0.2613899414634222, -0.9144033286068899, -0.3090984129976702, 50.76360410167001], [0.0, 0.0, 0.0, 1.0]]}, {"class": "Parmesan", "pose": [[-0.15918399703948394, 0.08963379960595098, -0.9831714698793681, -10.106677979034052], [0.8886665657762403, -0.42078340629823, -0.18224482523596489, 18.342978518961722], [-0.4300375524451379, -0.9027220428615751, -0.012672592556725584, 43.456047014835505], [0.0, 0.0, 0.0, 1.0]]}, {"class": "CreamCheese", "pose": [[0.5986269350599545, -0.7950049000799602, -0.09804541600504192, 7.2945789627957165], [0.7468250609150525, 0.5096636554228773, 0.4271948070845254, 17.81871525343634], [-0.28965177935188674, -0.32895311439139807, 0.8988279440659236, 49.22111399249963], [0.0, 0.0, 0.0, 1.0]]}, {"class": "AlphabetSoup", "pose": [[-0.9980375132133618, 0.05361677446093416, -0.032346032914692256, 19.6107494999915], [0.006656719238440861, -0.4227869284359112, -0.9062047327742634, 12.444782305323903], [-0.0622632747620519, -0.9046416065306251, 0.4216003156223727, 49.61332616932155], [0.0, 0.0, 0.0, 1.0]]}]}