{"camera": {"camera": "RealSense D415", "extrinsics": [[-0.9837892, 0.17126352, 0.053175304, 0.70584625], [0.1378902, 0.9120175, -0.38627756, -0.3475674], [-0.11465206, -0.37268335, -0.92084855, 0.39428854], [0.0, 0.0, 0.0, 1.0]], "height": 480, "intrinsics": [[605.8222, 0.0, 326.28275], [0.0, 605.7743, 245.73769], [0.0, 0.0, 1.0]], "width": 640}, "objects": [{"class": "MacaroniAndCheese", "pose": [[-0.5061447284259672, -0.8568224134696483, 0.09835052800820915, -9.898932484863742], [-0.8094641215526668, 0.4325966190374361, -0.3970239386243645, -9.909034520245616], [0.2976328799297629, -0.28056281357796087, -0.9125235395505347, 60.572365439211616], [0.0, 0.0, 0.0, 1.0]]}, {"class": "Pineapple", "pose": [[0.320203369397809, 0.060007162595779644, 0.945446404277015, 1.995573942137574], [-0.8702709210712057, -0.3756739728772745, 0.3185868747530803, -18.52224311430559], [0.3742970967666267, -0.9248071435218518, -0.06806955600656235, 64.50419887652697], [0.0, 0.0, 0.0, 1.0]]}, {"class": "Milk", "pose": [[-0.08225676172850106, 0.1038239805862091, 0.9911883609597206, -11.903679539523893], [-0.9168262112268618, -0.3978004039859923, -0.03441720093838283, 8.254138811750511], [0.39072178558403414, -0.9115785560016785, 0.1279103448506851, 44.03242018880637], [0.0, 0.0, 0.0, 1.0]]}, {"class": "TomatoSauce", "pose": [[0.08168726246137019, 0.005600867855960189, -0.9966422538341775, -1.4378299332129973], [0.9026068733521977, -0.42447034084745355, 0.07159447354838037, 11.239814993678133], [-0.42264407343543314, -0.9054245467332172, -0.03972922318337342, 49.83724241596386], [0.0, 0.0, 0.0, 1.0]]}, {"class": "Cookies", "pose": [[-0.7118582416418417, 0.04478067752798911, 0.7008940686177628, 16.66892239857014], [-0.6633060504268957, -0.37086601548462167, -0.6499872989144374, -13.77705406744262], [0.23083089268960805, -0.9276061321185193, 0.29370733128088655, 57.31700405648632], [0.0, 0.0, 0.0, 1.0]]}, {"class": "OrangeJuice", "pose": [[-0.879089699784634, 0.047977140689772255, -0.4742356528147561, 2.8846745455975764], [0.4189235500916893, -0.39685461522220705, -0.8167064835544431, -6.1264978851606475], [-0.22738586471122854, -0.9166267809781058, 0.3287720285169422, 51.64954968633354], [0.0, 0.0, 0.0, 1.0]]}, {"class": "Mustard", "pose": [[0.7081766999903664, 0.053174083493432577, -0.7040299987445356, 14.065082341258616], [0.6641728958395732, -0.38842738539403476, 0.6387476320366938, -0.5818903491225769], [-0.2394996858933864, -0.919943873251846, -0.31039201718997683, 51.633746315114614], [0.0, 0.0, 0.0, 1.0]]}, {"class": "Parmesan", "pose": [[-0.12445677324343117, 0.09101407210344048, -0.9880419581018938, -10.485700202621896], [0.8999402850407259, -0.4090178159993617, -0.15103614229840007, 20.04715117260106], [-0.4178731700351514, -0.9079762717036378, -0.031002219272767403, 44.255859353654586], [0.0, 0.0, 0.0, 1.0]]}, {"class": "CreamCheese", "pose": [[0.6262038602251934, -0.7733281284681499, -0.09915791373288001, 6.795578370871547], [0.7321464555033165, 0.5395483244921881, 0.41575134390168444, 18.884943703391837], [-0.2680116975092931, -0.3329432247132045, 0.9040567310338782, 50.28257458637818], [0.0, 0.0, 0.0, 1.0]]}, {"class": "AlphabetSoup", "pose": [[-0.9962118952698773, 0.05498772012248243, -0.06736594878254847, 18.930349774228695], [0.03900220232104604, -0.40985786243312433, -0.911315185619285, 13.121102180280147], [-0.0777216315063575, -0.9104904888986483, 0.4061606227011583, 50.77906378787422], [0.0, 0.0, 0.0, 1.0]]}]}