{"camera": {"camera": "RealSense D415", "extrinsics": [[-0.97576475, 0.21760982, 0.023001665, 0.7026665], [0.19514978, 0.9129384, -0.3584132, -0.36479646], [-0.09899334, -0.34523818, -0.93327963, 0.39348668], [0.0, 0.0, 0.0, 1.0]], "height": 480, "intrinsics": [[605.8222, 0.0, 326.28275], [0.0, 605.7743, 245.73769], [0.0, 0.0, 1.0]], "width": 640}, "objects": [{"class": "MacaroniAndCheese", "pose": [[-0.547044515092342, -0.8343699175302469, 0.06759483262564374, -8.521029381983979], [-0.7898335240057252, 0.4877176979164262, -0.3718796267014228, -7.969109019141063], [0.27731792435604297, -0.2568233874407936, -0.9258166532096157, 62.1896452275095], [0.0, 0.0, 0.0, 1.0]]}, {"class": "Pineapple", "pose": [[0.27540249516218296, 0.030368403007722516, 0.9608491806349946, 2.9186326104302274], [-0.8982083163040777, -0.348075844739959, 0.26844931009512507, -17.34343198655253], [0.34260074086096554, -0.9369743644074173, -0.06858375661041131, 65.70847474834281], [0.0, 0.0, 0.0, 1.0]]}, {"class": "Milk", "pose": [[-0.12883362567811352, 0.073026074564812, 0.9889737162827035, -9.681782109347337], [-0.9231927695154453, -0.3729846464504529, -0.09272307742101035, 10.80552975040105], [0.36210076737046315, -0.924959263559658, 0.1154701428545861, 46.26308793919004], [0.0, 0.0, 0.0, 1.0]]}, {"class": "TomatoSauce", "pose": [[0.12717629261935967, -0.02645229603472632, -0.9915273010864707, 0.9877138680814523], [0.910073027737879, -0.3944289021509697, 0.12725144632490315, 13.023707847207023], [-0.3944530767512246, -0.9185456539794312, -0.026088515920853168, 52.04112971177972], [0.0, 0.0, 0.0, 1.0]]}, {"class": "Cookies", "pose": [[-0.745034485536321, 0.01540342722963091, 0.6668480126392711, 17.761254342168698], [-0.6305454447485046, -0.34235371701283396, -0.6965675701711904, -13.176314686343774], [0.21756831406373708, -0.9394448681475045, 0.2647778829372683, 58.51045856660868], [0.0, 0.0, 0.0, 1.0]]}, {"class": "OrangeJuice", "pose": [[-0.8568447534497756, 0.01727005604175107, -0.5152851014920219, 4.365176819925953], [0.47355838560741426, -0.36882199797027215, -0.799820476415743, -4.602814326889054], [-0.20386143829852385, -0.9293395908686467, 0.3078447623152214, 53.24768998289271], [0.0, 0.0, 0.0, 1.0]]}, {"class": "Mustard", "pose": [[0.7413232369920086, 0.0228908187844698, -0.6707576245416836, 15.833098288562496], [0.6318941993835383, -0.36058806146898587, 0.6860655770196216, 0.31958536819322036], [-0.22616253509401574, -0.9324442370996163, -0.28177688209916013, 53.28220459088463], [0.0, 0.0, 0.0, 1.0]]}, {"class": "Parmesan", "pose": [[-0.07874684092140065, 0.05965342384931473, -0.9951081982566962, -7.614897706663903], [0.9185308913537911, -0.3835960266959303, -0.09568226163555417, 22.48979751182563], [-0.3874272916962739, -0.9215723263147617, -0.02458657938082449, 46.84755841327664], [0.0, 0.0, 0.0, 1.0]]}, {"class": "CreamCheese", "pose": [[0.6629455020066249, -0.7456228706822808, -0.06745159934674452, 9.633253770479232], [0.7051417154016886, 0.591591916518766, 0.390888949408662, 20.18852827001837], [-0.25155186590596157, -0.3067010124050098, 0.9179630202872731, 52.63720711616943], [0.0, 0.0, 0.0, 1.0]]}, {"class": "AlphabetSoup", "pose": [[-0.9932556394682946, 0.023612977808725524, -0.11351468677298455, 21.436653064653484], [0.09593903222425819, -0.38238213782586755, -0.919010124007011, 13.756532213222583], [-0.06510658799150403, -0.9237025090569929, 0.3775377674192105, 52.81109775120948], [0.0, 0.0, 0.0, 1.0]]}]}