{"camera": {"camera": "RealSense D415", "extrinsics": [[-0.652703, 0.75407, 0.07319354, 0.52069455], [0.7576119, 0.6498735, 0.060734786, -0.45899877], [-0.0017682669, 0.09509407, -0.9954667, 0.066299066], [0.0, 0.0, 0.0, 1.0]], "height": 480, "intrinsics": [[603.75165, 0.0, 326.28275], [0.0, 603.20245, 245.73769], [0.0, 0.0, 1.0]], "width": 640}, "objects": [{"class": "ChocolatePudding", "pose": [[0.15011569456960522, -0.006854935066262133, 0.9886446987139522, 26.598620064908463], [-0.9881573998004849, 0.03110808695701982, 0.15025737736005612, -6.333686169559738], [-0.03178485259658469, -0.9994924903725617, -0.002103934753224313, 45.979433588418104], [0.0, 0.0, 0.0, 1.0]]}, {"class": "MacaroniAndCheese", "pose": [[0.11494952621529772, 0.7163049962677007, -0.6882541761085709, 15.756935029224877], [0.051125669061264936, -0.696194609340494, -0.7160302166766277, -5.033047863729173], [-0.9920547935293751, 0.04711987601142514, -0.1166488132268595, 41.22088651659456], [0.0, 0.0, 0.0, 1.0]]}, {"class": "Milk", "pose": [[0.9250449822008723, 0.37438748630374985, 0.06423272678492967, -0.2901155580604553], [0.3737355893595699, -0.9272663461731881, 0.022335438352179098, -5.868082195509539], [0.06792295818320283, 0.0033447673649589734, -0.9976849332279681, 42.255340034975525], [0.0, 0.0, 0.0, 1.0]]}, {"class": "Ketchup", "pose": [[-0.03594606132454764, 0.03502488096654079, 0.998739801236844, 10.386810420815396], [-0.998798845328744, 0.03204036831916306, -0.03707183126907987, 8.038004058498538], [-0.033298431586091984, -0.9988726713269152, 0.03383108980385436, 40.250750416909185], [0.0, 0.0, 0.0, 1.0]]}, {"class": "OrangeJuice", "pose": [[0.12874733148257508, -0.9873305200010071, -0.09275031588483243, 18.79639544533231], [0.987851282047407, 0.13589642954985992, -0.07537933601855043, -18.58887623036467], [0.08702875637181759, -0.08191862997626449, 0.9928319471765423, 43.689122288763315], [0.0, 0.0, 0.0, 1.0]]}]}