{"camera": {"camera": "RealSense D415", "extrinsics": [[-0.9778994, 0.20812844, 0.019883886, 0.7135151], [0.1889398, 0.92043376, -0.34220374, -0.33805388], [-0.08952413, -0.33088395, -0.9394154, 0.3908521], [0.0, 0.0, 0.0, 1.0]], "height": 480, "intrinsics": [[605.8222, 0.0, 326.28275], [0.0, 605.7743, 245.73769], [0.0, 0.0, 1.0]], "width": 640}, "objects": [{"class": "MacaroniAndCheese", "pose": [[-0.5389596056420194, -0.8398485451103465, 0.06462958031546656, -7.5128171742736445], [-0.7988457526405226, 0.48529457593031894, -0.35543581102984595, -6.325844397183333], [0.26714780489573936, -0.24319461592206104, -0.932463667122241, 62.90437498155463], [0.0, 0.0, 0.0, 1.0]]}, {"class": "Pineapple", "pose": [[0.28472417580189835, 0.027144380928478432, 0.9582251010005216, 4.023323454519511], [-0.9016858569860258, -0.33174564848200394, 0.27732186665726005, -15.666424330326583], [0.3254147017391977, -0.9429783121469523, -0.0699802549982714, 66.19025305741917], [0.0, 0.0, 0.0, 1.0]]}, {"class": "Milk", "pose": [[-0.11916746532124554, 0.07007481259295538, 0.990398229874474, -8.924703436343295], [-0.9302588248906226, -0.35651150116586366, -0.0867066661290557, 12.708437074636558], [0.34701235559917454, -0.9316593577210849, 0.10767231589129998, 47.30974938420462], [0.0, 0.0, 0.0, 1.0]]}, {"class": "TomatoSauce", "pose": [[0.11740771262287389, -0.02918678005199589, -0.9926548135058734, 1.7635387835338356], [0.917681318182334, -0.3788637347650926, 0.1196797662122293, 14.913441245404824], [-0.3795739282005462, -0.924992160436934, -0.017697387879790003, 53.05811211833728], [0.0, 0.0, 0.0, 1.0]]}, {"class": "Cookies", "pose": [[-0.7385884792974776, 0.012118866752277526, 0.6740476312599865, 18.78599613056088], [-0.6401608455432858, -0.32610296421573315, -0.6955939377716371, -11.257277573205664], [0.21137906265794884, -0.9452566213439652, 0.24861390357819105, 58.972035186323566], [0.0, 0.0, 0.0, 1.0]]}, {"class": "OrangeJuice", "pose": [[-0.861870913113683, 0.014260571938474208, -0.5069271970471635, 5.288760895772937], [0.4700508745149699, -0.35272427170731707, -0.8090968676356929, -2.7033295097710797], [-0.190343716069858, -0.9356186807425453, 0.2972995381352699, 53.941015008708504], [0.0, 0.0, 0.0, 1.0]]}, {"class": "Mustard", "pose": [[0.7348117395100362, 0.019795688506938018, -0.6779821945186252, 16.717148396605953], [0.6416264027314028, -0.3443933924590408, 0.6853529953608929, 2.3100703418230175], [-0.2199254962260041, -0.9386167550264162, -0.265765732686843, 53.988193358740546], [0.0, 0.0, 0.0, 1.0]]}, {"class": "Parmesan", "pose": [[-0.08852706167406478, 0.05680892919928771, -0.9944524738790212, -6.9471380604450905], [0.9243570844142769, -0.3672867330851961, -0.10326864913600706, 24.39728729913276], [-0.37111573909319334, -0.9283713110171067, -0.01999696114010857, 48.08159318291712], [0.0, 0.0, 0.0, 1.0]]}, {"class": "CreamCheese", "pose": [[0.6556930465709411, -0.7522513781356036, -0.06468779375679853, 10.355443910999274], [0.7146630153638382, 0.5907187802352033, 0.37457719478117596, 22.136499786422174], [-0.24356385785893767, -0.2918376335052342, 0.9249364865719613, 53.722881056968205], [0.0, 0.0, 0.0, 1.0]]}, {"class": "AlphabetSoup", "pose": [[-0.9943834680291475, 0.02074708088698397, -0.10378388619874457, 22.210507673407577], [0.08902625725241149, -0.3663272412915585, -0.926217391063771, 15.797855211004336], [-0.05723520130414077, -0.9302548052325323, 0.3624226682350401, 53.712567183656745], [0.0, 0.0, 0.0, 1.0]]}]}