{"camera": {"camera": "RealSense D415", "extrinsics": [[-0.9833983, 0.17150943, 0.059264652, 0.71171224], [0.1425734, 0.9323229, -0.33233532, -0.2832258], [-0.11225244, -0.31836843, -0.9412975, 0.4081484], [0.0, 0.0, 0.0, 1.0]], "height": 480, "intrinsics": [[605.8222, 0.0, 326.28275], [0.0, 605.7743, 245.73769], [0.0, 0.0, 1.0]], "width": 640}, "objects": [{"class": "MacaroniAndCheese", "pose": [[-0.5061660133991921, -0.8560921393954053, 0.10441350428956081, -9.483811856717217], [-0.8261870524285522, 0.4465936515072566, -0.3434661793558729, -4.877966187165065], [0.2474082538475392, -0.260116015244192, -0.9333428506356882, 62.88687925654946], [0.0, 0.0, 0.0, 1.0]]}, {"class": "Pineapple", "pose": [[0.319852444444174, 0.06609712883775351, 0.9451590064510583, 2.4057528320833743], [-0.8898848528230573, -0.32150886804524936, 0.3236308823533893, -13.683262170788979], [0.325268066615265, -0.9445968942747388, -0.04401652482924773, 66.38416016990685], [0.0, 0.0, 0.0, 1.0]]}, {"class": "Milk", "pose": [[-0.08259796769450675, 0.10988303738132328, 0.9905065663394922, -11.431189356456805], [-0.9380110236744507, -0.3442864281879061, -0.04002657066633533, 14.206981481589553], [0.3366197059320209, -0.932412272640095, 0.1315088958950332, 47.41231511178817], [0.0, 0.0, 0.0, 1.0]]}, {"class": "TomatoSauce", "pose": [[0.08224132622785019, 0.011681721947275478, -0.9965439607792971, -1.0050691048590465], [0.9256588465509201, -0.37143811195065307, 0.07203735365099202, 16.87047683293308], [-0.3693128691774837, -0.9283842655452262, -0.041360880540708765, 53.44108296172464], [0.0, 0.0, 0.0, 1.0]]}, {"class": "Cookies", "pose": [[-0.711795124060169, 0.050877032865467395, 0.7005420708451655, 17.110268203168467], [-0.6767714113099628, -0.31657370647887345, -0.6646514099347365, -8.505239903266675], [0.1879576705775623, -0.9472025612670317, 0.2597677506762309, 59.56909953856858], [0.0, 0.0, 0.0, 1.0]]}, {"class": "OrangeJuice", "pose": [[-0.878636091970444, 0.05406427332488646, -0.47442137006022034, 3.342962980024289], [0.42983232098659874, -0.3431476494362611, -0.8351609533797225, -0.563993351782538], [-0.20794896878340083, -0.9377242778032042, 0.27826330604579713, 54.27245442776461], [0.0, 0.0, 0.0, 1.0]]}, {"class": "Mustard", "pose": [[0.708161645295233, 0.059262693950062055, -0.7035587973805666, 14.511753557549945], [0.6781312636230392, -0.3345338225029357, 0.6543890757241284, 4.991695743628593], [-0.19658331729175457, -0.9405185434299239, -0.27709191817550566, 54.64241841593236], [0.0, 0.0, 0.0, 1.0]]}, {"class": "Parmesan", "pose": [[-0.12392073870091436, 0.09707594177122306, -0.987532215262929, -10.038978597839277], [0.9223626480657343, -0.3557154861624661, -0.1507102846054329, 25.969831344215695], [-0.3659108329318991, -0.9295390406005952, -0.04545873550337315, 48.324913584184934], [0.0, 0.0, 0.0, 1.0]]}, {"class": "CreamCheese", "pose": [[0.62621312471494, -0.7725203650562547, -0.10521108373722178, 7.2097717555056455], [0.7474959844105614, 0.5565380869158899, 0.36265005532961336, 24.49140800426551], [-0.22160054183725195, -0.3057411059957537, 0.925967406690477, 54.37549136416679], [0.0, 0.0, 0.0, 1.0]]}, {"class": "AlphabetSoup", "pose": [[-0.9958277917899871, 0.06106644499467138, -0.06780754034360612, 19.353419382347138], [0.041695415385173906, -0.35647150251339244, -0.9333753327360791, 18.72961668439158], [-0.08116940183291117, -0.932308443024605, 0.35243801946197817, 54.60922657530165], [0.0, 0.0, 0.0, 1.0]]}]}