{"camera": {"camera": "RealSense D415", "extrinsics": [[-0.9633626, 0.25776872, 0.074080236, 0.6728021], [0.2263868, 0.92963415, -0.2907394, -0.31574443], [-0.14381103, -0.26331663, -0.95393014, 0.40703532], [0.0, 0.0, 0.0, 1.0]], "height": 480, "intrinsics": [[605.8222, 0.0, 326.28275], [0.0, 605.7743, 245.73769], [0.0, 0.0, 1.0]], "width": 640}, "objects": [{"class": "MacaroniAndCheese", "pose": [[-0.5796622626518799, -0.8062929704782132, 0.11782767604198445, -12.176341027295], [-0.7936656413939511, 0.5258914714749835, -0.30583175979396643, -2.7994061638979773], [0.18462535445615752, -0.2707948903328725, -0.9447664231010122, 60.72137545032438], [0.0, 0.0, 0.0, 1.0]]}, {"class": "Pineapple", "pose": [[0.2346365836336267, 0.08187751444714858, 0.9686288249249195, -1.177314667522411], [-0.9272254876638101, -0.28035243041162705, 0.24830518558212517, -12.68910283744353], [0.2918879967508479, -0.9563987694015348, 0.010138027300343916, 64.2343939493797], [0.0, 0.0, 0.0, 1.0]]}, {"class": "Milk", "pose": [[-0.17045812567609336, 0.12317026636494018, 0.9776365209531175, -11.944905221023138], [-0.9433181322360598, -0.30713265815649526, -0.12577951775414936, 17.0967695433717], [0.28477173266279215, -0.9436623530233796, 0.16854201885626183, 46.17564457579352], [0.0, 0.0, 0.0, 1.0]]}, {"class": "TomatoSauce", "pose": [[0.17056236586322152, 0.023061472493404067, -0.9850770031141263, -1.6153125518362121], [0.9326084229755699, -0.326460404776006, 0.15383494046079188, 18.622538357898982], [-0.31804090145909697, -0.9449295213576127, -0.07718920276497582, 52.74190574631192], [0.0, 0.0, 0.0, 1.0]]}, {"class": "Cookies", "pose": [[-0.7701597269060484, 0.06721921420793477, 0.634299319343794, 14.17117716089894], [-0.6255321523645829, -0.27409061426580644, -0.7304682860518955, -8.391150439420999], [0.12475391848107174, -0.9593518285510365, 0.25314129895561294, 58.28198592524013], [0.0, 0.0, 0.0, 1.0]]}, {"class": "OrangeJuice", "pose": [[-0.8323368420925308, 0.06789762914539973, -0.5500957620983821, 1.312832087563054], [0.5085278098159765, -0.30125662224045213, -0.8066250489528012, 0.8751273780174651], [-0.22048790688044442, -0.9511226954110708, 0.21621907767584947, 52.854682843504364], [0.0, 0.0, 0.0, 1.0]]}, {"class": "Mustard", "pose": [[0.7670240153667416, 0.07387201661056979, -0.6373516605762481, 12.855764795089675], [0.6275897423626986, -0.29296527456438, 0.7213199834876396, 5.490656217090123], [-0.1334364745072295, -0.9532650700985291, -0.27107268722367195, 53.95106357447478], [0.0, 0.0, 0.0, 1.0]]}, {"class": "Parmesan", "pose": [[-0.03517550588516965, 0.10939383958423674, -0.993375923743611, -9.676477313498744], [0.9457434935387093, -0.317618796587874, -0.06846604911440823, 28.652590700843522], [-0.3230045599248458, -0.9418871007992342, -0.09228614182695144, 47.74184085662908], [0.0, 0.0, 0.0, 1.0]]}, {"class": "CreamCheese", "pose": [[0.6919330163375708, -0.7124515681590937, -0.11679690987509637, 7.122755698442562], [0.7044341870872292, 0.6308101771008494, 0.3253475863239484, 25.50488434819838], [-0.15811764762934935, -0.3073944443446736, 0.9383535865822249, 54.389574009984955], [0.0, 0.0, 0.0, 1.0]]}, {"class": "AlphabetSoup", "pose": [[-0.9850032161091862, 0.07359115520119244, -0.15605467105295578, 18.7557897750256], [0.12546745824049826, -0.31534357335070956, -0.9406468003810695, 18.78061781929357], [-0.11843414158674519, -0.9461198637184123, 0.3013810643381539, 54.81126665996706], [0.0, 0.0, 0.0, 1.0]]}]}