{"camera": {"camera": "RealSense D415", "extrinsics": [[-0.95562255, 0.28575367, 0.07162635, 0.66680574], [0.25419188, 0.9227141, -0.28980187, -0.31609577], [-0.1489026, -0.25873438, -0.95440274, 0.4056857], [0.0, 0.0, 0.0, 1.0]], "height": 480, "intrinsics": [[605.8222, 0.0, 326.28275], [0.0, 605.7743, 245.73769], [0.0, 0.0, 1.0]], "width": 640}, "objects": [{"class": "MacaroniAndCheese", "pose": [[-0.6031546950931473, -0.7893094570657349, 0.11486908600166588, -12.04561690071827], [-0.7773856352255325, 0.5494868138218155, -0.3061629997007765, -0.6432715534107458], [0.17853827839425582, -0.2739612564755823, -0.9450234831854634, 60.198498865679525], [0.0, 0.0, 0.0, 1.0]]}, {"class": "Pineapple", "pose": [[0.2063356920054567, 0.07973131385699249, 0.9752273642286902, -1.3545078425237111], [-0.9344280576427857, -0.27963381637574103, 0.2205654112364459, -10.853171483830156], [0.2902925216004626, -0.9567904274945344, 0.01680477406340489, 63.74590409720406], [0.0, 0.0, 0.0, 1.0]]}, {"class": "Milk", "pose": [[-0.19900164811998106, 0.12016557602902972, 0.9726039741479124, -11.158279573730212], [-0.9389467560036742, -0.3076190213615363, -0.1541087080329331, 19.282798736376193], [0.28067291130357935, -0.9438913309598345, 0.17404580682365037, 45.7190649740778], [0.0, 0.0, 0.0, 1.0]]}, {"class": "TomatoSauce", "pose": [[0.19900512768790546, 0.01955658937665817, -0.979803251224981, -0.8299414254545612], [0.92834064205629, -0.32408176335817857, 0.18208412827591752, 20.49337593380478], [-0.31397541469581847, -0.9458269555481714, -0.08264913670883602, 52.35262827604679], [0.0, 0.0, 0.0, 1.0]]}, {"class": "Cookies", "pose": [[-0.788414904959791, 0.06527571859003153, 0.6116706060822019, 14.14643348671235], [-0.6037080814920542, -0.27294773367009717, -0.7490234000552805, -6.976149169078926], [0.11806103561370566, -0.959811800329585, 0.2546035555359537, 57.90045754188773], [0.0, 0.0, 0.0, 1.0]]}, {"class": "OrangeJuice", "pose": [[-0.8161457562240433, 0.06512958161656666, -0.5741638741170554, 1.59079528562881], [0.5327180715378531, -0.30014718245175925, -0.7912794019359368, 2.6694584751082715], [-0.22386939028182798, -0.9516668972376032, 0.2102681228114382, 52.4255389881564], [0.0, 0.0, 0.0, 1.0]]}, {"class": "Mustard", "pose": [[0.7853924491089342, 0.07135073857746764, -0.6148720884316434, 13.253550598226205], [0.6058808586258975, -0.29202293768849, 0.7400209157985754, 6.950741997281501], [-0.1267556861109641, -0.9537461676942032, -0.27258267428582045, 53.606717598461195], [0.0, 0.0, 0.0, 1.0]]}, {"class": "Parmesan", "pose": [[-0.006240796350700645, 0.1060854363442358, -0.9943373898238624, -8.571306601085627], [0.947349228512173, -0.3177136639516382, -0.03984261262327207, 30.764409259816706], [-0.3201412953791137, -0.9422335069761277, -0.09851720660930262, 47.336444561423264], [0.0, 0.0, 0.0, 1.0]]}, {"class": "CreamCheese", "pose": [[0.7126735473773776, -0.692294899981189, -0.11324353612348294, 8.090317103877865], [0.6849096587320792, 0.6518002459394989, 0.32566112075829406, 27.118792625076672], [-0.15164134140272723, -0.30965168367995277, 0.9386803550971982, 54.075463525898535], [0.0, 0.0, 0.0, 1.0]]}, {"class": "AlphabetSoup", "pose": [[-0.980284150322699, 0.07038875006432067, -0.18463022676598012, 19.524305078461484], [0.15385285885593203, -0.3144059763606956, -0.9367380352347005, 20.06444522506172], [-0.12398469834292647, -0.9466754366205861, 0.2973776772888076, 54.54572255829451], [0.0, 0.0, 0.0, 1.0]]}]}