{"camera": {"camera": "RealSense D415", "extrinsics": [[-0.9424, 0.33038956, 0.052201718, 0.6724097], [0.30728838, 0.91680306, -0.25504115, -0.34148213], [-0.13212162, -0.22430979, -0.9655201, 0.39172974], [0.0, 0.0, 0.0, 1.0]], "height": 480, "intrinsics": [[605.8222, 0.0, 326.28275], [0.0, 605.7743, 245.73769], [0.0, 0.0, 1.0]], "width": 640}, "objects": [{"class": "MacaroniAndCheese", "pose": [[-0.6404973871771388, -0.762109564225569, 0.09461559057861633, -9.732716752492099], [-0.7527469710081803, 0.5986242936860443, -0.2738995420993407, -0.08967138057357493], [0.15210222958390116, -0.2466535419426817, -0.957093009324607, 60.55350699087543], [0.0, 0.0, 0.0, 1.0]]}, {"class": "Pineapple", "pose": [[0.160644453864308, 0.06079457915613683, 0.9851382539690738, 0.450305882266977], [-0.9543161416637898, -0.24520406895487074, 0.17075032311315616, -10.953050621614302], [0.25194057581519813, -0.967563477172911, 0.018626604475021392, 63.622546960250645], [0.0, 0.0, 0.0, 1.0]]}, {"class": "Milk", "pose": [[-0.24445224550327788, 0.09983796900605939, 0.9645078954879108, -7.9193915769346095], [-0.9382028240119077, -0.27566188999339314, -0.20925102135159457, 20.324309833048986], [0.2449868371458914, -0.9560559605586023, 0.16105445166438806, 46.86150617056731], [0.0, 0.0, 0.0, 1.0]]}, {"class": "TomatoSauce", "pose": [[0.24375632381528842, -0.0014787839858852686, -0.9698353822393506, 2.4898577995283055], [0.9289352783356382, -0.28699026781300807, 0.23391417519988278, 20.754261403865453], [-0.2786791911046632, -0.9579324101840361, -0.06858201265309845, 53.46505875886896], [0.0, 0.0, 0.0, 1.0]]}, {"class": "Cookies", "pose": [[-0.8171110390241418, 0.04667768794899227, 0.5745874556566575, 16.096711013541377], [-0.5677783579621792, -0.23769015851703904, -0.7881187291831413, -7.6268109031590985], [0.09978618505619746, -0.9702188830971312, 0.2207218218685703, 57.82548828692049], [0.0, 0.0, 0.0, 1.0]]}, {"class": "OrangeJuice", "pose": [[-0.7895015973694314, 0.04520786027856383, -0.6120812674518953, 4.0135386376248245], [0.5812485440569299, -0.2651492127773564, -0.7693153004526695, 2.842774021084493], [-0.19707196587766615, -0.9631470523888213, 0.18305868522179825, 52.82136183858795], [0.0, 0.0, 0.0, 1.0]]}, {"class": "Mustard", "pose": [[0.8141577931258461, 0.05181830853791767, -0.5783268553664872, 15.882207326546682], [0.5704415572647854, -0.25726991140391553, 0.7800055313565937, 6.486210133282777], [-0.10836749359806164, -0.9649493018599712, -0.2390176095322772, 54.088059699623024], [0.0, 0.0, 0.0, 1.0]]}, {"class": "Parmesan", "pose": [[0.03969434098381499, 0.08527755243126472, -0.9955662203944853, -4.751481238914956], [0.9583990159846304, -0.28509844367067094, 0.013791667469408068, 31.589434955451406], [-0.28265823033705234, -0.9546971849812865, -0.09304674259117478, 48.910172429111455], [0.0, 0.0, 0.0, 1.0]]}, {"class": "CreamCheese", "pose": [[0.7453718399677226, -0.6602639067362142, -0.09204561092160589, 11.73985897884836], [0.6539256712207394, 0.6972966899057664, 0.2935277657740416, 26.85260434106859], [-0.1296226504610857, -0.2789783152674184, 0.9515088830869063, 55.38417875052149], [0.0, 0.0, 0.0, 1.0]]}, {"class": "AlphabetSoup", "pose": [[-0.9719397711266997, 0.04976994435460505, -0.22990440358219805, 22.807699100038768], [0.2073991921796071, -0.2798391092762639, -0.9373770076751655, 19.22297792930698], [-0.11098946248270039, -0.9587560304724272, 0.2616644793353721, 55.49718240992835], [0.0, 0.0, 0.0, 1.0]]}]}