{"camera": {"camera": "RealSense D415", "extrinsics": [[-0.9337631, 0.35762846, 0.013724442, 0.69758993], [0.3507356, 0.92204946, -0.16373567, -0.37292495], [-0.07121115, -0.14807668, -0.98640877, 0.3436245], [0.0, 0.0, 0.0, 1.0]], "height": 480, "intrinsics": [[605.8222, 0.0, 326.28275], [0.0, 605.7743, 245.73769], [0.0, 0.0, 1.0]], "width": 640}, "objects": [{"class": "MacaroniAndCheese", "pose": [[-0.6633968221419867, -0.7461965633307694, 0.05563550767218942, -5.211866213312111], [-0.7412875528244421, 0.6452571018153239, -0.184759542153316, -2.789917238994705], [0.10196769606624863, -0.16381081382252358, -0.9812077355664882, 61.39950105730454], [0.0, 0.0, 0.0, 1.0]]}, {"class": "Pineapple", "pose": [[0.13226323517408728, 0.02261463834461473, 0.9909565980518555, 4.644498455940194], [-0.9789109003602906, -0.15405072119940016, 0.13417107097290001, -14.240153130715798], [0.15569179592496615, -0.9878041163974932, 0.00176250151738041, 63.09365152081639], [0.0, 0.0, 0.0, 1.0]]}, {"class": "Milk", "pose": [[-0.27197282242919013, 0.06081691287325425, 0.9603812011056583, -3.0457080532410585], [-0.9482654995331278, -0.18679133803109724, -0.2567130504357032, 18.75872256784254], [0.1637783696999999, -0.9805153325689306, 0.10847277223995462, 49.63287177515513], [0.0, 0.0, 0.0, 1.0]]}, {"class": "TomatoSauce", "pose": [[0.26992333820188896, -0.04086371269673448, -0.9620142997623613, 7.565126182992998], [0.9422727100330849, -0.19439338963894642, 0.2726415262278476, 18.20009480542753], [-0.19815034108313234, -0.9800721357078479, -0.013966575796070647, 55.8972442911513], [0.0, 0.0, 0.0, 1.0]]}, {"class": "Cookies", "pose": [[-0.834446621447312, 0.008715886626222795, 0.5510198124787928, 20.224138231815658], [-0.5462096983446227, -0.14583660893578687, -0.8248555635750116, -10.918751947840278], [0.07316947863347215, -0.9892703049086503, 0.12645356983582098, 57.11679123176362], [0.0, 0.0, 0.0, 1.0]]}, {"class": "OrangeJuice", "pose": [[-0.7727252190695466, 0.006431123984509519, -0.6347080753597647, 8.397204433397466], [0.6241999984555012, -0.17377663239970098, -0.761692914363942, 0.3891360380809561], [-0.11519598604574466, -0.9847641054729307, 0.13026724635463424, 53.52348394316249], [0.0, 0.0, 0.0, 1.0]]}, {"class": "Mustard", "pose": [[0.8313399008094357, 0.013275094625234685, -0.5556057106019777, 20.426525351365242], [0.5497768336906173, -0.16599406872489805, 0.8186522180496046, 3.4846493725560315], [-0.08135953217408645, -0.9860374034621429, -0.1452958347641824, 54.73082636450359], [0.0, 0.0, 0.0, 1.0]]}, {"class": "Parmesan", "pose": [[0.0670798814409433, 0.04596054162304061, -0.9966884581393849, 0.6015843545902677], [0.9789926390758265, -0.19580717199193262, 0.056859615406136724, 29.662209254249778], [-0.19254543061827248, -0.9795648011146225, -0.058129782960759435, 52.624020772446926], [0.0, 0.0, 0.0, 1.0]]}, {"class": "CreamCheese", "pose": [[0.765123079217899, -0.6417400791360395, -0.05250056139956841, 17.090206099772487], [0.6372231690662054, 0.7429888969429654, 0.2047295378223713, 23.766102687058215], [-0.09237578142020934, -0.19009787499818587, 0.9774096004388085, 58.0715797330558], [0.0, 0.0, 0.0, 1.0]]}, {"class": "AlphabetSoup", "pose": [[-0.9663769548800791, 0.010569267749992704, -0.2569121175122225, 27.86305972476335], [0.25036680543772954, -0.1889658445763888, -0.9495306336030986, 15.783609550492999], [-0.058583483680542885, -0.9819267902424754, 0.17996601941959117, 57.09870593635329], [0.0, 0.0, 0.0, 1.0]]}]}