{"camera": {"camera": "RealSense D415", "extrinsics": [[-0.92841375, 0.37152693, -0.0039574914, 0.70427454], [0.36732695, 0.9162132, -0.1600759, -0.37419578], [-0.055846605, -0.15007037, -0.9870968, 0.33624372], [0.0, 0.0, 0.0, 1.0]], "height": 480, "intrinsics": [[605.8222, 0.0, 326.28275], [0.0, 605.7743, 245.73769], [0.0, 0.0, 1.0]], "width": 640}, "objects": [{"class": "MacaroniAndCheese", "pose": [[-0.674726384162727, -0.7371069861222507, 0.0376506691927994, -3.5109671843178925], [-0.7299394516791732, 0.6588766653506472, -0.1818514801750729, -1.714558654025261], [0.1092368203758874, -0.15018271899674354, -0.982604976862754, 61.91432204982116], [0.0, 0.0, 0.0, 1.0]]}, {"class": "Pineapple", "pose": [[0.11734811656670119, 0.0050797193363924025, 0.993077837511196, 6.166811516560933], [-0.9816828661364125, -0.150542873774537, 0.11677164721390293, -13.34237607901587], [0.15009395260010247, -0.9885904690153514, -0.012679216514768362, 63.41779515805669], [0.0, 0.0, 0.0, 1.0]]}, {"class": "Milk", "pose": [[-0.28611966077399936, 0.04280534566590231, 0.9572372837845354, -1.142954360965187], [-0.9439881639142261, -0.1839764942356034, -0.2739325100490449, 19.838843403580398], [0.164383366064215, -0.9819981802108452, 0.09304706116008607, 50.19540341465485], [0.0, 0.0, 0.0, 1.0]]}, {"class": "TomatoSauce", "pose": [[0.28344966194522947, -0.058975153610869795, -0.957171978155394, 9.549202396093982], [0.9381672568919136, -0.18979666181548638, 0.28951588792801086, 19.069702404368506], [-0.1987422738553204, -0.9800506303281014, 0.0015307327819139842, 56.297078649264954], [0.0, 0.0, 0.0, 1.0]]}, {"class": "Cookies", "pose": [[-0.8427317999810455, -0.008692858125612008, 0.5382634326094569, 21.711031183174413], [-0.5317815831611608, -0.14208069249561747, -0.8348781041168343, -10.271139293084813], [0.08373428628183043, -0.9898169464678165, 0.1151132240558896, 57.21904655850547], [0.0, 0.0, 0.0, 1.0]]}, {"class": "OrangeJuice", "pose": [[-0.7632695218803868, -0.011400771095415964, -0.6459795931398429, 10.032214148757323], [0.6380970656751509, -0.16999385379847873, -0.750955556974345, 1.2563546096241107], [-0.10125110596576585, -0.9853792108229229, 0.13702589895798986, 53.84581857481208], [0.0, 0.0, 0.0, 1.0]]}, {"class": "Mustard", "pose": [[0.8395657702921838, -0.004440864434047597, -0.5432398838846167, 22.13087309890507], [0.5354347665518415, -0.16232751595895253, 0.8288301469138996, 4.13576031954534], [-0.09186347170258993, -0.9867269798832592, -0.1339068418855119, 54.88308222613809], [0.0, 0.0, 0.0, 1.0]]}, {"class": "Parmesan", "pose": [[0.08139026886258612, 0.027808648208634698, -0.9962942730867647, 2.739992174394712], [0.9784149669083204, -0.1927341833626304, 0.0745500583264349, 30.66488859439672], [-0.1899468158575274, -0.9808569155037242, -0.04289511651281453, 53.171173069586075], [0.0, 0.0, 0.0, 1.0]]}, {"class": "CreamCheese", "pose": [[0.7747392400988283, -0.6313540342517399, -0.034222341406511834, 19.202244178435457], [0.6240709936185006, 0.7548648691087035, 0.20177821590216932, 24.459304079934373], [-0.10156021684724348, -0.1776826869233604, 0.9788332123953385, 58.348006270560724], [0.0, 0.0, 0.0, 1.0]]}, {"class": "AlphabetSoup", "pose": [[-0.96259457220065, -0.007488290139570519, -0.2708423719561514, 29.817239802835537], [0.2674964605915785, -0.1852642968371993, -0.9455806723868362, 16.29307852889823], [-0.04309666699132176, -0.9826602377384644, 0.18033748093107432, 57.183668203286445], [0.0, 0.0, 0.0, 1.0]]}]}