{"camera": {"camera": "RealSense D415", "extrinsics": [[-0.90962756, 0.41491383, -0.020597942, 0.69867784], [0.41279367, 0.89718294, -0.1570482, -0.37901878], [-0.04668134, -0.15135805, -0.9873761, 0.32928705], [0.0, 0.0, 0.0, 1.0]], "height": 480, "intrinsics": [[605.8222, 0.0, 326.28275], [0.0, 605.7743, 245.73769], [0.0, 0.0, 1.0]], "width": 640}, "objects": [{"class": "MacaroniAndCheese", "pose": [[-0.7089081580435275, -0.7050193506504664, 0.019923891047033293, -1.9661276589880927], [-0.6960812453861114, 0.694809654081651, -0.18086027075894262, 1.328750942164969], [0.1136666250534946, -0.14208196351845004, -0.9833069733920855, 61.96156401056043], [0.0, 0.0, 0.0, 1.0]]}, {"class": "Pineapple", "pose": [[0.07011864369422344, -0.011115193747556127, 0.9974767421053804, 7.139385696374334], [-0.9866715293934208, -0.1479682880486494, 0.06771020557302937, -10.765964004875878], [0.14684227531274338, -0.9889296438571714, -0.021342343154359605, 63.352055358991656], [0.0, 0.0, 0.0, 1.0]]}, {"class": "Milk", "pose": [[-0.33085670071739043, 0.02497267496851731, 0.943350534987947, 1.3579454499309973], [-0.9291723613129015, -0.1832384105941888, -0.32103333312518084, 22.770455993265458], [0.1648409411170392, -0.9827512671881541, 0.08382959442547365, 50.269966075229824], [0.0, 0.0, 0.0, 1.0]]}, {"class": "TomatoSauce", "pose": [[0.32759838249998474, -0.07694973952675235, -0.9416783209445166, 12.052835200829303], [0.9235819711411815, -0.18403950083313203, 0.3363417872319789, 21.45888870507653], [-0.19918737047547627, -0.9799021425541852, 0.0107783296755815, 56.27357845212856], [0.0, 0.0, 0.0, 1.0]]}, {"class": "Cookies", "pose": [[-0.8671562698670829, -0.024464023380091977, 0.497434958519192, 22.760586540140803], [-0.48981516095865, -0.13883423986003038, -0.8607009672702127, -8.448148703303648], [0.09011716214038581, -0.9900134180227746, 0.10840811386809933, 57.020738909924894], [0.0, 0.0, 0.0, 1.0]]}, {"class": "OrangeJuice", "pose": [[-0.7317399882739092, -0.028505759294681944, -0.6809875432154825, 11.635024478685164], [0.675214309812875, -0.16659173998091645, -0.7185630251525571, 3.6500003847572513], [-0.09296371265993332, -0.9856138283799253, 0.14114928042523664, 53.778331290413284], [0.0, 0.0, 0.0, 1.0]]}, {"class": "Mustard", "pose": [[0.8641023083233643, -0.021188470053529286, -0.5028700351519766, 23.869683106808125], [0.4936416773641859, -0.1592742312534423, 0.8549559092433009, 5.9267305190669255], [-0.09820939500721373, -0.9870069765748674, -0.1271697010088071, 54.71325190436445], [0.0, 0.0, 0.0, 1.0]]}, {"class": "Parmesan", "pose": [[0.12785563085062066, 0.00957303803628846, -0.9917465993736861, 5.796294192410867], [0.9737174557188315, -0.19124922129681052, 0.12368526550947535, 33.38394352450095], [-0.1884866756429387, -0.9814948276084084, -0.03377375331269558, 53.234873155309984], [0.0, 0.0, 0.0, 1.0]]}, {"class": "CreamCheese", "pose": [[0.8036424296344056, -0.5949092761881536, -0.015550600095250635, 21.977728214081953], [0.5853913099667933, 0.7855412950458106, 0.20060379137856146, 26.360600384375555], [-0.10712536520868082, -0.17031689187901233, 0.9795490301150793, 58.24969865548856], [0.0, 0.0, 0.0, 1.0]]}, {"class": "AlphabetSoup", "pose": [[-0.948575659367819, -0.02532716581478522, -0.31553569670232806, 32.16634183743147], [0.31473575081502747, -0.18204369132245687, -0.9315586373014508, 17.68418548436561], [-0.033847563061601346, -0.9829642083613297, 0.18065352884787086, 56.97179582117815], [0.0, 0.0, 0.0, 1.0]]}]}