{"camera": {"camera": "RealSense D415", "extrinsics": [[-0.9031554, 0.42884725, -0.020008601, 0.6943547], [0.42638388, 0.89058137, -0.15830874, -0.38167468], [-0.050070982, -0.15150875, -0.9871869, 0.3310478], [0.0, 0.0, 0.0, 1.0]], "height": 480, "intrinsics": [[605.8222, 0.0, 326.28275], [0.0, 605.7743, 245.73769], [0.0, 0.0, 1.0]], "width": 640}, "objects": [{"class": "MacaroniAndCheese", "pose": [[-0.7196614100538004, -0.6940330659253537, 0.02013717801091886, -1.8852479427629243], [-0.6851314352093707, 0.7051294226356946, -0.1827223984519354, 2.1882862088125066], [0.11261604329307419, -0.1452948883026596, -0.9829583016244323, 61.85939447186632], [0.0, 0.0, 0.0, 1.0]]}, {"class": "Pineapple", "pose": [[0.05479191366030556, -0.010385399628300877, 0.9984437577192901, 7.032639655231899], [-0.9873788808559123, -0.14937532543808268, 0.05263096868405063, -10.040068146503184], [0.14859626232934547, -0.9887260287849157, -0.018438853847712152, 63.2962659512712], [0.0, 0.0, 0.0, 1.0]]}, {"class": "Milk", "pose": [[-0.34532281075246013, 0.025147839625114316, 0.9381469448827428, 1.796764331377143], [-0.9238125897385234, -0.1851754818384243, -0.3350826779186556, 23.558600082379584], [0.16529519017943653, -0.9823836472683289, 0.08717723435380127, 50.14435447074681], [0.0, 0.0, 0.0, 1.0]]}, {"class": "TomatoSauce", "pose": [[0.3420833727027647, -0.07678313278049145, -0.9365272362816406, 12.45264271314872], [0.9182166837325535, -0.18443539923518362, 0.35051642800128097, 22.09561878334247], [-0.19964250721376164, -0.9798407744517543, 0.007411244257695363, 56.18224896393652], [0.0, 0.0, 0.0, 1.0]]}, {"class": "Cookies", "pose": [[-0.8747098502617702, -0.023591666503537567, 0.4840723693656046, 22.705895604366926], [-0.47654133778733354, -0.14004283541389972, -0.8679265053584438, -7.968200792893692], [0.08826667018433429, -0.9898643555538932, 0.11125445179723459, 57.00848803158101], [0.0, 0.0, 0.0, 1.0]]}, {"class": "OrangeJuice", "pose": [[-0.7211930503369302, -0.028064673808131824, -0.6921653746658896, 11.7737926302527], [0.6860181992009015, -0.1677291357065809, -0.7079873081312286, 4.2910593310769745], [-0.09622688404647914, -0.9854335680877353, 0.14021793814929143, 53.713611334496036], [0.0, 0.0, 0.0, 1.0]]}, {"class": "Mustard", "pose": [[0.8717381731845102, -0.02063373242709872, -0.48953728576654293, 24.038539576990775], [0.4804004296613456, -0.16052501911542513, 0.8622338467572558, 6.384593276853834], [-0.09637405503895288, -0.9868160784322848, -0.13002334163193, 54.68187600811382], [0.0, 0.0, 0.0, 1.0]]}, {"class": "Parmesan", "pose": [[0.1430882489377666, 0.00962546030435667, -0.9896630998407822, 6.3857652251910535], [0.9713747810461665, -0.1929511981888525, 0.13856742380381218, 34.10873116189854], [-0.18962289441147487, -0.9811611438568704, -0.03695900711260856, 53.10603344434964], [0.0, 0.0, 0.0, 1.0]]}, {"class": "CreamCheese", "pose": [[0.8126957064285794, -0.5824832754923233, -0.015455425613679285, 22.44436540408462], [0.5730366124250259, 0.7941452713451347, 0.20239167447116133, 26.850328450573773], [-0.10561588385177241, -0.17333938128142795, 0.9791826920863331, 58.18063307559497], [0.0, 0.0, 0.0, 1.0]]}, {"class": "AlphabetSoup", "pose": [[-0.9436160131944363, -0.025127400822028967, -0.3300869295012756, 32.50475938866646], [0.3289450307209742, -0.1832229650637175, -0.9264041088595542, 18.01925892708283], [-0.03720140462669824, -0.9827502048554532, 0.18115764090046974, 56.947046651120004], [0.0, 0.0, 0.0, 1.0]]}]}