{"camera": {"camera": "RealSense D415", "extrinsics": [[-0.89562833, 0.44433582, -0.020385947, 0.6882609], [0.44171554, 0.8830858, -0.15826192, -0.3894018], [-0.0523189, -0.15074866, -0.9871867, 0.33293656], [0.0, 0.0, 0.0, 1.0]], "height": 480, "intrinsics": [[605.8222, 0.0, 326.28275], [0.0, 605.7743, 245.73769], [0.0, 0.0, 1.0]], "width": 640}, "objects": [{"class": "MacaroniAndCheese", "pose": [[-0.7315098146395864, -0.6815569091290026, 0.019327365497606427, -1.8630618752814798], [-0.6727163559804574, 0.716821743284837, -0.18335563978097802, 2.635840964091307], [0.1111130006497294, -0.147128300803729, -0.9828566483436516, 61.868781998334924], [0.0, 0.0, 0.0, 1.0]]}, {"class": "Pineapple", "pose": [[0.037586796355964985, -0.010608123770605195, 0.9992370473528105, 6.841472493092393], [-0.9881221276765022, -0.14949449544155458, 0.035581659851217466, -9.742429306751143], [0.14900297715380376, -0.9887056660196955, -0.01610111126444037, 63.33010490951752], [0.0, 0.0, 0.0, 1.0]]}, {"class": "Milk", "pose": [[-0.361423206493344, 0.024294075898387238, 0.9320853180030851, 2.210588091703658], [-0.9177328596046573, -0.1858936741957673, -0.351012732226177, 23.936449348722498], [0.16474121741277156, -0.9822694988349913, 0.08948178556504478, 50.15643272740543], [0.0, 0.0, 0.0, 1.0]]}, {"class": "TomatoSauce", "pose": [[0.3581695176614609, -0.0776151271112605, -0.9304248841331889, 12.825727744878035], [0.9121819894580506, -0.18341370813567667, 0.36644703255082134, 22.29381044864406], [-0.19909449516230876, -0.9799670090374738, 0.005105898384054187, 56.21982939975373], [0.0, 0.0, 0.0, 1.0]]}, {"class": "Cookies", "pose": [[-0.8829188392523387, -0.023650515297748385, 0.46892958189055645, 22.562538586435966], [-0.46151899778723693, -0.13993840219343695, -0.8760236618733773, -7.940308058600803], [0.08633963809690404, -0.9898777338073181, 0.11263909627602087, 57.07869017972305], [0.0, 0.0, 0.0, 1.0]]}, {"class": "OrangeJuice", "pose": [[-0.7091543197898997, -0.02860568707524025, -0.7044727402411518, 11.848983188519979], [0.6981925020607953, -0.16754292461170023, -0.696029163446241, 4.502632733389122], [-0.09811904635505561, -0.9854497018927321, 0.13878603959330968, 53.7546127052458], [0.0, 0.0, 0.0, 1.0]]}, {"class": "Mustard", "pose": [[0.880032511326103, -0.02104967385950633, -0.47444669520619515, 24.145356394408342], [0.46542562252895053, -0.1604670908350636, 0.8704190373271372, 6.386908949032749], [-0.09445508869712722, -0.986816728319801, -0.13141920685926048, 54.751183081149414], [0.0, 0.0, 0.0, 1.0]]}, {"class": "Parmesan", "pose": [[0.16008739112028514, 0.008638447952130748, -0.9870650337104834, 6.971962063250869], [0.9687308750798237, -0.19340301771492555, 0.15542124145324593, 34.40769794496676], [-0.1895587468930844, -0.9810813828049624, -0.039329744391761755, 53.12594513809903], [0.0, 0.0, 0.0, 1.0]]}, {"class": "CreamCheese", "pose": [[0.8226011805650426, -0.5684388552802322, -0.01430181433582102, 22.892399631238046], [0.5590527369580497, 0.8039123111765484, 0.20294095478124607, 26.877989156244155], [-0.10386209118374008, -0.1749349496391378, 0.9790865418408059, 58.24041132876634], [0.0, 0.0, 0.0, 1.0]]}, {"class": "AlphabetSoup", "pose": [[-0.9377757963764535, -0.025939529500974015, -0.3462710973967876, 32.80351707789961], [0.3449853735594215, -0.1830837503711537, -0.9205788560841103, 17.876155915727775], [-0.039517253707014026, -0.9827550626022302, 0.18064025186330274, 57.033019140882104], [0.0, 0.0, 0.0, 1.0]]}]}