{"camera": {"camera": "RealSense D415", "extrinsics": [[-0.8720715, 0.4882579, -0.03309927, 0.6682943], [0.48741174, 0.86052, -0.14810508, -0.43247098], [-0.043830886, -0.1452912, -0.98841757, 0.3311122], [0.0, 0.0, 0.0, 1.0]], "height": 480, "intrinsics": [[605.8222, 0.0, 326.28275], [0.0, 605.7743, 245.73769], [0.0, 0.0, 1.0]], "width": 640}, "objects": [{"class": "MacaroniAndCheese", "pose": [[-0.7644663238661806, -0.6446419050060739, 0.0052969360705501034, -1.5031249753397868], [-0.6353852537297288, 0.7520492180854076, -0.1752357146249632, 1.6316634053684387], [0.10898070069649034, -0.13732740540503316, -0.9845122565126084, 62.41341548678949], [0.0, 0.0, 0.0, 1.0]]}, {"class": "Pineapple", "pose": [[-0.012359312740577845, -0.022892584596397998, 0.9996615329731087, 6.562936047341283], [-0.9900542426326572, -0.13983603905033853, -0.015442849088640548, -11.188397622968472], [0.14014222391021902, -0.9899100002541189, -0.020936597085324856, 63.721339617613346], [0.0, 0.0, 0.0, 1.0]]}, {"class": "Milk", "pose": [[-0.40716332935762617, 0.010129875438321384, 0.913299191063413, 3.600811369559087], [-0.8994882941092467, -0.17802971579795906, -0.3990316175612166, 22.800695018740118], [0.15855223340417632, -0.9839729682331734, 0.08159889516451997, 50.867351638043836], [0.0, 0.0, 0.0, 1.0]]}, {"class": "TomatoSauce", "pose": [[0.40346836639238276, -0.09150671865931163, -0.9104063934902556, 14.14627686339186], [0.8944210990617512, -0.17036011474818444, 0.4135073537633155, 20.56253072765782], [-0.19293561722534674, -0.9811238210901346, 0.01311060328481711, 56.861349713213315], [0.0, 0.0, 0.0, 1.0]]}, {"class": "Cookies", "pose": [[-0.9049771753416704, -0.035433913864155585, 0.4239820201446584, 22.32612087082358], [-0.416503530878762, -0.1296150245851269, -0.899847074189557, -10.136648895558803], [0.08683951495589964, -0.9909310674048727, 0.10254028923885157, 57.405044889974334], [0.0, 0.0, 0.0, 1.0]]}, {"class": "OrangeJuice", "pose": [[-0.6729265234234211, -0.041775206865660296, -0.738528760246794, 12.248258931683953], [0.7344151797220826, -0.15696868581567458, -0.6602993095765487, 2.86757222725062], [-0.08834175771296916, -0.9867196470347958, 0.1363087107371921, 54.24537983487716], [0.0, 0.0, 0.0, 1.0]]}, {"class": "Mustard", "pose": [[0.9022565856739565, -0.03387329567813907, -0.429867022455716, 24.629529940453075], [0.4206257136567204, -0.1502766521421898, 0.8947015924831563, 4.111228822732555], [-0.09490543983161967, -0.9880635228769626, -0.121340120625689, 55.19505978301294], [0.0, 0.0, 0.0, 1.0]]}, {"class": "Parmesan", "pose": [[0.2085886105309202, -0.005883973909228127, -0.9779857739020962, 8.90600810215677], [0.9609416701520539, -0.18473867922005413, 0.20606486776157773, 32.987437453451804], [-0.18188426339624392, -0.9827700628299562, -0.03288025178026224, 53.903944346449315], [0.0, 0.0, 0.0, 1.0]]}, {"class": "CreamCheese", "pose": [[0.8496511668381233, -0.5273446673920174, 0.000707114478064439, 24.443852564288665], [0.5171494431353899, 0.833485693688104, 0.19457146410047396, 24.607285058836165], [-0.10319556533990021, -0.16495219128223879, 0.9808880886770367, 58.870136434633416], [0.0, 0.0, 0.0, 1.0]]}, {"class": "AlphabetSoup", "pose": [[-0.9190560977495834, -0.039895679060871395, -0.3921023176782395, 33.87525472743895], [0.3928530603567137, -0.17264922394789922, -0.9032489807349566, 15.121432776281257], [-0.03166044894471617, -0.9841750751771893, 0.17434744046219044, 57.53285639603145], [0.0, 0.0, 0.0, 1.0]]}]}