{"camera": {"camera": "RealSense D415", "extrinsics": [[-0.80409586, 0.59377563, -0.029331582, 0.6067223], [0.594257, 0.80137914, -0.06819141, -0.5174395], [-0.016984677, -0.07226293, -0.99724096, 0.30317914], [0.0, 0.0, 0.0, 1.0]], "height": 480, "intrinsics": [[605.8222, 0.0, 326.28275], [0.0, 605.7743, 245.73769], [0.0, 0.0, 1.0]], "width": 640}, "objects": [{"class": "MacaroniAndCheese", "pose": [[-0.8392303989548474, -0.5437498506568017, 0.005328618931334224, -2.230330027638039], [-0.5414733359104578, 0.8347357380369056, -0.10011423341551552, -1.0221908666978918], [0.04998907564300244, -0.08690422157140067, -0.9949616653943318, 62.13977367609389], [0.0, 0.0, 0.0, 1.0]]}, {"class": "Pineapple", "pose": [[-0.13749697809888944, -0.018152299592466437, 0.9903358177063483, 4.161650170948727], [-0.9884907769567262, -0.061171134863136425, -0.13836206749480728, -14.809736681178931], [0.06309153848667037, -0.9979622017776084, -0.009532502788296855, 62.55466341360824], [0.0, 0.0, 0.0, 1.0]]}, {"class": "Milk", "pose": [[-0.518420326575731, 0.009766862626692638, 0.8550701317356756, 5.699486696933153], [-0.8510403583415622, -0.10352162458853521, -0.5147946846139814, 20.15180528706624], [0.08349029224626006, -0.99457923312996, 0.06197973170391981, 52.328069798098475], [0.0, 0.0, 0.0, 1.0]]}, {"class": "TomatoSauce", "pose": [[0.5148869481696137, -0.09018492988901901, -0.8525010649989918, 15.753601701573128], [0.8490693367714423, -0.08347375625009308, 0.5216448782096835, 16.172460352049356], [-0.11820594548239542, -0.9924206696272718, 0.03359368934792673, 58.263035269037914], [0.0, 0.0, 0.0, 1.0]]}, {"class": "Cookies", "pose": [[-0.951141169758087, -0.029311239028504847, 0.30736181164346477, 20.069484527240384], [-0.30573895867685996, -0.04941843686752605, -0.9508320003213774, -15.260604804895262], [0.04305936840010396, -0.9983479552068766, 0.03804232040854986, 56.53658552022465], [0.0, 0.0, 0.0, 1.0]]}, {"class": "OrangeJuice", "pose": [[-0.5750664095213239, -0.03907006685649399, -0.8171732443704969, 11.745087755711536], [0.8171387575774915, -0.07600622699412138, -0.5714081640239528, -0.9009670420127125], [-0.039785309107269434, -0.996341585497655, 0.0756342594469824, 54.26463383016185], [0.0, 0.0, 0.0, 1.0]]}, {"class": "Mustard", "pose": [[0.9491283284229987, -0.03037522211796914, -0.3134209930192462, 24.16124882528394], [0.3107620701584723, -0.07026991721535264, 0.9478866282819699, -1.2857728322502315], [-0.05081629828534574, -0.9970654219047993, -0.0572557008970662, 55.46267738316797], [0.0, 0.0, 0.0, 1.0]]}, {"class": "Parmesan", "pose": [[0.32950712895421647, -0.006974944556084853, -0.944127300164395, 12.15272719849289], [0.9383528244751413, -0.10825255929143356, 0.3282915560850928, 29.3405308612132], [-0.10449398950435633, -0.994098940799323, -0.029125059209587578, 56.20862851769615], [0.0, 0.0, 0.0, 1.0]]}, {"class": "CreamCheese", "pose": [[0.9090288824111286, -0.41672158344643867, 0.003093482049218278, 26.42474288954656], [0.4134400226583141, 0.9027522486980717, 0.11876746492731298, 18.739236902611978], [-0.05228557811270367, -0.10668409008660461, 0.9929172625443917, 60.707156149559324], [0.0, 0.0, 0.0, 1.0]]}, {"class": "AlphabetSoup", "pose": [[-0.8626442807169001, -0.03919600021844271, -0.5042900706064111, 34.640939854897795], [0.5056504954283109, -0.09194518493950708, -0.8578249501092496, 8.278733997867027], [-0.012743759654059121, -0.9949923259205967, 0.09913543747740065, 58.759583711075166], [0.0, 0.0, 0.0, 1.0]]}]}