{"camera": {"camera": "RealSense D415", "extrinsics": [[-0.7925663, 0.60915524, -0.027721947, 0.60052603], [0.6095526, 0.7901872, -0.06363873, -0.5202444], [-0.01686034, -0.067335896, -0.9975879, 0.3024429], [0.0, 0.0, 0.0, 1.0]], "height": 480, "intrinsics": [[605.8222, 0.0, 326.28275], [0.0, 605.7743, 245.73769], [0.0, 0.0, 1.0]], "width": 640}, "objects": [{"class": "MacaroniAndCheese", "pose": [[-0.8495439377281289, -0.5274799679934478, 0.006316505774126144, -1.9638376629891652], [-0.5255590328871462, 0.8452977998326735, -0.0962258406167928, -0.23925432759520637], [0.04541783510768238, -0.08506778781845759, -0.9953395042117715, 62.09260508175126], [0.0, 0.0, 0.0, 1.0]]}, {"class": "Pineapple", "pose": [[-0.1565023599123663, -0.01640879073524483, 0.9875412294879874, 4.162862592923711], [-0.9859316560403338, -0.05683018982040536, -0.15719153601953803, -14.147784709004856], [0.05870146056277146, -0.9982490275312588, -0.007283850315858271, 62.46983184769304], [0.0, 0.0, 0.0, 1.0]]}, {"class": "Milk", "pose": [[-0.5347935281274665, 0.010687842395281918, 0.8449151255055671, 6.396796644055936], [-0.841321437628846, -0.09971878454366721, -0.5312574540172633, 20.818593963392217], [0.07857588267650442, -0.9949582770498768, 0.06232089943412603, 52.38917693151479], [0.0, 0.0, 0.0, 1.0]]}, {"class": "TomatoSauce", "pose": [[0.5313243320177798, -0.08886939519347585, -0.8424942740541227, 16.35588334146261], [0.8395567560877683, -0.07777644190180637, 0.5376758858700259, 16.62450338956516], [-0.11330910786107991, -0.9930020650909837, 0.033286359300729575, 58.336480821912254], [0.0, 0.0, 0.0, 1.0]]}, {"class": "Cookies", "pose": [[-0.9569190392389879, -0.027340445955630188, 0.2890646456539725, 20.076667828524076], [-0.2877067173940888, -0.04486529223257911, -0.9566671470123982, -14.878040489844373], [0.039124635165811404, -0.998618869180578, 0.03506642203554164, 56.49511364738478], [0.0, 0.0, 0.0, 1.0]]}, {"class": "OrangeJuice", "pose": [[-0.5592634450380534, -0.037610241819470695, -0.8281363328369473, 12.034226899339496], [0.8281135654740763, -0.07126985986499557, -0.5560113394583565, -0.3532480387804071], [-0.03810945161250013, -0.9967477708616327, 0.07100413998416272, 54.25768234648588], [0.0, 0.0, 0.0, 1.0]]}, {"class": "Mustard", "pose": [[0.9550249375810705, -0.028805534374049667, -0.2951229011748767, 24.43725184895444], [0.2927982352426115, -0.06569763231442896, 0.9539146158858924, -0.9796399123751742], [-0.04686685520440402, -0.9974237331195844, -0.05430866788801683, 55.489363538175006], [0.0, 0.0, 0.0, 1.0]]}, {"class": "Parmesan", "pose": [[0.3476414051056755, -0.006142451946477091, -0.9376074022480912, 13.012733104404678], [0.9323052674748139, -0.1041313346469309, 0.346357666635233, 29.86697049203586], [-0.09976177143044787, -0.9945446073640061, -0.030473756561391716, 56.32516549756097], [0.0, 0.0, 0.0, 1.0]]}, {"class": "CreamCheese", "pose": [[0.9168949564102127, -0.39912087962537407, 0.0024656371913538678, 27.06686080376239], [0.3962275747794133, 0.9109568703597846, 0.114723010692582, 18.977451782794873], [-0.048034397361663, -0.10421200246213083, 0.9933944796140475, 60.821217744921775], [0.0, 0.0, 0.0, 1.0]]}, {"class": "AlphabetSoup", "pose": [[-0.8528056090970751, -0.03804398398225392, -0.5208408253828634, 35.087754449652294], [0.52206299437767, -0.08720877313483257, -0.8484367623125352, 8.369958648323262], [-0.013144002132862641, -0.9954633733501186, 0.09423345712146614, 58.85464522363408], [0.0, 0.0, 0.0, 1.0]]}]}