{"camera": {"camera": "RealSense D415", "extrinsics": [[-0.7879958, 0.61480343, -0.032853, 0.60076356], [0.61549586, 0.78533024, -0.0664926, -0.51890635], [-0.015079424, -0.07261678, -0.9972459, 0.30416998], [0.0, 0.0, 0.0, 1.0]], "height": 480, "intrinsics": [[605.8222, 0.0, 326.28275], [0.0, 605.7743, 245.73769], [0.0, 0.0, 1.0]], "width": 640}, "objects": [{"class": "MacaroniAndCheese", "pose": [[-0.8532800624600712, -0.5214519725140118, 0.0009477191459918737, -1.3968723067715683], [-0.5189537869241353, 0.8490114963952162, -0.09933005611956705, 0.4614109963299473], [0.05099119616971416, -0.08524819152092387, -0.9950540884241995, 62.391434359546416], [0.0, 0.0, 0.0, 1.0]]}, {"class": "Pineapple", "pose": [[-0.16369158891216348, -0.021491794039638586, 0.9862773896377053, 4.6259782067313076], [-0.9845302827152851, -0.059772186871798666, -0.16470404401831015, -13.49199445068232], [0.062491728665825225, -0.9979806543285443, -0.011375085426001528, 62.78348336125561], [0.0, 0.0, 0.0, 1.0]]}, {"class": "Milk", "pose": [[-0.5407796404117498, 0.005294198641756977, 0.841147593932882, 7.077727055962835], [-0.8369926138104603, -0.10285488924344612, -0.5374609290062982, 21.425269040533625], [0.08367069342844441, -0.9946822809565936, 0.060053061090275216, 52.58391154659263], [0.0, 0.0, 0.0, 1.0]]}, {"class": "TomatoSauce", "pose": [[0.5371353113325831, -0.09408375541538991, -0.8382325614582038, 17.032369070793735], [0.8351475585608217, -0.08015163492578183, 0.5441546516124652, 17.174011190662274], [-0.11838180029286743, -0.9923325883731553, 0.035521522295278794, 58.49797362525291], [0.0, 0.0, 0.0, 1.0]]}, {"class": "Cookies", "pose": [[-0.9588783720181728, -0.03233409924839465, 0.28196931837306166, 20.50577190234796], [-0.28031382600344523, -0.047725856891424584, -0.9587212397554097, -14.361376060114022], [0.04445658037378707, -0.9983369907253461, 0.03669959870420069, 56.73732295642395], [0.0, 0.0, 0.0, 1.0]]}, {"class": "OrangeJuice", "pose": [[-0.5531454871066218, -0.04279479812749107, -0.8319847343244956, 12.563254111212984], [0.8322134158193047, -0.07404583962153277, -0.5494889063374876, 0.21709321119752767], [-0.03808975386203939, -0.9963361976519927, 0.07657249527878646, 54.49206736580599], [0.0, 0.0, 0.0, 1.0]]}, {"class": "Mustard", "pose": [[0.9569868279591935, -0.03395137674413723, -0.28813788007128627, 24.966784349589922], [0.2853957508651346, -0.06854270421399604, 0.9559556355344215, -0.4996300737109105], [-0.05220572498250179, -0.9970703088520296, -0.055904889042822294, 55.668153431003965], [0.0, 0.0, 0.0, 1.0]]}, {"class": "Parmesan", "pose": [[0.35422542599547885, -0.011566929514413588, -0.9350884859317461, 13.780295663229463], [0.9293287446680465, -0.10713827851685706, 0.3533687700307113, 30.435225783144926], [-0.1042711442494315, -0.9941768422808468, -0.027201652220382507, 56.46102272497235], [0.0, 0.0, 0.0, 1.0]]}, {"class": "CreamCheese", "pose": [[0.9196364542978019, -0.39268979017929473, 0.007965137645034434, 27.77232996270069], [0.3891074352281307, 0.913635277486183, 0.1177539706582855, 19.45322242617119], [-0.05351797869327861, -0.10519155786219145, 0.993010854545524, 60.9256802965362], [0.0, 0.0, 0.0, 1.0]]}, {"class": "AlphabetSoup", "pose": [[-0.8488781913490967, -0.04334328334538135, -0.5268084080981664, 35.703381215034284], [0.5284778277156554, -0.08997697785974067, -0.8441654713923277, 8.779162157973063], [-0.010811750084187182, -0.9950002530540755, 0.09928543506760494, 58.9549183850558], [0.0, 0.0, 0.0, 1.0]]}]}