{"camera": {"camera": "RealSense D415", "extrinsics": [[-0.77457446, 0.63071567, -0.047245476, 0.5996518], [0.6324627, 0.77298075, -0.049917314, -0.5250173], [0.0050362116, -0.06854568, -0.99763525, 0.29883546], [0.0, 0.0, 0.0, 1.0]], "height": 480, "intrinsics": [[605.8222, 0.0, 326.28275], [0.0, 605.7743, 245.73769], [0.0, 0.0, 1.0]], "width": 640}, "objects": [{"class": "MacaroniAndCheese", "pose": [[-0.8636128253994383, -0.5039572363908628, -0.014140135165370767, 0.0639227857752056], [-0.5012270521932549, 0.8612772161637734, -0.08350480164470371, 0.6456614482139633], [0.0542613895134339, -0.06502840953450706, -0.9964070438121637, 63.487919565057595], [0.0, 0.0, 0.0, 1.0]]}, {"class": "Pineapple", "pose": [[-0.18420531751178781, -0.03575152832006911, 0.9822373343295259, 5.786953154555096], [-0.9816506941091587, -0.043431973222325525, -0.1856761462544474, -13.43851681721766], [0.04929869606993531, -0.9984164885933303, -0.02709507829440898, 63.58183846506065], [0.0, 0.0, 0.0, 1.0]]}, {"class": "Milk", "pose": [[-0.5576937433411051, -0.00986675460322997, 0.8299881249267343, 8.863572094136686], [-0.8263923037874918, -0.08712776114604179, -0.5563133706009231, 21.57559091636143], [0.07780398679555556, -0.9961482783567109, 0.04043682186681999, 53.89657448254807], [0.0, 0.0, 0.0, 1.0]]}, {"class": "TomatoSauce", "pose": [[0.5535594481659061, -0.10868936966517243, -0.8256866899712361, 18.799566973989386], [0.8251778008720033, -0.062332650371951626, 0.5614234502374582, 17.017793213406406], [-0.11248797276315184, -0.9921195792669181, 0.05518320229816722, 59.6103050063701], [0.0, 0.0, 0.0, 1.0]]}, {"class": "Cookies", "pose": [[-0.9640803763299872, -0.046333416485916094, 0.26153813148331456, 21.56421428285255], [-0.2602975005654325, -0.031151104673653823, -0.9650258404353114, -14.553046359634608], [0.05286010859194144, -0.9984401917094883, 0.017971697075643608, 57.31162380919497], [0.0, 0.0, 0.0, 1.0]]}, {"class": "OrangeJuice", "pose": [[-0.5353925358853974, -0.05733628104234938, -0.8426549324142402, 13.91162174353855], [0.8444174828767657, -0.05726849019944548, -0.5326157033670929, 0.22670330803181704], [-0.017719383835646297, -0.996711024043486, 0.07907684480100219, 55.40024172246456], [0.0, 0.0, 0.0, 1.0]]}, {"class": "Mustard", "pose": [[0.9621990877994091, -0.04838573545799526, -0.2680143424702971, 26.31090022264995], [0.26554141348163446, -0.05194585250328721, 0.9626990386225399, -0.7752111474304768], [-0.06050309717259541, -0.9974770387496662, -0.037133836278132035, 56.39949110789363], [0.0, 0.0, 0.0, 1.0]]}, {"class": "Parmesan", "pose": [[0.37293656554085025, -0.026808925347220326, -0.9274694341766379, 15.810020684631043], [0.9230349298936118, -0.09105501983939135, 0.3737854389743167, 30.376572769385945], [-0.09447151151191777, -0.9954849362229615, -0.009212201844848307, 57.82408052191958], [0.0, 0.0, 0.0, 1.0]]}, {"class": "CreamCheese", "pose": [[0.9270956315532632, -0.3740922005534199, 0.023423645479875386, 29.617127706593045], [0.37004015580548055, 0.9234254961539472, 0.1017629056934404, 19.026633623530575], [-0.05969866379391836, -0.08567626065487735, 0.9945328739154021, 61.92984450594147], [0.0, 0.0, 0.0, 1.0]]}, {"class": "AlphabetSoup", "pose": [[-0.8372714184008754, -0.05821316097507784, -0.543679824479341, 37.28825128160707], [0.5467173612453242, -0.07320336264266253, -0.8341111721117493, 8.21713064691959], [0.008757031190471184, -0.9956166383606188, 0.09311720153248214, 59.687175187315574], [0.0, 0.0, 0.0, 1.0]]}]}