{"camera": {"camera": "RealSense D415", "extrinsics": [[-0.75872517, 0.64971536, -0.046968658, 0.590847], [0.65141046, 0.75682753, -0.053632595, -0.52735823], [0.0007012553, -0.07128827, -0.99745554, 0.3008652], [0.0, 0.0, 0.0, 1.0]], "height": 480, "intrinsics": [[605.8222, 0.0, 326.28275], [0.0, 605.7743, 245.73769], [0.0, 0.0, 1.0]], "width": 640}, "objects": [{"class": "MacaroniAndCheese", "pose": [[-0.8758084018837181, -0.48243483124146314, -0.01470479120911047, 0.46398096320966475], [-0.47948007998242054, 0.873127230871484, -0.08802074673293014, 2.0385967477254074], [0.05530338518333941, -0.07003866478901742, -0.9960101446211462, 63.334583067633275], [0.0, 0.0, 0.0, 1.0]]}, {"class": "Pineapple", "pose": [[-0.2084663036561043, -0.03531689188253479, 0.9773916673868842, 5.837286413953812], [-0.9765497273903372, -0.04743691896803348, -0.2100007830874826, -12.181952849714822], [0.05378100067949252, -0.9982497420817432, -0.02459966597431103, 63.50636789343199], [0.0, 0.0, 0.0, 1.0]]}, {"class": "Milk", "pose": [[-0.5780487499465127, -0.01052258167047974, 0.8159343552332237, 9.792210232252874], [-0.8119795452203751, -0.09174679326168676, -0.5764301382774731, 22.697553080994982], [0.08092485981570716, -0.9957268158632179, 0.04449002586093987, 53.655672448987325], [0.0, 0.0, 0.0, 1.0]]}, {"class": "TomatoSauce", "pose": [[0.5739377067728473, -0.10870862540366094, -0.811651339921746, 19.604037905261556], [0.8106972298405376, -0.06449993051609608, 0.5819018136567141, 17.923939540025536], [-0.11560917051476985, -0.9919789770626966, 0.05111082003777667, 59.407618327448496], [0.0, 0.0, 0.0, 1.0]]}, {"class": "Cookies", "pose": [[-0.9702929412125514, -0.04559220864210523, 0.23759821723620903, 21.59158958100882], [-0.2361533185143091, -0.03489880249296007, -0.9710888960254423, -13.716435582024433], [0.05256593874043861, -0.9983503975093744, 0.02309530349684475, 57.2672146638111], [0.0, 0.0, 0.0, 1.0]]}, {"class": "OrangeJuice", "pose": [[-0.5143477880669068, -0.05723930856234734, -0.8556693102803088, 14.309214762529908], [0.8572811944811197, -0.06072777230879629, -0.5112543902052208, 1.2381817506815773], [-0.022699050578195223, -0.996511862925534, 0.08030533804132918, 55.271477775994335], [0.0, 0.0, 0.0, 1.0]]}, {"class": "Mustard", "pose": [[0.9685531902064285, -0.048158903624923574, -0.24410119178772965, 26.678455931740803], [0.2414044960741376, -0.05563156205793022, 0.9688286529737151, -0.06463562029452863], [-0.060237414888571705, -0.9972892971558474, -0.04225634617828715, 56.295674162633645], [0.0, 0.0, 0.0, 1.0]]}, {"class": "Parmesan", "pose": [[0.39575986160587523, -0.027557550207386334, -0.917940448753545, 16.948001044975957], [0.9130711917118803, -0.0952512654548572, 0.3965200569199131, 31.343525517198856], [-0.09836208413679746, -0.9950717913721651, -0.01253465540239849, 57.55151005357555], [0.0, 0.0, 0.0, 1.0]]}, {"class": "CreamCheese", "pose": [[0.9360400445573607, -0.3510437514487661, 0.024439182544132024, 30.464422425734718], [0.34674073931136423, 0.931948212164513, 0.10603466315244835, 19.67645541826013], [-0.05999881628842035, -0.09077863527492874, 0.9940621049954631, 61.73486167318896], [0.0, 0.0, 0.0, 1.0]]}, {"class": "AlphabetSoup", "pose": [[-0.8235261347667694, -0.058511098330110436, -0.5642527012056769, 37.869600074488176], [0.5672584875852897, -0.07663057286452833, -0.819966782137899, 8.669976135379741], [0.004738125244741241, -0.9953412986860519, 0.09629816439335726, 59.557294050384016], [0.0, 0.0, 0.0, 1.0]]}]}