{"camera": {"camera": "RealSense D415", "extrinsics": [[-0.73308927, 0.67844415, -0.047892805, 0.57628703], [0.68013245, 0.731277, -0.05151487, -0.53588426], [7.294508e-05, -0.07033845, -0.9975232, 0.30119866], [0.0, 0.0, 0.0, 1.0]], "height": 480, "intrinsics": [[605.8222, 0.0, 326.28275], [0.0, 605.7743, 245.73769], [0.0, 0.0, 1.0]], "width": 640}, "objects": [{"class": "MacaroniAndCheese", "pose": [[-0.8936761899662653, -0.44839116990338457, -0.016978130739896673, 1.1229793334165517], [-0.4454279654846839, 0.8910690495036522, -0.0871198325050318, 3.392834442543624], [0.054192413208064734, -0.07029439641124921, -0.996053182001523, 63.32075460401166], [0.0, 0.0, 0.0, 1.0]]}, {"class": "Pineapple", "pose": [[-0.24596045096012517, -0.03601031764951365, 0.9686107289668233, 5.944734698289156], [-0.9678162358125113, -0.04577207203733312, -0.24746038017020616, -11.02405255419604], [0.053246429884171866, -0.9983026790758947, -0.023593216100742977, 63.493980114348226], [0.0, 0.0, 0.0, 1.0]]}, {"class": "Milk", "pose": [[-0.6089642723244042, -0.012942759215924991, 0.793092069497391, 11.250217293763942], [-0.7891493509489187, -0.09100417647779976, -0.6074220364749449, 23.68003705949906], [0.08003637896522724, -0.9957664324892223, 0.04520454801583727, 53.658553723734016], [0.0, 0.0, 0.0, 1.0]]}, {"class": "TomatoSauce", "pose": [[0.6048453585215261, -0.11001135499449682, -0.7887075660411834, 20.864648333656493], [0.7880356192420865, -0.0599991310625358, 0.6126989111401719, 18.530725837188854], [-0.114725578086727, -0.9921177733215965, 0.05040264659278919, 59.41976435921779], [0.0, 0.0, 0.0, 1.0]]}, {"class": "Cookies", "pose": [[-0.9787215352725838, -0.04579528739975919, 0.20001744606162816, 21.635203075269217], [-0.19864388513409095, -0.03284770165372056, -0.9795211197466713, -13.162125628862425], [0.05142752625658745, -0.9984106796904977, 0.023051798510745042, 57.27163299485611], [0.0, 0.0, 0.0, 1.0]]}, {"class": "OrangeJuice", "pose": [[-0.48094286485784093, -0.058429990193091044, -0.8748027935893522, 14.936071212962593], [0.8764503379561714, -0.05820970515896224, -0.4779606928992078, 2.062263049254709], [-0.022994785141820687, -0.9965930126550544, 0.07920649073717782, 55.27259227726364], [0.0, 0.0, 0.0, 1.0]]}, {"class": "Mustard", "pose": [[0.9771937037795431, -0.049159295943285775, -0.20658136314620984, 27.244855746642354], [0.20396021467025438, -0.053466585499175906, 0.97751805287759, 0.28401541774525363], [-0.0590992612077395, -0.9973588890302076, -0.042220670158388186, 56.3099490770646], [0.0, 0.0, 0.0, 1.0]]}, {"class": "Parmesan", "pose": [[0.43072110470255026, -0.03010071295435422, -0.9019829863843444, 18.729182393602905], [0.8971874861646576, -0.09385051646335874, 0.4315630705516564, 32.043105368071124], [-0.09764190261426366, -0.9951311934529432, -0.013417446190731035, 57.564946522500115], [0.0, 0.0, 0.0, 1.0]]}, {"class": "CreamCheese", "pose": [[0.948758988915043, -0.3148104272209558, 0.02740084942536448, 31.781856445448923], [0.31046982708288223, 0.9447945293797948, 0.10474622838082773, 19.86327341641977], [-0.05886333951147022, -0.09087179422125423, 0.9941214641421146, 61.75946893182276], [0.0, 0.0, 0.0, 1.0]]}, {"class": "AlphabetSoup", "pose": [[-0.8010858090915451, -0.06031426140531889, -0.5955029362032078, 38.760296073362255], [0.5985360787517013, -0.07405208287099611, -0.7976658699542533, 8.580499694756172], [0.004012369712608201, -0.9954288249645293, 0.09542230614756694, 59.58657914512704], [0.0, 0.0, 0.0, 1.0]]}]}