{"camera": {"camera": "RealSense D415", "extrinsics": [[-0.6783243, 0.7286743, 0.09439243, 0.5378878], [0.73428667, 0.67689115, 0.051395465, -0.39887202], [-0.026442844, 0.1041739, -0.9942075, 0.07781646], [0.0, 0.0, 0.0, 1.0]], "height": 480, "intrinsics": [[603.75165, 0.0, 326.28275], [0.0, 603.20245, 245.73769], [0.0, 0.0, 1.0]], "width": 640}, "objects": [{"class": "ChocolatePudding", "pose": [[0.1849477520807723, 0.015534423858376225, 0.98262557322674, 26.046534686839273], [-0.9826221506942927, 0.018946176304106114, 0.1846476610027703, -0.7686793972043193], [-0.015748615284032052, -0.9996997968014303, 0.018768528819084983, 46.02744263364256], [0.0, 0.0, 0.0, 1.0]]}, {"class": "MacaroniAndCheese", "pose": [[0.136364516020904, 0.7386793778795635, -0.6601193088748185, 15.280997637547323], [0.043291386756051625, -0.6701505559972026, -0.7409616018895958, 0.09588418718908809], [-0.9897123491703735, 0.07246338193227608, -0.12336322167005905, 41.00416688493874], [0.0, 0.0, 0.0, 1.0]]}, {"class": "Milk", "pose": [[0.9096993414038711, 0.4060901300588048, 0.08682120133762675, -0.7473711423950702], [0.40658708229718105, -0.9135239974058811, 0.01268298143431754, -1.2865318816821791], [0.08446369271323398, 0.023762667171056205, -0.9961431526363972, 41.67908996953425], [0.0, 0.0, 0.0, 1.0]]}, {"class": "Ketchup", "pose": [[-0.0005471084766600599, 0.05733074639162297, 0.9983550934782754, 9.485727996017296], [-0.9997705486559729, 0.0213473982683666, -0.0017736890154141957, 12.958994739648233], [-0.021413984701313737, -0.9981269626386097, 0.0573059158835595, 39.74439838446943], [0.0, 0.0, 0.0, 1.0]]}, {"class": "OrangeJuice", "pose": [[0.09238504228245684, -0.9892491139717187, -0.11336313753667972, 18.72926588262543], [0.9927102973972856, 0.10035676822397112, -0.06674422715449083, -13.315207275588243], [0.07740343854580567, -0.10637058638611295, 0.9913092183246247, 43.71397255700522], [0.0, 0.0, 0.0, 1.0]]}]}