{"camera": {"camera": "RealSense D415", "extrinsics": [[-0.71288145, 0.6995365, -0.04948467, 0.56587785], [0.7012846, 0.7111134, -0.050176296, -0.53946185], [8.906411e-05, -0.07047258, -0.9975137, 0.3002658], [0.0, 0.0, 0.0, 1.0]], "height": 480, "intrinsics": [[605.8222, 0.0, 326.28275], [0.0, 605.7743, 245.73769], [0.0, 0.0, 1.0]], "width": 640}, "objects": [{"class": "MacaroniAndCheese", "pose": [[-0.9063169627459621, -0.42214265167557913, -0.019624526696072214, 1.7764752303972786], [-0.4190924144375412, 0.9037974633341207, -0.08667016639591084, 4.666317203546422], [0.0543237272268836, -0.0703261563586284, -0.9960437552226376, 63.22831040258124], [0.0, 0.0, 0.0, 1.0]]}, {"class": "Pineapple", "pose": [[-0.2741585310160653, -0.037439370963560085, 0.9609554468058166, 6.174486630179709], [-0.9602031929261439, -0.04478358859246875, -0.2756887426040346, -9.885424849897062], [0.05335662118846929, -0.998294909305829, -0.023671564279320444, 63.40230105607565], [0.0, 0.0, 0.0, 1.0]]}, {"class": "Milk", "pose": [[-0.6317781143708808, -0.015704470053658236, 0.7749901684506116, 12.491765167754398], [-0.7709924830406435, -0.0906708603453697, -0.6303565740836111, 24.647796763524966], [0.08016840362836516, -0.9957570821433168, 0.0451758602255631, 53.56328665010802], [0.0, 0.0, 0.0, 1.0]]}, {"class": "TomatoSauce", "pose": [[0.6276247161937755, -0.11182423425505432, -0.7704430761767883, 21.952072386273702], [0.7699967743880418, -0.056839477574275134, 0.6355110270738561, 19.21995002503075], [-0.11485707839187573, -0.9921011151465619, 0.050430415368533814, 59.32395529904675], [0.0, 0.0, 0.0, 1.0]]}, {"class": "Cookies", "pose": [[-0.9841076876682177, -0.04684212264534301, 0.17128295884643974, 21.7950431466676], [-0.1699265492869074, -0.03157854304303636, -0.9849506524583331, -12.482061700335445], [0.05154600176738748, -0.9984030317451494, 0.023116959789344138, 57.17852113609459], [0.0, 0.0, 0.0, 1.0]]}, {"class": "OrangeJuice", "pose": [[-0.4551030157096948, -0.060213074031711306, -0.8884005899257341, 15.54388515576169], [0.8901411563776347, -0.05655997113371867, -0.45216116120185923, 2.9315961442544114], [-0.023021904578674805, -0.9965818379521145, 0.07933870492747132, 55.17883848184886], [0.0, 0.0, 0.0, 1.0]]}, {"class": "Mustard", "pose": [[0.9827352028395498, -0.05080768997034516, -0.17790468547114224, 27.795497950548224], [0.17528464507575736, -0.05209011716169759, 0.9831388188888283, 0.7941602583720897], [-0.059218044401214975, -0.9973490872499684, -0.04228497729646753, 56.21507989091761], [0.0, 0.0, 0.0, 1.0]]}, {"class": "Parmesan", "pose": [[0.45676951045427494, -0.03293827087515974, -0.8889750626445689, 20.21256584591829], [0.8841965866401169, -0.09301405179469094, 0.4577606434088386, 32.788854395843735], [-0.09776498463303165, -0.9951198218324687, -0.013362106938298193, 57.46817421713067], [0.0, 0.0, 0.0, 1.0]]}, {"class": "CreamCheese", "pose": [[0.9574281240069729, -0.28704975812262656, 0.03055815922187727, 32.90383386370771], [0.28258043186608683, 0.9535909259119577, 0.1039839884603617, 20.23279262398747], [-0.058988517796049494, -0.09092205542013614, 0.9941094167808768, 61.6624155932475], [0.0, 0.0, 0.0, 1.0]]}, {"class": "AlphabetSoup", "pose": [[-0.7832351979600384, -0.06255981086181851, -0.6185700219976977, 39.54903235476009], [0.6217124002658226, -0.07234035624245469, -0.7798978064629992, 8.75054059289402], [0.004042659540398573, -0.9954160677274507, 0.09555368616579876, 59.48979373416658], [0.0, 0.0, 0.0, 1.0]]}]}