{"camera": {"camera": "RealSense D415", "extrinsics": [[-0.64005303, 0.7679466, -0.024292853, 0.5053579], [0.7677745, 0.63806707, -0.058247384, -0.5581927], [-0.02923041, -0.05593285, -0.9980066, 0.31038547], [0.0, 0.0, 0.0, 1.0]], "height": 480, "intrinsics": [[605.8222, 0.0, 326.28275], [0.0, 605.7743, 245.73769], [0.0, 0.0, 1.0]], "width": 640}, "objects": [{"class": "MacaroniAndCheese", "pose": [[-0.9443942137045025, -0.328810589155974, 0.0017716710224708898, 0.7921013215474337], [-0.3274085408213631, 0.9398419613842561, -0.09747186424481658, 8.320723141038355], [0.030384655353676078, -0.0926319360716593, -0.99523675443257, 61.92035877853053], [0.0, 0.0, 0.0, 1.0]]}, {"class": "Pineapple", "pose": [[-0.36883913509431315, -0.011757164939028831, 0.9294188693658701, 3.7288352624219314], [-0.9278885979143161, -0.0540731022308821, -0.36891581529730266, -6.5886978822775], [0.054593949520683256, -0.9984678113182792, 0.009034969387890716, 62.37940671850767], [0.0, 0.0, 0.0, 1.0]]}, {"class": "Milk", "pose": [[-0.7067337913832753, 0.005268435615257156, 0.7074599387534568, 13.70721939248799], [-0.7041710642451221, -0.10183367776625168, -0.7026898630642331, 27.02529679916237], [0.06834114458048242, -0.9947875380497909, 0.0756792067419211, 52.389967977772486], [0.0, 0.0, 0.0, 1.0]]}, {"class": "TomatoSauce", "pose": [[0.7035431189264679, -0.08711954779335472, -0.705292306381797, 22.410395167587048], [0.7031296341765931, -0.05869094806487323, 0.7086353924682817, 20.772130815750344], [-0.10313024433482203, -0.994467527676141, 0.019964702250830486, 58.4970849357101], [0.0, 0.0, 0.0, 1.0]]}, {"class": "Cookies", "pose": [[-0.9971566887014006, -0.019806631342310033, 0.07270631864413958, 19.19716477107692], [-0.07187182466712937, -0.04001193645009965, -0.9966110149207007, -10.787120715887689], [0.02264859171428914, -0.9990029250994255, 0.03847463022527324, 56.671187395983694], [0.0, 0.0, 0.0, 1.0]]}, {"class": "OrangeJuice", "pose": [[-0.3643569792378275, -0.03562071638126859, -0.9305778470837497, 14.556652564535044], [0.9301107234557948, -0.06353496316751396, -0.3617421455520218, 5.137666657965434], [-0.04623872521651275, -0.9973437603831294, 0.05628058412998214, 54.32100930249405], [0.0, 0.0, 0.0, 1.0]]}, {"class": "Mustard", "pose": [[0.9965487610902404, -0.025802206437822002, -0.07889731396127125, 26.501744280048033], [0.07723693909902855, -0.06001984649857143, 0.9952045531274666, 1.822544791175973], [-0.03041384252094154, -0.9978637015134285, -0.05781982030282975, 55.75947710006016], [0.0, 0.0, 0.0, 1.0]]}, {"class": "Parmesan", "pose": [[0.5443269716610653, -0.012123651250791215, -0.8387855138475497, 22.071643437879292], [0.8337549732582527, -0.10246633554176622, 0.5425433843929086, 34.42053764261802], [-0.09252486453679593, -0.9946626407006934, -0.04566706550229885, 56.44984039187939], [0.0, 0.0, 0.0, 1.0]]}, {"class": "CreamCheese", "pose": [[0.9819331664454595, -0.18891571967088805, 0.010866495915421926, 33.33370972866144], [0.18649142580977418, 0.975866507029744, 0.11360254335948387, 20.736525710566013], [-0.03206552016578684, -0.10952360354933925, 0.9934669007656398, 61.164529074519], [0.0, 0.0, 0.0, 1.0]]}, {"class": "AlphabetSoup", "pose": [[-0.7179860567102847, -0.03954358675930486, -0.6949333064069392, 38.87817819882234], [0.6955468819136283, -0.0789922470122307, -0.7141251915966327, 8.630088500133038], [-0.02665529560694123, -0.996090675275105, 0.08421972501090741, 59.31680148787686], [0.0, 0.0, 0.0, 1.0]]}]}