{"camera": {"camera": "RealSense D415", "extrinsics": [[-0.60066366, 0.7995017, 0.00044236236, 0.4617127], [0.7977677, 0.5993972, -0.06549593, -0.57404363], [-0.05262926, -0.038988125, -0.99785274, 0.31950945], [0.0, 0.0, 0.0, 1.0]], "height": 480, "intrinsics": [[605.8222, 0.0, 326.28275], [0.0, 605.7743, 245.73769], [0.0, 0.0, 1.0]], "width": 640}, "objects": [{"class": "MacaroniAndCheese", "pose": [[-0.9597631388613617, -0.27974258133516605, 0.024469786481654352, -1.2075205119722654], [-0.2807404214843472, 0.9539214268127936, -0.10591860917654664, 9.343651767836402], [0.006287656738859607, -0.10852644687455737, -0.9940736931276783, 60.96839119518744], [0.0, 0.0, 0.0, 1.0]]}, {"class": "Pineapple", "pose": [[-0.4151702946230487, 0.013175251445972983, 0.9096482859828185, 0.982301598286156], [-0.9083190039743844, -0.06194139410358516, -0.41366638160859287, -5.686683157685668], [0.050894709932815994, -0.997992839198207, 0.03768359161412626, 61.616216496174125], [0.0, 0.0, 0.0, 1.0]]}, {"class": "Milk", "pose": [[-0.7419629191468295, 0.02773518017111644, 0.6698669654278554, 12.865578370216824], [-0.6682967151776297, -0.11044161127761461, -0.7356508516537263, 27.31494115357036], [0.05357775199221837, -0.9934955659509105, 0.10047893607281, 51.66944827997709], [0.0, 0.0, 0.0, 1.0]]}, {"class": "TomatoSauce", "pose": [[0.7396865805208878, -0.062404487288010325, -0.6700517946720005, 21.080434168474877], [0.6671155877701815, -0.06284803493450138, 0.7422984181692528, 20.697464553046665], [-0.08843416551970085, -0.9960701987763994, -0.004856865796111869, 58.062364313468365], [0.0, 0.0, 0.0, 1.0]]}, {"class": "Cookies", "pose": [[-0.9997238823060032, 0.005841362319030853, 0.022759670753387744, 16.37830523322794], [-0.02301187261405237, -0.047509844698611005, -0.9986056743946362, -10.682182969588188], [-0.0047519454438698, -0.9988537051977593, 0.04763114836101369, 56.37333678888705], [0.0, 0.0, 0.0, 1.0]]}, {"class": "OrangeJuice", "pose": [[-0.31698958542189615, -0.011144655196405994, -0.9483635191075944, 12.58928310383487], [0.94632911433198, -0.07021952522235445, -0.3154844690358878, 5.429166657990914], [-0.06307768271498168, -0.9974693216017749, 0.03280533605355117, 53.78021749686479], [0.0, 0.0, 0.0, 1.0]]}, {"class": "Mustard", "pose": [[0.9995937986846045, -0.0011552879294172917, -0.02847574267013226, 24.31357439896686], [0.028333875995557884, -0.0671914739222752, 0.9973377170552006, 1.5484222826106286], [-0.0030655032048245673, -0.9977394464198984, -0.06713144877625529, 55.57611657735405], [0.0, 0.0, 0.0, 1.0]]}, {"class": "Parmesan", "pose": [[0.5868214273747169, 0.010336157909918531, -0.8096503820743204, 21.466619861141346], [0.8054280555517327, -0.11022513089327617, 0.5823539236644442, 34.32822921698919], [-0.0832244972970339, -0.9938529142538537, -0.07300753074690827, 55.908742412364774], [0.0, 0.0, 0.0, 1.0]]}, {"class": "CreamCheese", "pose": [[0.9903933205794272, -0.1378395492185711, -0.01101336471790498, 31.911125072877944], [0.1381526260944888, 0.9829426308386188, 0.12139876828415379, 20.152473364696167], [-0.005908009996903618, -0.12175406151518885, 0.9925427323744884, 61.03464362100489], [0.0, 0.0, 0.0, 1.0]]}, {"class": "AlphabetSoup", "pose": [[-0.6820791731912893, -0.015852329587766695, -0.7311064697599525, 36.9054007179475], [0.7294471166860641, -0.08545610400456481, -0.6786782616265289, 7.774995270323759], [-0.051718904420033615, -0.9962158355155503, 0.06985123950674463, 59.42955933860943], [0.0, 0.0, 0.0, 1.0]]}]}