{"camera": {"camera": "RealSense D415", "extrinsics": [[-0.58577883, 0.81033444, 0.0148727605, 0.44008353], [0.80753314, 0.5851183, -0.07434279, -0.5740149], [-0.06894484, -0.031538185, -0.9971218, 0.3228924], [0.0, 0.0, 0.0, 1.0]], "height": 480, "intrinsics": [[605.8222, 0.0, 326.28275], [0.0, 605.7743, 245.73769], [0.0, 0.0, 1.0]], "width": 640}, "objects": [{"class": "MacaroniAndCheese", "pose": [[-0.9644899007938376, -0.2613526652205612, 0.03813036928741743, -2.647370791044368], [-0.26404151493198086, 0.9576142168250349, -0.11513964702068744, 10.410302996646914], [-0.006422163560032979, -0.1211190280813477, -0.992617196143472, 59.98154565567854], [0.0, 0.0, 0.0, 1.0]]}, {"class": "Pineapple", "pose": [[-0.43167621800194805, 0.02766628145935187, 0.9016041975805897, -0.7301249997933357], [-0.9005196006676782, -0.07101026420906296, -0.42897790080531417, -4.649300926853761], [0.0521549076734719, -0.9970918112815791, 0.05556749687256062, 60.793008501283], [0.0, 0.0, 0.0, 1.0]]}, {"class": "Milk", "pose": [[-0.7542394848028349, 0.041307045274806165, 0.655298738735404, 11.88009589009883], [-0.6548699875808681, -0.11971311157081435, -0.7461997845570019, 28.05245010629218], [0.04762451300572084, -0.9919488193975313, 0.11734311519940875, 50.75132232516965], [0.0, 0.0, 0.0, 1.0]]}, {"class": "TomatoSauce", "pose": [[0.7524871297948418, -0.047938577807998435, -0.6568598950035378, 19.8776480036398], [0.6534192330224857, -0.07059323297895774, 0.7536975186126945, 21.350932445139716], [-0.08250102114217604, -0.9963525752488492, -0.02179652571796407, 57.32954746405826], [0.0, 0.0, 0.0, 1.0]]}, {"class": "Cookies", "pose": [[-0.9997771304673224, 0.020599268184738524, 0.004611828050910935, 14.65644747083472], [-0.005768791488581267, -0.056462303980926866, -0.9983880896039246, -9.956495603300992], [-0.02030570209247136, -0.9981921855937724, 0.05656854523450972, 55.83651803974874], [0.0, 0.0, 0.0, 1.0]]}, {"class": "OrangeJuice", "pose": [[-0.2994309907349352, 0.003200632456583992, -0.9541125442800578, 11.189629888291307], [0.9510703353925617, -0.07886180321815153, -0.2987408263336467, 6.194306248346049], [-0.0761991973846017, -0.9968804014401738, 0.020569607927977292, 53.04558147070454], [0.0, 0.0, 0.0, 1.0]]}, {"class": "Mustard", "pose": [[0.9998617980328208, 0.013244238551481673, -0.010044122309001235, 22.815075441924574], [0.011022693304307543, -0.07600939246547705, 0.9970461978656742, 2.1275629398313733], [0.012441702607816003, -0.997019119398026, -0.07614486731811387, 55.059296101732436], [0.0, 0.0, 0.0, 1.0]]}, {"class": "Parmesan", "pose": [[0.6019922681804618, 0.023922131505152395, -0.7981434395447876, 20.53481920638507], [0.7943941834523897, -0.11919908830747404, 0.5955917283112031, 34.95334491265423], [-0.08089012081240232, -0.9925821233674723, -0.0907605528529003, 55.06515429135741], [0.0, 0.0, 0.0, 1.0]]}, {"class": "CreamCheese", "pose": [[0.9926215249989806, -0.1187764136298377, -0.024384033446576147, 30.649497632449997], [0.12095453711338365, 0.9840597179931249, 0.1303707005581669, 20.64519441468411], [0.008510414029093404, -0.13235811913787962, 0.9911654061655027, 60.476690231035434], [0.0, 0.0, 0.0, 1.0]]}, {"class": "AlphabetSoup", "pose": [[-0.6683765975697024, -0.0017907758289737105, -0.7438208294719033, 35.45180633660926], [0.7406408484945917, -0.09400301167979808, -0.6652928795090081, 8.169485054804193], [-0.06873002347224885, -0.9955702840922593, 0.06415570538815665, 59.056985159716604], [0.0, 0.0, 0.0, 1.0]]}]}