{"camera": {"camera": "RealSense D415", "extrinsics": [[-0.58098346, 0.81359875, 0.02270054, 0.432142], [0.8102812, 0.580797, -0.07822555, -0.5715822], [-0.07682862, -0.027053932, -0.9966772, 0.32587525], [0.0, 0.0, 0.0, 1.0]], "height": 480, "intrinsics": [[605.8222, 0.0, 326.28275], [0.0, 605.7743, 245.73769], [0.0, 0.0, 1.0]], "width": 640}, "objects": [{"class": "MacaroniAndCheese", "pose": [[-0.9657643958214102, -0.2553623319332633, 0.045707769654322404, -3.314808621462734], [-0.25907493804278675, 0.9584829287281406, -0.11912458672676528, 10.999084833150064], [-0.013390219740061068, -0.12688803541232732, -0.9918266739946144, 59.637349580178764], [0.0, 0.0, 0.0, 1.0]]}, {"class": "Pineapple", "pose": [[-0.4367685832803624, 0.03551053794532824, 0.8988727359129096, -1.4826565424395588], [-0.8980704198126512, -0.07495911085743706, -0.43341742939683636, -4.067019988848286], [0.05198780185077784, -0.9965541395526608, 0.06463078339217934, 60.52147234639248], [0.0, 0.0, 0.0, 1.0]]}, {"class": "Milk", "pose": [[-0.758001730140363, 0.04885500411145925, 0.6504202908050651, 11.379763027369933], [-0.650775788002489, -0.12371182550083261, -0.7491236702500869, 28.530527192039877], [0.04386621575723148, -0.9911148223867122, 0.125567458854601, 50.46087121095945], [0.0, 0.0, 0.0, 1.0]]}, {"class": "TomatoSauce", "pose": [[0.7565292547555849, -0.04009465759160479, -0.6527295719860029, 19.2878879183749], [0.649200949024637, -0.0741484488105748, 0.7569941549790629, 21.812925410705898], [-0.07875028129822727, -0.9964408919512214, -0.03006600747705004, 57.13017575672499], [0.0, 0.0, 0.0, 1.0]]}, {"class": "Cookies", "pose": [[-0.9995924238115125, 0.0285285820907699, -0.0010465543344979754, 13.916421864611262], [-0.0006781585067685866, -0.0603791221536087, -0.9981752937520385, -9.472567165562179], [-0.028539753028948373, -0.99776775949723, 0.060373863282299475, 55.712294335643975], [0.0, 0.0, 0.0, 1.0]]}, {"class": "OrangeJuice", "pose": [[-0.29384296929369985, 0.011003475566741241, -0.9557903650568851, 10.556754762610982], [0.9523075392288037, -0.08268321248746752, -0.2937241094100079, 6.685164646372598], [-0.08225981819575735, -0.996515143557941, 0.013817153570959223, 52.83186226773666], [0.0, 0.0, 0.0, 1.0]]}, {"class": "Mustard", "pose": [[0.9997692002674484, 0.021062582166901527, -0.004231175074279417, 22.143909327563513], [0.005901486131672935, -0.07988330778797188, 0.9967867600175376, 2.566100298083318], [0.02065693988247964, -0.9965816802876376, -0.07998917497053172, 54.95685737209109], [0.0, 0.0, 0.0, 1.0]]}, {"class": "Parmesan", "pose": [[0.6067613967300597, 0.03147880563049908, -0.7942604618434204, 20.034423066314165], [0.7909570752298322, -0.12311036495488673, 0.5993586226396626, 35.40301333461346], [-0.07891458227417296, -0.9918936145027634, -0.09959703296706038, 54.819945211223086], [0.0, 0.0, 0.0, 1.0]]}, {"class": "CreamCheese", "pose": [[0.9931333590462501, -0.11256271537262863, -0.031870915752650025, 30.02962780128232], [0.11585347315681391, 0.9841479625966241, 0.13427872438471758, 21.063537176994263], [0.016250955483516343, -0.13704904506287935, 0.9904309609740255, 60.368812898362734], [0.0, 0.0, 0.0, 1.0]]}, {"class": "AlphabetSoup", "pose": [[-0.6639269529808163, 0.005922768490245816, -0.7477739704833803, 34.77852567275171], [0.7438180756928525, -0.09779330387241456, -0.6611891978384625, 8.557840541043182], [-0.07704338499567466, -0.9951891339057589, 0.06052212279009829, 59.035930112971954], [0.0, 0.0, 0.0, 1.0]]}]}