{"camera": {"camera": "RealSense D415", "extrinsics": [[-0.57785577, 0.815598, 0.029707402, 0.42590058], [0.8119271, 0.5781859, -0.08047029, -0.5699555], [-0.08280781, -0.022379978, -0.9963142, 0.32851136], [0.0, 0.0, 0.0, 1.0]], "height": 480, "intrinsics": [[605.8222, 0.0, 326.28275], [0.0, 605.7743, 245.73769], [0.0, 0.0, 1.0]], "width": 640}, "objects": [{"class": "MacaroniAndCheese", "pose": [[-0.9664519309134927, -0.25141412202868785, 0.05254988159705312, -3.919838123343855], [-0.25607788859553554, 0.9589988362659206, -0.12143049675380208, 11.365976480331142], [-0.019865968456032616, -0.13081361258916127, -0.9912079268053163, 59.41410183363125], [0.0, 0.0, 0.0, 1.0]]}, {"class": "Pineapple", "pose": [[-0.4399597379971746, 0.04252638156984794, 0.8970099338300399, -2.14159667165485], [-0.8965826929290336, -0.07724372178756783, -0.43608817997434907, -3.703827494796863], [0.05074311769161564, -0.9961048761126156, 0.07211257792245887, 60.34406761956473], [0.0, 0.0, 0.0, 1.0]]}, {"class": "Milk", "pose": [[-0.7603453378451613, 0.055677398469457205, 0.6471281790298884, 10.896234481787603], [-0.6483016097847566, -0.12602600507702275, -0.7508811406099049, 28.831255678699065], [0.03974784448287323, -0.9904632668326848, 0.1319190585817963, 50.307091602016904], [0.0, 0.0, 0.0, 1.0]]}, {"class": "TomatoSauce", "pose": [[0.759121837205362, -0.03307470599243872, -0.6501076723737439, 18.7344287471478], [0.6466552949309134, -0.07619605449182287, 0.7589671332452443, 22.103486728142872], [-0.07463823012771487, -0.9965441484188405, -0.036454176147407265, 57.04831313853796], [0.0, 0.0, 0.0, 1.0]]}, {"class": "Cookies", "pose": [[-0.9993553705555354, 0.03559936659620213, -0.004627528227429904, 13.274984696833892], [0.0023898965909148417, -0.06264462213024112, -0.9980330446639809, -9.168049912243026], [-0.03581926983279457, -0.9974007953881326, 0.06251916002939681, 55.658875677675056], [0.0, 0.0, 0.0, 1.0]]}, {"class": "OrangeJuice", "pose": [[-0.2902377863101448, 0.01799549662847812, -0.9567852815948936, 9.987241121652845], [0.9530413522169929, -0.0848909361559602, -0.290698690144594, 6.993801759876394], [-0.08645367630348154, -0.9962277363828147, 0.007488071727918067, 52.71917423304583], [0.0, 0.0, 0.0, 1.0]]}, {"class": "Mustard", "pose": [[0.9996059519155901, 0.028063583010190383, -0.0005116456741839605, 21.545601038157898], [0.0028156432946615647, -0.08212269793969179, 0.9966182584945733, 2.843116854739336], [0.027926696949960098, -0.9962270367574098, -0.08216935520029178, 54.93740921069807], [0.0, 0.0, 0.0, 1.0]]}, {"class": "Parmesan", "pose": [[0.6098060473255724, 0.03830930817933764, -0.7916241956444482, 19.54052693829348], [0.7888790413510783, -0.12537183277710587, 0.6016242849087168, 35.686098163277], [-0.07619954643760121, -0.991369916453356, -0.10667394235231671, 54.71425203134298], [0.0, 0.0, 0.0, 1.0]]}, {"class": "CreamCheese", "pose": [[0.9933484437494755, -0.10846427378886946, -0.03865561006744723, 29.44990111091965], [0.11277799891194941, 0.9841943281736996, 0.13653814807938697, 21.327530266268248], [0.023235156520092004, -0.13998946660560077, 0.9898803406695086, 60.366725557105305], [0.0, 0.0, 0.0, 1.0]]}, {"class": "AlphabetSoup", "pose": [[-0.6610042708892504, 0.012857742127477393, -0.7502718959892419, 34.168990297532574], [0.7457237357332209, -0.0999821142041299, -0.6587106385448576, 8.804145466490432], [-0.08348332590975124, -0.9949061601332518, 0.056500255990311526, 59.09547072555801], [0.0, 0.0, 0.0, 1.0]]}]}