{"camera": {"camera": "RealSense D415", "extrinsics": [[-0.57555246, 0.8167037, 0.041646913, 0.41547263], [0.8123671, 0.5768533, -0.085440084, -0.5671482], [-0.09380339, -0.01534267, -0.9954725, 0.3327821], [0.0, 0.0, 0.0, 1.0]], "height": 480, "intrinsics": [[605.8222, 0.0, 326.28275], [0.0, 605.7743, 245.73769], [0.0, 0.0, 1.0]], "width": 640}, "objects": [{"class": "MacaroniAndCheese", "pose": [[-0.966535924413006, -0.24832596698315604, 0.064362416473275, -5.175004894484725], [-0.25473389454530254, 0.9587135008031779, -0.126408502276193, 11.846388217036917], [-0.030314636433086035, -0.13857365254861242, -0.9898880584962545, 58.938492685367336], [0.0, 0.0, 0.0, 1.0]]}, {"class": "Pineapple", "pose": [[-0.44193000517875747, 0.05446739946995075, 0.8953944229394037, -3.431496451103272], [-0.8956648354384777, -0.08223160810588931, -0.4370612180089843, -3.2212638230816992], [0.04982411867387404, -0.9951237430745936, 0.0851251777313878, 59.96416938306606], [0.0, 0.0, 0.0, 1.0]]}, {"class": "Milk", "pose": [[-0.7617740793879335, 0.0674735650308175, 0.644319462462528, 9.777306513469346], [-0.646964452037032, -0.13100492326464333, -0.751182235533469, 29.244344203066376], [0.03372405131331546, -0.9890829218728034, 0.14344917127258844, 49.92576788816081], [0.0, 0.0, 0.0, 1.0]]}, {"class": "TomatoSauce", "pose": [[0.7609706771600461, -0.02112111466382941, -0.6484423850514711, 17.522855238884564], [0.645147452385923, -0.0810735748662206, 0.75974461711721, 22.53833009923383], [-0.06861816774804888, -0.9964843092900801, -0.04806840032484784, 56.794543694034296], [0.0, 0.0, 0.0, 1.0]]}, {"class": "Cookies", "pose": [[-0.9988434285938178, 0.04757920410006581, -0.006929949888207152, 12.032216795098115], [0.0037005458351717876, -0.0676287984038208, -0.9977037108717138, -8.731532709954804], [-0.0479386456045622, -0.9965754183407695, 0.0673745095176029, 55.493123201822726], [0.0, 0.0, 0.0, 1.0]]}, {"class": "OrangeJuice", "pose": [[-0.2876932080066309, 0.029927986792051258, -0.9572548946789099, 8.80534972532182], [0.9530332492001293, -0.08984280747131418, -0.2892333641973702, 7.420461898104791], [-0.09465864666446473, -0.9955061960896283, -0.002675233639969956, 52.43421001549875], [0.0, 0.0, 0.0, 1.0]]}, {"class": "Mustard", "pose": [[0.999197639627596, 0.039999601821535335, 0.002026950927455363, 20.329555810578366], [0.0014655239427049593, -0.08708959166039484, 0.9961994270045588, 3.263593510022944], [0.040024139847805056, -0.9953971242671573, -0.087078332243643, 54.812773133192316], [0.0, 0.0, 0.0, 1.0]]}, {"class": "Parmesan", "pose": [[0.6119051716965236, 0.0501187618540718, -0.7893416055641338, 18.37819579225571], [0.7875838793205412, -0.13032938598247512, 0.6022673221120749, 36.1080188832393], [-0.07268949148885573, -0.9902031915072962, -0.11922197814192435, 54.40353669972986], [0.0, 0.0, 0.0, 1.0]]}, {"class": "CreamCheese", "pose": [[0.9931677092412943, -0.10523661853023049, -0.05042970507573109, 28.19613857526874], [0.11141253155912002, 0.9836504653698606, 0.14148870233858585, 21.762840284084728], [0.03471544335945416, -0.14614051140462397, 0.9886545360412651, 60.24635010024141], [0.0, 0.0, 0.0, 1.0]]}, {"class": "AlphabetSoup", "pose": [[-0.6587891120769642, 0.024751238514119183, -0.751920395862597, 32.910878152810305], [0.7462850657018102, -0.10491960056554873, -0.6573055006827667, 9.226310535315662], [-0.09516033270801928, -0.9941726484931047, 0.05064838381747523, 59.094088293340484], [0.0, 0.0, 0.0, 1.0]]}]}