{"camera": {"camera": "RealSense D415", "extrinsics": [[-0.6764698, 0.7286528, 0.10702188, 0.52587926], [0.73612785, 0.67340934, 0.06808565, -0.3810973], [-0.02245874, 0.12483967, -0.99192274, 0.06946961], [0.0, 0.0, 0.0, 1.0]], "height": 480, "intrinsics": [[603.75165, 0.0, 326.28275], [0.0, 603.20245, 245.73769], [0.0, 0.0, 1.0]], "width": 640}, "objects": [{"class": "ChocolatePudding", "pose": [[0.18316964475353228, 0.02817476707667663, 0.982677477176815, 24.443846327158397], [-0.9826186946135307, 0.03590885218873538, 0.18212916351835054, 0.4140007836831383], [-0.030155375223320045, -0.9989578465937433, 0.03426246458734053, 45.50166225834605], [0.0, 0.0, 0.0, 1.0]]}, {"class": "MacaroniAndCheese", "pose": [[0.14891769459815682, 0.7363677855315315, -0.6599893673965582, 13.744243830089669], [0.05981354056022235, -0.6729171629998406, -0.7372956048826702, 1.3876558158903263], [-0.9870389567212555, 0.07032006346335504, -0.14425404325283958, 40.358894854780445], [0.0, 0.0, 0.0, 1.0]]}, {"class": "Milk", "pose": [[0.9093719846847977, 0.4039337986306321, 0.0993983913542403, -2.2940875551429207], [0.403080018302174, -0.9146914443773608, 0.029428511715387004, 0.029398267441699266], [0.10280603241058783, 0.013304041478920356, -0.9946124695508233, 40.80861740816673], [0.0, 0.0, 0.0, 1.0]]}, {"class": "Ketchup", "pose": [[-0.0022729054189566974, 0.06995264732826185, 0.9975477038429161, 7.991007436888187], [-0.9992581777073578, 0.03819058039295411, -0.004954869082542912, 14.28310805915251], [-0.03844353380249922, -0.9968190151914756, 0.06981395324102037, 39.2456283126147], [0.0, 0.0, 0.0, 1.0]]}, {"class": "OrangeJuice", "pose": [[0.0933833696390238, -0.9876270808220362, -0.12598514162929958, 17.131294723885137], [0.9910438527001433, 0.10433766194339439, -0.08334093351317924, -12.075166232998702], [0.09545476264806121, -0.11707414738769072, 0.9885252018572488, 42.883034880961965], [0.0, 0.0, 0.0, 1.0]]}]}