{"camera": {"camera": "RealSense D415", "extrinsics": [[-0.5512544, 0.83159703, 0.067564785, 0.37176076], [0.82343507, 0.5553128, -0.11654353, -0.5652135], [-0.13443685, -0.00860992, -0.9908848, 0.34394366], [0.0, 0.0, 0.0, 1.0]], "height": 480, "intrinsics": [[605.8222, 0.0, 326.28275], [0.0, 605.7743, 245.73769], [0.0, 0.0, 1.0]], "width": 640}, "objects": [{"class": "MacaroniAndCheese", "pose": [[-0.9716132025671795, -0.2191813798766327, 0.08903542592138884, -8.447393832682659], [-0.23104060249135175, 0.9600482339773525, -0.15788490308452394, 13.943037474552856], [-0.0508729088899823, -0.17397386950100543, -0.9834353850980501, 56.650346941808124], [0.0, 0.0, 0.0, 1.0]]}, {"class": "Pineapple", "pose": [[-0.46640353039060595, 0.08044967819011384, 0.8809061220554467, -7.127717716815435], [-0.8822993409041044, -0.11365081223047417, -0.45676184177768897, -1.1259128011521402], [0.06336933873575189, -0.9902582748089034, 0.12398787388982786, 58.17059655721333], [0.0, 0.0, 0.0, 1.0]]}, {"class": "Milk", "pose": [[-0.7790595185377457, 0.09200143492577127, 0.6201628836876755, 7.20331933288575], [-0.6262007502044751, -0.16253197411261966, -0.7625326170197685, 30.67713466509924], [0.030642176506985495, -0.9824048041553111, 0.18423347845196553, 47.566577400447606], [0.0, 0.0, 0.0, 1.0]]}, {"class": "TomatoSauce", "pose": [[0.7791970522273978, 0.004986006828174422, -0.6267591988096555, 14.573545075637185], [0.6233497363941514, -0.1106256456160587, 0.7740782175297152, 23.988509832979165], [-0.06547605722113327, -0.9938496977913723, -0.08930722771312223, 54.85261239487208], [0.0, 0.0, 0.0, 1.0]]}, {"class": "Cookies", "pose": [[-0.9966486120096657, 0.07398905192178137, -0.034887879433991534, 8.307184492033642], [0.027475844256329457, -0.0989292883744561, -0.9947150788385256, -7.157750262222939], [-0.0770494968300716, -0.9923400252815832, 0.09656482824201597, 54.3156679350724], [0.0, 0.0, 0.0, 1.0]]}, {"class": "OrangeJuice", "pose": [[-0.2599109137383447, 0.05574052720434226, -0.9640224635884578, 5.591126231469346], [0.9566953684805031, -0.12064785826551512, -0.2649114576769151, 8.970651031273002], [-0.1310735637935203, -0.9911292543247614, -0.02196904383763037, 50.68878993742434], [0.0, 0.0, 0.0, 1.0]]}, {"class": "Mustard", "pose": [[0.9973615221877318, 0.06587348413612572, 0.030507014006898196, 16.93088878600752], [-0.022562187542454416, -0.11814786815505285, 0.9927396653344345, 4.597899916899539], [0.06899959701303494, -0.9908086976305277, -0.11634989085842407, 53.52309338181254], [0.0, 0.0, 0.0, 1.0]]}, {"class": "Parmesan", "pose": [[0.6340772403720328, 0.07470886360860925, -0.7696522842797098, 15.85031934125982], [0.7693173782323451, -0.16145251181033674, 0.6181293328782033, 37.4537116767836], [-0.07808253534595028, -0.9840486674096525, -0.1598482237444821, 52.08798611524992], [0.0, 0.0, 0.0, 1.0]]}, {"class": "CreamCheese", "pose": [[0.9943576982538777, -0.07533274657518571, -0.07468430205316011, 25.120941932459985], [0.08729108280466841, 0.9811227715049091, 0.17256415700232647, 23.048473332180098], [0.06027477490698223, -0.1781097815186503, 0.9821629060539409, 58.63468611029607], [0.0, 0.0, 0.0, 1.0]]}, {"class": "AlphabetSoup", "pose": [[-0.6361166643069375, 0.05013612721474686, -0.7699623093992328, 29.537400536312063], [0.7594656972250425, -0.13554183767080175, -0.6362706021528194, 10.367738763496048], [-0.13626227767452456, -0.9895023445926274, 0.04814372772932177, 57.99054782265956], [0.0, 0.0, 0.0, 1.0]]}]}