{"camera": {"camera": "RealSense D415", "extrinsics": [[-0.49189267, 0.86818135, 0.06559505, 0.3112837], [0.8478474, 0.49477696, -0.19065814, -0.5540142], [-0.19798076, -0.03816874, -0.9794625, 0.37402833], [0.0, 0.0, 0.0, 1.0]], "height": 480, "intrinsics": [[605.8222, 0.0, 326.28275], [0.0, 605.7743, 245.73769], [0.0, 0.0, 1.0]], "width": 640}, "objects": [{"class": "MacaroniAndCheese", "pose": [[-0.9849666481517309, -0.1508923235362154, 0.08409603558010723, -9.633228503363156], [-0.16665630883457566, 0.9581511843493542, -0.232748704974168, 19.431528927014806], [-0.04545676346867527, -0.24326485176877344, -0.9688941891852659, 54.153399079681776], [0.0, 0.0, 0.0, 1.0]]}, {"class": "Pineapple", "pose": [[-0.5269250835288452, 0.0786454479893161, 0.8462651974011361, -9.37258153564361], [-0.8414261932731817, -0.18862181027600944, -0.5063830081801637, 4.4527131509306646], [0.11979932997491319, -0.978895683570205, 0.1655639348206242, 56.74050167520264], [0.0, 0.0, 0.0, 1.0]]}, {"class": "Milk", "pose": [[-0.8208328858874125, 0.08672566364892678, 0.5645458060991145, 7.198807563592544], [-0.5673769175879767, -0.23750435383120935, -0.788463754595716, 34.36512334451947], [0.06570201052120146, -0.9675073093432309, 0.24415754641009504, 44.095568519526495], [0.0, 0.0, 0.0, 1.0]]}, {"class": "TomatoSauce", "pose": [[0.8209931235264704, 0.003598193809250784, -0.5709266840823469, 14.040517781949413], [0.5620683439423092, -0.18067285161680874, 0.8071161468079966, 27.71696377006805], [-0.10024676034624926, -0.9835366961635119, -0.15035361528060773, 51.91459702632921], [0.0, 0.0, 0.0, 1.0]]}, {"class": "Cookies", "pose": [[-0.9918273711278555, 0.07323580083766522, -0.1044744841144302, 5.630455012775226], [0.09047188881532733, -0.1736746824494254, -0.9806385261766258, -2.8841877929817517], [-0.08996245963499958, -0.9820762066343166, 0.16562951279067237, 53.49111467347469], [0.0, 0.0, 0.0, 1.0]]}, {"class": "OrangeJuice", "pose": [[-0.19202767709960666, 0.0535161660103409, -0.979929245240179, 4.063740320731285], [0.9606492430058697, -0.19394614580127376, -0.19884139773364082, 13.096099303809483], [-0.2006947329252462, -0.9795514115067064, -0.014167274945712965, 48.71279217696266], [0.0, 0.0, 0.0, 1.0]]}, {"class": "Mustard", "pose": [[0.9929307468605231, 0.06379599895055132, 0.10009264174058562, 15.054350619707096], [-0.0862002011184097, -0.19213290310316583, 0.9775758026280534, 8.16474911285674], [0.08159655321593917, -0.9792931494080201, -0.1852754309505269, 51.97357569990426], [0.0, 0.0, 0.0, 1.0]]}, {"class": "Parmesan", "pose": [[0.686440296536466, 0.06956053730581566, -0.723851494033381, 16.266556073485173], [0.7164182959676204, -0.23535650236580768, 0.6567740243101668, 40.83324946668013], [-0.12467757399842651, -0.9694166815223539, -0.21139265695893308, 48.22776041810186], [0.0, 0.0, 0.0, 1.0]]}, {"class": "CreamCheese", "pose": [[0.9976162328891134, -0.0059043329913057215, -0.06875263778042133, 24.472997056841706], [0.022707365657593334, 0.9689329252159322, 0.2462789860888994, 26.32309422743797], [0.06516262077906541, -0.24725310581142212, 0.9667573582900278, 55.871341576622704], [0.0, 0.0, 0.0, 1.0]]}, {"class": "AlphabetSoup", "pose": [[-0.580978003819194, 0.04688105465914497, -0.8125679419384045, 28.002425655789402], [0.7899000373317032, -0.208266884938223, -0.5767866266420282, 13.354793702039524], [-0.19627137906234, -0.976947863101667, 0.0839670996888523, 56.16691541659461], [0.0, 0.0, 0.0, 1.0]]}]}