{"camera": {"camera": "RealSense D415", "extrinsics": [[-0.4583703, 0.8853361, 0.07795283, 0.27141264], [0.8651467, 0.46455595, -0.18896805, -0.573989], [-0.20351368, -0.0191767, -0.9788843, 0.37295064], [0.0, 0.0, 0.0, 1.0]], "height": 480, "intrinsics": [[605.8222, 0.0, 326.28275], [0.0, 605.7743, 245.73769], [0.0, 0.0, 1.0]], "width": 640}, "objects": [{"class": "MacaroniAndCheese", "pose": [[-0.9890699941408522, -0.11294806956526515, 0.0947799303289562, -11.327466398241704], [-0.13226136510678463, 0.9637504334106741, -0.23171533278492884, 18.73460776911926], [-0.0651724363027566, -0.24171840482516424, -0.9681553782248307, 53.60166399534616], [0.0, 0.0, 0.0, 1.0]]}, {"class": "Pineapple", "pose": [[-0.5579090642479838, 0.09105234732205843, 0.8248920541492384, -11.634773182691122], [-0.8231347671894153, -0.1873871952835694, -0.5360365250004778, 3.7457081735359], [0.10576679699627829, -0.9780570416643938, 0.17949339256464758, 56.124441587843734], [0.0, 0.0, 0.0, 1.0]]}, {"class": "Milk", "pose": [[-0.8410674283649487, 0.09721626949435841, 0.5321226670708915, 6.202435700131762], [-0.5388598594190048, -0.23656461695679207, -0.8084968744267468, 33.11562991474484], [0.047282311290339794, -0.9667400093532567, 0.251352754958509, 43.9384145933567], [0.0, 0.0, 0.0, 1.0]]}, {"class": "TomatoSauce", "pose": [[0.8417141243906009, 0.016428712001670183, -0.5396734060010705, 12.657401085701348], [0.5336846126243806, -0.17682551714309663, 0.8269905880854044, 26.203838251124147], [-0.08184160806410934, -0.9841051303899646, -0.1576042943582271, 51.85704998658689], [0.0, 0.0, 0.0, 1.0]]}, {"class": "Cookies", "pose": [[-0.9861774328438826, 0.08622511254331813, -0.1414894195260121, 3.1659883959496593], [0.12512296223457814, -0.1722492941027317, -0.9770744020030185, -4.09361725019709], [-0.10861983696784841, -0.9812723774397291, 0.1590796101371349, 53.13075346769993], [0.0, 0.0, 0.0, 1.0]]}, {"class": "OrangeJuice", "pose": [[-0.15479047069412083, 0.065771544647699, -0.9857555320759885, 2.245357449527283], [0.9675045673351711, -0.1918353459819592, -0.16472423702772968, 11.949986326833406], [-0.1999369180053164, -0.9792207993236588, -0.03394002152318021, 48.396648048183124], [0.0, 0.0, 0.0, 1.0]]}, {"class": "Mustard", "pose": [[0.9875898051520371, 0.07610094895938273, 0.13738623383989423, 12.993695954293457], [-0.12085923557694546, -0.1903802701905511, 0.9742424543945577, 6.628159360144292], [0.10029643717512193, -0.9787563881165033, -0.17882009809201224, 51.84567895652788], [0.0, 0.0, 0.0, 1.0]]}, {"class": "Parmesan", "pose": [[0.7130741531918867, 0.08017587315765086, -0.6964890784029193, 15.406413144764397], [0.6926970500972681, -0.2338160442079462, 0.6822762023581742, 39.249529644530355], [-0.1081482020462006, -0.9689695326423556, -0.22226578971031954, 48.274058324623944], [0.0, 0.0, 0.0, 1.0]]}, {"class": "CreamCheese", "pose": [[0.9963534960512056, 0.03237595406047598, -0.07893961886582039, 22.95678076569686], [-0.01211560732822233, 0.9695194999528779, 0.24471435045168916, 24.433940562887702], [0.08445639554998188, -0.2428655919194083, 0.9663764750773188, 56.007419241256976], [0.0, 0.0, 0.0, 1.0]]}, {"class": "AlphabetSoup", "pose": [[-0.5494211090605043, 0.058596315113064755, -0.8334883752610845, 26.029604246826455], [0.810313387640218, -0.20592779295582017, -0.5486218369206436, 11.350115730845967], [-0.20378565204464616, -0.9768112849496572, 0.06565966559663262, 56.311273869939335], [0.0, 0.0, 0.0, 1.0]]}]}