{"camera": {"camera": "RealSense D415", "extrinsics": [[-0.39664146, 0.9151357, 0.072126135, 0.21081147], [0.8964794, 0.40305975, -0.18403107, -0.6073197], [-0.19748455, -0.00833476, -0.98027056, 0.36868286], [0.0, 0.0, 0.0, 1.0]], "height": 480, "intrinsics": [[605.8222, 0.0, 326.28275], [0.0, 605.7743, 245.73769], [0.0, 0.0, 1.0]], "width": 640}, "objects": [{"class": "MacaroniAndCheese", "pose": [[-0.9952853337146101, -0.04501321250609595, 0.0859119577347204, -12.214063573608748], [-0.06361696838955154, 0.9715958174897377, -0.22793497147605662, 17.687824685506126], [-0.0732116458546286, -0.23232580768051267, -0.969878752481911, 53.71535441124158], [0.0, 0.0, 0.0, 1.0]]}, {"class": "Pineapple", "pose": [[-0.6136353865002007, 0.08529655922966735, 0.7849688265833644, -13.563867084425146], [-0.7840518345733981, -0.18335859158367626, -0.59299430861262, 2.7305310211568568], [0.09335039180086907, -0.9793386218023044, 0.17939227607676386, 56.078263885517245], [0.0, 0.0, 0.0, 1.0]]}, {"class": "Milk", "pose": [[-0.8762592238567273, 0.08800057072923734, 0.4737358139793405, 6.329092021801014], [-0.4804966271642114, -0.2329535418733427, -0.8454913015903243, 30.931912293617415], [0.035954696257631924, -0.9684980932698695, 0.24641169547864927, 44.321996486768796], [0.0, 0.0, 0.0, 1.0]]}, {"class": "TomatoSauce", "pose": [[0.8768074575123036, 0.011616321100119448, -0.48070125111574463, 12.237529410714252], [0.4756361537749572, -0.16765564159565544, 0.863517074246788, 23.515581592635904], [-0.07056136556112458, -0.985777188427857, -0.15252687954728547, 52.21076247717493], [0.0, 0.0, 0.0, 1.0]]}, {"class": "Cookies", "pose": [[-0.9744847837814617, 0.08153930075510393, -0.2091188606991246, 0.6883060321446838], [0.19338905328299288, -0.16789439136666226, -0.9666499107072549, -6.072697091042767], [-0.11392987542070614, -0.9824270094707708, 0.14784172302822252, 53.10194725467494], [0.0, 0.0, 0.0, 1.0]]}, {"class": "OrangeJuice", "pose": [[-0.08681046950778841, 0.05978019628035427, -0.9944295951980985, 0.9015966777597861], [0.9777848308714441, -0.18605465952935685, -0.0965421702549485, 10.042973269506039], [-0.19078958242151248, -0.9807191269539272, -0.04230070667454447, 48.53071173055577], [0.0, 0.0, 0.0, 1.0]]}, {"class": "Mustard", "pose": [[0.9762470828955075, 0.0701811614171382, 0.20497850377414709, 11.235132105111202], [-0.18914868683563096, -0.1853144830535548, 0.9643034891004851, 3.9638704855159967], [0.10566145744609086, -0.9801699650308481, -0.1676380523055777, 51.99582167568123], [0.0, 0.0, 0.0, 1.0]]}, {"class": "Parmesan", "pose": [[0.7595357102411266, 0.07120492458795256, -0.6465565040058482, 15.89832186188318], [0.6433335721840048, -0.22902324998163479, 0.7305273220908552, 36.37788686977477], [-0.09605931370133323, -0.9708131751610353, -0.2197598864761062, 48.78371490794385], [0.0, 0.0, 0.0, 1.0]]}, {"class": "CreamCheese", "pose": [[0.9925402699115743, 0.100369778410073, -0.0692074380042059, 22.36072840787748], [-0.08110614001188533, 0.9674192285932653, 0.2398368875982232, 21.003589016866297], [0.09102501451198874, -0.2324346324873184, 0.9683432288566856, 56.411483481237376], [0.0, 0.0, 0.0, 1.0]]}, {"class": "AlphabetSoup", "pose": [[-0.49122261259997285, 0.05164083435662613, -0.8695018794613053, 24.52975490901359], [0.8480099575757617, -0.1996465940589426, -0.4909381343768658, 7.737790318504678], [-0.19894556833070404, -0.9785062472819601, 0.05427895900588438, 56.598412823270664], [0.0, 0.0, 0.0, 1.0]]}]}