{"camera": {"camera": "RealSense D415", "extrinsics": [[-0.23196429, 0.97177726, 0.042912804, 0.09251687], [0.95344275, 0.23588516, -0.18789665, -0.640447], [-0.1927162, -0.002670416, -0.9812509, 0.35669297], [0.0, 0.0, 0.0, 1.0]], "height": 480, "intrinsics": [[605.8222, 0.0, 326.28275], [0.0, 605.7743, 245.73769], [0.0, 0.0, 1.0]], "width": 640}, "objects": [{"class": "MacaroniAndCheese", "pose": [[-0.9906359151473911, 0.1275419633162105, 0.0487185562882299, -9.808830921084741], [0.11285098443107687, 0.9657610206722477, -0.23360292002861593, 18.90457085721978], [-0.07684468973941874, -0.2259175267689839, -0.9711108034609114, 52.937040458832016], [0.0, 0.0, 0.0, 1.0]]}, {"class": "Pineapple", "pose": [[-0.7423397784439649, 0.05599208558963955, 0.6676799429399989, -13.777912116757834], [-0.664470131451965, -0.18955647281673682, -0.7228746820883598, 4.403704908765271], [0.08608778854575466, -0.9802720265219009, 0.17792041626245841, 55.19475010754341], [0.0, 0.0, 0.0, 1.0]]}, {"class": "Milk", "pose": [[-0.9472433696943235, 0.049886148601244074, 0.31660912378064743, 10.814939749276562], [-0.31911814149845247, -0.2389188633248212, -0.917104904848409, 28.737986793955894], [0.029893040880870282, -0.9697572702384496, 0.2422339174591867, 43.69292475602608], [0.0, 0.0, 0.0, 1.0]]}, {"class": "TomatoSauce", "pose": [[0.9470791689160347, -0.01375027896385181, -0.3207053852790757, 15.292841390514386], [0.3144470444836305, -0.16110205581250694, 0.9355047844941003, 20.35045847272515], [-0.06452972977085011, -0.9868419727975507, -0.14825269826144058, 51.55053263023503], [0.0, 0.0, 0.0, 1.0]]}, {"class": "Cookies", "pose": [[-0.9247914072622092, 0.05502601728534318, -0.37647437759954816, -1.2828890616994924], [0.36243585040956616, -0.17365407923779003, -0.9156880107792333, -6.750496762298086], [-0.1157630119071568, -0.9832682314513526, 0.1406504103576345, 52.2051134211575], [0.0, 0.0, 0.0, 1.0]]}, {"class": "OrangeJuice", "pose": [[0.08730363580229118, 0.03040547466125374, -0.9957176049460995, 1.7807019239744981], [0.978951952815432, -0.18771478296824484, 0.08010151257558724, 9.103935896971604], [-0.18447541145588495, -0.9817528636145313, -0.0461537126774051, 47.74328329286082], [0.0, 0.0, 0.0, 1.0]]}, {"class": "Mustard", "pose": [[0.9273078600329852, 0.040772044618642006, 0.37207222365010434, 10.869117174469615], [-0.35852140480865186, -0.18881860402217152, 0.9142264243894997, 1.2814081410872147], [0.10752907444261521, -0.9811652216893302, -0.1604753368524293, 51.200624951085615], [0.0, 0.0, 0.0, 1.0]]}, {"class": "Parmesan", "pose": [[0.8612339901901929, 0.034053519992719695, -0.5070664043598779, 21.17314468373321], [0.5003059282371504, -0.23208216582937088, 0.8341653699702304, 32.38906982846079], [-0.08927479019759556, -0.9720999134540778, -0.21691426402799766, 48.222043196040545], [0.0, 0.0, 0.0, 1.0]]}, {"class": "CreamCheese", "pose": [[0.9624085429086601, 0.26992449505316063, -0.03017498997510867, 24.79822050052994], [-0.2549412280993217, 0.9360831685914207, 0.2423907788632141, 16.071908642114874], [0.09367354337100292, -0.2255861239888641, 0.969709335717183, 55.76682314908402], [0.0, 0.0, 0.0, 1.0]]}, {"class": "AlphabetSoup", "pose": [[-0.3335872088624724, 0.019993417729912512, -0.9425071903407921, 24.600014949906996], [0.9223715311031896, -0.19967667035316475, -0.3306962411487188, 2.6305230571457727], [-0.19480847845574922, -0.9796578528160211, 0.04816820506015913, 55.871347295499206], [0.0, 0.0, 0.0, 1.0]]}]}