{"camera": {"camera": "RealSense D415", "extrinsics": [[-0.13679813, 0.990554, 0.00943857, 0.04726726], [0.97541887, 0.13635735, -0.17310327, -0.6564274], [-0.17275515, -0.014473645, -0.98485845, 0.34634858], [0.0, 0.0, 0.0, 1.0]], "height": 480, "intrinsics": [[605.8222, 0.0, 326.28275], [0.0, 605.7743, 245.73769], [0.0, 0.0, 1.0]], "width": 640}, "objects": [{"class": "MacaroniAndCheese", "pose": [[-0.9750820789894179, 0.2215851592078112, 0.010723246476917053, -5.568249147444783], [0.2139071905390774, 0.9519100878339607, -0.21934200325410977, 18.475960332892416], [-0.0588105287576714, -0.21158267790372645, -0.9755891143633433, 53.61162420483333], [0.0, 0.0, 0.0, 1.0]]}, {"class": "Pineapple", "pose": [[-0.8046003496432296, 0.022294746393157663, 0.5933980562824075, -10.95497114010958], [-0.5874260777486684, -0.17609576845407213, -0.7898866370494511, 4.411867703480521], [0.08688454624411976, -0.9841205451377117, 0.15478325557930536, 55.6877978610433], [0.0, 0.0, 0.0, 1.0]]}, {"class": "Milk", "pose": [[-0.974200080902094, 0.011364933401748888, 0.22539980528298648, 15.81094701523957], [-0.2221344833033649, -0.22477291149349066, -0.9487536168374758, 26.341354544275198], [0.03988122259622921, -0.9743449075388553, 0.22149834577994224, 44.201245375873135], [0.0, 0.0, 0.0, 1.0]]}, {"class": "TomatoSauce", "pose": [[0.9730621189980986, -0.04428859159482881, -0.22624912107665043, 19.527915142393436], [0.21814504766660137, -0.1406141676601192, 0.9657330945492616, 17.399979180715174], [-0.07458476389628416, -0.9890734069271033, -0.12716499773942977, 51.84193840204776], [0.0, 0.0, 0.0, 1.0]]}, {"class": "Cookies", "pose": [[-0.8848253839130779, 0.022903816582352785, -0.4653595241654744, 0.2994064054794035], [0.45622547140849107, -0.16012458334157761, -0.8753390502677753, -7.89217768293935], [-0.09456413394526773, -0.9868310676501144, 0.13123298532624103, 52.30708689624514], [0.0, 0.0, 0.0, 1.0]]}, {"class": "OrangeJuice", "pose": [[0.18349606092766038, -0.002991715972115993, -0.9830159087329439, 4.890866937796382], [0.9683363672804677, -0.17164757554032492, 0.18127825431943295, 7.6506657066560795], [-0.16927463305680893, -0.9851538884447173, -0.028599696356037763, 48.06502824323865], [0.0, 0.0, 0.0, 1.0]]}, {"class": "Mustard", "pose": [[0.8876066922201877, 0.0072167836910874295, 0.4605456649688217, 13.187784827310656], [-0.4524341986470398, -0.17380531226686022, 0.874697104830201, -1.1138647606514285], [0.08635781201617725, -0.9847536012766694, -0.1510056324192248, 51.241284977609034], [0.0, 0.0, 0.0, 1.0]]}, {"class": "Parmesan", "pose": [[0.906167363151765, -0.003724593015235679, -0.4229029072114876, 26.550510962935775], [0.4121615596259102, -0.21632719722208688, 0.8850567260829546, 28.8412895513138], [-0.09478185377796888, -0.9763138299946107, -0.19449353074482115, 48.62253805761707], [0.0, 0.0, 0.0, 1.0]]}, {"class": "CreamCheese", "pose": [[0.9328309328051964, 0.360211917585237, 0.008593997546807342, 28.610125253704492], [-0.3526988116358837, 0.9079770061118331, 0.22623289000216745, 12.104411544250127], [0.07368866051475234, -0.21406812698303956, 0.9740353413852271, 55.83014026819099], [0.0, 0.0, 0.0, 1.0]]}, {"class": "AlphabetSoup", "pose": [[-0.24106857970096598, -0.014532254297673962, -0.9703992915436755, 27.050787461487758], [0.9548335039645464, -0.1825312369325677, -0.23446821346732444, -1.2475611653382845], [-0.17372084588611342, -0.983092664044107, 0.057878403167285535, 55.71035723701511], [0.0, 0.0, 0.0, 1.0]]}]}