{"camera": {"camera": "RealSense D415", "extrinsics": [[0.04629066, 0.9985321, -0.028120074, -0.053195953], [0.99418455, -0.048792657, -0.096001804, -0.72597635], [-0.09723294, -0.023512557, -0.99498385, 0.29280648], [0.0, 0.0, 0.0, 1.0]], "height": 480, "intrinsics": [[605.8222, 0.0, 326.28275], [0.0, 605.7743, 245.73769], [0.0, 0.0, 1.0]], "width": 640}, "objects": [{"class": "MacaroniAndCheese", "pose": [[-0.9185038486504619, 0.3938225135418034, -0.035417878268058325, 0.32612465776652233], [0.3946907195760617, 0.907735801141925, -0.14224945639375575, 10.269804951802774], [-0.023870998213330958, -0.14463579453874745, -0.9891969670776766, 54.64149864091685], [0.0, 0.0, 0.0, 1.0]]}, {"class": "Pineapple", "pose": [[-0.899431384132447, -0.0160421205667879, 0.4367673910268682, -7.573870964721101], [-0.43310977115839194, -0.10137151941234088, -0.8956225197133667, -2.66992613216821], [0.05864344354250036, -0.9947192767686742, 0.08422876140317638, 55.7725981492851], [0.0, 0.0, 0.0, 1.0]]}, {"class": "Milk", "pose": [[-0.9983008649006182, -0.035792007492419085, 0.045980795963592024, 22.746232121396368], [-0.04021715938447114, -0.1477842220125349, -0.988201578856133, 14.735185968685627], [0.04216492812478981, -0.9883717566450994, 0.14609369184102758, 45.427988273882555], [0.0, 0.0, 0.0, 1.0]]}, {"class": "TomatoSauce", "pose": [[0.9962580531002019, -0.07488048220283759, -0.043159277996399195, 24.773551641466593], [0.03917414640138788, -0.05389699110721172, 0.9977777594443923, 4.702203220215528], [-0.07704021045736045, -0.9957349080532257, -0.05076195573604908, 52.31082635240038], [0.0, 0.0, 0.0, 1.0]]}, {"class": "Cookies", "pose": [[-0.7848997396057703, -0.012484446700958687, -0.6194969375359893, 1.1751080031394392], [0.6181085020447751, -0.0856298486302328, -0.7814149764127171, -16.550493450002325], [-0.04329193263620988, -0.9962487852979128, 0.07492758940659779, 51.27093754989026], [0.0, 0.0, 0.0, 1.0]]}, {"class": "OrangeJuice", "pose": [[0.3596800063654309, -0.040063387070691896, -0.9322151770361244, 8.55770801447969], [0.9276480543418508, -0.09225045194605103, 0.3618824367527226, -1.8490171532198008], [-0.1004955201727341, -0.9949295226788804, 0.003984045734728044, 48.10544436806828], [0.0, 0.0, 0.0, 1.0]]}, {"class": "Mustard", "pose": [[0.7882951892278242, -0.030433138227188034, 0.6145440887332814, 15.094346349202572], [-0.6142816083778184, -0.09628605856670558, 0.7831903071240158, -12.215622952578231], [0.035337126135051536, -0.9948883325573191, -0.09459635590794062, 50.46134735992982], [0.0, 0.0, 0.0, 1.0]]}, {"class": "Parmesan", "pose": [[0.9665494247885217, -0.049055421588680745, -0.2517452945197573, 33.78649703440817], [0.24319093264902358, -0.13656405452323161, 0.9603168153937708, 14.85678721647301], [-0.08148808491028052, -0.9894158879357561, -0.12006610683778718, 49.81358812992145], [0.0, 0.0, 0.0, 1.0]]}, {"class": "CreamCheese", "pose": [[0.8512301486489494, 0.5218311920616205, 0.05567188951114155, 32.73184313745629], [-0.5239779391264258, 0.8392049071577563, 0.14554105863887862, -2.4733989603090922], [0.029227777921873373, -0.15305978776824986, 0.9877845998289896, 55.71841337351802], [0.0, 0.0, 0.0, 1.0]]}, {"class": "AlphabetSoup", "pose": [[-0.059992869293662474, -0.05341747296978276, -0.9967684522869598, 28.71332342853735], [0.993405811416244, -0.100933199255821, -0.0543814285485301, -15.256462359738377], [-0.09770213640914417, -0.9934581215392981, 0.05912047514970898, 54.63867406752565], [0.0, 0.0, 0.0, 1.0]]}]}