{"camera": {"camera": "RealSense D415", "extrinsics": [[0.11969739, 0.99066085, -0.0652967, -0.068631984], [0.99024004, -0.123858616, -0.06390414, -0.7497521], [-0.07139488, -0.057010245, -0.99581754, 0.2575058], [0.0, 0.0, 0.0, 1.0]], "height": 480, "intrinsics": [[605.8222, 0.0, 326.28275], [0.0, 605.7743, 245.73769], [0.0, 0.0, 1.0]], "width": 640}, "objects": [{"class": "MacaroniAndCheese", "pose": [[-0.8857183377889524, 0.4579673652786849, -0.07595371570545208, 5.900249297575207], [0.46392730508699875, 0.8790654462109976, -0.10961475804471683, 6.4306665150890225], [0.01656826981720619, -0.13232480213288936, -0.991067927369577, 53.17752853924274], [0.0, 0.0, 0.0, 1.0]]}, {"class": "Pineapple", "pose": [[-0.9279175972305345, -0.0536651684886937, 0.36890246804051374, -2.9342737466722184], [-0.3650162925559928, -0.07018221905206509, -0.9283520671632253, -5.8988116077894], [0.075710540380345, -0.9960896065864959, 0.04553468140384561, 54.20764648139307], [0.0, 0.0, 0.0, 1.0]]}, {"class": "Milk", "pose": [[-0.9967179162668468, -0.07672758510064523, -0.025813205199814452, 28.310546735996123], [0.034572919791906166, -0.11512716801268182, -0.9927489343792161, 9.450738437523043], [0.07319939462313783, -0.9903830630202028, 0.11740202125346912, 43.37204960490148], [0.0, 0.0, 0.0, 1.0]]}, {"class": "TomatoSauce", "pose": [[0.9935542691123226, -0.10868067721293058, 0.0322253504962454, 29.765818170553665], [-0.034418241949558046, -0.018361892489404116, 0.9992388222211622, -0.9079169637618567], [-0.10800620020426717, -0.9939071160496012, -0.021984150387785607, 49.90846117430928], [0.0, 0.0, 0.0, 1.0]]}, {"class": "Cookies", "pose": [[-0.7359658296733983, -0.048954538658245034, -0.6752464729143676, 4.581724651713969], [0.6770179257044738, -0.05471809848514561, -0.7339295989954401, -20.264197850851307], [-0.0010190520648883693, -0.9973010486167282, 0.07341374153205761, 49.047685574647346], [0.0, 0.0, 0.0, 1.0]]}, {"class": "OrangeJuice", "pose": [[0.42679927569873694, -0.07690897750357671, -0.9010701614900902, 12.975047400321982], [0.900192558519896, -0.05925875606088031, 0.43144148586354963, -6.078915296237286], [-0.08657802106257549, -0.9952755445043452, 0.043941259259842935, 46.04994610208462], [0.0, 0.0, 0.0, 1.0]]}, {"class": "Mustard", "pose": [[0.7394051499117005, -0.06762086165569703, 0.6698563217872818, 18.76258757429849], [-0.6732250495853753, -0.06401440272570216, 0.7366615146477165, -16.97812332927111], [-0.006933199799215123, -0.9956553495036358, -0.0928566272821158, 47.909002098620746], [0.0, 0.0, 0.0, 1.0]]}, {"class": "Parmesan", "pose": [[0.9795091359794633, -0.08911385119779376, -0.1806118006744063, 39.45418376508903], [0.17130862594302138, -0.10290481422244449, 0.9798285320381236, 8.60178235111988], [-0.105902088583188, -0.9906913347031828, -0.08553025466241287, 47.40123881845659], [0.0, 0.0, 0.0, 1.0]]}, {"class": "CreamCheese", "pose": [[0.8088889227709156, 0.5800134164482826, 0.0963493427268101, 37.24723815552846], [-0.5878266735901746, 0.8012805008875075, 0.11139730257956035, -8.766211974624017], [-0.01259088457727069, -0.14674475052736252, 0.9890942550147063, 52.85988203208865], [0.0, 0.0, 0.0, 1.0]]}, {"class": "AlphabetSoup", "pose": [[0.013702946637664682, -0.09084123427965576, -0.9957711322856188, 32.22657543466691], [0.9975597805933359, -0.06694087286600833, 0.01983436389550189, -21.168840130838596], [-0.06845958212419147, -0.9936129985558876, 0.0897022418952375, 51.56033717744618], [0.0, 0.0, 0.0, 1.0]]}]}