{"camera": {"camera": "RealSense D415", "extrinsics": [[0.16843006, 0.98501986, -0.036974862, -0.12132299], [0.9849853, -0.16962889, -0.032094464, -0.75811994], [-0.03788569, -0.031014023, -0.9988007, 0.21479976], [0.0, 0.0, 0.0, 1.0]], "height": 480, "intrinsics": [[605.8222, 0.0, 326.28275], [0.0, 605.7743, 245.73769], [0.0, 0.0, 1.0]], "width": 640}, "objects": [{"class": "MacaroniAndCheese", "pose": [[-0.8629445958323123, 0.5028267023786732, -0.04991879742328941, 3.5884809156002215], [0.5052826266812137, 0.8594796568933668, -0.07735766410038586, 4.06609892591595], [0.004006654469725277, -0.09197849039877276, -0.9957529640708799, 51.71914489301077], [0.0, 0.0, 0.0, 1.0]]}, {"class": "Pineapple", "pose": [[-0.9460121563231707, -0.025649445808403577, 0.3231146243299711, -5.845456731442384], [-0.32203115561228424, -0.03891377985565621, -0.9459290006056676, -7.8491241379946], [0.03683614856035587, -0.998913351849751, 0.028553022389151365, 52.11188691792861], [0.0, 0.0, 0.0, 1.0]]}, {"class": "Milk", "pose": [[-0.9957843660912802, -0.05097279045620446, -0.07625762465934723, 26.41271597946132], [0.08030965512475999, -0.08284390177466128, -0.9933213321312326, 6.285988323634328], [0.044314852285582976, -0.9952581184329499, 0.08658829593098034, 42.6849860645244], [0.0, 0.0, 0.0, 1.0]]}, {"class": "TomatoSauce", "pose": [[0.9937246653677559, -0.07820201678709728, 0.07997304825728703, 27.172296210438052], [-0.07900452976617356, 0.015406147219525764, 0.9967552139511233, -4.313900686123628], [-0.07918031744302215, -0.9968185196816064, 0.00913113253722797, 48.94674537166893], [0.0, 0.0, 0.0, 1.0]]}, {"class": "Cookies", "pose": [[-0.7028344654391097, -0.020179312894182667, -0.7110671304169741, 1.1430361471189656], [0.7113484752675909, -0.023665475955993002, -0.7024409680654476, -22.40508228363548], [-0.002653004141568891, -0.9995162839702924, 0.03098743421552854, 46.748604217267584], [0.0, 0.0, 0.0, 1.0]]}, {"class": "OrangeJuice", "pose": [[0.4712700089247251, -0.04836649511711019, -0.8806618052780347, 10.285681531570777], [0.88075867929515, -0.026913954488168183, 0.47279996778187944, -8.559308807717281], [-0.04656977971568437, -0.9984670168823053, 0.02991543493587658, 44.432758825585964], [0.0, 0.0, 0.0, 1.0]]}, {"class": "Mustard", "pose": [[0.7066964767687087, -0.03930557953251841, 0.7064241753915972, 15.4917815513265], [-0.7074986319055148, -0.03209753418709998, 0.7059854501230229, -19.77286074317598], [-0.005074655306486632, -0.9987116108305989, -0.05049185773657246, 46.13488175971643], [0.0, 0.0, 0.0, 1.0]]}, {"class": "Parmesan", "pose": [[0.9893352463389677, -0.06275328243647443, -0.13144485662152156, 37.37208915750986], [0.12701440814213683, -0.07003671167571286, 0.9894251971606692, 4.787317735854457], [-0.07129562225691354, -0.9955686543617251, -0.061319247642175854, 47.018789734876684], [0.0, 0.0, 0.0, 1.0]]}, {"class": "CreamCheese", "pose": [[0.7802723752267217, 0.6214619239387107, 0.07042763654871076, 34.17866697724305], [-0.6254103759997991, 0.7763661793785307, 0.07821405719847889, -12.604036497925009], [-0.006070538811212587, -0.10507444904390922, 0.9944458608434549, 51.882685618664624], [0.0, 0.0, 0.0, 1.0]]}, {"class": "AlphabetSoup", "pose": [[0.062858721447481, -0.06269071724728378, -0.9960515094845245, 28.622082438165975], [0.9973022617567733, -0.03396230487339972, 0.0650752040103213, -24.70870369060274], [-0.03790784115106536, -0.9974550108709754, 0.06038673943563673, 50.05992476963917], [0.0, 0.0, 0.0, 1.0]]}]}