{"camera": {"camera": "RealSense D415", "extrinsics": [[0.2103707, 0.9776058, 0.0055735568, -0.16183478], [0.97752076, -0.21026365, -0.015566793, -0.7674443], [-0.014046271, 0.008723065, -0.99986327, 0.19969463], [0.0, 0.0, 0.0, 1.0]], "height": 480, "intrinsics": [[605.8222, 0.0, 326.28275], [0.0, 605.7743, 245.73769], [0.0, 0.0, 1.0]], "width": 640}, "objects": [{"class": "MacaroniAndCheese", "pose": [[-0.8407373742915094, 0.5413624730271858, -0.009345563748486658, 1.473847976474227], [0.5408749515857494, 0.8389395158604752, -0.06028850916172748, 1.9434412754706587], [-0.024797611205501377, -0.05574159364124757, -0.9981372305707376, 52.19518400058807], [0.0, 0.0, 0.0, 1.0]]}, {"class": "Pineapple", "pose": [[-0.959181981556873, 0.01660241395595008, 0.2823017630159889, -8.451160893807952], [-0.28263094458451066, -0.022852142993839912, -0.9589564419648557, -9.570632831621605], [-0.009469809806753753, -0.999600977944223, 0.026611753601827815, 51.980113977733545], [0.0, 0.0, 0.0, 1.0]]}, {"class": "Milk", "pose": [[-0.9926143444238241, -0.010645398281944269, -0.12084468558422187, 24.74439375790475], [0.12128477663524972, -0.06573256387487325, -0.9904388733612044, 3.3401193674728935], [0.002600155613585841, -0.9977804769798817, 0.06653823549788154, 44.19389358991238], [0.0, 0.0, 0.0, 1.0]]}, {"class": "TomatoSauce", "pose": [[0.992141225010914, -0.033708652528740994, 0.12049695296150763, 24.79123226461776], [-0.11937289872016431, 0.03358431317103196, 0.9922812775730546, -7.374803060773994], [-0.037495243478303186, -0.9988672594576707, 0.02929645942108492, 50.30392374891704], [0.0, 0.0, 0.0, 1.0]]}, {"class": "Cookies", "pose": [[-0.6721347920396337, 0.022717352165781288, -0.7400802270935782, -1.8398668465002572], [0.7401287197308378, -0.007839081357222853, -0.6724194791163499, -24.324697731115542], [-0.021077177484447054, -0.9997111817523192, -0.0115448474765352, 46.680294100647636], [0.0, 0.0, 0.0, 1.0]]}, {"class": "OrangeJuice", "pose": [[0.5087482617738177, -0.005598614629402829, -0.8608971256490634, 7.958262449720649], [0.8608399869791111, -0.00991916037118987, 0.5087789853535354, -10.841002232262797], [-0.011387843885982733, -0.9999351195809161, -0.000226880837600606, 44.99412896673742], [0.0, 0.0, 0.0, 1.0]]}, {"class": "Mustard", "pose": [[0.6764873371546193, 0.0032430292547327134, 0.7364471228304001, 12.618247459127973], [-0.7363288418077208, -0.015473549315673457, 0.6764468455508643, -22.28703027296032], [0.013589225874410516, -0.9998750066148612, -0.008079722869751173, 46.73120047537908], [0.0, 0.0, 0.0, 1.0]]}, {"class": "Parmesan", "pose": [[0.9959025604537209, -0.021863228794807676, -0.08775014873410131, 35.43209214704441], [0.08650796321274756, -0.052439870058421864, 0.9948700222597299, 1.3189416064307902], [-0.026352653727352952, -0.9983847131037037, -0.05033368769470045, 48.97130660990322], [0.0, 0.0, 0.0, 1.0]]}, {"class": "CreamCheese", "pose": [[0.7533558615423679, 0.6569325278422128, 0.029909848496201392, 31.31456832995606], [-0.6573893754058937, 0.7511341532611483, 0.06030440920981698, -15.994194504032356], [0.017149657374276782, -0.0650931009846326, 0.9977318052917507, 53.40029265742342], [0.0, 0.0, 0.0, 1.0]]}, {"class": "AlphabetSoup", "pose": [[0.10549913995304132, -0.020231675059069296, -0.9942135636209865, 25.34924452367476], [0.9942487073020376, -0.01637557197686641, 0.10583608804512838, -27.826810029586785], [-0.018422081377482268, -0.9996611916088041, 0.01838767912418252, 51.13640955334091], [0.0, 0.0, 0.0, 1.0]]}]}