{"camera": {"camera": "RealSense D415", "extrinsics": [[0.17079665, 0.984688, 0.034901764, -0.16664325], [0.9806559, -0.17332132, 0.090960175, -0.83611363], [0.09561661, 0.018690927, -0.9952427, 0.081083424], [0.0, 0.0, 0.0, 1.0]], "height": 480, "intrinsics": [[605.8222, 0.0, 326.28275], [0.0, 605.7743, 245.73769], [0.0, 0.0, 1.0]], "width": 640}, "objects": [{"class": "MacaroniAndCheese", "pose": [[-0.8609603751872028, 0.5082061060388946, 0.02176861628697234, -3.1510495534473995], [0.5086517295203127, 0.8597542784152824, 0.045782078017688056, -8.187693864283851], [0.004551031509108478, 0.05048919010052536, -0.9987142102140711, 48.982798952176964], [0.0, 0.0, 0.0, 1.0]]}, {"class": "Pineapple", "pose": [[-0.9462391841204353, 0.046205440917565205, 0.32015082410867185, -12.589777418292769], [-0.31567005287392524, 0.08410543431556301, -0.9451342198345005, -19.976557124470762], [-0.07059678349592963, -0.9953849903824834, -0.06499814589365266, 47.23377283892405], [0.0, 0.0, 0.0, 1.0]]}, {"class": "Milk", "pose": [[-0.9963877887003986, 0.02068134265194649, -0.08236348163838754, 20.263625853608954], [0.0831447061445982, 0.040286182235320794, -0.9957228435794955, -5.080308730325944], [-0.01727480627132093, -0.9989740989411096, -0.04186017918507008, 41.94100667433022], [0.0, 0.0, 0.0, 1.0]]}, {"class": "TomatoSauce", "pose": [[0.9968392928976677, -0.00635741570669385, 0.07919023875177947, 20.57035718181444], [-0.07755561827309529, 0.1382248985518036, 0.9873596119751032, -16.374414734872033], [-0.017223084701533435, -0.9903804384046201, 0.13729492513256106, 46.89007905382385], [0.0, 0.0, 0.0, 1.0]]}, {"class": "Cookies", "pose": [[-0.7007690574111579, 0.05170598875690093, -0.711511985432784, -5.235070034919582], [0.7125431515897974, 0.09926320647141718, -0.6945711431009041, -33.82669275887116], [0.03471343201226424, -0.9937168878226204, -0.10640332881246949, 40.63363858065407], [0.0, 0.0, 0.0, 1.0]]}, {"class": "OrangeJuice", "pose": [[0.47346921406681153, 0.023516023981035028, -0.8804964431840901, 4.051487281730854], [0.8755848122899518, 0.0961620293307031, 0.4733963460644542, -19.883502447157053], [0.09580271065439847, -0.9950878395983163, 0.024939446728927915, 40.695678849703356], [0.0, 0.0, 0.0, 1.0]]}, {"class": "Mustard", "pose": [[0.7051767771181958, 0.03257067043140489, 0.7082831008527577, 9.120890790835382], [-0.7078093218601568, 0.0909669844875878, 0.7005219279124, -31.267120081290077], [-0.04161386710615909, -0.9953211070626546, 0.08720162721166282, 41.37305996059023], [0.0, 0.0, 0.0, 1.0]]}, {"class": "Parmesan", "pose": [[0.9919111392239044, 0.008954663217599563, -0.1266182941085103, 30.883068842584894], [0.1259724150915428, 0.05313931707429666, 0.9906094909104627, -7.1967726555137945], [0.01559901006760558, -0.998546930853768, 0.05158140804349864, 46.8281073338638], [0.0, 0.0, 0.0, 1.0]]}, {"class": "CreamCheese", "pose": [[0.7786405974259906, 0.6274690598562431, -0.0012188010392924443, 27.34693726239715], [-0.6268778015757889, 0.7778195752399868, -0.04495475647801675, -25.0241502898649], [-0.027259670356235315, 0.03576763516990357, 0.9989882534518318, 49.27657647220726], [0.0, 0.0, 0.0, 1.0]]}, {"class": "AlphabetSoup", "pose": [[0.06550089326942055, 0.009155542927242797, -0.9978105509200479, 21.934748484313456], [0.9938234241966576, 0.08917077527751577, 0.06605735552868072, -36.76390789284237], [0.08958030248781507, -0.9959742451691279, -0.0032582593967937423, 45.58776108250663], [0.0, 0.0, 0.0, 1.0]]}]}