{"camera": {"camera": "RealSense D415", "extrinsics": [[0.13069169, 0.99111193, 0.024834778, -0.15798067], [0.9850679, -0.13264492, 0.109756835, -0.849646], [0.11207552, 0.0101196375, -0.9936482, 0.062444065], [0.0, 0.0, 0.0, 1.0]], "height": 480, "intrinsics": [[605.8222, 0.0, 326.28275], [0.0, 605.7743, 245.73769], [0.0, 0.0, 1.0]], "width": 640}, "objects": [{"class": "MacaroniAndCheese", "pose": [[-0.8812147941752875, 0.47252149331109555, 0.013559731057759193, -5.1583239681416595], [0.472358229489481, 0.8790697563457778, 0.06414083127592503, -9.773412702000305], [0.018387931226042906, 0.06292689000211585, -0.9978487805257823, 48.376828678406895], [0.0, 0.0, 0.0, 1.0]]}, {"class": "Pineapple", "pose": [[-0.9328001838213055, 0.036411160727708704, 0.35854983734217644, -14.112247213260765], [-0.35334690506013083, 0.10338022258055884, -0.9297625901210751, -21.91103330269435], [-0.07092071934004214, -0.9939752807541884, -0.0835672849554586, 46.47120870352355], [0.0, 0.0, 0.0, 1.0]]}, {"class": "Milk", "pose": [[-0.9990629985467867, 0.012699071666139773, -0.04137390402442306, 18.06293919211318], [0.04204978910364305, 0.058609979388287874, -0.9973949394685498, -5.5749231467158715], [-0.010241098355138149, -0.9982002329152084, -0.05908902782587251, 41.260982822668396], [0.0, 0.0, 0.0, 1.0]]}, {"class": "TomatoSauce", "pose": [[0.9990654617352811, -0.018312408844390598, 0.03915099322731506, 18.867707811374668], [-0.035843067031390556, 0.15517769977749435, 0.9872361094300478, -16.931595421813107], [-0.024154003389480393, -0.9877168844597402, 0.15437628888630386, 46.00677841176216], [0.0, 0.0, 0.0, 1.0]]}, {"class": "Cookies", "pose": [[-0.7294061744005104, 0.04129050974576282, -0.682833558030101, -6.232772230501833], [0.682156407478304, 0.11872146590400061, -0.7215038662369918, -35.32651190147157], [0.05127569825110407, -0.9920687523862617, -0.11476276227300382, 39.58509615306757], [0.0, 0.0, 0.0, 1.0]]}, {"class": "OrangeJuice", "pose": [[0.4374459704053238, 0.013244843780265235, -0.8991471172784138, 2.469378937079875], [0.8926498180657987, 0.11447861368693563, 0.43597124795156217, -21.013492933882482], [0.10870747912230778, -0.9933374677373948, 0.038255162642916306, 39.84315572060298], [0.0, 0.0, 0.0, 1.0]]}, {"class": "Mustard", "pose": [[0.7335707482661635, 0.02250494955186798, 0.6792403300412819, 8.00942094900148], [-0.6771236876004061, 0.10966835719228575, 0.7276512508380659, -32.187248890024264], [-0.058115376787956814, -0.9937134806479595, 0.09568813748952182, 40.28986627301445], [0.0, 0.0, 0.0, 1.0]]}, {"class": "Parmesan", "pose": [[0.9859309827683034, 0.0004537696309258341, -0.1671521245194012, 28.791427810670474], [0.1666991056559975, 0.07095637395003696, 0.9834513617329435, -7.33457300487852], [0.012306793957504572, -0.9974793679790797, 0.06988241249016423, 46.0504391861946], [0.0, 0.0, 0.0, 1.0]]}, {"class": "CreamCheese", "pose": [[0.8037135533602704, 0.5949758881553485, 0.006939602255355617, 26.01113806883922], [-0.5934797236915074, 0.8024211237519387, -0.06246709092599366, -25.33340810987845], [-0.04273485605431898, 0.046087129162018355, 0.9980229490851013, 48.20137863012558], [0.0, 0.0, 0.0, 1.0]]}, {"class": "AlphabetSoup", "pose": [[0.024905486720477217, -0.0008195056804046237, -0.9996894450589924, 21.065968089015506], [0.9939619695188261, 0.1069145501205038, 0.024675126095223272, -37.22102483239942], [0.1068611025156996, -0.9942679274462765, 0.0034772859700526165, 44.3347373731159], [0.0, 0.0, 0.0, 1.0]]}]}