{"camera": {"camera": "RealSense D415", "extrinsics": [[0.07929306, 0.99583054, 0.045101296, -0.1491882], [0.9914062, -0.08350165, 0.10070362, -0.86290604], [0.10404977, 0.03672861, -0.9938937, 0.060536254], [0.0, 0.0, 0.0, 1.0]], "height": 480, "intrinsics": [[605.8222, 0.0, 326.28275], [0.0, 605.7743, 245.73769], [0.0, 0.0, 1.0]], "width": 640}, "objects": [{"class": "MacaroniAndCheese", "pose": [[-0.9034963396599149, 0.4270652280664342, 0.03618884415554434, -9.071404548997016], [0.42849390149238614, 0.9018966750640401, 0.054546651962233024, -10.240264983195802], [-0.009343664578226642, 0.06478938582091212, -0.9978552448219637, 47.577272847618964], [0.0, 0.0, 0.0, 1.0]]}, {"class": "Pineapple", "pose": [[-0.9122072317056381, 0.05698099876826206, 0.40574759327311144, -17.36716106981278], [-0.39961866906463317, 0.09490259120989478, -0.9117556640156868, -22.823449626090497], [-0.09045926724064689, -0.9938544783418137, -0.06380011795999672, 45.584824486053975], [0.0, 0.0, 0.0, 1.0]]}, {"class": "Milk", "pose": [[-0.9993241253928404, 0.03560978550511389, 0.009122106540054062, 14.09224407817099], [-0.007371858329885256, 0.04897679139329148, -0.9987726983441269, -4.974666614094813], [-0.03601288736027874, -0.9981649543443439, -0.0486811469075255, 41.003954682266], [0.0, 0.0, 0.0, 1.0]]}, {"class": "TomatoSauce", "pose": [[0.999911385566804, -0.00035999014287583223, -0.01330671501852463, 15.329941707990264], [0.013219881351873389, 0.1439997949753355, 0.9894893971802474, -16.228825435639504], [0.0015599900641366325, -0.9895776855393765, 0.14399176683072024, 45.898466505261005], [0.0, 0.0, 0.0, 1.0]]}, {"class": "Cookies", "pose": [[-0.763058236874761, 0.0610513396664792, -0.6434398482423376, -8.663993517732422], [0.6458471807624134, 0.11048442641532055, -0.755430065571225, -35.90363400479228], [0.02497001927311392, -0.9920010010758684, -0.12373588890648031, 39.05463386847302], [0.0, 0.0, 0.0, 1.0]]}, {"class": "OrangeJuice", "pose": [[0.39019430933526594, 0.03328962607637546, -0.9201305228073264, -0.683697184903076], [0.9141970518348461, 0.10485107934879098, 0.39147155059326527, -21.177036296148533], [0.10950860718648295, -0.9939306385593077, 0.010478973550199477, 39.36884871805616], [0.0, 0.0, 0.0, 1.0]]}, {"class": "Mustard", "pose": [[0.7671464501300621, 0.0427810752456146, 0.6400438117014235, 5.384158789116567], [-0.6406852781235352, 0.10049970448131473, 0.7611978436273735, -32.05887969887501], [-0.03175930635020801, -0.9940169266393057, 0.10450719695889259, 40.083724649423125], [0.0, 0.0, 0.0, 1.0]]}, {"class": "Parmesan", "pose": [[0.9759233874994097, 0.022759298029542054, -0.21692287414768602, 24.76670899041497], [0.21522947104735327, 0.060711062562041666, 0.9746745174791889, -6.154193574808953], [0.03535255235687183, -0.9978959073051544, 0.054350836488310315, 46.08334905393376], [0.0, 0.0, 0.0, 1.0]]}, {"class": "CreamCheese", "pose": [[0.8326825380592678, 0.5535249659643986, -0.015807596556760742, 22.81762123510257], [-0.5535317490582122, 0.8312116841839904, -0.05186243542870654, -24.245344568029882], [-0.015567648479857492, 0.05193494320846608, 0.998529152401793, 48.36937755696581], [0.0, 0.0, 0.0, 1.0]]}, {"class": "AlphabetSoup", "pose": [[-0.026631812994166188, 0.01964183797865626, -0.9994523110089234, 18.562890124829007], [0.99501946272875, 0.09659360447601277, -0.02461539586006316, -36.40117987976326], [0.09605717968948152, -0.9951301103658381, -0.022116506841718737, 44.51529127942451], [0.0, 0.0, 0.0, 1.0]]}]}