{"camera": {"camera": "RealSense D415", "extrinsics": [[-0.090909444, 0.9950528, 0.040067602, -0.13736053], [0.99103063, 0.086438164, 0.10191532, -0.905505], [0.097947754, 0.048973285, -0.99398583, 0.05393899], [0.0, 0.0, 0.0, 1.0]], "height": 480, "intrinsics": [[605.8222, 0.0, 326.28275], [0.0, 605.7743, 245.73769], [0.0, 0.0, 1.0]], "width": 640}, "objects": [{"class": "MacaroniAndCheese", "pose": [[-0.9627723622031128, 0.26746429947326755, 0.039143726693785595, -21.36855159519119], [0.2693372077874021, 0.9614800109377094, 0.05489659713712087, -14.401114156106953], [-0.022953069622371917, 0.06339577791213072, -0.9977244781569566, 46.44357114194336], [0.0, 0.0, 0.0, 1.0]]}, {"class": "Pineapple", "pose": [[-0.8302223860529799, 0.05275600887973762, 0.5549302636169194, -27.38982143933], [-0.548696750899075, 0.09820896994833017, -0.8302330113186386, -28.21665681627494], [-0.09829892731819824, -0.9937664738871655, -0.05258819869235517, 44.44330770904539], [0.0, 0.0, 0.0, 1.0]]}, {"class": "Milk", "pose": [[-0.9831307098077054, 0.039519326045834025, 0.1785839706027545, 0.6521531270774455], [-0.176587139977226, 0.049307611318999675, -0.9830491954980712, -5.323819793464757], [-0.047655020920678186, -0.9980014950443317, -0.04149719564107317, 40.10472587949667], [0.0, 0.0, 0.0, 1.0]]}, {"class": "TomatoSauce", "pose": [[0.983158839739923, -0.012114502954695818, -0.18235114179454281, 3.7135737603144063], [0.182277906562247, 0.13691324461287951, 0.9736680684594649, -16.18151007115596], [0.013170811580218147, -0.9905089654930014, 0.13681564740937718, 45.09296164431452], [0.0, 0.0, 0.0, 1.0]]}, {"class": "Cookies", "pose": [[-0.8615794525880722, 0.054107573400997595, -0.5047308407785859, -16.516735335203002], [0.5074932995643991, 0.1142639888245784, -0.8540458249203388, -39.667531038641954], [0.011462171972942303, -0.9919758640037195, -0.12590673621169365, 38.10822915869677], [0.0, 0.0, 0.0, 1.0]]}, {"class": "OrangeJuice", "pose": [[0.22847740793665733, 0.02772596642248316, -0.9731543295402075, -11.147606238907315], [0.9675856531128644, 0.10400350549144022, 0.23013312244084047, -23.801309270446968], [0.10759211319824956, -0.9941903974317182, -0.0030648340643884987, 38.41154537108486], [0.0, 0.0, 0.0, 1.0]]}, {"class": "Mustard", "pose": [[0.8648215599912834, 0.03781708651588426, 0.5006531150368072, -3.335812739690586], [-0.5017479173311321, 0.1013210216344846, 0.8590594026826919, -33.49541763696921], [-0.01823952140381261, -0.9941347607351492, 0.10659924827489303, 39.27444003908998], [0.0, 0.0, 0.0, 1.0]]}, {"class": "Parmesan", "pose": [[0.9249119089399901, 0.024866485921709324, -0.3793673982213726, 11.306733722288872], [0.3774791503910844, 0.058698753867004426, 0.924155791316168, -4.654206891923773], [0.045248924480583715, -0.9979659900529376, 0.044904564431187274, 45.31694854584138], [0.0, 0.0, 0.0, 1.0]]}, {"class": "CreamCheese", "pose": [[0.9144565521899458, 0.4042130160682828, -0.019520657064357277, 12.417483028066176], [-0.40467962044200795, 0.9131555876850842, -0.04879812278303213, -22.802580114842762], [-0.0018993995812978694, 0.05252337014859149, 0.9986178900085905, 47.70805671797927], [0.0, 0.0, 0.0, 1.0]]}, {"class": "AlphabetSoup", "pose": [[-0.1958081931536769, 0.015688325571922603, -0.980516716935008, 10.330062727024316], [0.9766233319977342, 0.09354930623068075, -0.193533909199729, -35.52228127060584], [0.08869040911910549, -0.9954910390565792, -0.03363933507194691, 43.89060616071248], [0.0, 0.0, 0.0, 1.0]]}]}