{"camera": {"camera": "RealSense D415", "extrinsics": [[-0.1691812, 0.9855812, 0.0027216678, -0.08702277], [0.9809043, 0.16810827, 0.09780823, -0.9203833], [0.09594042, 0.019217009, -0.9952016, 0.061907366], [0.0, 0.0, 0.0, 1.0]], "height": 480, "intrinsics": [[605.8222, 0.0, 326.28275], [0.0, 605.7743, 245.73769], [0.0, 0.0, 1.0]], "width": 640}, "objects": [{"class": "MacaroniAndCheese", "pose": [[-0.9819120463622848, 0.1892559711030041, 0.0055576035937165745, -21.374725766766563], [0.1892915609457832, 0.9806035766124005, 0.05084683400562878, -16.482429159148772], [0.004173222149937291, 0.05097911690650548, -0.9986910539634377, 47.09031088530703], [0.0, 0.0, 0.0, 1.0]]}, {"class": "Pineapple", "pose": [[-0.7848129072008091, 0.01567279049204669, 0.6195345354993723, -26.295509243557103], [-0.6156276383490905, 0.09515674661709465, -0.7822709725617403, -30.759132043570713], [-0.07121327928077498, -0.9953389706889374, -0.06503160533346382, 45.33314723991102], [0.0, 0.0, 0.0, 1.0]]}, {"class": "Milk", "pose": [[-0.9662565077032039, 0.006383126748170037, 0.25750260845541084, -0.3676930652448174], [-0.25696399903922273, 0.04530566425683514, -0.9653584671109153, -5.674708692868546], [-0.017828363023587805, -0.998952832215039, -0.04213663360702897, 40.062692377308416], [0.0, 0.0, 0.0, 1.0]]}, {"class": "TomatoSauce", "pose": [[0.9648170512821331, -0.05203770082277341, -0.2577209956436303, 3.7191338914642476], [0.2623932550083228, 0.1284319150363153, 0.9563760206973826, -16.20906910927513], [-0.016667978580006865, -0.9903521775673272, 0.13756762078334756, 45.009341699384656], [0.0, 0.0, 0.0, 1.0]]}, {"class": "Cookies", "pose": [[-0.8996816226755793, 0.015751488269132485, -0.4362623577440058, -14.706260773079025], [0.4351832567597237, 0.1112808180005679, -0.8934384044912345, -41.32421812854342], [0.034474608089244824, -0.9936642189253487, -0.10697209372004769, 38.73405398436633], [0.0, 0.0, 0.0, 1.0]]}, {"class": "OrangeJuice", "pose": [[0.1511968852404547, -0.009750570188297784, -0.9884555653249182, -10.652887051354138], [0.9838040665636941, 0.09887558970762336, 0.1495100211070378, -25.069319127370992], [0.09627630953116774, -0.9950520867951911, 0.024542294063029504, 38.80464022642779], [0.0, 0.0, 0.0, 1.0]]}, {"class": "Mustard", "pose": [[0.9022426716422658, 0.000524247007327273, 0.43122831885222684, -2.0490021567522163], [-0.4292395064693568, 0.09703030115986941, 0.8979636054882666, -34.08366157778329], [-0.041371419743774375, -0.9952813453221349, 0.0877699076701533, 39.48231557786258], [0.0, 0.0, 0.0, 1.0]]}, {"class": "Parmesan", "pose": [[0.8916772752596904, -0.008984823845248855, -0.4525824632850227, 10.342410592564985], [0.4523817614511433, 0.053463322279149586, 0.8902204699488521, -4.096502338200003], [0.016198112540438136, -0.998529446729288, 0.05173656902917388, 44.955409196460955], [0.0, 0.0, 0.0, 1.0]]}, {"class": "CreamCheese", "pose": [[0.9441840112422097, 0.32914109800174474, 0.01351543073646689, 13.009950598060351], [-0.32831370375435526, 0.9435825258497614, -0.04315320239333908, -22.075208539011992], [-0.026956377393155997, 0.03630725851386005, 0.9989770988903234, 47.397743474367765], [0.0, 0.0, 0.0, 1.0]]}, {"class": "AlphabetSoup", "pose": [[-0.27276493873782837, -0.02092083097756358, -0.961853202611382, 11.86529241190184], [0.9578762595502565, 0.08746030475347413, -0.2735394606289153, -34.950011599242536], [0.08984662254782493, -0.9959483549065414, -0.0038165673037574327, 43.7031163857209], [0.0, 0.0, 0.0, 1.0]]}]}