{"camera": {"camera": "RealSense D415", "extrinsics": [[-0.66562986, 0.71175206, 0.22437881, 0.5062368], [0.7453988, 0.6487034, 0.15350716, -0.3724923], [-0.03629626, 0.26943067, -0.9623355, 0.06026092], [0.0, 0.0, 0.0, 1.0]], "height": 480, "intrinsics": [[603.75165, 0.0, 326.28275], [0.0, 603.20245, 245.73769], [0.0, 0.0, 1.0]], "width": 640}, "objects": [{"class": "ChocolatePudding", "pose": [[0.180943650322032, 0.14677841109807338, 0.9724790146064449, 18.277013758494682], [-0.9788087853949937, 0.12327130227718583, 0.16351585832246043, -1.8473393953626238], [-0.0958781814976793, -0.9814581902652946, 0.16597318581990392, 44.27567962093125], [0.0, 0.0, 0.0, 1.0]]}, {"class": "MacaroniAndCheese", "pose": [[0.265359702603314, 0.719709232209022, -0.6415627714523656, 8.268483982861586], [0.14420427011866097, -0.6875600414508912, -0.7116643915035095, -0.26298649161116683], [-0.9533043856494995, 0.09633095963754683, -0.28623591293560174, 38.014952372277534], [0.0, 0.0, 0.0, 1.0]]}, {"class": "Milk", "pose": [[0.892566606804865, 0.3952934108389889, 0.21695140508968308, -7.715812093730823], [0.37865940316701063, -0.918319002908365, 0.11535663632863692, -1.4127163652454588], [0.2448303512294688, -0.020812808449395752, -0.9693424727404869, 36.44792189768036], [0.0, 0.0, 0.0, 1.0]]}, {"class": "Ketchup", "pose": [[-0.0022765347190259774, 0.18801663147176972, 0.9821631758959104, 2.7474146021447767], [-0.9918461670649673, 0.12472347653341358, -0.026174864553969914, 12.765977303216536], [-0.12742014534931573, -0.9742143992359239, 0.18619966223891118, 37.38594215442122], [0.0, 0.0, 0.0, 1.0]]}, {"class": "OrangeJuice", "pose": [[0.08593273622885832, -0.9662440918159845, -0.24287416552853874, 11.269976993318636], [0.977267666538809, 0.1291703791250452, -0.16811546433612304, -13.945439120896388], [0.1938127555109399, -0.22290646994629765, 0.9553791000407507, 39.709792394088886], [0.0, 0.0, 0.0, 1.0]]}]}