{"camera": {"camera": "RealSense D415", "extrinsics": [[-0.4669571, 0.883209, -0.043507468, 0.17936553], [0.8790465, 0.4689763, 0.08566517, -0.9269022], [0.09606422, 0.0017568729, -0.9953736, 0.067423746], [0.0, 0.0, 0.0, 1.0]], "height": 480, "intrinsics": [[605.8222, 0.0, 326.28275], [0.0, 605.7743, 245.73769], [0.0, 0.0, 1.0]], "width": 640}, "objects": [{"class": "MacaroniAndCheese", "pose": [[-0.9915233041249619, -0.1272738052894624, -0.026131676602055554, -17.17236155901125], [-0.12829258657122905, 0.990849265483593, 0.041937830514367065, -24.59622144421465], [0.020554924018311008, 0.044934824861277624, -0.998778456480925, 47.640189184476725], [0.0, 0.0, 0.0, 1.0]]}, {"class": "Pineapple", "pose": [[-0.5529719334839335, -0.030382274678757912, 0.8326457270785467, -17.39079628379942], [-0.8313200671183697, 0.08720967907012356, -0.548909331483406, -39.70965300964632], [-0.05593767179617237, -0.9957265896937164, -0.07348186149028145, 46.00848891512336], [0.0, 0.0, 0.0, 1.0]]}, {"class": "Milk", "pose": [[-0.8369567211951244, -0.02361307663464247, 0.5467593786264019, -0.7296201441451988], [-0.5472688956447487, 0.03693348377417115, -0.8361415609469748, -7.800891934567799], [-0.0004498858683525808, -0.9990387336851759, -0.043834401063055375, 40.22110325808659], [0.0, 0.0, 0.0, 1.0]]}, {"class": "TomatoSauce", "pose": [[0.8333526482950505, -0.10502893472075071, -0.5426713877742454, 6.532666924951863], [0.5516930313841925, 0.09760132109961929, 0.8283168581819957, -16.480838243697615], [-0.03403176215702924, -0.9896681071153636, 0.13928002527394695, 45.12640148087056], [0.0, 0.0, 0.0, 1.0]]}, {"class": "Cookies", "pose": [[-0.9901544831531756, -0.03534172150441225, -0.1354437553767162, -3.1750242878566675], [0.13121951879954483, 0.10255737532973175, -0.9860342078032865, -46.15849822670087], [0.04873886008195805, -0.9940990897215055, -0.0969101225358625, 39.240626836734556], [0.0, 0.0, 0.0, 1.0]]}, {"class": "OrangeJuice", "pose": [[-0.16370900727986062, -0.05568071030670805, -0.9849360223349328, -4.426963010993035], [0.9823144604960805, 0.0827669088273846, -0.16795230218790363, -29.452596503377993], [0.09087180159279133, -0.995012236737786, 0.041146238400122964, 39.19535272034481], [0.0, 0.0, 0.0, 1.0]]}, {"class": "Mustard", "pose": [[0.990613855543829, -0.04535070640943739, 0.12894747492886907, 6.580560969648583], [-0.12482840770940874, 0.08423650304060173, 0.988596033013985, -35.30674037089868], [-0.055695570725344826, -0.9954132700629531, 0.07778479093812253, 39.75019738864759], [0.0, 0.0, 0.0, 1.0]]}, {"class": "Parmesan", "pose": [[0.7048030807520471, -0.04075622769506152, -0.7082312446681992, 9.018505089079829], [0.7094028729683629, 0.039861051687709065, 0.70367513576177, -2.9027438583084653], [-0.00044827683325534786, -0.9983737170266871, 0.057006742718100925, 44.9240739089865], [0.0, 0.0, 0.0, 1.0]]}, {"class": "CreamCheese", "pose": [[0.9989815230684037, 0.01691798401176004, 0.0418287824671733, 17.230829253130857], [-0.01572667691200501, 0.9994658913959985, -0.02864681266861972, -19.116474975298004], [-0.042291045645636835, 0.027959802638368128, 0.9987140558797364, 47.3709647862086], [0.0, 0.0, 0.0, 1.0]]}, {"class": "AlphabetSoup", "pose": [[-0.5581625585464686, -0.06271677812699442, -0.8273579108439135, 20.12736185857643], [0.8246353090141465, 0.06841665503977562, -0.5615120699923334, -31.729834981877268], [0.09182126101927116, -0.9956835950030143, 0.013530823472175284, 43.73306644267024], [0.0, 0.0, 0.0, 1.0]]}]}