{"camera": {"camera": "RealSense D415", "extrinsics": [[-0.56579214, 0.8237287, -0.036746107, 0.27075145], [0.8193349, 0.5666598, 0.0871029, -0.9112628], [0.0925717, 0.019174768, -0.99552137, 0.06279636], [0.0, 0.0, 0.0, 1.0]], "height": 480, "intrinsics": [[605.8222, 0.0, 326.28275], [0.0, 605.7743, 245.73769], [0.0, 0.0, 1.0]], "width": 640}, "objects": [{"class": "MacaroniAndCheese", "pose": [[-0.9705890266135385, -0.24030912235863308, -0.014437220571233965, -16.243285070161733], [-0.2407234437565202, 0.9695187124239927, 0.045668499910577455, -27.77049047003235], [0.0030225583033114635, 0.04780070927633581, -0.998852326994977, 46.919724554446255], [0.0, 0.0, 0.0, 1.0]]}, {"class": "Pineapple", "pose": [[-0.45343327495696856, -0.023879150335975704, 0.8909702674894633, -14.707720452994295], [-0.8885709765328815, 0.09013727534582572, -0.4497964131193024, -42.79836315180018], [-0.0695688947561714, -0.9956430458954069, -0.06208952288285009, 45.20769944132893], [0.0, 0.0, 0.0, 1.0]]}, {"class": "Milk", "pose": [[-0.7688658232597922, -0.01135970711303666, 0.6393092124211592, -1.7071314649146574], [-0.6391711806500374, 0.040986136830161675, -0.7679715231781279, -9.157313932878775], [-0.017478913613425986, -0.9990951454869822, -0.03877360768020044, 39.867098469586445], [0.0, 0.0, 0.0, 1.0]]}, {"class": "TomatoSauce", "pose": [[0.7653436454067553, -0.09931308651014795, -0.6359135015806324, 6.4177907917369765], [0.6433963296672562, 0.0919015966728889, 0.7599968299263054, -16.98608816667656], [-0.017036136807189795, -0.9908032247459411, 0.13423395503756916, 44.85108865033261], [0.0, 0.0, 0.0, 1.0]]}, {"class": "Cookies", "pose": [[-0.9993248657622895, -0.030584712620519008, -0.020355692872427562, 0.2600941510496835], [0.017046607073102456, 0.10480713534265217, -0.9943464182903856, -47.53564106050657], [0.03254518034731175, -0.9940221613358087, -0.10421501244420407, 38.65007334217672], [0.0, 0.0, 0.0, 1.0]]}, {"class": "OrangeJuice", "pose": [[-0.27627655011167457, -0.04851301120412054, -0.9598529688507065, -2.890498349346593], [0.9565614148245668, 0.08283220063147269, -0.2795156671918906, -31.081767672743553], [0.09306686873145822, -0.9953820037253228, 0.02352104193229646, 38.668460644633804], [0.0, 0.0, 0.0, 1.0]]}, {"class": "Mustard", "pose": [[0.9991649273605107, -0.038413243828598446, 0.013922529958504175, 8.7030006524537], [-0.010596310254639531, 0.08547357070559754, 0.9962840503180708, -35.64551476288001], [-0.0394604700199271, -0.9955996733931621, 0.08499515547684336, 39.38080282371082], [0.0, 0.0, 0.0, 1.0]]}, {"class": "Parmesan", "pose": [[0.6190940154039645, -0.02873358714988095, -0.78479102139978, 7.339770193422732], [0.7851705851140804, 0.041933912288119844, 0.6178580915308802, -3.211958853154906], [0.01515610142100041, -0.9987071370025273, 0.04852176727231255, 44.76016020855809], [0.0, 0.0, 0.0, 1.0]]}, {"class": "CreamCheese", "pose": [[0.9947988425380347, -0.09778675427354802, 0.028512800333289984, 17.30886048705544], [0.09865121101699557, 0.9946491924597306, -0.030673188657897393, -18.39954227421252], [-0.025360761731736244, 0.03332646685867533, 0.9991227117728839, 47.263985965595744], [0.0, 0.0, 0.0, 1.0]]}, {"class": "AlphabetSoup", "pose": [[-0.650105876108526, -0.05385239882662821, -0.7579328698499613, 21.68585761528814], [0.7549039482789163, 0.06777792612999167, -0.6523236187666196, -30.574293773304827], [0.08650028281785963, -0.9962459994432468, -0.0034094684415882193, 43.61181397708124], [0.0, 0.0, 0.0, 1.0]]}]}