{"camera": {"camera": "RealSense D415", "extrinsics": [[-0.6431952, 0.7641284, -0.04906815, 0.34972954], [0.76116955, 0.6450359, 0.06745047, -0.88753575], [0.083191544, 0.0060346425, -0.9965153, 0.07038174], [0.0, 0.0, 0.0, 1.0]], "height": 480, "intrinsics": [[605.8222, 0.0, 326.28275], [0.0, 605.7743, 245.73769], [0.0, 0.0, 1.0]], "width": 640}, "objects": [{"class": "MacaroniAndCheese", "pose": [[-0.9422171984862844, -0.3342251190666735, -0.022809026901890853, -14.200284590812956], [-0.33478735297559564, 0.941866825686082, 0.028359744927239063, -29.327968968223384], [0.012004483368156276, 0.034357208008850615, -0.999337526863628, 46.94618663741793], [0.0, 0.0, 0.0, 1.0]]}, {"class": "Pineapple", "pose": [[-0.36419479636159147, -0.03656222363938905, 0.9306047953628696, -11.202221089556813], [-0.9297818166976975, 0.07173133442259873, -0.36105450166561215, -44.15743073260709], [-0.0535525949581102, -0.9967536501814783, -0.06011903512336342, 45.45466520090437], [0.0, 0.0, 0.0, 1.0]]}, {"class": "Milk", "pose": [[-0.7023994047945169, -0.019287279035139195, 0.7115216146108382, -1.5915479104072483], [-0.7117741996508369, 0.023998968134794768, -0.7019982210893386, -9.490307832836464], [-0.0035361856494977783, -0.9995259224333773, -0.03058502469788592, 39.53156658961087], [0.0, 0.0, 0.0, 1.0]]}, {"class": "TomatoSauce", "pose": [[0.6983424803922479, -0.11178469504320054, -0.7069808293584672, 7.283015474752541], [0.715091265325068, 0.06615578243677249, 0.6958935686430012, -16.404314257755637], [-0.031019346026420296, -0.9915279218796463, 0.126135634402553, 44.589517571033234], [0.0, 0.0, 0.0, 1.0]]}, {"class": "Cookies", "pose": [[-0.9960267463728009, -0.0446704030149081, 0.07704029238770124, 4.132585721486332], [-0.08065347709735313, 0.08569547459106398, -0.9930514923403713, -47.50434808663745], [0.03775796390658357, -0.9953194767239478, -0.0889578179622626, 38.88796309063404], [0.0, 0.0, 0.0, 1.0]]}, {"class": "OrangeJuice", "pose": [[-0.3685657399356598, -0.06035779864215445, -0.9276401039926195, -0.6195077369274271], [0.9261519213674133, 0.06204770300706163, -0.3720116466882673, -31.441097277696084], [0.08001173775682308, -0.9962464757784195, 0.03303179197718981, 38.67321793638372], [0.0, 0.0, 0.0, 1.0]]}, {"class": "Mustard", "pose": [[0.9952063666258475, -0.050567408396232236, -0.08370875749975892, 11.369068524626623], [0.08694764982891735, 0.06566428782310253, 0.9940464132356361, -34.83266222910013], [-0.0447696333618472, -0.9965596617710882, 0.06974624305546191, 39.39138404554261], [0.0, 0.0, 0.0, 1.0]]}, {"class": "Parmesan", "pose": [[0.5389977503584957, -0.03666853416597982, -0.8415086302333942, 6.846644942750052], [0.8423071512031264, 0.023242150281527128, 0.5384964527785527, -2.6093456506262047], [-0.00018737523919940625, -0.9990571764082979, 0.04341360522474463, 44.28393310691838], [0.0, 0.0, 0.0, 1.0]]}, {"class": "CreamCheese", "pose": [[0.9801820104870136, -0.1949204054600227, 0.03534392309325043, 18.269734700815622], [0.19544613636075844, 0.9806403579569891, -0.012052398116566894, -16.703503084680772], [-0.03231037647116089, 0.018721377345293663, 0.999302540556962, 46.963924475395714], [0.0, 0.0, 0.0, 1.0]]}, {"class": "AlphabetSoup", "pose": [[-0.7207929135114916, -0.06419540855430243, -0.6901713239470665, 23.807412847343276], [0.6886837487814665, 0.04653020242572378, -0.723567273029431, -28.445404171101785], [0.07856348671847657, -0.996852001155537, 0.010671659095417537, 43.473519544553874], [0.0, 0.0, 0.0, 1.0]]}]}