{"camera": {"camera": "RealSense D415", "extrinsics": [[-0.6961492, 0.71458775, -0.06885254, 0.4090256], [0.7145054, 0.6989781, 0.030194068, -0.85932505], [0.06970273, -0.028175931, -0.9971698, 0.0873883], [0.0, 0.0, 0.0, 1.0]], "height": 480, "intrinsics": [[605.8222, 0.0, 326.28275], [0.0, 605.7743, 245.73769], [0.0, 0.0, 1.0]], "width": 640}, "objects": [{"class": "MacaroniAndCheese", "pose": [[-0.9147360247700103, -0.4020837482381651, -0.0398330028813683, -11.90624728514036], [-0.4021398015223002, 0.9155519457900012, -0.0069463192438019555, -28.95223151060623], [0.03926214267113741, 0.00966438103497179, -0.9991822010476048, 47.55298697252953], [0.0, 0.0, 0.0, 1.0]]}, {"class": "Pineapple", "pose": [[-0.2955407814214843, -0.0567005777791718, 0.9536460007382861, -7.847639416641799], [-0.9551777316629857, 0.0353667669795872, -0.2939127923174741, -43.56470970648204], [-0.01706237295164479, -0.9977646153307348, -0.06461141401814655, 46.490363777068325], [0.0, 0.0, 0.0, 1.0]]}, {"class": "Milk", "pose": [[-0.6480838922869171, -0.03600309173099367, 0.7607174571888624, -0.9044219516526675], [-0.7609064681478194, -0.011041999351902209, -0.6487676454173812, -8.506499245468667], [0.03175744705213692, -0.9992906693004128, -0.020238819237236725, 39.281258094689655], [0.0, 0.0, 0.0, 1.0]]}, {"class": "TomatoSauce", "pose": [[0.6432755836068272, -0.13122176711591457, -0.7543058896085272, 8.529847318972127], [0.7627563609287462, 0.024488863252099275, 0.6462221492634279, -14.579940314469708], [-0.06632628217794458, -0.9910505241455694, 0.11584329881998863, 44.40494072407234], [0.0, 0.0, 0.0, 1.0]]}, {"class": "Cookies", "pose": [[-0.9867104530780861, -0.06579204191066566, 0.14857285329259223, 7.591597487513707], [-0.15189555418404635, 0.048741449673659044, -0.9871940277686648, -46.000858599054155], [0.05770781126857626, -0.9966421977782381, -0.05808721997657137, 39.769136337078756], [0.0, 0.0, 0.0, 1.0]]}, {"class": "OrangeJuice", "pose": [[-0.4344854646313443, -0.07970863429129503, -0.897144870336637, 1.6674984380703417], [0.8989115835874003, 0.023992984278433577, -0.4374726715545733, -30.34401657963819], [0.056395522821031524, -0.9965294093850289, 0.061226368786022785, 39.117277215878175], [0.0, 0.0, 0.0, 1.0]]}, {"class": "Mustard", "pose": [[0.9853239056424851, -0.07021677155555629, -0.1555840920196983, 13.882597752162395], [0.15787402891004895, 0.02830264224089736, 0.9870535893238936, -32.82459429348561], [-0.0649042319683377, -0.9971301610222246, 0.03897267825857172, 39.73577180735002], [0.0, 0.0, 0.0, 1.0]]}, {"class": "Parmesan", "pose": [[0.47548110675443195, -0.05327251104927691, -0.8781114737969911, 7.074854832690885], [0.878953508422946, -0.013050523483341459, 0.47672890685073144, -0.8717749442057499], [-0.03685633026063959, -0.998494724537423, 0.040618751690660926, 43.660510310910894], [0.0, 0.0, 0.0, 1.0]]}, {"class": "CreamCheese", "pose": [[0.962543862854078, -0.2662608786515916, 0.051131793528799103, 19.543192402424108], [0.26534179967083754, 0.9638527939685972, 0.024115506746875702, -13.995750536566575], [-0.05570449451060745, -0.009644830715690259, 0.9984007078974038, 46.59589503709136], [0.0, 0.0, 0.0, 1.0]]}, {"class": "AlphabetSoup", "pose": [[-0.7682624488944936, -0.08240245251578752, -0.6348091438896091, 25.877000234882217], [0.6364295484658524, 0.008225016463414083, -0.7712910058486463, -25.4122201750824], [0.06877756018703605, -0.9965651903750752, 0.04612434872886981, 43.391496216362135], [0.0, 0.0, 0.0, 1.0]]}]}