{"camera": {"camera": "RealSense D415", "extrinsics": [[-0.72635716, 0.68377656, -0.06967674, 0.43083143], [0.6851148, 0.7284089, 0.0061836964, -0.8442355], [0.05498142, -0.04324499, -0.9975504, 0.10216745], [0.0, 0.0, 0.0, 1.0]], "height": 480, "intrinsics": [[605.8222, 0.0, 326.28275], [0.0, 605.7743, 245.73769], [0.0, 0.0, 1.0]], "width": 640}, "objects": [{"class": "MacaroniAndCheese", "pose": [[-0.8965501252880618, -0.4412147730089518, -0.03908097136533806, -12.151026112305063], [-0.44031465446201357, 0.8973520616014805, -0.029704222265706366, -28.96978317750486], [0.04817528831275199, -0.009423411125906665, -0.9987943983554083, 47.84818925142418], [0.0, 0.0, 0.0, 1.0]]}, {"class": "Pineapple", "pose": [[-0.2540473248580021, -0.057759023817622476, 0.9654655754082416, -7.4653013465743605], [-0.9671865113520258, 0.01186218853813858, -0.2537904626983133, -43.41268780338524], [0.0032061360109799093, -0.9982600350966618, -0.05887726461120468, 47.09157909989815], [0.0, 0.0, 0.0, 1.0]]}, {"class": "Milk", "pose": [[-0.6146642279316625, -0.03507787392086902, 0.7880084739776617, -2.0381400958782603], [-0.7873211450326412, -0.0336322251195575, -0.6156251669911148, -8.247203741427745], [0.04809726606127757, -0.9988184666290101, -0.006944997171357929, 39.14221859986784], [0.0, 0.0, 0.0, 1.0]]}, {"class": "TomatoSauce", "pose": [[0.6097949496477859, -0.13174427419998985, -0.7815327830601925, 7.647252189926768], [0.7882332755833444, -0.002076906016931437, 0.6153730965352543, -13.79867759286444], [-0.08269501669751234, -0.9912815207782817, 0.10257870170898724, 44.388029928201234], [0.0, 0.0, 0.0, 1.0]]}, {"class": "Cookies", "pose": [[-0.9792619723889586, -0.06741953788951248, 0.19105109458437705, 8.067457647356152], [-0.19307573130914474, 0.02485284557253043, -0.9808690821211696, -45.32149190598196], [0.06138153124984359, -0.9974150874220925, -0.03735452143462416, 40.415533284116464], [0.0, 0.0, 0.0, 1.0]]}, {"class": "OrangeJuice", "pose": [[-0.47288778561108513, -0.08025544440400956, -0.8774600453932917, 1.473632486821841], [0.880317311462167, -0.00046512517686484893, -0.4743851526064359, -29.952028000830644], [0.037663847908477106, -0.996774178797449, 0.07087016516705051, 39.43696548437528], [0.0, 0.0, 0.0, 1.0]]}, {"class": "Mustard", "pose": [[0.9776217657286042, -0.07095811197756369, -0.19804180093228865, 13.78412322714963], [0.1988359003608642, 0.0042364280333056096, 0.9800236709488416, -31.889704754297142], [-0.06870159365189735, -0.9974702573643368, 0.018250643019341112, 40.10153988981735], [0.0, 0.0, 0.0, 1.0]]}, {"class": "Parmesan", "pose": [[0.4371311703288548, -0.05224488312237175, -0.897879021646398, 5.602485566151278], [0.8976778175765463, -0.03636674383714474, 0.4391492388568282, -0.1847765531988954], [-0.05559620913570086, -0.9979718667539088, 0.031001999368808656, 43.35574959860141], [0.0, 0.0, 0.0, 1.0]]}, {"class": "CreamCheese", "pose": [[0.9502224199360646, -0.3075943111893588, 0.04962879983468461, 18.624225088245087], [0.3053906961569966, 0.951050451154621, 0.047324626508578334, -12.69384687604962], [-0.06175623304980785, -0.029812751834052492, 0.9976458674173844, 46.560755446316804], [0.0, 0.0, 0.0, 1.0]]}, {"class": "AlphabetSoup", "pose": [[-0.7950342835193206, -0.08226643029219405, -0.6009597722594567, 25.44602924282301], [0.6039982230531976, -0.01633188562447796, -0.7968183445901383, -23.891382324568067], [0.05573656332615909, -0.9964765028595041, 0.06267315234522768, 43.59440464379393], [0.0, 0.0, 0.0, 1.0]]}]}