{"camera": {"camera": "RealSense D415", "extrinsics": [[-0.8131895, 0.5750639, -0.08957887, 0.5142192], [0.58006126, 0.8133737, -0.044183552, -0.80299824], [0.047452725, -0.08789083, -0.99499923, 0.121465616], [0.0, 0.0, 0.0, 1.0]], "height": 480, "intrinsics": [[605.8222, 0.0, 326.28275], [0.0, 605.7743, 245.73769], [0.0, 0.0, 1.0]], "width": 640}, "objects": [{"class": "MacaroniAndCheese", "pose": [[-0.8256259549116485, -0.561596096227164, -0.05432864817458793, -10.219331898796957], [-0.5574175702336589, 0.82678955696192, -0.07552957725640837, -31.504934394159523], [0.08733543053264392, -0.03207545260128085, -0.9956624603887955, 49.04472373100241], [0.0, 0.0, 0.0, 1.0]]}, {"class": "Pineapple", "pose": [[-0.11722871613041029, -0.07858108117923249, 0.9899911295203401, -3.590173213366865], [-0.9920371432014483, -0.03694943731366364, -0.12040382775447388, -45.18233304782773], [0.04604106119738945, -0.9962227702318066, -0.07362377244377546, 48.71459612254536], [0.0, 0.0, 0.0, 1.0]]}, {"class": "Milk", "pose": [[-0.4983611746934824, -0.04982035746638707, 0.8655368659242038, -3.2548442166234537], [-0.8619440744458888, -0.07886564789295274, -0.5008319660894863, -9.95824017184761], [0.09321272065816626, -0.9956395910730553, -0.003638750987727056, 39.31201742100959], [0.0, 0.0, 0.0, 1.0]]}, {"class": "TomatoSauce", "pose": [[0.49272902635583693, -0.14976277653654116, -0.8571984671500141, 7.209195734410939], [0.8607638207434569, -0.06066245158203433, 0.5053768376312848, -13.902265853219198], [-0.12768636683566206, -0.9868592805314418, 0.09902019625633039, 44.51708820478473], [0.0, 0.0, 0.0, 1.0]]}, {"class": "Cookies", "pose": [[-0.9415764922377411, -0.08993257241319139, 0.3245702334137497, 11.922053672753474], [-0.32361725159185384, -0.02539167190018096, -0.945847331030364, -45.20146718418401], [0.09330381779691185, -0.9956241515741779, -0.005195526930652745, 41.725304477801686], [0.0, 0.0, 0.0, 1.0]]}, {"class": "OrangeJuice", "pose": [[-0.5896604293144092, -0.09911487340230317, -0.8015465143739516, 3.240711679518732], [0.8074846465774075, -0.052190525406623486, -0.5875752979376816, -30.94107734686763], [0.016404300096009322, -0.9937064195858967, 0.11080838292072946, 40.33529622027125], [0.0, 0.0, 0.0, 1.0]]}, {"class": "Mustard", "pose": [[0.9390081776520645, -0.09057571867580762, -0.331752432127859, 15.711705783213075], [0.32879272050541053, -0.046284024655812814, 0.9432672856361164, -31.13372571797691], [-0.10079190349736332, -0.9948134924356415, -0.013680444830066568, 40.761485388551186], [0.0, 0.0, 0.0, 1.0]]}, {"class": "Parmesan", "pose": [[0.30711575027728266, -0.06642150682223515, -0.949351407065331, 3.2745909690077846], [0.9463634874178838, -0.08390475214997971, 0.31201951604975997, -0.7540058132649685], [-0.10037987618749297, -0.9942576282959747, 0.0370903780678366, 43.02473716901689], [0.0, 0.0, 0.0, 1.0]]}, {"class": "CreamCheese", "pose": [[0.8972269884049355, -0.437152096643719, 0.0623038555119138, 17.96737392316991], [0.4307443709856187, 0.8975259065919964, 0.09437462586645931, -11.206423146911582], [-0.09717534409920524, -0.05783843621563421, 0.9935852831582701, 46.36894293687803], [0.0, 0.0, 0.0, 1.0]]}, {"class": "AlphabetSoup", "pose": [[-0.8699143341608699, -0.09889779477712417, -0.4831855462899437, 26.217345139903426], [0.4903473305578016, -0.06815753112349164, -0.8688579184843767, -21.467742355934018], [0.052995364285152904, -0.9927607138747485, 0.10778545108015472, 43.65520909064329], [0.0, 0.0, 0.0, 1.0]]}]}