{"camera": {"camera": "RealSense D415", "extrinsics": [[-0.8692192, 0.4865595, -0.08785124, 0.57739705], [0.49337438, 0.8651548, -0.089938164, -0.7552198], [0.032244653, -0.12151953, -0.9920652, 0.14331101], [0.0, 0.0, 0.0, 1.0]], "height": 480, "intrinsics": [[605.8222, 0.0, 326.28275], [0.0, 605.7743, 245.73769], [0.0, 0.0, 1.0]], "width": 640}, "objects": [{"class": "MacaroniAndCheese", "pose": [[-0.7625122727029088, -0.6450758646606631, -0.0495190454678864, -8.539985645391123], [-0.6369428187758533, 0.761913636098851, -0.11743699573017936, -32.10024357453278], [0.11348496737249149, -0.05800636532717044, -0.9918450067036764, 49.87846665043476], [0.0, 0.0, 0.0, 1.0]]}, {"class": "Pineapple", "pose": [[-0.012697308315737049, -0.0776743936915708, 0.9968979085044216, -0.5181629747100791], [-0.9964792634674021, -0.08164577443615788, -0.019053509540667, -45.01388905770069], [0.08287245436541782, -0.9936300913410683, -0.07636420267385094, 49.997150671833445], [0.0, 0.0, 0.0, 1.0]]}, {"class": "Milk", "pose": [[-0.40518087544136516, -0.04468658366838832, 0.9131437676899102, -3.8998290243158817], [-0.905225169377097, -0.12028119861363662, -0.40755345320080993, -10.317830618129731], [0.12804616888003842, -0.991733655450815, 0.008284252671726547, 39.31981663800158], [0.0, 0.0, 0.0, 1.0]]}, {"class": "TomatoSauce", "pose": [[0.39958580280463885, -0.14595409101958984, -0.9050019682663263, 6.9368936123122555], [0.9021936070094424, -0.11229708803513626, 0.4164565412137881, -12.953635453720192], [-0.1624125946680999, -0.9828971838705424, 0.08680650087149358, 44.588802348485466], [0.0, 0.0, 0.0, 1.0]]}, {"class": "Cookies", "pose": [[-0.9022533417627563, -0.09017008352033459, 0.42167313925620353, 14.887168182013472], [-0.41646077074742943, -0.07132170561345208, -0.9063518257092419, -43.6715444593497], [0.11180022577748049, -0.9933693538775554, 0.02679794495874898, 42.901121749753855], [0.0, 0.0, 0.0, 1.0]]}, {"class": "OrangeJuice", "pose": [[-0.6708027101180082, -0.09649327380274778, -0.7353317246409752, 4.7576138159011405], [0.7415853254540471, -0.09884354490061241, -0.6635368489634371, -30.45608057170972], [-0.008655965100657808, -0.9904136033170742, 0.13786247565485693, 41.05716228765836], [0.0, 0.0, 0.0, 1.0]]}, {"class": "Mustard", "pose": [[0.8991324860309662, -0.08862235248863336, -0.42861034081956384, 17.181764704947916], [0.42106036582932477, -0.09212292338041929, 0.9023422446861017, -29.33025082683661], [-0.11945248904260601, -0.9917961226494387, -0.045515354772710764, 41.39983269229178], [0.0, 0.0, 0.0, 1.0]]}, {"class": "Parmesan", "pose": [[0.2061333255135134, -0.06066502166684295, -0.9766415823183079, 1.6439687450920837], [0.9689015756310073, -0.12697104265714884, 0.21238663398608426, -0.3518281555809244], [-0.13688961816804535, -0.9900496005539521, 0.03260543577053398, 42.648605003474174], [0.0, 0.0, 0.0, 1.0]]}, {"class": "CreamCheese", "pose": [[0.8469323916661146, -0.5287988782321457, 0.0554729067333512, 17.360444031953108], [0.5181582041305471, 0.8442537655846123, 0.13692204357969703, -9.083276658434169], [-0.11923739256024954, -0.08721998229611076, 0.989027407337491, 46.2636888324645], [0.0, 0.0, 0.0, 1.0]]}, {"class": "AlphabetSoup", "pose": [[-0.9162330364229342, -0.0946045939040401, -0.3893160243732196, 26.628878752390943], [0.3984957145389201, -0.11465492175781498, -0.9099754972747653, -18.520533609828004], [0.041450835359549264, -0.9888904508551851, 0.14275012440080193, 43.864657433122126], [0.0, 0.0, 0.0, 1.0]]}]}