{"camera": {"camera": "RealSense D415", "extrinsics": [[-0.91092205, 0.40439206, -0.08178063, 0.6274523], [0.4115676, 0.904527, -0.11154834, -0.7133465], [0.028863521, -0.1352701, -0.9903883, 0.15111926], [0.0, 0.0, 0.0, 1.0]], "height": 480, "intrinsics": [[605.8222, 0.0, 326.28275], [0.0, 605.7743, 245.73769], [0.0, 0.0, 1.0]], "width": 640}, "objects": [{"class": "MacaroniAndCheese", "pose": [[-0.7002323937191897, -0.7127323080196635, -0.04107566739407716, -7.162664580608713], [-0.7028541900437004, 0.6983302615852109, -0.13539150892190877, -33.712321692995204], [0.12518224289459037, -0.06593533343540464, -0.9899404241283751, 50.318547789363485], [0.0, 0.0, 0.0, 1.0]]}, {"class": "Pineapple", "pose": [[0.0794577863516023, -0.0724159018244744, 0.9942043833697694, 2.01601566602283], [-0.9921485104688185, -0.10237606277136269, 0.07183663648686613, -45.82874945324755], [0.09658059985712819, -0.992106443246087, -0.07998186329201162, 50.58305912294364], [0.0, 0.0, 0.0, 1.0]]}, {"class": "Milk", "pose": [[-0.3196484926051823, -0.03600125835167396, 0.9468519995928308, -4.578459962461389], [-0.936831260954895, -0.13777638908252568, -0.32150409407167463, -11.745106826721896], [0.14202837215727776, -0.9898089159604564, 0.010312945377791627, 39.44412638124691], [0.0, 0.0, 0.0, 1.0]]}, {"class": "TomatoSauce", "pose": [[0.314266847295211, -0.13755005894571176, -0.9393169265672638, 6.468894916992696], [0.932815546343886, -0.13903635190428953, 0.33245161564370496, -13.296831871235904], [-0.1763279111756376, -0.9806880213745639, 0.08461428914612534, 44.70647678245376], [0.0, 0.0, 0.0, 1.0]]}, {"class": "Cookies", "pose": [[-0.8597124060845979, -0.08580959917609189, 0.5035188676445804, 17.213310579253804], [-0.4962349132090229, -0.09324494352833587, -0.863166449078413, -43.17190301669262], [0.12101851197038907, -0.9919386117979693, 0.0375821186153053, 43.40927783869027], [0.0, 0.0, 0.0, 1.0]]}, {"class": "OrangeJuice", "pose": [[-0.7363458244858573, -0.08956033963096371, -0.6706517210057995, 5.903538744010239], [0.6764111152889446, -0.12118827027963135, -0.7264856734003798, -30.973409073968394], [-0.01621083500164146, -0.988581036827256, 0.14981604690059924, 41.42374461691034], [0.0, 0.0, 0.0, 1.0]]}, {"class": "Mustard", "pose": [[0.8561607022043054, -0.08234629654634364, -0.5101057713913301, 18.171802050144446], [0.5004195924772987, -0.11379088219564615, 0.858272622183533, -28.70262676610898], [-0.1287209146898768, -0.9900862788088968, -0.05621558583327224, 41.70249921398741], [0.0, 0.0, 0.0, 1.0]]}, {"class": "Parmesan", "pose": [[0.11555496400758661, -0.05129029834001832, -0.9919759645021685, 0.031462951645822024], [0.9817615165072413, -0.1458861237620393, 0.12190812522098061, -1.2649107841413487], [-0.1509682116069412, -0.9879709812514134, 0.03349693633969947, 42.614274715785115], [0.0, 0.0, 0.0, 1.0]]}, {"class": "CreamCheese", "pose": [[0.7952304776944226, -0.6046200451123918, 0.045200076933572815, 16.49550596310439], [0.5922866704407104, 0.790618836993356, 0.155300940130241, -8.459181563675555], [-0.12963405121669105, -0.09672865044302595, 0.9868326536973958, 46.287469875900754], [0.0, 0.0, 0.0, 1.0]]}, {"class": "AlphabetSoup", "pose": [[-0.9489626973754217, -0.0862177794649405, -0.3033747716187193, 26.588339007202862], [0.31289818780822054, -0.13673537640815334, -0.9398926472212975, -17.03475678485008], [0.03955336150934887, -0.986848544250414, 0.15673413080428403, 43.98198148437269], [0.0, 0.0, 0.0, 1.0]]}]}