{"camera": {"camera": "RealSense D415", "extrinsics": [[-0.94787055, 0.29291686, -0.12546343, 0.71039754], [0.31415805, 0.92492795, -0.21403985, -0.63582736], [0.053348746, -0.24229743, -0.96873415, 0.17835267], [0.0, 0.0, 0.0, 1.0]], "height": 480, "intrinsics": [[605.8222, 0.0, 326.28275], [0.0, 605.7743, 245.73769], [0.0, 0.0, 1.0]], "width": 640}, "objects": [{"class": "MacaroniAndCheese", "pose": [[-0.6094318527780966, -0.78854465457636, -0.08240179292724635, -0.48521200893266725], [-0.7574519333179974, 0.6097819809529514, -0.2333078903857746, -30.33257449228033], [0.23422078833972, -0.07976988733873008, -0.9689052496258083, 54.17622588727846], [0.0, 0.0, 0.0, 1.0]]}, {"class": "Pineapple", "pose": [[0.19465932742136888, -0.11729027245655176, 0.973832967789676, 9.983504519624676], [-0.9643864918819989, -0.20413929487786625, 0.1681841546063055, -41.33287709986924], [0.17907120867259757, -0.9718899890393208, -0.15285073371969143, 54.9009879498919], [0.0, 0.0, 0.0, 1.0]]}, {"class": "Milk", "pose": [[-0.20486030281594506, -0.07709456762575795, 0.9757502728115814, -0.9861499117789996], [-0.9473252538380701, -0.23512115581427592, -0.2174694756225175, -9.360483808194186], [0.2461852309182346, -0.9689037513823088, -0.024866604190923527, 41.23751783246753], [0.0, 0.0, 0.0, 1.0]]}, {"class": "TomatoSauce", "pose": [[0.1980027852672659, -0.17718373135673507, -0.964054320714361, 10.448387041427887], [0.9394929530082, -0.24619286596341217, 0.2382060689717845, -9.227532678623929], [-0.27954952072606853, -0.9528877235188952, 0.11771595982604002, 45.86114320477601], [0.0, 0.0, 0.0, 1.0]]}, {"class": "Cookies", "pose": [[-0.7908675348756052, -0.13158428918645362, 0.5976738475441244, 24.355264000282244], [-0.5701440835420148, -0.1964964722532148, -0.7976997729048284, -37.79010822895211], [0.22240552504602448, -0.971635076640203, 0.08038069196238444, 46.51164672272664], [0.0, 0.0, 0.0, 1.0]]}, {"class": "OrangeJuice", "pose": [[-0.8066881240935939, -0.13200691980068724, -0.576045444813352, 11.664489326205407], [0.590368817820289, -0.22422773181752212, -0.775362270508297, -27.09822440420669], [-0.026812203714807463, -0.9655548196282033, 0.2588145888346848, 44.21286515002414], [0.0, 0.0, 0.0, 1.0]]}, {"class": "Mustard", "pose": [[0.7864373557337009, -0.1257580622233349, -0.6047322599395007, 23.59997707699491], [0.5731729055409615, -0.21629013445096576, 0.7903742565337343, -23.53123516910517], [-0.23019352179233735, -0.96819600241833, -0.09801754330204772, 43.461098827604935], [0.0, 0.0, 0.0, 1.0]]}, {"class": "Parmesan", "pose": [[-0.0031378467547792622, -0.09125678857725192, -0.9958224055399781, 2.604111781605589], [0.9694351930939871, -0.24458273007511958, 0.019358766442169127, 1.8026155438055969], [-0.24532757313181042, -0.9653245556636233, 0.08923496771471988, 43.14302879797583], [0.0, 0.0, 0.0, 1.0]]}, {"class": "CreamCheese", "pose": [[0.715720606118328, -0.6933041780186412, 0.08410256618337114, 19.949056877994366], [0.6575950391663827, 0.7095657958811656, 0.25315057392316787, -3.2311291156511768], [-0.23518662180950728, -0.12587967229168878, 0.9637642639123595, 46.3256206827396], [0.0, 0.0, 0.0, 1.0]]}, {"class": "AlphabetSoup", "pose": [[-0.9740315849639515, -0.12686305356912403, -0.18753172545158642, 30.783927647507202], [0.2135129296393868, -0.23909779166846123, -0.9472299310064104, -10.876946606340965], [0.075330025036828, -0.9626723349353966, 0.25997568779973546, 44.11924453920308], [0.0, 0.0, 0.0, 1.0]]}]}