{"camera": {"camera": "RealSense D415", "extrinsics": [[-0.9784924, 0.18653825, -0.088068925, 0.7473151], [0.20382446, 0.94000614, -0.2735765, -0.5672421], [0.031752843, -0.28564313, -0.95780987, 0.2102278], [0.0, 0.0, 0.0, 1.0]], "height": 480, "intrinsics": [[605.8222, 0.0, 326.28275], [0.0, 605.7743, 245.73769], [0.0, 0.0, 1.0]], "width": 640}, "objects": [{"class": "MacaroniAndCheese", "pose": [[-0.5202250492730025, -0.8529427964195132, -0.04306375522806092, -0.6019164985426873], [-0.8111181003501594, 0.5092401288082385, -0.2876838420022879, -30.32023932978617], [0.2673076146809777, -0.11473056818759296, -0.9567567769991693, 55.22460680625863], [0.0, 0.0, 0.0, 1.0]]}, {"class": "Pineapple", "pose": [[0.30305150527750474, -0.0810620530102816, 0.9495202639123489, 11.062798109611261], [-0.9254063552647922, -0.26295487386456773, 0.27290636929152695, -39.97867905230697], [0.2275586209657691, -0.9613967386762358, -0.15470416724760797, 56.556878586802576], [0.0, 0.0, 0.0, 1.0]]}, {"class": "Milk", "pose": [[-0.0965313038167559, -0.03758240730005039, 0.9946201651456447, -3.3761971145311875], [-0.9517819373070543, -0.2888644551493428, -0.10328864807317233, -10.196509582312501], [0.29119222179103993, -0.9566320605246555, -0.007885760690608075, 41.26650655816753], [0.0, 0.0, 0.0, 1.0]]}, {"class": "TomatoSauce", "pose": [[0.0910324379023501, -0.13589737552066675, -0.9865318045788125, 7.908990533146132], [0.9416073870989743, -0.3107341664587455, 0.1296914831795443, -8.510296321939077], [-0.32417384277627975, -0.9407317359612926, 0.0996750474884882, 45.95110466394925], [0.0, 0.0, 0.0, 1.0]]}, {"class": "Cookies", "pose": [[-0.7220102584075311, -0.09614827045256283, 0.6851691030049802, 25.026807855826167], [-0.6470038451677728, -0.2570255148032972, -0.717860699252784, -35.19412753039165], [0.2451269637127239, -0.9616097996283162, 0.12336676779704442, 48.09554020167395], [0.0, 0.0, 0.0, 1.0]]}, {"class": "OrangeJuice", "pose": [[-0.8693500921910959, -0.09342420286313131, -0.4852858316457433, 11.21000495517891], [0.49041775358187156, -0.28429222665773296, -0.8238133473592053, -26.17621338383041], [-0.060998906005756616, -0.9541749638301965, 0.29296632288142643, 45.19213972499883], [0.0, 0.0, 0.0, 1.0]]}, {"class": "Mustard", "pose": [[0.7173530348572844, -0.08810697857063142, -0.6911163336064178, 22.65927320619705], [0.6491176637124614, -0.2758172547868078, 0.708922545185174, -21.283743606289967], [-0.25308279080290635, -0.9571635256420478, -0.14066655841676504, 44.342173522783426], [0.0, 0.0, 0.0, 1.0]]}, {"class": "Parmesan", "pose": [[-0.11262249533675538, -0.05059350503045393, -0.992348967683362, -1.128573214469153], [0.9495316938175585, -0.2997277577728019, -0.09248193396510504, 1.3874640142003458], [-0.29275552662085513, -0.9526823080439651, 0.0817961860351003, 42.643271955668475], [0.0, 0.0, 0.0, 1.0]]}, {"class": "CreamCheese", "pose": [[0.6373849803583241, -0.7693718462675357, 0.04251296101050809, 16.643512352433266], [0.7243901172025076, 0.617101367265688, 0.30731894681525196, -1.4328157228599925], [-0.26267731078154877, -0.16508452451707947, 0.950656470362698, 46.18073157860202], [0.0, 0.0, 0.0, 1.0]]}, {"class": "AlphabetSoup", "pose": [[-0.9930639698363183, -0.0866251075300033, -0.07949871337151529, 28.318124968234358], [0.1019929073066423, -0.298305884018289, -0.9490053323731565, -7.861961528079581], [0.05849271967871987, -0.9505312746997217, 0.3050719456771284, 44.42273259178337], [0.0, 0.0, 0.0, 1.0]]}]}