{"camera": {"camera": "RealSense D415", "extrinsics": [[-0.9977706, 0.043426782, -0.050674535, 0.8130665], [0.057861026, 0.941287, -0.33261222, -0.45908797], [0.033255003, -0.33480278, -0.94170123, 0.22770195], [0.0, 0.0, 0.0, 1.0]], "height": 480, "intrinsics": [[605.8222, 0.0, 326.28275], [0.0, 605.7743, 245.73769], [0.0, 0.0, 1.0]], "width": 640}, "objects": [{"class": "MacaroniAndCheese", "pose": [[-0.3926464995956103, -0.9196804429369959, -0.00406782923038606, 3.0376591536747988], [-0.8644149189619423, 0.3705545979363086, -0.3398178371052074, -29.238324443970388], [0.3140311370413279, -0.12991200958399352, -0.9404824936840211, 56.50622633457467], [0.0, 0.0, 0.0, 1.0]]}, {"class": "Pineapple", "pose": [[0.4382868096202257, -0.04534085825850587, 0.8976908248865134, 16.01459431374318], [-0.857274447731379, -0.32126828906806604, 0.4023272701380301, -36.97892911213362], [0.27015772115878406, -0.9459021748486716, -0.17967717580867681, 58.18198000429946], [0.0, 0.0, 0.0, 1.0]]}, {"class": "Milk", "pose": [[0.04735437479330513, 0.0015286308444088024, 0.9988769516190663, -2.7599708417031854], [-0.9392861665325507, -0.3401647098372769, 0.04504988493312947, -10.494833370087242], [0.3398515294927498, -0.94036464404417, -0.014672434183044092, 41.587825191663775], [0.0, 0.0, 0.0, 1.0]]}, {"class": "TomatoSauce", "pose": [[-0.05142602434219924, -0.09237007774030866, -0.9943958320300454, 8.169794952511323], [0.9267224500312854, -0.3755201476350618, -0.013043922674330861, -6.9148906422213665], [-0.3722107791993313, -0.9221997746669335, 0.10491290503946069, 46.04522993357186], [0.0, 0.0, 0.0, 1.0]]}, {"class": "Cookies", "pose": [[-0.6166868238604862, -0.06114179070668662, 0.7848305426690315, 29.074203077271033], [-0.7333954594461883, -0.31766012962970425, -0.6010184412294974, -30.61948634497631], [0.2860566781288452, -0.9462313434464468, 0.1510557108127912, 49.32286933225332], [0.0, 0.0, 0.0, 1.0]]}, {"class": "OrangeJuice", "pose": [[-0.932867487002837, -0.054360787257771534, -0.3560942213822754, 14.057367881744687], [0.3523025293098041, -0.34380173985280643, -0.8704500652574388, -23.911523515397594], [-0.07510747949567295, -0.937467493725789, 0.3398728746502589, 46.136267932892736], [0.0, 0.0, 0.0, 1.0]]}, {"class": "Mustard", "pose": [[0.6117317174532365, -0.05037612183030834, -0.7894596191137162, 24.64803722496486], [0.734382506302478, -0.3347975246259366, 0.5904176289134818, -17.426018081936977], [-0.2940520394278324, -0.9409425574271205, -0.16781092909157555, 44.90323125114778], [0.0, 0.0, 0.0, 1.0]]}, {"class": "Parmesan", "pose": [[-0.2538536175297132, -0.009704923240350643, -0.9671939274685808, -2.253592238768276], [0.9059736253062793, -0.3526188167955961, -0.23424727294389608, 1.3497462372996316], [-0.33877741026568786, -0.9357167393256933, 0.09830593182052273, 42.35284055267811], [0.0, 0.0, 0.0, 1.0]]}, {"class": "CreamCheese", "pose": [[0.5214187470579649, -0.8533007065435928, 0.0005765664136409851, 15.755845970348481], [0.7963710867491386, 0.4868737299100252, 0.35881344443049695, 1.381692508362986], [-0.30645644428147556, -0.1866329086560225, 0.9334091339582461, 45.81314644549738], [0.0, 0.0, 0.0, 1.0]]}, {"class": "AlphabetSoup", "pose": [[-0.9969202136700701, -0.04553749675629613, 0.06384639351845987, 28.24866910444017], [-0.04349033457411328, -0.3564458214741027, -0.9333032689018426, -3.3274675091591877], [0.06525804480916512, -0.9332056292687605, 0.3533675809698977, 44.240179031799514], [0.0, 0.0, 0.0, 1.0]]}]}