{"camera": {"camera": "RealSense D415", "extrinsics": [[-0.9973457, -0.06900591, -0.023232229, 0.85181296], [-0.054467328, 0.91882193, -0.39089584, -0.3746953], [0.0483204, -0.3885929, -0.9201417, 0.24094467], [0.0, 0.0, 0.0, 1.0]], "height": 480, "intrinsics": [[605.8222, 0.0, 326.28275], [0.0, 605.7743, 245.73769], [0.0, 0.0, 1.0]], "width": 640}, "objects": [{"class": "MacaroniAndCheese", "pose": [[-0.28695568350005785, -0.9576455320249541, 0.023904916451343742, 5.919046295819907], [-0.8836340425710948, 0.2549768604323196, -0.39265466872074034, -27.88443730616599], [0.3699287585366669, -0.13379771317579373, -0.9193752958567297, 58.26582063417946], [0.0, 0.0, 0.0, 1.0]]}, {"class": "Pineapple", "pose": [[0.5370736983503055, -0.01928771360319145, 0.8433147698073213, 19.7185333152617], [-0.7843538757329797, -0.3792837455226458, 0.49084910860632036, -33.98269264439053], [0.3103882262548418, -0.9250793991431255, -0.2188316781422848, 60.139694751734616], [0.0, 0.0, 0.0, 1.0]]}, {"class": "Milk", "pose": [[0.15900877352609666, 0.029505156060083363, 0.9868361718332403, -2.170282394493672], [-0.9061872829583505, -0.39235345299566254, 0.15774468466986374, -10.832301959182189], [0.3918428455741583, -0.919341221703394, -0.03565040707282446, 42.41409778416557], [0.0, 0.0, 0.0, 1.0]]}, {"class": "TomatoSauce", "pose": [[-0.16199145706477472, -0.059486529732467194, -0.9849975101234049, 8.327487822692547], [0.8913643727712218, -0.43706080019727017, -0.12019742634407542, -5.7738014539711005], [-0.42335365834232286, -0.897462691468418, 0.12382425637020919, 46.45793559973734], [0.0, 0.0, 0.0, 1.0]]}, {"class": "Cookies", "pose": [[-0.5248847299550281, -0.03540141546298638, 0.8504367903460794, 31.855094791634798], [-0.7808911758918794, -0.3775268898172005, -0.49767703211400127, -26.706030672630536], [0.3386811927500273, -0.9253217052036921, 0.17051346173117965, 50.69332998790702], [0.0, 0.0, 0.0, 1.0]]}, {"class": "OrangeJuice", "pose": [[-0.9679989823611628, -0.025557712738716733, -0.24964924954464968, 16.1302056144068], [0.23858696032400548, -0.40216497646753696, -0.8839341624130549, -21.953194332795068], [-0.0778088746554429, -0.9152104709073491, 0.39539299695569097, 47.40776304900657], [0.0, 0.0, 0.0, 1.0]]}, {"class": "Mustard", "pose": [[0.5197549021681508, -0.022675684173653798, -0.8540144198725927, 25.88997153075452], [0.7808358102340851, -0.39298454640115904, 0.48565274956557924, -14.385673594704995], [-0.3466269431352035, -0.9192654841501817, -0.18654967439820716, 45.6122024917526], [0.0, 0.0, 0.0, 1.0]]}, {"class": "Parmesan", "pose": [[-0.3602836058835175, 0.019833153898007178, -0.9326319443751193, -3.0196075963840774], [0.8496604674256724, -0.4057132454264311, -0.33685881611469165, 1.0170854956638775], [-0.3850620986372144, -0.9137852469531205, 0.1293203453410518, 42.494067751741156], [0.0, 0.0, 0.0, 1.0]]}, {"class": "CreamCheese", "pose": [[0.4227755956725634, -0.9057495587602609, -0.0296396160600948, 14.906428267645943], [0.831283876761832, 0.37457832330128765, 0.41068017405673146, 3.3058713940341877], [-0.36087099589245203, -0.19826451250895402, 0.9112976223377176, 45.613893178107816], [0.0, 0.0, 0.0, 1.0]]}, {"class": "AlphabetSoup", "pose": [[-0.9844741432139906, -0.01528992059766056, 0.17486238589840966, 27.838246021823387], [-0.1530068973169808, -0.41344822373491974, -0.8975797820130098, -0.03180163511348755], [0.08602043126965038, -0.9103992835318518, 0.4046896082481918, 44.08122276145004], [0.0, 0.0, 0.0, 1.0]]}]}