{"camera": {"camera": "RealSense D415", "extrinsics": [[-0.99238956, -0.12307378, -0.003968558, 0.8587218], [-0.109700404, 0.8982761, -0.42551836, -0.3506323], [0.055935014, -0.42184466, -0.9049411, 0.2497718], [0.0, 0.0, 0.0, 1.0]], "height": 480, "intrinsics": [[605.8222, 0.0, 326.28275], [0.0, 605.7743, 245.73769], [0.0, 0.0, 1.0]], "width": 640}, "objects": [{"class": "MacaroniAndCheese", "pose": [[-0.23438542775693108, -0.9711836376367403, 0.04319415895476117, 6.310967381637267], [-0.8842638647722548, 0.1945263358174642, -0.42454322678812856, -28.772693845718077], [0.403907026223326, -0.13770180998544135, -0.9043767789079552, 59.21899484689295], [0.0, 0.0, 0.0, 1.0]]}, {"class": "Pineapple", "pose": [[0.5823601026290574, -0.0007154409019725643, 0.8129305758403541, 20.444678748177893], [-0.7402048944403207, -0.41389088152008496, 0.5298972369444203, -33.99621869108494], [0.3360854588112291, -0.9103262453441755, -0.24156308481841293, 61.23863476724342], [0.0, 0.0, 0.0, 1.0]]}, {"class": "Milk", "pose": [[0.21221251243065622, 0.04876791143324119, 0.9760058721689371, -2.8009433134821515], [-0.8803922159742898, -0.4239205060398018, 0.21260522075209526, -12.813227791923811], [0.4241172221387992, -0.9043855041366721, -0.047026315255305845, 42.794677219091405], [0.0, 0.0, 0.0, 1.0]]}, {"class": "TomatoSauce", "pose": [[-0.2144493052597104, -0.037429254622113994, -0.9760176578822738, 7.402901961550057], [0.8642616530814338, -0.4728101335146438, -0.1717626325456761, -7.014609714639758], [-0.4550420997959499, -0.880369057636768, 0.13374244764773366, 46.589646898902345], [0.0, 0.0, 0.0, 1.0]]}, {"class": "Cookies", "pose": [[-0.4779352949657492, -0.016904237688912888, 0.878232328430295, 32.10955134567659], [-0.7965579209775898, -0.41307059048192074, -0.4414387784132539, -26.39217066398909], [0.37023411809421436, -0.9105421358838797, 0.1839558346799212, 51.46167521139697], [0.0, 0.0, 0.0, 1.0]]}, {"class": "OrangeJuice", "pose": [[-0.9803804983556537, -0.005625065869379406, -0.1970339036912797, 16.125990507005127], [0.17966263311690728, -0.43671113758922664, -0.8814787290951681, -22.673740801252176], [-0.08108855281265659, -0.8995842307985742, 0.42915369139161824, 48.09186932607071], [0.0, 0.0, 0.0, 1.0]]}, {"class": "Mustard", "pose": [[0.4727891572635518, -0.003289792190844599, -0.8811694003807107, 25.42825944271986], [0.7959133363193835, -0.4275377215584012, 0.42864144339273663, -14.631323179991023], [-0.3781432850766673, -0.9039915491697577, -0.19951683516649235, 45.963079215226365], [0.0, 0.0, 0.0, 1.0]]}, {"class": "Parmesan", "pose": [[-0.4098803333286238, 0.03989944715596637, -0.9112661897563211, -4.329665541612671], [0.8127147108731013, -0.4375968516135705, -0.384712650517956, -1.0372186328232114], [-0.41411705071763527, -0.8982856311260466, 0.14693544756515511, 42.44204305106918], [0.0, 0.0, 0.0, 1.0]]}, {"class": "CreamCheese", "pose": [[0.3730208924171852, -0.9264755507175146, -0.049983896095682094, 13.446061098725659], [0.8401563287383826, 0.31442611930770714, 0.44189771221194124, 2.3895097938562593], [-0.3936911725556611, -0.2068313950159455, 0.89567185242212, 45.37388041349935], [0.0, 0.0, 0.0, 1.0]]}, {"class": "AlphabetSoup", "pose": [[-0.9737425531574514, 0.005291191314956778, 0.22759034599652062, 26.54286161538202], [-0.20587074528451088, -0.44720075212298394, -0.8704187226943402, -0.2562361901252641], [0.09717299336360001, -0.8944179883045673, 0.4365477111287309, 43.89236586747889], [0.0, 0.0, 0.0, 1.0]]}]}