{"camera": {"camera": "RealSense D415", "extrinsics": [[-0.98774, -0.15568706, 0.011457714, 0.8583583], [-0.14443372, 0.88355863, -0.4454919, -0.3360036], [0.05923376, -0.44168505, -0.89521265, 0.25617298], [0.0, 0.0, 0.0, 1.0]], "height": 480, "intrinsics": [[605.8222, 0.0, 326.28275], [0.0, 605.7743, 245.73769], [0.0, 0.0, 1.0]], "width": 640}, "objects": [{"class": "MacaroniAndCheese", "pose": [[-0.20204633233598304, -0.9776240378619548, 0.05855379735500067, 6.100449121899287], [-0.8829569640875096, 0.1559609586599527, -0.4427902311539274, -29.44338582574909], [0.4237502277852828, -0.14116464394634098, -0.8947112895473527, 59.77938990289247], [0.0, 0.0, 0.0, 1.0]]}, {"class": "Pineapple", "pose": [[0.608915528217561, 0.014285476133918364, 0.7931064440967444, 20.414906618264116], [-0.7108478737184454, -0.4338770391179566, 0.5535756725311476, -34.10313639720447], [0.3520187560206101, -0.9008588506283114, -0.2540396239691825, 61.902831671173494], [0.0, 0.0, 0.0, 1.0]]}, {"class": "Milk", "pose": [[0.2441165179227606, 0.06410121365896643, 0.9676250240074095, -3.586830202312563], [-0.8623992204771231, -0.44196561330520734, 0.24684811329705017, -14.19669221887189], [0.44348022333990395, -0.8947387654930142, -0.05261023590983724, 43.01082926626087], [0.0, 0.0, 0.0, 1.0]]}, {"class": "TomatoSauce", "pose": [[-0.24576695509955399, -0.020259423282396768, -0.969117220231889, 6.399589103949865], [0.8455111445227279, -0.4934082553945224, -0.20410587414014125, -7.947567307787179], [-0.4740353421729081, -0.8695618906848892, 0.13839297862101668, 46.666523775497765], [0.0, 0.0, 0.0, 1.0]]}, {"class": "Cookies", "pose": [[-0.44862688973901066, -0.0019224573202079522, 0.893717094477653, 31.794936899786396], [-0.80493856203996, -0.4336509363658829, -0.40499479822850215, -26.300308326499994], [0.3883397970276639, -0.9010789081672742, 0.19300001863380223, 51.94840895202424], [0.0, 0.0, 0.0, 1.0]]}, {"class": "OrangeJuice", "pose": [[-0.9862709418734869, 0.010209693160997336, -0.16481935075156995, 15.686515706323224], [0.1420411740589404, -0.4566150356559973, -0.8782522553042158, -23.241704830722483], [-0.08422569995982715, -0.8896058122863328, 0.44889590564485454, 48.51034757926518], [0.0, 0.0, 0.0, 1.0]]}, {"class": "Mustard", "pose": [[0.4435071417229267, 0.012209529867443695, -0.8961876866046541, 24.69000499725693], [0.8039307579965173, -0.44746352881870644, 0.3917546892972274, -14.915945455990295], [-0.39622812113489075, -0.8942188474514274, -0.20826889536514556, 46.194455787106335], [0.0, 0.0, 0.0, 1.0]]}, {"class": "Parmesan", "pose": [[-0.4391915636583808, 0.055736377817235366, -0.8966628427674171, -5.542854397127894], [0.7878196583512279, -0.4558156790651891, -0.4142128227080924, -2.494872563379402], [-0.43179968508499855, -0.8883273896921019, 0.15628014773276525, 42.396730164551755], [0.0, 0.0, 0.0, 1.0]]}, {"class": "CreamCheese", "pose": [[0.3421948627845971, -0.9373102825727416, -0.06597072887170022, 12.096652551485365], [0.8441585648288635, 0.2758326895183966, 0.4596875620258095, 1.6405510456843464], [-0.41267295322087494, -0.21299249067072937, 0.8856270301260591, 45.23586634259503], [0.0, 0.0, 0.0, 1.0]]}, {"class": "AlphabetSoup", "pose": [[-0.9656052291937677, 0.021500534743741556, 0.25912216300426716, 25.280928615188046], [-0.23891717493140072, -0.466582767039269, -0.8515979772679645, -0.5596883562174582], [0.10259208943103708, -0.8842161944235987, 0.45567157975595285, 43.80238461778907], [0.0, 0.0, 0.0, 1.0]]}]}