{"camera": {"camera": "RealSense D415", "extrinsics": [[-0.9861796, -0.16440025, 0.02055111, 0.8530694], [-0.15502997, 0.87190735, -0.46448174, -0.3346211], [0.058442254, -0.46124846, -0.8853442, 0.26091138], [0.0, 0.0, 0.0, 1.0]], "height": 480, "intrinsics": [[605.8222, 0.0, 326.28275], [0.0, 605.7743, 245.73769], [0.0, 0.0, 1.0]], "width": 640}, "objects": [{"class": "MacaroniAndCheese", "pose": [[-0.19323621297743726, -0.9788200909493486, 0.06760894174621278, 5.384734438685291], [-0.8760070325329428, 0.14108305046550695, -0.46120199826577385, -29.53310937242192], [0.44189527349175284, -0.14834685141585724, -0.8847156392915578, 59.8411542923734], [0.0, 0.0, 0.0, 1.0]]}, {"class": "Pineapple", "pose": [[0.6159005591899088, 0.023263267968668462, 0.78748034579218, 19.744921914593792], [-0.6957114698810082, -0.45295780087521903, 0.5575076794829474, -33.97307748163705], [0.36966480645242156, -0.8912284027183637, -0.2627924057597323, 62.120992546812644], [0.0, 0.0, 0.0, 1.0]]}, {"class": "Milk", "pose": [[0.2525616615719201, 0.07314615178161196, 0.9648120133163596, -4.413922693294847], [-0.8496490510053177, -0.46031130571059276, 0.257313084278549, -14.768744426311645], [0.46293531686117206, -0.8847390331281173, -0.054108401645119285, 42.709618619367795], [0.0, 0.0, 0.0, 1.0]]}, {"class": "TomatoSauce", "pose": [[-0.2538814111555094, -0.01069739619728321, -0.9671761826266608, 5.481506313906525], [0.832088705692723, -0.5122141430483947, -0.2127559374024012, -8.322392890686197], [-0.49312536251645583, -0.8587911605777725, 0.13894280414226295, 46.26900980668768], [0.0, 0.0, 0.0, 1.0]]}, {"class": "Cookies", "pose": [[-0.4405824707526776, 0.007054856617935445, 0.8976844038522449, 31.072401183135213], [-0.8017487817689425, -0.4529320138792208, -0.38993783237267055, -26.249553975941236], [0.40383901386985827, -0.8915171534682321, 0.20521013477637895, 52.045520461078574], [0.0, 0.0, 0.0, 1.0]]}, {"class": "OrangeJuice", "pose": [[-0.9875387300230586, 0.01941284296753785, -0.15617417100262526, 14.943089173697722], [0.12828843654218, -0.4754958946020616, -0.8703136001731305, -23.460174383508992], [-0.09115545497350626, -0.8795037307817499, 0.4670801366317944, 48.47884184446086], [0.0, 0.0, 0.0, 1.0]]}, {"class": "Mustard", "pose": [[0.4355083314812114, 0.021322302027807834, -0.8999321230530009, 23.855877921826774], [0.8005097815784546, -0.46642231476186796, 0.3763433874396674, -15.078176625239125], [-0.41172388114966674, -0.884305150768523, -0.22019952198343645, 46.0194211666456], [0.0, 0.0, 0.0, 1.0]]}, {"class": "Parmesan", "pose": [[-0.44677695591815264, 0.06492091930447613, -0.8922867248553937, -6.507339916325938], [0.7729903976737281, -0.47412009622993, -0.42154004653804894, -3.1072952288022373], [-0.45041781888008137, -0.8780634512025416, 0.16164265391291546, 41.835581150057315], [0.0, 0.0, 0.0, 1.0]]}, {"class": "CreamCheese", "pose": [[0.33379154610033357, -0.939643400761562, -0.07518947142512691, 11.069301131962984], [0.8391493777679175, 0.25985896957244414, 0.47780923924159513, 1.300744131240572], [-0.4294316053949857, -0.22258389343297236, 0.8752399043339624, 44.65435543746473], [0.0, 0.0, 0.0, 1.0]]}, {"class": "AlphabetSoup", "pose": [[-0.9630972586086477, 0.03079950460916603, 0.2673855538961157, 24.284883195299255], [-0.24828466142208308, -0.4852084180829535, -0.8384077464480673, -0.7706339294930309], [0.1039151500033635, -0.873855937119403, 0.4749499197045596, 43.320626273850806], [0.0, 0.0, 0.0, 1.0]]}]}