{"camera": {"camera": "RealSense D415", "extrinsics": [[-0.9819827, -0.18469685, 0.03996231, 0.8504878], [-0.1814152, 0.8622003, -0.47296837, -0.31782338], [0.05290025, -0.47169656, -0.88017267, 0.2612114], [0.0, 0.0, 0.0, 1.0]], "height": 480, "intrinsics": [[605.8222, 0.0, 326.28275], [0.0, 605.7743, 245.73769], [0.0, 0.0, 1.0]], "width": 640}, "objects": [{"class": "MacaroniAndCheese", "pose": [[-0.17253655973640106, -0.9811617012956791, 0.08690665863406646, 4.795512529764078], [-0.8763146972632966, 0.112611351305064, -0.46839211352748283, -29.69560572852793], [0.4497817165339538, -0.15697238061495222, -0.8792360781102361, 59.24390858319133], [0.0, 0.0, 0.0, 1.0]]}, {"class": "Pineapple", "pose": [[0.6318878360905641, 0.04240263221721618, 0.7738990213405617, 19.254125270811496], [-0.6746472835021938, -0.46143645732254046, 0.5761313876312351, -33.71576478649849], [0.3815347265135108, -0.8861593734860056, -0.26296923603717576, 61.67553108933003], [0.0, 0.0, 0.0, 1.0]]}, {"class": "Milk", "pose": [[0.27220086410074884, 0.09241744079612967, 0.9577920557561238, -5.273367036733245], [-0.8375146481758652, -0.4673500973752234, 0.28311311815488793, -15.385509272814296], [0.47378880627545983, -0.8792285955310445, -0.049812103984938245, 41.88509397986786], [0.0, 0.0, 0.0, 1.0]]}, {"class": "TomatoSauce", "pose": [[-0.2728107716744283, 0.009831298075180442, -0.9620174345024114, 4.414701994745929], [0.8196102054662142, -0.521260258554734, -0.23775363518617154, -8.63319550611962], [-0.5037988924598471, -0.8533411461641869, 0.13414755336660925, 45.447649113581676], [0.0, 0.0, 0.0, 1.0]]}, {"class": "Cookies", "pose": [[-0.42152664337466833, 0.026202238939150288, 0.906437337850721, 30.442051572883287], [-0.8092737966318172, -0.46185848993280104, -0.36299117683391957, -25.790001357027226], [0.40913458123803575, -0.8865665238639099, 0.21589047003947215, 51.6011921815477], [0.0, 0.0, 0.0, 1.0]]}, {"class": "OrangeJuice", "pose": [[-0.989960146291566, 0.03908162603405512, -0.13583611858028577, 14.269945957711483], [0.10018058762723776, -0.4839479842470609, -0.8693435083458239, -23.48171342439498], [-0.0997130046875013, -0.8742236542811679, 0.4751739900776305, 47.887523909916084], [0.0, 0.0, 0.0, 1.0]]}, {"class": "Mustard", "pose": [[0.4165482092824847, 0.040778417608108214, -0.9081985608064883, 22.96841860963005], [0.8078136977145395, -0.4748760878471999, 0.34918428955618674, -14.884444020972836], [-0.41704258026471186, -0.8791074135035144, -0.23075017578354423, 45.40398591378012], [0.0, 0.0, 0.0, 1.0]]}, {"class": "Parmesan", "pose": [[-0.4643350606316776, 0.08452279113497921, -0.8816171306734973, -7.678414867757177], [0.7556901917893449, -0.481308896837693, -0.44415539730529346, -3.7956695482903147], [-0.46187143656754726, -0.8724664257677491, 0.15961551881287286, 40.871643960632], [0.0, 0.0, 0.0, 1.0]]}, {"class": "CreamCheese", "pose": [[0.31394931937296544, -0.9446883295435828, -0.09486675255034818, 9.74915731550846], [0.8434602904097703, 0.23163543564156305, 0.4846851561108168, 1.1222603075253856], [-0.43590189516011824, -0.23218294731477482, 0.8695289636503583, 43.77134851193551], [0.0, 0.0, 0.0, 1.0]]}, {"class": "AlphabetSoup", "pose": [[-0.9567025046620394, 0.050686663525242065, 0.2866201241436157, 23.02619870458049], [-0.2735211049578527, -0.4932848327846667, -0.825745854354956, -0.5994983980418367], [0.09953102594650944, -0.8683898651859835, 0.48579071499065213, 42.556129340697915], [0.0, 0.0, 0.0, 1.0]]}]}