{"camera": {"camera": "RealSense D415", "extrinsics": [[-0.95508265, -0.28602046, 0.07752013, 0.86173075], [-0.28160208, 0.7945136, -0.53800416, -0.2708905], [0.092289396, -0.53566825, -0.83937013, 0.18048069], [0.0, 0.0, 0.0, 1.0]], "height": 480, "intrinsics": [[605.8222, 0.0, 326.28275], [0.0, 605.7743, 245.73769], [0.0, 0.0, 1.0]], "width": 640}, "objects": [{"class": "MacaroniAndCheese", "pose": [[-0.0677994648102506, -0.9900025998885595, 0.12368513185293512, 6.723106133480727], [-0.8490157671427364, -0.007859693113600845, -0.5283091414445095, -30.93413503236542], [0.5239994926558531, -0.1408297205328516, -0.8399949571955175, 52.904589781124756], [0.0, 0.0, 0.0, 1.0]]}, {"class": "Pineapple", "pose": [[0.7083499593928361, 0.07858001035329194, 0.7014737657654678, 21.57360237890972], [-0.5678662533418577, -0.5268187849131475, 0.6324476126484789, -33.14682498078139], [0.4192472704506256, -0.8463375439178626, -0.3285490748391059, 55.2905315185195], [0.0, 0.0, 0.0, 1.0]]}, {"class": "Milk", "pose": [[0.3703001848134681, 0.12904723925084613, 0.9199046201780855, -5.1380374997660905], [-0.7604097996949246, -0.5266795865436757, 0.37998111296846176, -19.305092316538396], [0.5335304534733356, -0.8402115874952565, -0.09690072269126658, 34.69557257049726], [0.0, 0.0, 0.0, 1.0]]}, {"class": "TomatoSauce", "pose": [[-0.36942168515256774, 0.05332187752759475, -0.9277307383999468, 3.8047436576588156], [0.7400910907872675, -0.5868532820198887, -0.3284334015998378, -11.26855473812827], [-0.5619544701377136, -0.8079357032891265, 0.17733324405141163, 37.4496523874294], [0.0, 0.0, 0.0, 1.0]]}, {"class": "Cookies", "pose": [[-0.3232774039558367, 0.06251991123420286, 0.9442366799944719, 31.657488405691513], [-0.8129774889226727, -0.5290252367878169, -0.2433104969236277, -24.9292172304935], [0.4843132226024486, -0.8462999752626675, 0.2218491850011861, 44.32395059504947], [0.0, 0.0, 0.0, 1.0]]}, {"class": "OrangeJuice", "pose": [[-0.9964537538979205, 0.07794885301007828, -0.03168311400884248, 15.271720479399974], [-0.016323673962141825, -0.5484767181333204, -0.8360065334079175, -24.70533550426862], [-0.08254321829466182, -0.8325246891385774, 0.5478040394987308, 40.8435751878959], [0.0, 0.0, 0.0, 1.0]]}, {"class": "Mustard", "pose": [[0.3183626654899398, 0.07855825013476381, -0.9447082838707652, 22.93038399069224], [0.8103288168621554, -0.5397161839831923, 0.22819672626057583, -15.455475526216711], [-0.49194755468476553, -0.8381736888415388, -0.23548349703598914, 37.44807813570923], [0.0, 0.0, 0.0, 1.0]]}, {"class": "Parmesan", "pose": [[-0.5520494053688303, 0.12284635104841218, -0.8247121650140443, -8.819490496035032], [0.6595508652658496, -0.5407945564741609, -0.5220478908889755, -8.16990500638019], [-0.5101314923989528, -0.8321358739870486, 0.21752184784402467, 32.80077697556416], [0.0, 0.0, 0.0, 1.0]]}, {"class": "CreamCheese", "pose": [[0.2121738598723055, -0.9680639957224121, -0.13354505018526963, 8.00588625756571], [0.8329478787428999, 0.10768423901414953, 0.5427725421687158, -1.167990370770694], [-0.5110577993485786, -0.2263982197098304, 0.829194656543359, 34.848820210218804], [0.0, 0.0, 0.0, 1.0]]}, {"class": "AlphabetSoup", "pose": [[-0.9190735535748441, 0.09060330735973582, 0.38352936115886477, 21.37037007748065], [-0.3661915698339369, -0.5559796484385334, -0.7461839326006456, -1.5377482690178135], [0.1456277474490928, -0.8262431631587444, 0.5441643144392946, 33.44351168943372], [0.0, 0.0, 0.0, 1.0]]}]}