{"camera": {"camera": "RealSense D415", "extrinsics": [[-0.9455212, -0.3112244, 0.095546186, 0.85377413], [-0.30209565, 0.729336, -0.6138462, -0.2349771], [0.12135864, -0.60926867, -0.7836222, 0.16528954], [0.0, 0.0, 0.0, 1.0]], "height": 480, "intrinsics": [[605.8222, 0.0, 326.28275], [0.0, 605.7743, 245.73769], [0.0, 0.0, 1.0]], "width": 640}, "objects": [{"class": "MacaroniAndCheese", "pose": [[-0.04063407064802411, -0.9891221062228964, 0.14137311462006963, 6.0678119428565385], [-0.7961234449588519, -0.05344703272758751, -0.6027693163440973, -26.52185747841434], [0.6037683778956194, -0.13704343982094794, -0.7852915406188163, 51.78376345655591], [0.0, 0.0, 0.0, 1.0]]}, {"class": "Pineapple", "pose": [[0.7260719598648813, 0.09624813550680587, 0.6808493458637241, 20.98044325913938], [-0.5014688978044787, -0.6033584518698334, 0.6200705578710087, -28.012137833367305], [0.4704768218046785, -0.7916406293996183, -0.3898161571054811, 54.33689154764847], [0.0, 0.0, 0.0, 1.0]]}, {"class": "Milk", "pose": [[0.3943559205620152, 0.14667974192195443, 0.9071761061012469, -6.150451701584158], [-0.6928913101978033, -0.6009958072754711, 0.3983787714426314, -17.097424325944864], [0.6036430931675529, -0.7856774801228369, -0.13537309781148396, 32.564404981520646], [0.0, 0.0, 0.0, 1.0]]}, {"class": "TomatoSauce", "pose": [[-0.392798004581279, 0.07292063734989339, -0.9167291500214645, 2.5250617442459933], [0.6699587870687892, -0.6601841480652485, -0.3395763359233713, -8.547315944208572], [-0.6299721379239552, -0.7475556737725216, 0.21046515712148448, 34.507429972641084], [0.0, 0.0, 0.0, 1.0]]}, {"class": "Cookies", "pose": [[-0.2971162382201231, 0.0802679751541, 0.9514615175634847, 30.800843704417026], [-0.772370978084875, -0.6060690933671274, -0.19006130569851665, -20.57154183297278], [0.5613955291904162, -0.7913515766872157, 0.24206962674364768, 42.603307035009614], [0.0, 0.0, 0.0, 1.0]]}, {"class": "OrangeJuice", "pose": [[-0.9953390538713869, 0.09630904204506824, -0.00497619457014405, 14.419033786583235], [-0.05644027665807175, -0.6235885022881358, -0.7797126705596518, -21.215163934610263], [-0.07819649725644379, -0.7757976284529685, 0.6261176485419592, 39.15677152132224], [0.0, 0.0, 0.0, 1.0]]}, {"class": "Mustard", "pose": [[0.2922956457603339, 0.09663836250033532, -0.9514327662091682, 21.776369000539987], [0.7688390826993113, -0.6154000615246334, 0.17369284048579214, -12.094129805815665], [-0.5687263373325233, -0.7822683701095686, -0.25417811208400903, 34.86482628763586], [0.0, 0.0, 0.0, 1.0]]}, {"class": "Parmesan", "pose": [[-0.5727576773848764, 0.14093362362733364, -0.8075186579773725, -10.18950598358791], [0.5889430923683762, -0.6144569734254973, -0.5249653659117096, -6.322488024452707], [-0.5701707123749993, -0.7762604924469091, 0.2689330194081914, 29.611015036665734], [0.0, 0.0, 0.0, 1.0]]}, {"class": "CreamCheese", "pose": [[0.18544373956840857, -0.9708765158165873, -0.151688617715221, 6.398524102792247], [0.7860589737629219, 0.05393139125301343, 0.615794339411106, 1.3850178644278899], [-0.5896794313432444, -0.2334314146443091, 0.7731674496640452, 30.932467692923172], [0.0, 0.0, 0.0, 1.0]]}, {"class": "AlphabetSoup", "pose": [[-0.9068288781491808, 0.10919536113237854, 0.4071090580120935, 19.769017399892363], [-0.37992318513693785, -0.6300358391777631, -0.6772836838381976, 1.3134713104817646], [0.18253702212494435, -0.7688505878840222, 0.6128205050227107, 29.537531206468444], [0.0, 0.0, 0.0, 1.0]]}]}