{"camera": {"camera": "RealSense D415", "extrinsics": [[-0.93958145, -0.33038977, 0.08960653, 0.861854], [-0.31312644, 0.72369015, -0.61499953, -0.2241573], [0.13834217, -0.6059003, -0.7834196, 0.14464371], [0.0, 0.0, 0.0, 1.0]], "height": 480, "intrinsics": [[605.8222, 0.0, 326.28275], [0.0, 605.7743, 245.73769], [0.0, 0.0, 1.0]], "width": 640}, "objects": [{"class": "MacaroniAndCheese", "pose": [[-0.020675569780427953, -0.9905943161586978, 0.13526063745783234, 7.531004968545341], [-0.7947382692434775, -0.06580010765373236, -0.6033750784425673, -26.291509300872313], [0.6066000195600814, -0.11997195817012485, -0.7859027433878674, 51.07754098339856], [0.0, 0.0, 0.0, 1.0]]}, {"class": "Pineapple", "pose": [[0.7400166119748187, 0.09004441646807976, 0.6665338967384905, 22.501979263107675], [-0.4912477243775234, -0.6045282111884307, 0.6270736569368518, -27.593905830139498], [0.45940300421933083, -0.7914781700810287, -0.4031267326058662, 53.37964082680694], [0.0, 0.0, 0.0, 1.0]]}, {"class": "Milk", "pose": [[0.41296522115871165, 0.1405380156691332, 0.8998382136263614, -5.126598733476184], [-0.686261224840022, -0.6015387794220892, 0.40889691144026813, -17.07311571717668], [0.5987530928408425, -0.7863842635801092, -0.15196874793567308, 32.043467322154044], [0.0, 0.0, 0.0, 1.0]]}, {"class": "TomatoSauce", "pose": [[-0.41157852558512, 0.06816285604128991, -0.9088217431216282, 3.4764665834095987], [0.6632701742997418, -0.6614987576353857, -0.34998875065373974, -8.413058236258324], [-0.6250406381655117, -0.7468422025671296, 0.22704823639123253, 33.81403426224405], [0.0, 0.0, 0.0, 1.0]]}, {"class": "Cookies", "pose": [[-0.27811216148899587, 0.07410555392060841, 0.9576857579327364, 32.029919688603044], [-0.7742124459136194, -0.6074307631013511, -0.17782860479544738, -20.070545604331038], [0.5685496297290152, -0.7909085184309851, 0.22630733649253243, 41.45919029683045], [0.0, 0.0, 0.0, 1.0]]}, {"class": "OrangeJuice", "pose": [[-0.9957701389256793, 0.09062078316259943, 0.015156599885613055, 15.60073035146342], [-0.06869136946857647, -0.62470835307013, -0.777830974838282, -20.922313934649484], [-0.06101923047153741, -0.7755819742196015, 0.6282907219753672, 38.29489256653116], [0.0, 0.0, 0.0, 1.0]]}, {"class": "Mustard", "pose": [[0.2732104473753167, 0.09074039572637906, -0.9576649990813918, 22.772663178597487], [0.7706005781016149, -0.6165360131159295, 0.16142536855620335, -11.726029906576366], [-0.575787084827088, -0.7820802871116883, -0.2383686934135105, 33.85235033475792], [0.0, 0.0, 0.0, 1.0]]}, {"class": "Parmesan", "pose": [[-0.5894966321046995, 0.1351169698597248, -0.7963900700224134, -9.345790804792898], [0.5802671170361767, -0.615040000827181, -0.5338688287603605, -6.356666896638802], [-0.561946451988956, -0.7768328332702779, 0.2841600091362915, 29.1293844734095], [0.0, 0.0, 0.0, 1.0]]}, {"class": "CreamCheese", "pose": [[0.1658158259826348, -0.9752984487787835, -0.14593856961255078, 7.167677322443744], [0.7864657472225675, 0.041500713622365994, 0.616238083266052, 1.5545432122047231], [-0.5949594199467783, -0.21695773234798932, 0.773920284999077, 30.145627010448493], [0.0, 0.0, 0.0, 1.0]]}, {"class": "AlphabetSoup", "pose": [[-0.8989106141403775, 0.10370092542383495, 0.4256827977369673, 20.51232422074678], [-0.3902968357929367, -0.630978690357997, -0.670473212244205, 1.6402829488702615], [0.19906802387607034, -0.7688381249324824, 0.6076675374433145, 28.522634907708017], [0.0, 0.0, 0.0, 1.0]]}]}