{"camera": {"camera": "RealSense D415", "extrinsics": [[-0.68768054, 0.66792697, 0.28455055, 0.52109927], [0.72279656, 0.66671246, 0.18182316, -0.31772164], [-0.0682688, 0.3307084, -0.9412605, 0.11080731], [0.0, 0.0, 0.0, 1.0]], "height": 480, "intrinsics": [[603.75165, 0.0, 326.28275], [0.0, 603.20245, 245.73769], [0.0, 0.0, 1.0]], "width": 640}, "objects": [{"class": "ChocolatePudding", "pose": [[0.22187979107570985, 0.20957909891587523, 0.9522845788043725, 15.963513680389285], [-0.9697477279858407, 0.1493694646417898, 0.19307539956394762, 1.6686631834984755], [-0.10177768388118394, -0.9663153480325135, 0.23638092218501444, 47.65640495179233], [0.0, 0.0, 0.0, 1.0]]}, {"class": "MacaroniAndCheese", "pose": [[0.3251170316894568, 0.7353990160971601, -0.5945478637145861, 6.360142429416466], [0.17373523165725913, -0.6644501110757771, -0.7268577040867348, 3.044352540416223], [-0.9295778462262563, 0.1330198987620285, -0.34378877743630365, 40.74552277759002], [0.0, 0.0, 0.0, 1.0]]}, {"class": "Milk", "pose": [[0.859513330645432, 0.4282553811030326, 0.2789876743117965, -9.427028533243254], [0.40360706719038975, -0.9035928930727862, 0.14360091127906616, 1.3824530963064852], [0.3135891483809396, -0.010825513769285634, -0.9494970476108929, 38.04765136430359], [0.0, 0.0, 0.0, 1.0]]}, {"class": "Ketchup", "pose": [[0.04184994369861796, 0.25014210763453854, 0.9673042270244585, 0.4348468930655214], [-0.988362963646356, 0.15207516782537625, 0.003434856755122549, 15.887314918338719], [-0.14624376484718854, -0.9561914331565832, 0.2535955314151524, 39.98330504994942], [0.0, 0.0, 0.0, 1.0]]}, {"class": "OrangeJuice", "pose": [[0.03749825511016095, -0.9525731997193653, -0.30199029696153357, 9.723288866939711], [0.9752262456670531, 0.10081307349327898, -0.1969022518734523, -10.56077155055444], [0.21800839305975053, -0.28712537124156395, 0.9327547110024978, 42.382844882649415], [0.0, 0.0, 0.0, 1.0]]}]}