{"camera": {"camera": "RealSense D415", "extrinsics": [[-0.90638214, -0.41637743, 0.07142336, 0.87353337], [-0.3471592, 0.63776565, -0.68755764, -0.1471823], [0.2407321, -0.6479852, -0.7226086, 0.048159853], [0.0, 0.0, 0.0, 1.0]], "height": 480, "intrinsics": [[605.8222, 0.0, 326.28275], [0.0, 605.7743, 245.73769], [0.0, 0.0, 1.0]], "width": 640}, "objects": [{"class": "MacaroniAndCheese", "pose": [[0.0712763923029028, -0.9906901889137585, 0.11598560912502895, 11.881464211476377], [-0.7271600062995653, -0.13120342556160008, -0.6738130801166388, -18.988870451794366], [0.6827576325228292, -0.03631315186376795, -0.729741934276132, 47.568971402224115], [0.0, 0.0, 0.0, 1.0]]}, {"class": "Pineapple", "pose": [[0.7995226626687406, 0.07064428405586029, 0.596467042713277, 27.029693512534337], [-0.40012842502876417, -0.6779746966604535, 0.6166422258888221, -19.236016581348007], [0.44795177368319494, -0.7316827970595696, -0.5137892693981602, 48.832316896509234], [0.0, 0.0, 0.0, 1.0]]}, {"class": "Milk", "pose": [[0.4957817554642199, 0.12109271371994279, 0.8599633955387611, -2.636904370137827], [-0.5968920142343929, -0.671755372168916, 0.438708016660699, -12.499185735278571], [0.6308093083076153, -0.7308086571327681, -0.260764728481055, 28.73839450314421], [0.0, 0.0, 0.0, 1.0]]}, {"class": "TomatoSauce", "pose": [[-0.49485336075122477, 0.0555260228146181, -0.8672006965964727, 5.5217071637319926], [0.5713952797862986, -0.7310796620491439, -0.3728673256709421, -3.251029838352197], [-0.6546965633453172, -0.6800289849759242, 0.33004985978481305, 28.96841175533481], [0.0, 0.0, 0.0, 1.0]]}, {"class": "Cookies", "pose": [[-0.1889843911492606, 0.054994511813525784, 0.980438952513686, 35.20772702314714], [-0.724607027750255, -0.6816563784216035, -0.10143627393116308, -12.493456805183046], [0.6627439393874802, -0.7296027726958525, 0.1686718271888273, 35.52301968536348], [0.0, 0.0, 0.0, 1.0]]}, {"class": "OrangeJuice", "pose": [[-0.991483545204208, 0.07358564468784555, 0.10745030720741712, 18.67891063108096], [-0.12821082177625912, -0.6963281555570904, -0.7061792729434011, -14.553988311971668], [0.022855990384250974, -0.7139413677496487, 0.6998322995738667, 33.731653543954465], [0.0, 0.0, 0.0, 1.0]]}, {"class": "Mustard", "pose": [[0.18381281844571382, 0.07274163320233586, -0.980266055011546, 24.939014557065995], [0.7200019484884609, -0.6888828905999228, 0.08389062992055973, -5.497780222824318], [-0.6691860838193691, -0.7212135883583556, -0.17899962457304486, 27.854525156559763], [0.0, 0.0, 0.0, 1.0]]}, {"class": "Parmesan", "pose": [[-0.6624106655011008, 0.11720268438486706, -0.7399159932297507, -7.702627736902812], [0.48595612959447515, -0.6844601614393206, -0.5434712578315155, -2.387610861794673], [-0.5701392560972216, -0.7195678145573788, 0.3964382793292719, 25.101054981192945], [0.0, 0.0, 0.0, 1.0]]}, {"class": "CreamCheese", "pose": [[0.07455734431977397, -0.9889345000688124, -0.12825674647140323, 8.323975316426324], [0.727975258035157, -0.033925031756516684, 0.68476360628024, 6.464350139282471], [-0.6815373814743602, -0.14442190194722793, 0.7173904322602496, 24.049670609775692], [0.0, 0.0, 0.0, 1.0]]}, {"class": "AlphabetSoup", "pose": [[-0.8568415817240823, 0.08747171212857123, 0.5081055396663848, 21.489328131406936], [-0.41527877145208847, -0.7011479789082733, -0.5795991151054676, 7.099175794767401], [0.3055585861697682, -0.7076300137556224, 0.6370978217335859, 21.40551870707543], [0.0, 0.0, 0.0, 1.0]]}]}