{"camera": {"camera": "RealSense D415", "extrinsics": [[-0.89984936, -0.42921454, 0.077755846, 0.8803391], [-0.34761962, 0.5979468, -0.72223276, -0.108639866], [0.26349893, -0.6769302, -0.6872655, 0.046120215], [0.0, 0.0, 0.0, 1.0]], "height": 480, "intrinsics": [[605.8222, 0.0, 326.28275], [0.0, 605.7743, 245.73769], [0.0, 0.0, 1.0]], "width": 640}, "objects": [{"class": "MacaroniAndCheese", "pose": [[0.0856648846598514, -0.9888175387439577, 0.1220711213123698, 12.861858181084385], [-0.6904629041908228, -0.14724851396916944, -0.7082223016325236, -14.054936020247979], [0.7182774318542384, -0.02361585529457707, -0.6953559066298026, 47.98297695746758], [0.0, 0.0, 0.0, 1.0]]}, {"class": "Pineapple", "pose": [[0.8077299991491819, 0.07678672403445558, 0.5845305839187739, 28.018586404598267], [-0.36522869867589397, -0.713134983730166, 0.5983698422406605, -14.017667751375336], [0.46279611392965087, -0.6968086693288201, -0.5479757749181826, 49.16541397001406], [0.0, 0.0, 0.0, 1.0]]}, {"class": "Milk", "pose": [[0.5079124485475072, 0.12714145143555675, 0.8519741498350986, -1.8509024473504887], [-0.5568488037793249, -0.7061474390618793, 0.4373501794847094, -8.740719801796525], [0.657224731865842, -0.6965564365857494, -0.2878624621103009, 28.936101476603916], [0.0, 0.0, 0.0, 1.0]]}, {"class": "TomatoSauce", "pose": [[-0.5067335501377248, 0.06273130251079574, -0.8598173346124277, 6.17096608691271], [0.5301888713015435, -0.7637641239366516, -0.3681903029612502, 0.6246820636079425], [-0.6797947237088272, -0.6424400145733242, 0.35376542497824026, 28.64783447750235], [0.0, 0.0, 0.0, 1.0]]}, {"class": "Cookies", "pose": [[-0.17470785167701877, 0.06120446672001069, 0.9827162031155394, 36.02501827429341], [-0.6927082178126163, -0.7169332168239035, -0.07849880921912823, -7.8411763847522815], [0.6997374045437417, -0.6944500014858556, 0.16765075226807633, 35.48229516745844], [0.0, 0.0, 0.0, 1.0]]}, {"class": "OrangeJuice", "pose": [[-0.9893406301564194, 0.08009381122935298, 0.12161436993365003, 19.51924172058942], [-0.141268902386891, -0.7305198089365323, -0.6681196610107794, -10.229747617273231], [0.03532940279620852, -0.678178307395267, 0.7340477036909274, 33.89780716393256], [0.0, 0.0, 0.0, 1.0]]}, {"class": "Mustard", "pose": [[0.16957087565534404, 0.07910099599684195, -0.9823383870193054, 25.613220801135128], [0.6877075411783973, -0.7234662275602571, 0.06045602406308684, -1.393516778203642], [-0.7059065096091749, -0.6858131501716151, -0.17707720734314397, 27.531577733508527], [0.0, 0.0, 0.0, 1.0]]}, {"class": "Parmesan", "pose": [[-0.6725554226921819, 0.12349979319166227, -0.7296690760467102, -7.085072620234111], [0.4467269297440112, -0.7183205538668042, -0.5333391112541808, 1.0986154907745598], [-0.5900036056915555, -0.6846629875019637, 0.42793966097245284, 24.821898106839193], [0.0, 0.0, 0.0, 1.0]]}, {"class": "CreamCheese", "pose": [[0.060145206750702195, -0.9890772541624226, -0.13456855298821, 8.802869755884347], [0.6934565045330591, -0.055566517523356444, 0.7183525693630817, 10.117592745019074], [-0.7179836927200439, -0.13652295948063575, 0.6825400450816842, 23.226298753449584], [0.0, 0.0, 0.0, 1.0]]}, {"class": "AlphabetSoup", "pose": [[-0.8489616053659651, 0.0940830804985485, 0.5200120408492963, 21.943137620495577], [-0.41163508077346683, -0.7348109951541335, -0.5390819391675409, 10.808514503701677], [0.3313920311470567, -0.6717151185309732, 0.6625542512477887, 20.4736581970533], [0.0, 0.0, 0.0, 1.0]]}]}