{"camera": {"camera": "RealSense D415", "extrinsics": [[-0.89583874, -0.43497875, 0.09092001, 0.875962], [-0.35539454, 0.57846856, -0.73421305, -0.08435027], [0.26677272, -0.690049, -0.67280364, 0.0481031], [0.0, 0.0, 0.0, 1.0]], "height": 480, "intrinsics": [[605.8222, 0.0, 326.28275], [0.0, 605.7743, 245.73769], [0.0, 0.0, 1.0]], "width": 640}, "objects": [{"class": "MacaroniAndCheese", "pose": [[0.0926257391075699, -0.986498160994229, 0.13506240324469634, 12.300975785366774], [-0.6751124936368601, -0.1619267676306582, -0.7197241416785456, -11.869296055579504], [0.731876754967035, -0.024517357796512994, -0.6809958324468536, 47.94839949324226], [0.0, 0.0, 0.0, 1.0]]}, {"class": "Pineapple", "pose": [[0.8109884333845666, 0.08985947424391534, 0.5781202623723775, 27.450648215253683], [-0.3445060836316976, -0.7253167616742321, 0.5960127102922951, -11.590497662358747], [0.47287771826619013, -0.6825253751360597, -0.5572663501119782, 49.187618127156334], [0.0, 0.0, 0.0, 1.0]]}, {"class": "Milk", "pose": [[0.51315877446254, 0.14010730645695074, 0.846780973351394, -2.4085249783404983], [-0.5366290310188356, -0.7175999991734208, 0.4439363935395514, -7.137807300175214], [0.6698487628886505, -0.6822171212098057, -0.2930570652434989, 28.74597038269031], [0.0, 0.0, 0.0, 1.0]]}, {"class": "TomatoSauce", "pose": [[-0.5115052007511363, 0.07630977964598226, -0.8558850676903839, 5.479250441481898], [0.5095566914034232, -0.7750807441041316, -0.3736332635349711, 2.33499499506573], [-0.6918919124366525, -0.627237335081008, 0.3575736512798571, 28.30637442154173], [0.0, 0.0, 0.0, 1.0]]}, {"class": "Cookies", "pose": [[-0.16761000500207912, 0.07432380624632523, 0.9830477404524731, 35.42350965071128], [-0.6814721725476167, -0.7292929736899532, -0.06105271349012603, -5.5653615627826305], [0.7123921288487876, -0.6801527388628764, 0.17288642420965938, 35.41768838067376], [0.0, 0.0, 0.0, 1.0]]}, {"class": "OrangeJuice", "pose": [[-0.9873479908496474, 0.0933394682792369, 0.12818615598794458, 18.96032036259315], [-0.15481465467353756, -0.7422879342497293, -0.651951718013224, -8.222025075017072], [0.034298188093217864, -0.6635483279803827, 0.7473468136229281, 33.81703779877804], [0.0, 0.0, 0.0, 1.0]]}, {"class": "Mustard", "pose": [[0.16257057506361614, 0.09227677070732833, -0.9823725401657787, 24.952863480820355], [0.6762793554905638, -0.7353986213647304, 0.04283804718860272, 0.5762182681354422], [-0.7184824442459734, -0.6713224878234778, -0.18195907165406947, 27.30360689481344], [0.0, 0.0, 0.0, 1.0]]}, {"class": "Parmesan", "pose": [[-0.6764781831229107, 0.13659209229011288, -0.7236849245652327, -7.766470951526139], [0.4254663896745502, -0.7295917140418076, -0.5354197225669334, 2.54346121110456], [-0.6011286342263964, -0.6701033858011753, 0.4354375116538426, 24.42148369816762], [0.0, 0.0, 0.0, 1.0]]}, {"class": "CreamCheese", "pose": [[0.053123972054749995, -0.9876117200688473, -0.14765140004832572, 7.996818675751305], [0.6802142303914286, -0.07246231107055158, 0.7294229304745791, 11.758085046328384], [-0.7310857880915475, -0.13918444846756398, 0.6679380726232961, 22.711506342562508], [0.0, 0.0, 0.0, 1.0]]}, {"class": "AlphabetSoup", "pose": [[-0.8443157072186455, 0.1073623278683762, 0.5249803034962494, 21.13696484010179], [-0.41734215562697663, -0.7462508784044818, -0.5185895765169012, 12.585034818189325], [0.336090006400596, -0.6569497499235345, 0.6748781688404472, 19.996038545693697], [0.0, 0.0, 0.0, 1.0]]}]}