{"camera": {"camera": "RealSense D415", "extrinsics": [[-0.69234735, 0.6647134, 0.28073338, 0.5292425], [0.718713, 0.66983163, 0.18648656, -0.30610576], [-0.064084, 0.3308802, -0.9414943, 0.113717854], [0.0, 0.0, 0.0, 1.0]], "height": 480, "intrinsics": [[603.75165, 0.0, 326.28275], [0.0, 603.20245, 245.73769], [0.0, 0.0, 1.0]], "width": 640}, "objects": [{"class": "ChocolatePudding", "pose": [[0.22760654275652076, 0.2058938308794164, 0.9517368129301002, 16.675218130205753], [-0.9680312200083169, 0.15364458131839245, 0.19826471166448817, 2.4920458838144146], [-0.1054077196683478, -0.9664372916126605, 0.23428218503833845, 48.15297567340209], [0.0, 0.0, 0.0, 1.0]]}, {"class": "MacaroniAndCheese", "pose": [[0.32138242046641563, 0.7398868594564697, -0.5909997834220524, 7.0438406176019095], [0.17861511777779862, -0.660270595886671, -0.7294788386782587, 3.8292629112953724], [-0.9299515820032469, 0.12888019164996314, -0.34435435170992273, 41.273588139035546], [0.0, 0.0, 0.0, 1.0]]}, {"class": "Milk", "pose": [[0.8578803347649251, 0.43382561759416743, 0.27538451976968886, -8.74032770630302], [0.40797667211874383, -0.900874680263319, 0.14825600034425462, 2.0775375733397605], [0.3124042074489595, -0.014835440108613969, -0.9498334007059371, 38.61526505778341], [0.0, 0.0, 0.0, 1.0]]}, {"class": "Ketchup", "pose": [[0.04756981700600088, 0.24646793238053916, 0.9679827683405318, 1.0367605953279901], [-0.9876286113311661, 0.15657128872597015, 0.008669128990754121, 16.637416366128814], [-0.14942164690605814, -0.9564198633474083, 0.25086686636947503, 40.56791520025417], [0.0, 0.0, 0.0, 1.0]]}, {"class": "OrangeJuice", "pose": [[0.0320625484738716, -0.9539949559896524, -0.29810331416772917, 10.496057136667686], [0.974764664601239, 0.09577114014629504, -0.20164754779220584, -9.759661304976742], [0.2209204389350379, -0.284115259576985, 0.9329912363725003, 42.859247306971085], [0.0, 0.0, 0.0, 1.0]]}]}