{"camera": {"camera": "RealSense D415", "extrinsics": [[-0.8930156, -0.441953, 0.08485651, 0.8732038], [-0.354039, 0.57353836, -0.73872197, -0.08730464], [0.2778119, -0.68973273, -0.66864735, 0.038707107], [0.0, 0.0, 0.0, 1.0]], "height": 480, "intrinsics": [[605.8222, 0.0, 326.28275], [0.0, 605.7743, 245.73769], [0.0, 0.0, 1.0]], "width": 640}, "objects": [{"class": "MacaroniAndCheese", "pose": [[0.10007603877982685, -0.9865936882323773, 0.12890933729767712, 12.44676338932933], [-0.6700738383806482, -0.16260287349802946, -0.7242661184349504, -11.910601310600386], [0.735517334899261, -0.013897130777774155, -0.6773633094398651, 47.75564464619123], [0.0, 0.0, 0.0, 1.0]]}, {"class": "Pineapple", "pose": [[0.8157133852807761, 0.08369704362219726, 0.5723691242572696, 27.607517266443715], [-0.34086188227808256, -0.7298925216060916, 0.5925117195281161, -11.615504620858252], [0.46735940295842276, -0.6784185976662167, -0.5668538859030994, 48.846704108682516], [0.0, 0.0, 0.0, 1.0]]}, {"class": "Milk", "pose": [[0.5199100252592106, 0.13394098081616293, 0.8436547372790151, -2.4500342264579644], [-0.531796437464322, -0.7221477021779831, 0.44237461387848065, -7.317399800419297], [0.6684953699575952, -0.6786476184264382, -0.30422242439681224, 28.664349305380032], [0.0, 0.0, 0.0, 1.0]]}, {"class": "TomatoSauce", "pose": [[-0.5184532813099794, 0.07071040168803833, -0.852177311732942, 5.427583370889533], [0.5045757521257085, -0.7792865876900408, -0.371639312072886, 2.1562980686311377], [-0.6903690663732651, -0.622665674998128, 0.36834486901614877, 28.084336310205188], [0.0, 0.0, 0.0, 1.0]]}, {"class": "Cookies", "pose": [[-0.16033175544536382, 0.0681873154639796, 0.9847051105005883, 35.44366211433791], [-0.6767011968748532, -0.7338605959859105, -0.05936471571704077, -5.679959184773593], [0.7185882766077131, -0.6758692168207728, 0.1638036130020458, 34.95988113559236], [0.0, 0.0, 0.0, 1.0]]}, {"class": "OrangeJuice", "pose": [[-0.986880353781764, 0.08736985545210788, 0.13577043904403804, 18.967359626492332], [-0.15509157974177554, -0.7467324968480501, -0.6467899455844207, -8.356005911639915], [0.04487421335827561, -0.6593611841182898, 0.7504858872824295, 33.53623928991431], [0.0, 0.0, 0.0, 1.0]]}, {"class": "Mustard", "pose": [[0.15523686032180845, 0.08622818793096866, -0.9841067793913026, 24.89164494499625], [0.6714644808353016, -0.7398967401502431, 0.041089153756715055, 0.4008769048555863], [-0.7245942731144023, -0.6671713400881945, -0.17275843102791377, 26.905683090048406], [0.0, 0.0, 0.0, 1.0]]}, {"class": "Parmesan", "pose": [[-0.6824938598499618, 0.13054979584684245, -0.7191375518715462, -7.855112052566171], [0.42101852407707735, -0.7340586265545677, -0.5328239754643187, 2.3314617078982844], [-0.5974491510358046, -0.6664193617965849, 0.4460265455168789, 24.326108353166973], [0.0, 0.0, 0.0, 1.0]]}, {"class": "CreamCheese", "pose": [[0.045671503212564836, -0.9888655980117703, -0.1416293730250935, 7.885549890473209], [0.6752566574175033, -0.07392050135293358, 0.7338693751328583, 11.542449047989754], [-0.7361674134829188, -0.12915312431865983, 0.6643620571353321, 22.401565098351796], [0.0, 0.0, 0.0, 1.0]]}, {"class": "AlphabetSoup", "pose": [[-0.8407901018420223, 0.10145802638870255, 0.5317689441535148, 20.99840631498362], [-0.41548720208620804, -0.7506432011959702, -0.5137170651882814, 12.357757704534965], [0.34704795485637563, -0.6528714563718813, 0.6732878371405191, 19.553880534018493], [0.0, 0.0, 0.0, 1.0]]}]}