{"camera": {"camera": "RealSense D415", "extrinsics": [[-0.87086993, -0.48694536, 0.06685647, 0.8690802], [-0.36984932, 0.55962574, -0.7416404, -0.06864937], [0.32372376, -0.67059916, -0.66745764, -0.015063463], [0.0, 0.0, 0.0, 1.0]], "height": 480, "intrinsics": [[605.8222, 0.0, 326.28275], [0.0, 605.7743, 245.73769], [0.0, 0.0, 1.0]], "width": 640}, "objects": [{"class": "MacaroniAndCheese", "pose": [[0.14977151837183725, -0.9825687169792786, 0.11012361419527707, 14.365432735052309], [-0.6626561602027959, -0.1824170998085028, -0.7263682446454146, -11.22931989557092], [0.7337951235014062, 0.03581516410664343, -0.6784260902052256, 46.03926227491969], [0.0, 0.0, 0.0, 1.0]]}, {"class": "Pineapple", "pose": [[0.8444953174140836, 0.06503803764717765, 0.5315992045045143, 29.552366347510905], [-0.3211102990236123, -0.7329060740934855, 0.5997806884223273, -10.622965895931491], [0.42862084624437774, -0.6772139542915209, -0.5980513350902034, 46.37889171688758], [0.0, 0.0, 0.0, 1.0]]}, {"class": "Milk", "pose": [[0.5628970443387492, 0.11504179541470211, 0.8184817068741385, -1.543372082802863], [-0.516484513309337, -0.7241587633940076, 0.45698779491119706, -7.071989668750178], [0.6452833866783353, -0.6799701960009985, -0.3482094952078135, 27.678537897238563], [0.0, 0.0, 0.0, 1.0]]}, {"class": "TomatoSauce", "pose": [[-0.561965113608737, 0.05581910990965471, -0.8252753720793767, 6.101742627384321], [0.48914263657189966, -0.7821500493269524, -0.3859803015852691, 2.5531261184704084], [-0.6670342392179128, -0.6205848293055899, 0.41223750735748216, 26.652087066974044], [0.0, 0.0, 0.0, 1.0]]}, {"class": "Cookies", "pose": [[-0.11096507340994688, 0.049756548824397825, 0.9925779768045182, 36.57309168136938], [-0.6746164980199175, -0.7371655142801495, -0.03846552926899473, -4.631244536739524], [0.7297803172689278, -0.6738778013068936, 0.1153662279795427, 32.0859410998329], [0.0, 0.0, 0.0, 1.0]]}, {"class": "OrangeJuice", "pose": [[-0.9801150497327332, 0.06998632011464097, 0.1856782324058312, 20.10455490199564], [-0.17449272841128882, -0.749532355700818, -0.6385558294117172, -7.646727238693693], [0.09448164961578448, -0.6582576723235916, 0.7468400256002526, 31.49373580695342], [0.0, 0.0, 0.0, 1.0]]}, {"class": "Mustard", "pose": [[0.10568834825944766, 0.06832275583587208, -0.9920493817256896, 25.515883646002134], [0.6692359927351911, -0.7427768827009084, 0.020142004353680024, 1.1793377215973373], [-0.7354951645396813, -0.6660439202171092, -0.12422692303261267, 24.525052834050314], [0.0, 0.0, 0.0, 1.0]]}, {"class": "Parmesan", "pose": [[-0.7194990341545974, 0.11249967374243657, -0.6853210670653481, -7.350647056648474], [0.40298506435783815, -0.7360473923706714, -0.5439092625386723, 2.435440922309856], [-0.5656183941593069, -0.6675163347504981, 0.4842496713013708, 23.553001678868963], [0.0, 0.0, 0.0, 1.0]]}, {"class": "CreamCheese", "pose": [[-0.004368300590357419, -0.9923149159877308, -0.12366093628691287, 8.085518611021614], [0.670751013347045, -0.09462492477065688, 0.735621651049355, 11.945702997610768], [-0.7416697199073803, -0.0797322979318376, 0.6660095767814418, 20.79722080921132], [0.0, 0.0, 0.0, 1.0]]}, {"class": "AlphabetSoup", "pose": [[-0.8140603459290543, 0.08445350016906805, 0.5746071363986033, 21.02300823216695], [-0.42974269026984163, -0.7531136971085564, -0.49813752235064535, 13.002970502661887], [0.39067502035858254, -0.6524472127756066, 0.6493732610253842, 17.30085121443451], [0.0, 0.0, 0.0, 1.0]]}]}