{"camera": {"camera": "RealSense D415", "extrinsics": [[-0.84227896, -0.534417, 0.07046055, 0.84900165], [-0.39462513, 0.52228594, -0.7559685, -0.03554997], [0.36720183, -0.66454184, -0.6508048, -0.035191666], [0.0, 0.0, 0.0, 1.0]], "height": 480, "intrinsics": [[605.8222, 0.0, 326.28275], [0.0, 605.7743, 245.73769], [0.0, 0.0, 1.0]], "width": 640}, "objects": [{"class": "MacaroniAndCheese", "pose": [[0.20430978457162696, -0.9724054541257519, 0.11262862939086554, 14.482473279353158], [-0.6366050935004216, -0.21938781944665794, -0.7393260102749734, -9.465375397323669], [0.743633918109465, 0.07935153513176901, -0.6638612940506805, 46.96326366173159], [0.0, 0.0, 0.0, 1.0]]}, {"class": "Pineapple", "pose": [[0.8725586645976604, 0.06791975872520965, 0.4837647637581067, 29.634986411587725], [-0.27659364970989186, -0.74757374872882, 0.603845553939955, -8.261395533388818], [0.40266286724931716, -0.6606968845762817, -0.6335156904757779, 46.684414190140224], [0.0, 0.0, 0.0, 1.0]]}, {"class": "Milk", "pose": [[0.6075546338848764, 0.11739152659608698, 0.7855550011120372, -2.2775936278552456], [-0.47691842175508536, -0.736969190629828, 0.47898354973256047, -6.418005666604884], [0.6351583939890932, -0.6656542770331638, -0.39176279308007106, 29.150252549949602], [0.0, 0.0, 0.0, 1.0]]}, {"class": "TomatoSauce", "pose": [[-0.6063769803694229, 0.06286629423416178, -0.792688368888432, 4.932814069161118], [0.4490647629701681, -0.7956155620064009, -0.40661619005289834, 3.465810223867394], [-0.6562376042730371, -0.6025310713694324, 0.4542118479318155, 27.580400454194383], [0.0, 0.0, 0.0, 1.0]]}, {"class": "Cookies", "pose": [[-0.055703886882899636, 0.05296047443065709, 0.9970417887821427, 35.853418951569196], [-0.6587757668129595, -0.7523327277190941, 0.003156853511566994, -2.383842239996916], [0.7502742714758569, -0.6566510736995281, 0.07679695957442076, 31.97845662818562], [0.0, 0.0, 0.0, 1.0]]}, {"class": "OrangeJuice", "pose": [[-0.9680015878390383, 0.07425567709759491, 0.23970624481551775, 19.507424250385675], [-0.20981748667224037, -0.7634857182820715, -0.6107914456892822, -6.050726342294796], [0.13765751347186692, -0.6415416058049963, 0.7546354517481514, 32.11621505808521], [0.0, 0.0, 0.0, 1.0]]}, {"class": "Mustard", "pose": [[0.05042844001691067, 0.07202451135065813, -0.9961272537411267, 24.289431553054474], [0.6530445564680752, -0.7570092507642293, -0.021675132897969393, 2.790287967830496], [-0.7556386010858275, -0.6494223913802128, -0.08521003551405201, 24.719370655804767], [0.0, 0.0, 0.0, 1.0]]}, {"class": "Parmesan", "pose": [[-0.7563145273886033, 0.11580842504276286, -0.6438763917039875, -8.614033446037705], [0.35958599319416146, -0.7486122393906365, -0.5570257071217214, 2.7439060380714224], [-0.5465219834152886, -0.6528155182295927, 0.5245431429650885, 25.021737423599188], [0.0, 0.0, 0.0, 1.0]]}, {"class": "CreamCheese", "pose": [[-0.05975768320689681, -0.990101840046848, -0.12699381511423657, 6.313086258424516], [0.6501234520345767, -0.13514255541859876, 0.7477138467963034, 12.769325437929341], [-0.7574750419115428, -0.03788004178151955, 0.6517641838464149, 21.418032885305088], [0.0, 0.0, 0.0, 1.0]]}, {"class": "AlphabetSoup", "pose": [[-0.7805824290365764, 0.0890679099153117, 0.6186744235430741, 19.053277954653637], [-0.4504681862678291, -0.7663472958404185, -0.4580286510470714, 14.23446699663678], [0.4333237416610178, -0.6362222172537503, 0.6383194444906592, 17.385424056819136], [0.0, 0.0, 0.0, 1.0]]}]}