{"camera": {"camera": "RealSense D415", "extrinsics": [[-0.7835865, -0.61691743, 0.0735193, 0.7858754], [-0.44880486, 0.48024586, -0.7536167, -0.0012377851], [0.42961195, -0.62351966, -0.6531897, -0.048743866], [0.0, 0.0, 0.0, 1.0]], "height": 480, "intrinsics": [[605.8222, 0.0, 326.28275], [0.0, 605.7743, 245.73769], [0.0, 0.0, 1.0]], "width": 640}, "objects": [{"class": "MacaroniAndCheese", "pose": [[0.30222514767682535, -0.9464722699908281, 0.11335876784253161, 12.691543717416575], [-0.6163163043664432, -0.28473790190884235, -0.7342197203031041, -10.498715341134458], [0.7271960757351849, 0.1520348055726268, -0.6693812221771189, 50.73261083451692], [0.0, 0.0, 0.0, 1.0]]}, {"class": "Pineapple", "pose": [[0.916998806663722, 0.06968014144666239, 0.39275676246492586, 27.663029702162444], [-0.21375335800969697, -0.7454795802064562, 0.631323811469291, -8.264967775166724], [0.33678283643988904, -0.6628762346565147, -0.6687094689628655, 49.32160175441675], [0.0, 0.0, 0.0, 1.0]]}, {"class": "Milk", "pose": [[0.6843836039854351, 0.11780226687010696, 0.7195427134735071, -5.516519644744877], [-0.43018359352831587, -0.7315549756350263, 0.5289323690000725, -8.718677600922517], [0.5886944241136675, -0.6715280871074648, -0.4499875981810601, 34.21632986116779], [0.0, 0.0, 0.0, 1.0]]}, {"class": "TomatoSauce", "pose": [[-0.6828702762879315, 0.07227321780117536, -0.7269558279206196, 0.8624605212227632], [0.4023386349149932, -0.793374509436842, -0.4568156828786831, 1.6238810785277729], [-0.6097637018314193, -0.6044282481008564, 0.5126935303863953, 32.098706658252226], [0.0, 0.0, 0.0, 1.0]]}, {"class": "Cookies", "pose": [[0.04555944861623863, 0.05542484356724523, 0.9974228949417475, 32.35265723661205], [-0.656141918439717, -0.7512222365408788, 0.0717146546118358, -2.0725010496861254], [0.7532609657308296, -0.6577182282038826, 0.002141277211236023, 34.18421457602842], [0.0, 0.0, 0.0, 1.0]]}, {"class": "OrangeJuice", "pose": [[-0.9384099968542293, 0.07849941245873943, 0.33648852587320743, 16.35218057704062], [-0.27450977538243193, -0.7607968180878731, -0.5880753712749603, -6.845749098840355], [0.20983582407141116, -0.6442251747601807, 0.7354881279905062, 35.5470781267744], [0.0, 0.0, 0.0, 1.0]]}, {"class": "Mustard", "pose": [[-0.05081391676254993, 0.07524942673329112, -0.9958692070930834, 19.953267418331635], [0.6500291286735911, -0.7545392314505324, -0.09018169199576945, 2.2527381112128264], [-0.7582084408100731, -0.6519264550385757, -0.010573210424769544, 27.80148921499984], [0.0, 0.0, 0.0, 1.0]]}, {"class": "Parmesan", "pose": [[-0.8177423594336329, 0.11798059344383467, -0.5633631343593594, -12.755721855083168], [0.30354917281489485, -0.7431950835459156, -0.5962541613858136, -0.03778926603152106], [-0.48903507863599305, -0.6585906752776826, 0.571929147337558, 30.55957440952041], [0.0, 0.0, 0.0, 1.0]]}, {"class": "CreamCheese", "pose": [[-0.160371082673317, -0.9785743734945431, -0.12912520814541453, 1.1393819753211187], [0.6395808567712146, -0.2026624484017871, 0.7415283657102538, 10.95959268876376], [-0.7518094196133728, 0.03633370468466074, 0.6583786097360576, 25.837466343338022], [0.0, 0.0, 0.0, 1.0]]}, {"class": "AlphabetSoup", "pose": [[-0.7134591749478343, 0.09382754160853428, 0.694386352195304, 13.413788094821887], [-0.4998740297847302, -0.7626058316215547, -0.4105585919413931, 13.264760756690475], [0.49102134607526043, -0.6400224767433241, 0.5909900187272817, 20.862910109923842], [0.0, 0.0, 0.0, 1.0]]}]}