{"camera": {"camera": "RealSense D415", "extrinsics": [[-0.786721, -0.6146574, 0.057151675, 0.77906805], [-0.4424472, 0.49688765, -0.7465542, -0.016405793], [0.4304771, -0.6126165, -0.6628654, -0.04595571], [0.0, 0.0, 0.0, 1.0]], "height": 480, "intrinsics": [[605.8222, 0.0, 326.28275], [0.0, 605.7743, 245.73769], [0.0, 0.0, 1.0]], "width": 640}, "objects": [{"class": "MacaroniAndCheese", "pose": [[0.29881481237201635, -0.949353778731106, 0.09714462259667936, 12.307561188181214], [-0.6295688552375381, -0.2726085705488201, -0.727549102981956, -11.724666434297543], [0.7171839359977641, 0.15624318198408996, -0.6791430451517301, 51.414337800241746], [0.0, 0.0, 0.0, 1.0]]}, {"class": "Pineapple", "pose": [[0.9163722721810088, 0.05335684278024846, 0.39675543233803856, 27.298852696365806], [-0.23134911721860194, -0.738243286200431, 0.6336201620953886, -9.694549801876823], [0.3267100272944009, -0.6724209629768005, -0.6641615860333749, 49.909093211454724], [0.0, 0.0, 0.0, 1.0]]}, {"class": "Milk", "pose": [[0.6825799570347538, 0.10160996731926407, 0.7237126389522404, -6.002596998940235], [-0.44740139709904525, -0.7249239796631284, 0.5237530783249089, -9.47430442860409], [0.5778551862837887, -0.6812933938458572, -0.44935809877495775, 35.06919609168755], [0.0, 0.0, 0.0, 1.0]]}, {"class": "TomatoSauce", "pose": [[-0.6816468949301159, 0.055703217733240405, -0.729557831257878, 0.5120265994911111], [0.419797534941565, -0.7868840885067843, -0.4523091137523719, 0.7983566748108641], [-0.5992725288206406, -0.6145816799805371, 0.5129929829743655, 33.02558460611554], [0.0, 0.0, 0.0, 1.0]]}, {"class": "Cookies", "pose": [[0.04180175284815422, 0.03905934508664767, 0.9983621326971628, 31.959512243294274], [-0.6659261987990059, -0.7438381480111013, 0.05698403976680572, -3.3867355943385795], [0.7448455787658306, -0.667217529752716, -0.005083063190731895, 34.810434851074284], [0.0, 0.0, 0.0, 1.0]]}, {"class": "OrangeJuice", "pose": [[-0.9406823201956404, 0.06209575986484033, 0.3335578751304772, 15.901340207703573], [-0.26320961532599413, -0.7539162424888116, -0.6019394248453224, -7.940140069802429], [0.2140967754268524, -0.6540294113332356, 0.7255398718269374, 36.24506120905408], [0.0, 0.0, 0.0, 1.0]]}, {"class": "Mustard", "pose": [[-0.0471853726050127, 0.05887790291672718, -0.9971493870748048, 19.575357445101695], [0.6599525730040328, -0.7475175306153481, -0.07536720957891875, 1.198583367603269], [-0.7498240905632629, -0.6616275299765977, -0.0035847643946750776, 28.581525584774152], [0.0, 0.0, 0.0, 1.0]]}, {"class": "Parmesan", "pose": [[-0.8170066333618847, 0.10171834322575445, -0.5675856822344008, -13.141080951127137], [0.32153283540601224, -0.7367231676657561, -0.5948577001703244, -0.6435570545721964], [-0.47866147605771503, -0.6685001154451421, 0.5692018910156603, 31.57696425520877], [0.0, 0.0, 0.0, 1.0]]}, {"class": "CreamCheese", "pose": [[-0.15683118173057997, -0.9811525351436237, -0.11288777702494668, 0.8776448078883781], [0.6510414630894528, -0.18865705055704715, 0.7352235062109236, 10.205027503903032], [-0.7426634657943456, 0.041811311960005836, 0.6683582845407372, 26.87609685680111], [0.0, 0.0, 0.0, 1.0]]}, {"class": "AlphabetSoup", "pose": [[-0.7168734929283153, 0.07742824867419965, 0.6928904880480082, 13.145018798468389], [-0.49529268445052177, -0.7560022122537648, -0.4279554711285191, 12.389960301079228], [0.4906908602809697, -0.6499735193999248, 0.580307599005321, 21.830440445699267], [0.0, 0.0, 0.0, 1.0]]}]}