{"camera": {"camera": "RealSense D415", "extrinsics": [[-0.68620646, 0.67218524, 0.2780067, 0.53283924], [0.7253856, 0.66082233, 0.19269049, -0.30294126], [-0.054189317, 0.3338875, -0.941054, 0.1052952], [0.0, 0.0, 0.0, 1.0]], "height": 480, "intrinsics": [[603.75165, 0.0, 326.28275], [0.0, 603.20245, 245.73769], [0.0, 0.0, 1.0]], "width": 640}, "objects": [{"class": "ChocolatePudding", "pose": [[0.2184802583294313, 0.20276242554668156, 0.954543757607658, 17.502545237975536], [-0.9689949087562681, 0.16074549946674369, 0.1876426549832378, 2.786978219678743], [-0.11539175224466446, -0.9659442237367706, 0.23159546946135223, 47.78493033356908], [0.0, 0.0, 0.0, 1.0]]}, {"class": "MacaroniAndCheese", "pose": [[0.3186371814553792, 0.7345653245408904, -0.5990693951933486, 7.851607312697018], [0.1843525054635703, -0.667968848800144, -0.7209936099061177, 4.273115492053475], [-0.9297765670713259, 0.11929540607691888, -0.3482586721756599, 40.96376111406739], [0.0, 0.0, 0.0, 1.0]]}, {"class": "Milk", "pose": [[0.8629234809993092, 0.425708075687178, 0.2722787357025364, -7.9597224842890775], [0.39744700518061715, -0.9045101204759902, 0.15458762820164038, 2.6860759121166753], [0.312088069472432, -0.025180947401633496, -0.9497193891421178, 38.36407757339786], [0.0, 0.0, 0.0, 1.0]]}, {"class": "Ketchup", "pose": [[0.03807352273907367, 0.24340709614819317, 0.9691766619620786, 1.9556716206322489], [-0.9865872483171545, 0.16321955098396707, -0.00223481500736649, 17.140007855131252], [-0.1587325667671533, -0.9560922158885296, 0.2463566688693913, 40.40446380948618], [0.0, 0.0, 0.0, 1.0]]}, {"class": "OrangeJuice", "pose": [[0.04177238374836398, -0.9544134696659798, -0.29555034521573686, 11.189940163223755], [0.9723569473120761, 0.10685001917505663, -0.20761756953536056, -9.359969810028613], [0.22973257942953845, -0.2787077357196653, 0.9324939149025149, 42.40788750702001], [0.0, 0.0, 0.0, 1.0]]}]}