{"camera": {"camera": "RealSense D415", "extrinsics": [[-0.75161505, -0.6535179, 0.089382306, 0.7441489], [-0.49279878, 0.46629113, -0.7346577, -0.0016640213], [0.43843377, -0.5962273, -0.6725242, -0.036462188], [0.0, 0.0, 0.0, 1.0]], "height": 480, "intrinsics": [[605.8222, 0.0, 326.28275], [0.0, 605.7743, 245.73769], [0.0, 0.0, 1.0]], "width": 640}, "objects": [{"class": "MacaroniAndCheese", "pose": [[0.3479234928887879, -0.9287584661936806, 0.1278944262261966, 10.516878325672696], [-0.6185297166200089, -0.3299119857320189, -0.7131473192061035, -14.714979364167965], [0.7045354915381661, 0.1690141632171924, -0.6892487759349992, 53.34011672806277], [0.0, 0.0, 0.0, 1.0]]}, {"class": "Pineapple", "pose": [[0.934002225187436, 0.08493736318536428, 0.34702379942899697, 25.33382139387485], [-0.18030860236362617, -0.7264827074046923, 0.6631076166944163, -11.786278546379512], [0.30842941922850453, -0.6819153022490724, -0.6632214827987345, 51.60608207770816], [0.0, 0.0, 0.0, 1.0]]}, {"class": "Milk", "pose": [[0.7177869019039216, 0.13215895100645045, 0.683605152711816, -8.178144168498914], [-0.41250410876385923, -0.7102397806517932, 0.5704382892085269, -13.373987208997736], [0.560912096292547, -0.6914430009618598, -0.45528465599708684, 37.33425659773923], [0.0, 0.0, 0.0, 1.0]]}, {"class": "TomatoSauce", "pose": [[-0.7156055999868604, 0.09115975648216837, -0.692530543554331, -2.3168098980483443], [0.3852369283824266, -0.7755226221647086, -0.5001571743799859, -2.7127705398301316], [-0.5826673038615608, -0.624703553434296, 0.5198501752140614, 35.302644085992505], [0.0, 0.0, 0.0, 1.0]]}, {"class": "Cookies", "pose": [[0.09402352247365262, 0.07108779822028341, 0.9930287668823792, 29.349068685239633], [-0.6703097947832134, -0.7329687147011938, 0.11593821565596732, -5.051096497439655], [0.7361007778344217, -0.676537765581469, -0.021265416676370493, 36.50658377642344], [0.0, 0.0, 0.0, 1.0]]}, {"class": "OrangeJuice", "pose": [[-0.9196414556132055, 0.0949058049056516, 0.3811200742586716, 13.614653639736963], [-0.3206433409101445, -0.7418098321489285, -0.5889873075200209, -10.560814455583678], [0.22682026023385274, -0.6638606957380375, 0.7126299653638514, 38.158169365661806], [0.0, 0.0, 0.0, 1.0]]}, {"class": "Mustard", "pose": [[-0.0991324891094109, 0.09118374395168047, -0.9908876344631754, 16.608891397502333], [0.6640826469781452, -0.7355306622354496, -0.13412274399409393, -1.1385728002253166], [-0.7410580180885682, -0.6713271413778225, 0.012361408048934538, 30.542373632125102], [0.0, 0.0, 0.0, 1.0]]}, {"class": "Parmesan", "pose": [[-0.8428040157383941, 0.13318671563762385, -0.5214812743742571, -15.88459949992842], [0.27784547274551147, -0.7221496340303022, -0.6334838805425496, -4.943293703603852], [-0.46095915442747915, -0.6787939045822383, 0.5716252394570499, 34.06780689186831], [0.0, 0.0, 0.0, 1.0]]}, {"class": "CreamCheese", "pose": [[-0.20792039772139023, -0.9674509342932571, -0.14424918591306918, -2.6139211372161686], [0.6486302281595316, -0.24675358158705457, 0.7199941143191373, 6.765034088688829], [-0.7321529523844003, 0.05613704504118359, 0.678822957641886, 29.25960893476155], [0.0, 0.0, 0.0, 1.0]]}, {"class": "AlphabetSoup", "pose": [[-0.6777297923975955, 0.11040337504696184, 0.726975551834484, 9.412985642556093], [-0.5420722212975548, -0.743029772704838, -0.3925104983745727, 9.725587590436135], [0.49682994666218594, -0.6600892474573694, 0.5634200128000787, 24.03374195377335], [0.0, 0.0, 0.0, 1.0]]}]}