{"camera": {"camera": "RealSense D415", "extrinsics": [[-0.71180797, -0.6991068, 0.06766898, 0.7330217], [-0.51131165, 0.44971558, -0.73233616, 0.01103295], [0.48154944, -0.55588263, -0.6775726, -0.07379865], [0.0, 0.0, 0.0, 1.0]], "height": 480, "intrinsics": [[605.8222, 0.0, 326.28275], [0.0, 605.7743, 245.73769], [0.0, 0.0, 1.0]], "width": 640}, "objects": [{"class": "MacaroniAndCheese", "pose": [[0.40435416149133385, -0.9086043413670066, 0.1045746785599734, 13.274531298117132], [-0.6095105144904175, -0.35295129416452453, -0.7098748546636041, -15.023619561911694], [0.6819050930317961, 0.22330151176932594, -0.696521231396988, 53.27213600475987], [0.0, 0.0, 0.0, 1.0]]}, {"class": "Pineapple", "pose": [[0.9548355982768786, 0.062473183533757, 0.2904928261844803, 27.885134440079412], [-0.15688173364816776, -0.7242765583393476, 0.671425037735498, -11.726437051871482], [0.25234315125395684, -0.6866735517308868, -0.6817641191911303, 50.667364650642234], [0.0, 0.0, 0.0, 1.0]]}, {"class": "Milk", "pose": [[0.759810463086956, 0.10862794485512048, 0.6410054837849606, -6.363402282932295], [-0.3943487453248301, -0.706862252140199, 0.5872263755745964, -14.152848083237185], [0.5168917179059241, -0.6989604599082501, -0.4942440432550052, 38.40327755970069], [0.0, 0.0, 0.0, 1.0]]}, {"class": "TomatoSauce", "pose": [[-0.7582428082743453, 0.07329396553651615, -0.6478393618625059, -0.9002375263258311], [0.3671400342819508, -0.7731342041217137, -0.5171766528517995, -3.349101469531082], [-0.5387726411415932, -0.6299932521755824, 0.559314303606201, 36.041684298258104], [0.0, 0.0, 0.0, 1.0]]}, {"class": "Cookies", "pose": [[0.15413938847764067, 0.04913244603565155, 0.9868267589240499, 30.829775511587197], [-0.6676039403963411, -0.7311050526783788, 0.14067826173891212, -4.896247195665157], [0.7283858554040544, -0.680493499649658, -0.0798911098296266, 35.365164211838604], [0.0, 0.0, 0.0, 1.0]]}, {"class": "OrangeJuice", "pose": [[-0.8963129262385154, 0.07387250986134249, 0.4372253320735067, 15.363038948673003], [-0.34344618510714525, -0.7393464540206973, -0.5791472450705679, -10.796554910399108], [0.2804779629611034, -0.6692605415362745, 0.6880569647083794, 37.93867942450683], [0.0, 0.0, 0.0, 1.0]]}, {"class": "Mustard", "pose": [[-0.15937624759668223, 0.06955936054480563, -0.9847642903379733, 17.665123313688447], [0.6612502250346147, -0.7331636512151948, -0.15880551954807637, -1.3040881580424089], [-0.7330397516390759, -0.6764854431239641, 0.07085276710362959, 30.17093053578932], [0.0, 0.0, 0.0, 1.0]]}, {"class": "Parmesan", "pose": [[-0.8752921814805549, 0.11069970341553316, -0.4707538349976309, -14.457536595023834], [0.25663278614936824, -0.7187401578980257, -0.6461827845961171, -5.917759934436371], [-0.4098818728793189, -0.6864096153940885, 0.6006984576536101, 35.609707340233854], [0.0, 0.0, 0.0, 1.0]]}, {"class": "CreamCheese", "pose": [[-0.2670266425387887, -0.9559758418557723, -0.12168386263125516, -1.7909175833936697], [0.643089697860587, -0.27080746105276193, 0.7163092573422423, 6.117099224200192], [-0.717727197772676, 0.11302005066098822, 0.6870910307767921, 30.038930409078514], [0.0, 0.0, 0.0, 1.0]]}, {"class": "AlphabetSoup", "pose": [[-0.633388216335035, 0.08959185595814297, 0.7686303840053107, 9.827777895564427], [-0.5587140157681253, -0.7401785083854884, -0.37413155028538736, 9.375785357793811], [0.5354045525046996, -0.6664150918420324, 0.5188765145681224, 24.113735105301178], [0.0, 0.0, 0.0, 1.0]]}]}