{"camera": {"camera": "RealSense D415", "extrinsics": [[-0.64847255, -0.7577328, 0.07296776, 0.70398086], [-0.5493451, 0.3994574, -0.73393035, 0.04429738], [0.52697563, -0.51601815, -0.675294, -0.10167681], [0.0, 0.0, 0.0, 1.0]], "height": 480, "intrinsics": [[605.8222, 0.0, 326.28275], [0.0, 605.7743, 245.73769], [0.0, 0.0, 1.0]], "width": 640}, "objects": [{"class": "MacaroniAndCheese", "pose": [[0.4815880077237204, -0.8698165372264919, 0.10720134621644092, 15.213541811003939], [-0.5758902274042347, -0.4062846142958755, -0.7094246285930805, -14.743720663017557], [0.6606234853701571, 0.27991420622464114, -0.6965806745844786, 54.09042658291598], [0.0, 0.0, 0.0, 1.0]]}, {"class": "Pineapple", "pose": [[0.9761055439864008, 0.066745128212314, 0.20679216886898652, 29.408046732612075], [-0.09457340637763785, -0.7263068339708723, 0.6808335326796251, -10.573644287115783], [0.19563684018786737, -0.6841224577640052, -0.7026397925095024, 50.59007691392108], [0.0, 0.0, 0.0, 1.0]]}, {"class": "Milk", "pose": [[0.8124220503329335, 0.11090565289796465, 0.57242492480212, -5.290183718458397], [-0.3408481922952566, -0.7061924104337467, 0.6205762118728928, -15.253343844698769], [0.47306749704875006, -0.6992798324962106, -0.5359242927631239, 40.42195396231975], [0.0, 0.0, 0.0, 1.0]]}, {"class": "TomatoSauce", "pose": [[-0.8104580548865123, 0.0839577615088543, -0.579748895469924, -0.6645866503450892], [0.31355672145582497, -0.7737887609628582, -0.5503936603242425, -4.157079907992429], [-0.49481295001572045, -0.6278551732865705, 0.6007978148658516, 37.66133643068047], [0.0, 0.0, 0.0, 1.0]]}, {"class": "Cookies", "pose": [[0.2387124844664783, 0.05424962875925431, 0.9695737588166915, 31.0034571913151], [-0.6489091740067005, -0.7338840789005291, 0.20082601453482665, -3.7379426479979756], [0.7224494429562707, -0.677105015794023, -0.13998424351440994, 35.09144483554433], [0.0, 0.0, 0.0, 1.0]]}, {"class": "OrangeJuice", "pose": [[-0.8547644875275948, 0.08008170267192562, 0.5128006805820929, 16.117192445290318], [-0.3954231428707149, -0.7404525065298264, -0.5434801460436463, -10.55947143930921], [0.33618175389286736, -0.6673208186565519, 0.6645786197363087, 38.6301448692877], [0.0, 0.0, 0.0, 1.0]]}, {"class": "Mustard", "pose": [[-0.2438087334202709, 0.07496758297686332, -0.9669214597149113, 17.353995578073743], [0.6421930650484303, -0.7346271674131626, -0.2188859008476682, -1.0260470790006873], [-0.7267360813552419, -0.6743165830074338, 0.13096488999406647, 30.672219243318178], [0.0, 0.0, 0.0, 1.0]]}, {"class": "Parmesan", "pose": [[-0.9124800938762274, 0.11446032602013764, -0.39278347507704375, -14.036032685396659], [0.1973797787531554, -0.7177837223909923, -0.6677033744841827, -7.567171319030683], [-0.35835908226019425, -0.6867935871140841, 0.6323711926820763, 38.062164501685544], [0.0, 0.0, 0.0, 1.0]]}, {"class": "CreamCheese", "pose": [[-0.34900825007545594, -0.928717117678747, -0.1252106343580788, -2.5019538673384467], [0.6175473787675725, -0.32842615676804815, 0.7146828247660278, 5.170748887519823], [-0.7048605783531482, 0.17210672934213173, 0.6881502941017839, 31.657086466659923], [0.0, 0.0, 0.0, 1.0]]}, {"class": "AlphabetSoup", "pose": [[-0.5641728837455483, 0.0959636957345967, 0.8200608956618978, 8.516680317670334], [-0.5912069487849709, -0.740276273999831, -0.3201022139082624, 9.081068534976161], [0.5763534316923365, -0.665418723102304, 0.47437815421340634, 25.0223181733655], [0.0, 0.0, 0.0, 1.0]]}]}