{"camera": {"camera": "RealSense D415", "extrinsics": [[-0.62201715, -0.77722585, 0.09494564, 0.69313115], [-0.5677818, 0.3642174, -0.7382205, 0.04739926], [0.5391832, -0.5130942, -0.6678442, -0.09044164], [0.0, 0.0, 0.0, 1.0]], "height": 480, "intrinsics": [[605.8222, 0.0, 326.28275], [0.0, 605.7743, 245.73769], [0.0, 0.0, 1.0]], "width": 640}, "objects": [{"class": "MacaroniAndCheese", "pose": [[0.5094050639874954, -0.8509515913319591, 0.128015274693536, 15.497425482653659], [-0.5494543097528876, -0.4361313225314631, -0.7126636355172697, -15.803900765114218], [0.6622736633603029, 0.2926958999578765, -0.6897265525909851, 55.94724126603319], [0.0, 0.0, 0.0, 1.0]]}, {"class": "Pineapple", "pose": [[0.9807709211055098, 0.0883538900249222, 0.17401732957574573, 29.488441025273264], [-0.054845228143186646, -0.7309420347022781, 0.6802321436413991, -11.132654950064099], [0.18729771061597575, -0.6766959561153892, -0.7120408436016618, 52.26526890961235], [0.0, 0.0, 0.0, 1.0]]}, {"class": "Milk", "pose": [[0.829225473540633, 0.1315676874972828, 0.5432081536568546, -5.095867313803659], [-0.30404619027803526, -0.7093226395833278, 0.6359381522913292, -17.25468931167135], [0.46897870624920823, -0.6924965139800744, -0.5481857017399628, 42.4824283882631], [0.0, 0.0, 0.0, 1.0]]}, {"class": "TomatoSauce", "pose": [[-0.8264128128073668, 0.10789408330894502, -0.5526307720133732, -0.9258196232314497], [0.2766047082781421, -0.7770864219971848, -0.5653552462777128, -6.021311113968986], [-0.4904403093369173, -0.6200771275288697, 0.6123501214786571, 39.55563017115756], [0.0, 0.0, 0.0, 1.0]]}, {"class": "Cookies", "pose": [[0.2700931423064195, 0.07622376964729666, 0.9598123108093364, 30.677826371309376], [-0.6310252266909889, -0.7389125994486458, 0.23625274610761032, -4.417402196796901], [0.7272254193733062, -0.6694760579607171, -0.15147610246031773, 36.67775819260629], [0.0, 0.0, 0.0, 1.0]]}, {"class": "OrangeJuice", "pose": [[-0.8358135958046305, 0.10237782396863825, 0.5393834024040219, 16.097891180175893], [-0.424061836682251, -0.7443740305234612, -0.5158283510429511, -11.764068762878606], [0.3486935915945815, -0.6598682966635582, 0.665572402238162, 40.43389097667258], [0.0, 0.0, 0.0, 1.0]]}, {"class": "Mustard", "pose": [[-0.2749664340787288, 0.09697964471732293, -0.9565502857675016, 16.894284149352302], [0.6240703532850593, -0.7388289671384861, -0.25429899302886705, -2.281295651716854], [-0.7313888208012377, -0.6668783928942762, 0.1426310424823241, 32.36003123412104], [0.0, 0.0, 0.0, 1.0]]}, {"class": "Parmesan", "pose": [[-0.9226384010990529, 0.1356796255565348, -0.36101171807516164, -14.152028097803582], [0.1581595884048149, -0.7206264554310835, -0.6750430228631417, -9.93684856074552], [-0.351744142949626, -0.6799181100245792, 0.6434185526879905, 40.12215515966586], [0.0, 0.0, 0.0, 1.0]]}, {"class": "CreamCheese", "pose": [[-0.3789357718937066, -0.9137871704010335, -0.14628987849865763, -3.175396780154316], [0.5956591286680059, -0.36181904054224623, 0.7171312367505107, 3.1603566669108725], [-0.7082357228410779, 0.18460776552622124, 0.681411877047255, 33.46697664220695], [0.0, 0.0, 0.0, 1.0]]}, {"class": "AlphabetSoup", "pose": [[-0.5357215356705547, 0.1182580511966059, 0.8360726703506833, 7.623510455044502], [-0.6058164480025051, -0.743567322432501, -0.283009001142977, 7.414648824408999], [0.5882081787904441, -0.6581206238688881, 0.46998765433181994, 26.68422943824377], [0.0, 0.0, 0.0, 1.0]]}]}