{"camera": {"camera": "RealSense D415", "extrinsics": [[-0.6428757, -0.7604963, 0.09141242, 0.6695142], [-0.54197454, 0.36729324, -0.7558831, 0.0007597544], [0.54127115, -0.53548205, -0.64829355, -0.047158707], [0.0, 0.0, 0.0, 1.0]], "height": 480, "intrinsics": [[605.8222, 0.0, 326.28275], [0.0, 605.7743, 245.73769], [0.0, 0.0, 1.0]], "width": 640}, "objects": [{"class": "MacaroniAndCheese", "pose": [[0.48636102986202784, -0.8647158419898591, 0.1253773834152557, 11.59778997723605], [-0.5434500201409416, -0.41173121950569225, -0.7315322962025659, -17.806522039016066], [0.6841892792600941, 0.28765245799823747, -0.6701798703214689, 59.76863798713783], [0.0, 0.0, 0.0, 1.0]]}, {"class": "Pineapple", "pose": [[0.9760151788520308, 0.08512724777447817, 0.20036903295050618, 25.744012361770345], [-0.07003146027657403, -0.7486892162375667, 0.6592117064762596, -13.507939327256716], [0.20613096805728204, -0.6574327761499886, -0.7247704008046016, 56.22850378133616], [0.0, 0.0, 0.0, 1.0]]}, {"class": "Milk", "pose": [[0.8144839347781585, 0.12904553688522863, 0.5656528939438308, -8.782577632131394], [-0.30926259693415076, -0.7283312710565202, 0.6114656389634427, -19.16719352834533], [0.4908895412598227, -0.6729642310433988, -0.5533051301486942, 45.974478157472454], [0.0, 0.0, 0.0, 1.0]]}, {"class": "TomatoSauce", "pose": [[-0.8118611203872691, 0.10272314126701251, -0.5747429899359401, -4.332128072265739], [0.2812601499593232, -0.7938376184603452, -0.5391795484403119, -8.09389456889575], [-0.5116387621134567, -0.5993912254370269, 0.6155939416556044, 42.856822100299865], [0.0, 0.0, 0.0, 1.0]]}, {"class": "Cookies", "pose": [[0.24432555362857208, 0.07271165022449554, 0.9669633223625705, 27.343253118515438], [-0.6185982189460245, -0.7562375514195838, 0.21316902034289728, -7.196098431404255], [0.7467537794361466, -0.6502444367132851, -0.13978887814210475, 40.509635046974466], [0.0, 0.0, 0.0, 1.0]]}, {"class": "OrangeJuice", "pose": [[-0.8503137128941486, 0.09857613368495191, 0.5169616644980872, 12.552064217251447], [-0.3986209068777227, -0.7619906505933818, -0.5103642257275577, -14.15514213318578], [0.34361021925507035, -0.6400414375821659, 0.6872255382567011, 44.17692171719586], [0.0, 0.0, 0.0, 1.0]]}, {"class": "Mustard", "pose": [[-0.24926722005893373, 0.09341631078563893, -0.963918706588907, 13.684043824009684], [0.61164435745676, -0.7565088838881919, -0.2314854433518057, -4.887916954636863], [-0.7508375139458129, -0.647277180512512, 0.13143532352613474, 35.89552099782787], [0.0, 0.0, 0.0, 1.0]]}, {"class": "Parmesan", "pose": [[-0.9129082451359187, 0.1327039925534115, -0.38598991353658446, -17.643866570981547], [0.16815667071047896, -0.7394086903624079, -0.6519188174967403, -11.727713630684903], [-0.3719164727045551, -0.6600488520916705, 0.6526971849291558, 43.278661428169265], [0.0, 0.0, 0.0, 1.0]]}, {"class": "CreamCheese", "pose": [[-0.35418694100492987, -0.9241134669595933, -0.14340829137197758, -6.285879864858412], [0.5858977828989078, -0.33879980288427813, 0.7361647257604449, 0.9815673748198155], [-0.7288863693232106, 0.176717340797944, 0.6614345070429172, 36.51220496189633], [0.0, 0.0, 0.0, 1.0]]}, {"class": "AlphabetSoup", "pose": [[-0.5582493845011154, 0.11443662513257559, 0.8217432144904705, 4.715002062656726], [-0.5805435957439669, -0.7614616778813921, -0.28834921267961383, 4.85279856430952], [0.5927282241453186, -0.6380285419626082, 0.49152090186845626, 29.825260697730236], [0.0, 0.0, 0.0, 1.0]]}]}