{"camera": {"camera": "RealSense D415", "extrinsics": [[-0.6859508, -0.7217159, 0.09272302, 0.6265564], [-0.51261693, 0.3888641, -0.765512, -0.06064474], [0.51642555, -0.57263494, -0.63670546, -0.019060992], [0.0, 0.0, 0.0, 1.0]], "height": 480, "intrinsics": [[605.8222, 0.0, 326.28275], [0.0, 605.7743, 245.73769], [0.0, 0.0, 1.0]], "width": 640}, "objects": [{"class": "MacaroniAndCheese", "pose": [[0.4349126411192121, -0.8912559901879625, 0.12850548790077607, 3.843196850117281], [-0.5534100089849358, -0.377128550336952, -0.7426381907783562, -21.250423544522633], [0.7103437707600303, 0.251866515217896, -0.6572479790217438, 60.162756212275724], [0.0, 0.0, 0.0, 1.0]]}, {"class": "Pineapple", "pose": [[0.9625501076654785, 0.08712233383286078, 0.2567233823642138, 18.282029949554357], [-0.10309128017280209, -0.7581926747804113, 0.6438292629169371, -17.50385395871125], [0.2507376590186527, -0.646183887922423, -0.7208168487300084, 57.22860205491153], [0.0, 0.0, 0.0, 1.0]]}, {"class": "Milk", "pose": [[0.7797402437949629, 0.13240973466004588, 0.6119417621356288, -15.932930355559805], [-0.33329861866625166, -0.7396015354287869, 0.5847235787216526, -22.01918404816308], [0.5300161118303996, -0.6598918693722002, -0.532565077723277, 45.47250774418625], [0.0, 0.0, 0.0, 1.0]]}, {"class": "TomatoSauce", "pose": [[-0.7772144044702972, 0.10042840656487505, -0.6211697115205724, -10.944611691416096], [0.3050016477544876, -0.803331064326936, -0.5115009871749091, -11.147656820758115], [-0.5503741064351471, -0.5870037439336079, 0.5937296250376866, 42.46073014624405], [0.0, 0.0, 0.0, 1.0]]}, {"class": "Cookies", "pose": [[0.18772250802043447, 0.07412836212207201, 0.9794208246629466, 20.815855521451414], [-0.6190912709305632, -0.7652106605831951, 0.17657493342464226, -11.420656037768973], [0.7625524157114394, -0.6394979920375001, -0.09775505892998328, 41.54248837557209], [0.0, 0.0, 0.0, 1.0]]}, {"class": "OrangeJuice", "pose": [[-0.8789124924606804, 0.09928038860888203, 0.4665363232440256, 5.630057248848552], [-0.363956154545462, -0.7717869170247952, -0.5214220327185545, -17.801131633074935], [0.30829964888047195, -0.628083125384387, 0.7144668181107573, 44.59823450139066], [0.0, 0.0, 0.0, 1.0]]}, {"class": "Mustard", "pose": [[-0.1927268849322244, 0.09465497345722985, -0.9766763484880561, 7.471396113125495], [0.61227781322552, -0.7661990412266514, -0.1950768376349251, -8.669049197814955], [-0.7667934236206666, -0.6355938303845476, 0.08971203009043723, 36.29408012216552], [0.0, 0.0, 0.0, 1.0]]}, {"class": "Parmesan", "pose": [[-0.8885090376072885, 0.1350763193376527, -0.43852706178318346, -24.38592520571995], [0.19711066789228707, -0.7506667030813198, -0.6305925383435685, -14.293105707898896], [-0.414365739687056, -0.646725551809552, 0.6403491348350369, 42.31176168423242], [0.0, 0.0, 0.0, 1.0]]}, {"class": "CreamCheese", "pose": [[-0.2993988589883576, -0.9429001490571769, -0.14594361245444493, -12.277858552434317], [0.5905754960081109, -0.30327511917332717, 0.7478267510136858, -2.075132454189073], [-0.7493869688726083, 0.1377077636148775, 0.6476539684104968, 35.95326688166139], [0.0, 0.0, 0.0, 1.0]]}, {"class": "AlphabetSoup", "pose": [[-0.6051903134671757, 0.11504314269012439, 0.7877243589462697, -0.8533304736632052], [-0.5536740102141269, -0.7718105039342359, -0.31265588169214903, 1.3248189299365984], [0.5720049972593609, -0.625358837127214, 0.5307885906940433, 29.737035791767426], [0.0, 0.0, 0.0, 1.0]]}]}