{"camera": {"camera": "RealSense D415", "extrinsics": [[-0.67942315, -0.73292595, 0.034694467, 0.61561096], [-0.44974166, 0.37861833, -0.80893797, -0.08633072], [0.57975566, -0.5652147, -0.5868694, -0.052097198], [0.0, 0.0, 0.0, 1.0]], "height": 480, "intrinsics": [[605.8222, 0.0, 326.28275], [0.0, 605.7743, 245.73769], [0.0, 0.0, 1.0]], "width": 640}, "objects": [{"class": "MacaroniAndCheese", "pose": [[0.4470243460015573, -0.891755598302366, 0.07029341502049363, 5.195986348157488], [-0.5221845066817654, -0.3239502026026541, -0.7889104434387255, -17.339683736539957], [0.7262867950418196, 0.3159560205350699, -0.6104745779559065, 60.282484873222785], [0.0, 0.0, 0.0, 1.0]]}, {"class": "Pineapple", "pose": [[0.968782263285989, 0.028929421999254253, 0.2462193983061453, 19.609720066986718], [-0.12451178977500264, -0.8020431603635907, 0.5841435300270608, -14.371973394161841], [0.214377486748843, -0.59656510328868, -0.7734030621922404, 56.46634325757858], [0.0, 0.0, 0.0, 1.0]]}, {"class": "Milk", "pose": [[0.7908959795736035, 0.07417868582588123, 0.6074381032503879, -15.259991570262322], [-0.32833741049332466, -0.7862125139353892, 0.5235117079430023, -18.289198975014674], [0.5164087904713246, -0.613487951990119, -0.597456625858171, 46.56603387606606], [0.0, 0.0, 0.0, 1.0]]}, {"class": "TomatoSauce", "pose": [[-0.7903650419670843, 0.04332059009745841, -0.6111026134185239, -10.022092751770861], [0.2986807447072336, -0.8436713426036889, -0.4461037535841708, -7.8470631461460245], [-0.5348951819411749, -0.5351093957836062, 0.6538692566370883, 42.60744182309364], [0.0, 0.0, 0.0, 1.0]]}, {"class": "Cookies", "pose": [[0.20029971661904308, 0.016013228279724262, 0.9796037858539367, 21.629289943024872], [-0.5743968429235143, -0.8080824475359971, 0.13065644023620546, -9.442683554287216], [0.793692777511242, -0.5888517646738181, -0.15266073516768247, 40.30765605885687], [0.0, 0.0, 0.0, 1.0]]}, {"class": "OrangeJuice", "pose": [[-0.8763127423567844, 0.041412838358679496, 0.4799593020446457, 6.378887425467927], [-0.3075838952250934, -0.8148860055525646, -0.4912769340241919, -14.998747961173747], [0.3707669208167752, -0.5781399851223199, 0.7268328376770883, 44.45638026167422], [0.0, 0.0, 0.0, 1.0]]}, {"class": "Mustard", "pose": [[-0.20574362488146744, 0.03664973439025845, -0.9779193908532192, 8.164151790662855], [0.5675227645594453, -0.809626433336179, -0.1497432158784088, -6.5149871682997], [-0.7972373587920659, -0.5858002236014674, 0.1457759159451215, 35.479572743532586], [0.0, 0.0, 0.0, 1.0]]}, {"class": "Parmesan", "pose": [[-0.8990675994240022, 0.07704964548966825, -0.4309765434601419, -23.56209656335374], [0.2045104399480409, -0.7964820163384294, -0.5690272033507656, -10.45854823580356], [-0.38710836456069986, -0.5997331186661793, 0.7003336535944817, 43.26577783951551], [0.0, 0.0, 0.0, 1.0]]}, {"class": "CreamCheese", "pose": [[-0.31221032244179203, -0.9459323310927861, -0.08795860828329254, -11.324016273339478], [0.5512749744020137, -0.2557958204892737, 0.7941438669219476, 0.8221008656827955], [-0.7737057256253465, 0.19945052220419873, 0.6013309115802595, 35.56571514243617], [0.0, 0.0, 0.0, 1.0]]}, {"class": "AlphabetSoup", "pose": [[-0.5977152482525394, 0.05727418787411817, 0.7996600068946421, -0.08538128495250152], [-0.4902203436604695, -0.815356503758072, -0.30802251052851615, 3.347501618539714], [0.6343661942059698, -0.5761193512436611, 0.5154279296527635, 28.634879429290592], [0.0, 0.0, 0.0, 1.0]]}]}