{"camera": {"camera": "RealSense D415", "extrinsics": [[-0.6698298, -0.74202985, -0.026827466, 0.6110969], [-0.41601637, 0.4049745, -0.8142027, -0.12201991], [0.6150272, -0.5342166, -0.5799605, -0.07485815], [0.0, 0.0, 0.0, 1.0]], "height": 480, "intrinsics": [[605.8222, 0.0, 326.28275], [0.0, 605.7743, 245.73769], [0.0, 0.0, 1.0]], "width": 640}, "objects": [{"class": "MacaroniAndCheese", "pose": [[0.4582039068997517, -0.8888070488326737, 0.008437250297636178, 7.556322774866109], [-0.5350335386096915, -0.2833793108086728, -0.7958865015551012, -18.00261073009096], [0.7097804815785924, 0.36016410847018887, -0.6053870226783479, 60.635029242005146], [0.0, 0.0, 0.0, 1.0]]}, {"class": "Pineapple", "pose": [[0.9716695102614713, -0.03274535628300468, 0.234064268985167, 21.887535657354412], [-0.16382506874063676, -0.8071448815344425, 0.5671671108713034, -15.678554202810236], [0.17035168225591624, -0.5894445180203725, -0.789642595618885, 56.12492286479108], [0.0, 0.0, 0.0, 1.0]]}, {"class": "Milk", "pose": [[0.7997124617212829, 0.012287093275514733, 0.6002574309843671, -13.541144497445945], [-0.35757706328368294, -0.7933792081783445, 0.49263386042064183, -18.189870176518816], [0.4822848026016344, -0.608603661580587, -0.6300816745292819, 47.8933081680324], [0.0, 0.0, 0.0, 1.0]]}, {"class": "TomatoSauce", "pose": [[-0.8012937327047417, -0.01725440123166352, -0.598022254695982, -8.060296843632319], [0.32778227467025023, -0.8488687446403087, -0.4147055333293818, -8.01026245523885], [-0.5004869017264226, -0.5283219733581914, 0.6858489031518611, 43.59445568309469], [0.0, 0.0, 0.0, 1.0]]}, {"class": "Cookies", "pose": [[0.21293000672205448, -0.04552858013146745, 0.9760061158486587, 23.35373329036089], [-0.5762107866538919, -0.8125709898523118, 0.087804102315101, -10.964658104673763], [0.7890766690466394, -0.5810813138782902, -0.1992548150363209, 39.84274841719102], [0.0, 0.0, 0.0, 1.0]]}, {"class": "OrangeJuice", "pose": [[-0.870141434128337, -0.019963601357452336, 0.4923975190629513, 8.094350895371228], [-0.2672586846752452, -0.8203625428503113, -0.5055473650836818, -15.83659978858293], [0.41403704006673436, -0.5714951566237892, 0.7084959983625505, 44.749068116434785], [0.0, 0.0, 0.0, 1.0]]}, {"class": "Mustard", "pose": [[-0.21881782067225544, -0.02485493835101212, -0.9754491124303923, 9.812219882604934], [0.5695465421648308, -0.8149651718821949, -0.10699789491543, -7.505974918372921], [-0.7922976364355695, -0.5789766493483431, 0.19248495810165245, 35.617032781809534], [0.0, 0.0, 0.0, 1.0]]}, {"class": "Parmesan", "pose": [[-0.9068184694487996, 0.01536489022184543, -0.4212412149356167, -21.65237186113451], [0.23945464155990234, -0.8036543939968864, -0.5447945798501849, -10.039940912290662], [-0.34690305704874197, -0.5948978859596801, 0.7250894693610982, 44.90627284728235], [0.0, 0.0, 0.0, 1.0]]}, {"class": "CreamCheese", "pose": [[-0.3246546445505271, -0.9454675712668709, -0.026275673158323028, -9.325128732789189], [0.5580117465712161, -0.21389284249682977, 0.8017934816437408, 0.6515194069009591], [-0.7636899221372913, 0.24564385914578807, 0.5970232504495291, 36.53690144843089], [0.0, 0.0, 0.0, 1.0]]}, {"class": "AlphabetSoup", "pose": [[-0.5874275496335022, -0.004058828431627497, 0.8092665675713843, 1.672884697773902], [-0.4594999607116365, -0.8214896889363261, -0.33766036437006736, 2.6442207086775067], [0.6661746607908767, -0.5702088906588322, 0.48070064137798163, 29.067370415016097], [0.0, 0.0, 0.0, 1.0]]}]}