{"camera": {"camera": "RealSense D415", "extrinsics": [[-0.5728433, -0.8159563, -0.077883765, 0.5663911], [-0.43439728, 0.38279352, -0.8153331, -0.13602689], [0.69508964, -0.43322563, -0.5737299, -0.106737375], [0.0, 0.0, 0.0, 1.0]], "height": 480, "intrinsics": [[605.8222, 0.0, 326.28275], [0.0, 605.7743, 245.73769], [0.0, 0.0, 1.0]], "width": 640}, "objects": [{"class": "MacaroniAndCheese", "pose": [[0.5609498556557673, -0.8265300171378847, -0.046726934273688334, 12.49106537248651], [-0.5207623537746751, -0.3084280922671345, -0.7960393608581909, -20.86154386740015], [0.6435385243627392, 0.4708718171754258, -0.60343839998329, 63.7595833562474], [0.0, 0.0, 0.0, 1.0]]}, {"class": "Pineapple", "pose": [[0.9898156491133848, -0.08517370430908458, 0.11406330278101501, 26.04961004445271], [-0.13556711402872593, -0.8084600414488644, 0.5727249778195678, -18.131108201665644], [0.043434494615015785, -0.5823553663132727, -0.8117731672869738, 57.44796242387087], [0.0, 0.0, 0.0, 1.0]]}, {"class": "Milk", "pose": [[0.8650873879366545, -0.04339688614765555, 0.4997404703267677, -10.057182646603335], [-0.33381677648059005, -0.7934260896555807, 0.5089610802782103, -21.67165475740727], [0.37441978783814417, -0.6071175534596639, -0.7008695327090796, 53.83940701186493], [0.0, 0.0, 0.0, 1.0]]}, {"class": "TomatoSauce", "pose": [[-0.868142819033358, -0.06075028622659723, -0.4925824445318727, -5.470040328134173], [0.30396698019446183, -0.8496470398175062, -0.4309338277796359, -11.343581605443745], [-0.3923418487021603, -0.5238408938530185, 0.7560810768744933, 48.896405834101756], [0.0, 0.0, 0.0, 1.0]]}, {"class": "Cookies", "pose": [[0.3292114784814552, -0.09661261235642685, 0.9393007089034457, 25.271255655336684], [-0.5688915325873745, -0.8142420307378625, 0.11563875117913552, -13.396485800914718], [0.7536459580297156, -0.5724298115799556, -0.3230199434763437, 41.12444340436397], [0.0, 0.0, 0.0, 1.0]]}, {"class": "OrangeJuice", "pose": [[-0.801554159214055, -0.06981306178314683, 0.5938325373604137, 10.916831732862114], [-0.29171190840406136, -0.8212825334767335, -0.4903051539044836, -18.70000470694457], [0.5219340184171755, -0.5662341461047918, 0.637937124901294, 47.94204939191735], [0.0, 0.0, 0.0, 1.0]]}, {"class": "Mustard", "pose": [[-0.33527117528940403, -0.07577990681291807, -0.9390690394855337, 11.204690677573215], [0.5620566146551002, -0.8160372626360756, -0.13481665014333222, -10.334326019467802], [-0.756098938174205, -0.5730100899289322, 0.3161863938485165, 38.68586207202074], [0.0, 0.0, 0.0, 1.0]]}, {"class": "Parmesan", "pose": [[-0.95043460257808, -0.03828626731461392, -0.3085583318177553, -18.716148317835003], [0.2128211430964604, -0.8035919097015313, -0.5558301763644736, -13.762312198920693], [-0.22667429897693214, -0.5939479586690543, 0.7719097017784085, 51.94194949907936], [0.0, 0.0, 0.0, 1.0]]}, {"class": "CreamCheese", "pose": [[-0.4361685251691641, -0.8994355505003695, 0.027797919430217307, -7.881230617831958], [0.5475127058706372, -0.24073985812261084, 0.8014200764052015, -2.730299437505039], [-0.7141336407892788, 0.3647739515077407, 0.5974555301592996, 42.082239754225384], [0.0, 0.0, 0.0, 1.0]]}, {"class": "AlphabetSoup", "pose": [[-0.4833271178069826, -0.05384930483268827, 0.8737821042675495, 2.001725080599459], [-0.4754281113777211, -0.8219495882058957, -0.31363508509727067, -0.4306340805503961], [0.7350938919705787, -0.5670089056221393, 0.37166903833408454, 33.26408885165757], [0.0, 0.0, 0.0, 1.0]]}]}