{"camera": {"camera": "RealSense D415", "extrinsics": [[-0.47827518, -0.86638117, -0.14365406, 0.5408121], [-0.47484013, 0.3927195, -0.78759015, -0.13294864], [0.73876905, -0.30847213, -0.5992206, -0.1580076], [0.0, 0.0, 0.0, 1.0]], "height": 480, "intrinsics": [[605.8222, 0.0, 326.28275], [0.0, 605.7743, 245.73769], [0.0, 0.0, 1.0]], "width": 640}, "objects": [{"class": "MacaroniAndCheese", "pose": [[0.6406780586198058, -0.7589049905908732, -0.11659679317388354, 19.658709778170273], [-0.5439712323806546, -0.3414669853468195, -0.766482638034057, -24.711728189029884], [0.5418735259515451, 0.5544938986013681, -0.6315929428707237, 63.109357817695034], [0.0, 0.0, 0.0, 1.0]]}, {"class": "Pineapple", "pose": [[0.9883494178820279, -0.1520136964500462, 0.007565446639848959, 32.30068351213298], [-0.1247204575326635, -0.7804029344724547, 0.612712090207828, -21.50467197278802], [-0.08723653805359113, -0.606517258701853, -0.7902699845765495, 55.2977479032169], [0.0, 0.0, 0.0, 1.0]]}, {"class": "Milk", "pose": [[0.9074237267439615, -0.11377177743028782, 0.4045221063445889, -3.948929655184774], [-0.34032790771789184, -0.76365184750438, 0.5486463425365463, -25.332439194255485], [0.2464935731893104, -0.6355249254181886, -0.7316754982545043, 56.0535988068341], [0.0, 0.0, 0.0, 1.0]]}, {"class": "TomatoSauce", "pose": [[-0.9124991529586048, -0.12017240669373276, -0.3910292319485511, -0.08726930172695546], [0.31134218906974576, -0.8240510454635956, -0.4732926725851915, -14.7191988369771], [-0.2653513187270468, -0.5536231162690449, 0.789360608327888, 51.09467385234922], [0.0, 0.0, 0.0, 1.0]]}, {"class": "Cookies", "pose": [[0.4248948972769136, -0.16207929627860707, 0.8906147313540697, 29.450937388769372], [-0.6003526605125362, -0.7868050210550166, 0.14322911717019582, -15.997131348210708], [0.6775256488153941, -0.595540299720762, -0.43161417238453703, 39.45395722582018], [0.0, 0.0, 0.0, 1.0]]}, {"class": "OrangeJuice", "pose": [[-0.7278407902041505, -0.13466764151767677, 0.6723930265566963, 16.100171221552685], [-0.3269171139670131, -0.793790221629027, -0.512857019829932, -21.808775962571193], [0.602804245508526, -0.5930951017482193, 0.5337277293494983, 47.73878457873416], [0.0, 0.0, 0.0, 1.0]]}, {"class": "Mustard", "pose": [[-0.43116788921179655, -0.14147187431672692, -0.8911116270192899, 15.169300278776527], [0.5935666323937219, -0.7883010628871285, -0.16204976182339711, -13.002516441951753], [-0.6795387405055631, -0.5988048365955853, 0.4238630852282995, 38.945166668486685], [0.0, 0.0, 0.0, 1.0]]}, {"class": "Parmesan", "pose": [[-0.9727641101458476, -0.10698254200431712, -0.20563242311819643, -12.83066491922471], [0.21124179988208497, -0.7743754431573489, -0.5964223446222114, -17.453062629460707], [-0.09542991368992217, -0.6236164693904093, 0.7758838043647898, 55.646246923881485], [0.0, 0.0, 0.0, 1.0]]}, {"class": "CreamCheese", "pose": [[-0.5259104833083424, -0.8449870149950901, 0.09703133388283829, -3.3915075057560418], [0.575710473899447, -0.2696769625427104, 0.7719014342928971, -5.81850319852201], [-0.6260795550713579, 0.4618130023607622, 0.6282938713449258, 45.07014449594821], [0.0, 0.0, 0.0, 1.0]]}, {"class": "AlphabetSoup", "pose": [[-0.3841763628369895, -0.11892267025762278, 0.9155686170108432, 5.292745798907244], [-0.5165975109686103, -0.7942129457117894, -0.3199263144414017, -2.9679838035014576], [0.7652029242737781, -0.5958886520278838, 0.24368267534778765, 35.21218650553091], [0.0, 0.0, 0.0, 1.0]]}]}