{"camera": {"camera": "RealSense D415", "extrinsics": [[-0.3824281, -0.90415955, -0.19037923, 0.5221787], [-0.45610073, 0.3639142, -0.8121198, -0.13644657], [0.8035676, -0.22374533, -0.55155885, -0.2013078], [0.0, 0.0, 0.0, 1.0]], "height": 480, "intrinsics": [[605.8222, 0.0, 326.28275], [0.0, 605.7743, 245.73769], [0.0, 0.0, 1.0]], "width": 640}, "objects": [{"class": "MacaroniAndCheese", "pose": [[0.709244072722567, -0.6847582054914753, -0.1675680162642412, 27.000967840777086], [-0.5107004564236061, -0.33522079462423515, -0.7917146541364517, -22.76970995405492], [0.4859607883947743, 0.6470959851559324, -0.5874596844721, 62.47007390623038], [0.0, 0.0, 0.0, 1.0]]}, {"class": "Pineapple", "pose": [[0.9753261012895545, -0.19966061898292675, -0.09420524468098884, 38.62365228305161], [-0.10858424328014672, -0.8053752524402217, 0.5827350991508167, -19.611147676115337], [-0.19221984302952044, -0.5581275419685237, -0.8071834745484681, 53.193077851383755], [0.0, 0.0, 0.0, 1.0]]}, {"class": "Milk", "pose": [[0.9368595533493731, -0.1652620673029506, 0.3081925066634491, 2.7796125135554406], [-0.3130880118129308, -0.7889784170732076, 0.5286671780675115, -24.11471700329791], [0.15578857610496466, -0.5917782701502884, -0.7909035221032817, 58.11042236680544], [0.0, 0.0, 0.0, 1.0]]}, {"class": "TomatoSauce", "pose": [[-0.9433029940836746, -0.16115249290732642, -0.29018843901379066, 5.818874228119713], [0.2833232535087625, -0.8463832524076088, -0.45095826301256664, -13.62117072909844], [-0.17293755725360602, -0.5076074097589209, 0.8440540868873572, 52.38393954970553], [0.0, 0.0, 0.0, 1.0]]}, {"class": "Cookies", "pose": [[0.5111535669662048, -0.20829852980854763, 0.8338667448771743, 33.91232577163103], [-0.5661659522229153, -0.8115572388576293, 0.14432946170302124, -14.757143649540877], [0.64666694479671, -0.5458814737967619, -0.5327619185105288, 37.58148615223942], [0.0, 0.0, 0.0, 1.0]]}, {"class": "OrangeJuice", "pose": [[-0.6488989776193417, -0.18062768248892133, 0.7391236377751604, 21.69898927863194], [-0.31826941577478407, -0.8179096849054963, -0.4792998615004534, -20.514094958700177], [0.6911112003876451, -0.546257634183822, 0.4732524575075108, 47.49856564426024], [0.0, 0.0, 0.0, 1.0]]}, {"class": "Mustard", "pose": [[-0.5174489913855981, -0.18814834081805457, -0.83477346502879, 19.595351389439763], [0.559188192278515, -0.8127719269398662, -0.16343314017948554, -12.062983849291133], [-0.6477307299318562, -0.5513637737652373, 0.5257783498999911, 38.56000465688114], [0.0, 0.0, 0.0, 1.0]]}, {"class": "Parmesan", "pose": [[-0.9820554659034573, -0.1569483319049769, -0.10456709690968911, -6.275833195745495], [0.18849574433396396, -0.7991142309970279, -0.5708641091364888, -16.430959780188978], [0.006035139431981121, -0.5803306666780825, 0.8143585679215664, 58.41785240916848], [0.0, 0.0, 0.0, 1.0]]}, {"class": "CreamCheese", "pose": [[-0.6052597319101508, -0.7822175810120511, 0.1476357261588124, 1.6607079767793076], [0.5414996957911936, -0.2686437671482522, 0.7966232715309192, -5.018387496809684], [-0.5834712767764592, 0.5621086905907933, 0.586169831944129, 46.456283820552336], [0.0, 0.0, 0.0, 1.0]]}, {"class": "AlphabetSoup", "pose": [[-0.2850281576527373, -0.16528208045025775, 0.944161415215562, 9.133349514448607], [-0.4949949351426796, -0.8181292868202431, -0.2926508416941233, -2.3698808253404064], [0.8208160271400969, -0.5507688446927202, 0.1513760616743949, 35.599668587968104], [0.0, 0.0, 0.0, 1.0]]}]}