{"camera": {"camera": "RealSense D415", "extrinsics": [[-0.37441853, -0.90788674, -0.18855348, 0.53120726], [-0.47865137, 0.3633951, -0.7992727, -0.14182702], [0.79416853, -0.20901112, -0.5706231, -0.21554455], [0.0, 0.0, 0.0, 1.0]], "height": 480, "intrinsics": [[605.8222, 0.0, 326.28275], [0.0, 605.7743, 245.73769], [0.0, 0.0, 1.0]], "width": 640}, "objects": [{"class": "MacaroniAndCheese", "pose": [[0.715574470000934, -0.678501125299517, -0.16610052320270038, 28.481435062402927], [-0.5180067878254402, -0.3558959200283486, -0.7778220122615649, -25.544827737907887], [0.46863857100532247, 0.6426307843680011, -0.6061382251787929, 60.943225568796564], [0.0, 0.0, 0.0, 1.0]]}, {"class": "Pineapple", "pose": [[0.9747874647540332, -0.19791941952991088, -0.10304021006086687, 40.02503691656535], [-0.09724121223176856, -0.7924273097543952, 0.602165364566739, -22.077300792598454], [-0.20083213165919794, -0.5769634959319299, -0.7916941091920977, 51.677834011947695], [0.0, 0.0, 0.0, 1.0]]}, {"class": "Milk", "pose": [[0.9398298107222234, -0.16383948049642708, 0.2997941534895727, 4.242492374268525], [-0.31066357666155137, -0.7749630117115056, 0.5503821340664776, -26.94100679756496], [0.14215501509160183, -0.610400663232035, -0.7792322922495181, 56.69893617257718], [0.0, 0.0, 0.0, 1.0]]}, {"class": "TomatoSauce", "pose": [[-0.9461871550916875, -0.1588302094545983, -0.2819624355515213, 7.177637510472406], [0.2812962947931186, -0.8344330970843815, -0.47391330632354545, -16.287110788871313], [-0.16000699672012464, -0.5277256759867687, 0.8342082205176077, 51.21955175177073], [0.0, 0.0, 0.0, 1.0]]}, {"class": "Cookies", "pose": [[0.5188586518086178, -0.20644014454577317, 0.8295590088241476, 35.18461064902244], [-0.5788026453457323, -0.79897189704025, 0.16319137956819532, -16.86454436710798], [0.6291050463899773, -0.5648242096796601, -0.5340416051588592, 36.22218172072794], [0.0, 0.0, 0.0, 1.0]]}, {"class": "OrangeJuice", "pose": [[-0.6424777352627674, -0.17873153741878947, 0.7451693634212161, 23.071259186352478], [-0.339816252114049, -0.8051288219280598, -0.48609928593300855, -22.9495714191118], [0.6868386146491544, -0.5655286314524881, 0.45654141948846894, 46.065743474755955], [0.0, 0.0, 0.0, 1.0]]}, {"class": "Mustard", "pose": [[-0.5251151811525353, -0.18631722602220382, -0.830385404958788, 20.85685629175392], [0.5718120785743852, -0.7999146719331762, -0.18211942594672642, -14.291016535951176], [-0.630305445817218, -0.5704580821903457, 0.526585799952022, 37.355388232967776], [0.0, 0.0, 0.0, 1.0]]}, {"class": "Parmesan", "pose": [[-0.983201468263408, -0.15538858071548525, -0.09575617340905132, -4.860544408535428], [0.1817525687371095, -0.7853273737500225, -0.5917997471113341, -19.327748419580505], [0.016759018181885067, -0.5992623137526889, 0.8003772847223941, 57.25458836323099], [0.0, 0.0, 0.0, 1.0]]}, {"class": "CreamCheese", "pose": [[-0.6124050421415016, -0.7769210604399432, 0.1461290975903799, 2.926662957850912], [0.5519334998459147, -0.2878567932262634, 0.782628838739039, -7.566138283951555], [-0.5659765349871015, 0.5599394087161327, 0.6050937147953708, 45.53543538443177], [0.0, 0.0, 0.0, 1.0]]}, {"class": "AlphabetSoup", "pose": [[-0.27666200973516764, -0.16341338860524457, 0.9469710553928712, 10.31380880270108], [-0.517317777807972, -0.8051331499074275, -0.2900740398047548, -4.596448785506016], [0.8098397625746526, -0.5701374322126402, 0.13821306239732567, 34.70344221704079], [0.0, 0.0, 0.0, 1.0]]}]}