{"camera": {"camera": "RealSense D415", "extrinsics": [[-0.3588607, -0.9119294, -0.19900686, 0.52582014], [-0.49853158, 0.3675131, -0.7851117, -0.13306567], [0.7891041, -0.18253455, -0.5865116, -0.24006999], [0.0, 0.0, 0.0, 1.0]], "height": 480, "intrinsics": [[605.8222, 0.0, 326.28275], [0.0, 605.7743, 245.73769], [0.0, 0.0, 1.0]], "width": 640}, "objects": [{"class": "MacaroniAndCheese", "pose": [[0.7247150588280209, -0.6658605160883287, -0.17725072260500033, 29.534728482147422], [-0.5286968817137004, -0.37238092267607964, -0.7627660781787836, -26.730836619930077], [0.4418910109967949, 0.6464999680729041, -0.6219084224546028, 58.64087616710385], [0.0, 0.0, 0.0, 1.0]]}, {"class": "Pineapple", "pose": [[0.9708137516665718, -0.20849643276982108, -0.11853210172290068, 40.89668840479737], [-0.09123628968364339, -0.7781213030447411, 0.6214525014189243, -23.023298528215815], [-0.22180299323735828, -0.5925001868449017, -0.7744332902308071, 49.24481376567867], [0.0, 0.0, 0.0, 1.0]]}, {"class": "Milk", "pose": [[0.9425557020153416, -0.17507339027728075, 0.28449607845574465, 5.21968115048278], [-0.31311135776044186, -0.7598002057794329, 0.5697937866158818, -28.046709529998125], [0.11640443446766133, -0.6261413175829273, -0.7709714769625317, 54.82818746223656], [0.0, 0.0, 0.0, 1.0]]}, {"class": "TomatoSauce", "pose": [[-0.9492375507769094, -0.16844718934509845, -0.26565688140588783, 8.043297617631618], [0.2841879656522523, -0.8212914034598892, -0.4946894633084884, -17.257537599903692], [-0.1348526481688446, -0.5450742860739629, 0.8274712962881654, 49.5589186951982], [0.0, 0.0, 0.0, 1.0]]}, {"class": "Cookies", "pose": [[0.5311449073476903, -0.21677926664113092, 0.819079848973626, 35.75801454125145], [-0.5936459249970746, -0.7849729010305786, 0.17720636193185996, -17.434936449046138], [0.604540804555035, -0.5803656529639886, -0.5456244905845422, 34.01838984341127], [0.0, 0.0, 0.0, 1.0]]}, {"class": "OrangeJuice", "pose": [[-0.6290055029322126, -0.1890858014970436, 0.7540547718798196, 23.8389584237524], [-0.3573621453219211, -0.7910818486491108, -0.49646937484193376, -23.77406019791561], [0.6903943516765887, -0.5817525818232356, 0.43002271213631305, 43.93847812544918], [0.0, 0.0, 0.0, 1.0]]}, {"class": "Mustard", "pose": [[-0.537419372651063, -0.19676749450735712, -0.8200383729107723, 21.45316948565672], [0.5866807112588819, -0.7857552421486232, -0.19594508618450185, -14.905046122984272], [-0.6057938109645915, -0.5864053630423367, 0.5377197867199887, 35.48903758423636], [0.0, 0.0, 0.0, 1.0]]}, {"class": "Parmesan", "pose": [[-0.982801440886863, -0.16640476085425132, -0.08006713056714532, -3.8753019997274762], [0.1802650929244304, -0.77042809448886, -0.6115104919969329, -20.458943728472917], [0.040072303403558135, -0.6154266832789174, 0.787174801582375, 55.74623997563548], [0.0, 0.0, 0.0, 1.0]]}, {"class": "CreamCheese", "pose": [[-0.6234491472692935, -0.7658853276678593, 0.1572602545902754, 3.6792756235761392], [0.5651270761996886, -0.30241955871295495, 0.7675765972077143, -8.403069826500248], [-0.5403170609824357, 0.5674170059341345, 0.6213657338685912, 44.17477155025391], [0.0, 0.0, 0.0, 1.0]]}, {"class": "AlphabetSoup", "pose": [[-0.2608001228212651, -0.1738587960511507, 0.9496085388272206, 10.85579822158797], [-0.5374725325849884, -0.790956351561849, -0.29242325654394863, -5.158776166129554], [0.8019392531733404, -0.5866525097333448, 0.11283717154094532, 33.280133774186574], [0.0, 0.0, 0.0, 1.0]]}]}