{"camera": {"camera": "RealSense D415", "extrinsics": [[-0.4035032, -0.8955232, -0.18767881, 0.5226955], [-0.4642742, 0.37714118, -0.80138254, -0.14464407], [0.7884381, -0.236226, -0.567946, -0.22283907], [0.0, 0.0, 0.0, 1.0]], "height": 480, "intrinsics": [[605.8222, 0.0, 326.28275], [0.0, 605.7743, 245.73769], [0.0, 0.0, 1.0]], "width": 640}, "objects": [{"class": "MacaroniAndCheese", "pose": [[0.6937706733871849, -0.7012917251961246, -0.16392723812183585, 25.28139035161976], [-0.5258321357763208, -0.33770976277714915, -0.7806745153113055, -24.589682832160875], [0.4921207254416268, 0.6278073009823474, -0.6030548575525906, 59.637871394294486], [0.0, 0.0, 0.0, 1.0]]}, {"class": "Pineapple", "pose": [[0.9778357008513965, -0.196752801268799, -0.07159362969047882, 37.12323128538505], [-0.11620442226262295, -0.7944367525678525, 0.5961264934245771, -21.414786118435845], [-0.17416618896777306, -0.5745942731169977, -0.7996921512152658, 50.648055247627845], [0.0, 0.0, 0.0, 1.0]]}, {"class": "Milk", "pose": [[0.9301348373548872, -0.1615050813641251, 0.32979579062092695, 1.1409494274034593], [-0.3256298587754041, -0.7778971295418287, 0.5374395488528181, -25.603622380733764], [0.1697479565475842, -0.607282606437622, -0.7761400929986516, 54.76953661446646], [0.0, 0.0, 0.0, 1.0]]}, {"class": "TomatoSauce", "pose": [[-0.9365418617455338, -0.15971637939007538, -0.31205767068228246, 4.406820893863761], [0.29620544971988905, -0.8366368286210626, -0.46076150696185064, -15.056537556488811], [-0.18748775615926808, -0.5239556257945326, 0.8308542713871848, 49.270690037252315], [0.0, 0.0, 0.0, 1.0]]}, {"class": "Cookies", "pose": [[0.49187493102373675, -0.20570302921972514, 0.8460173086167564, 32.78221889508247], [-0.5816158152029801, -0.8007128721802286, 0.1434641334176873, -16.26920685428783], [0.6479059214160127, -0.5626234593108316, -0.513490736840391, 35.02248734236647], [0.0, 0.0, 0.0, 1.0]]}, {"class": "OrangeJuice", "pose": [[-0.6661589056354107, -0.17809889846122712, 0.7242327424857614, 20.30940637022293], [-0.3218314950023488, -0.8073593673997986, -0.4945658282200429, -22.045492839154633], [0.6727977243079959, -0.5625403397457958, 0.4805117741724696, 44.59954347278997], [0.0, 0.0, 0.0, 1.0]]}, {"class": "Mustard", "pose": [[-0.49822074447580994, -0.18545936668063345, -0.8469834021769883, 18.47754681853408], [0.5747242157559829, -0.8020618312877229, -0.16244664466119835, -13.434910235421382], [-0.6492057858713425, -0.5677161621794842, 0.5061918446449707, 35.75383259518461], [0.0, 0.0, 0.0, 1.0]]}, {"class": "Parmesan", "pose": [[-0.9799290832280917, -0.15353362861852426, -0.12714710852354444, -7.837215445733436], [0.19905134346277495, -0.7882984294929132, -0.5822062920231085, -17.827484320207024], [-0.010841598464054032, -0.5958296834684738, 0.8030376235484298, 55.01441617964073], [0.0, 0.0, 0.0, 1.0]]}, {"class": "CreamCheese", "pose": [[-0.5875033502643703, -0.7962921756784727, 0.14407829420250243, 0.46128222615157144], [0.557001269472385, -0.2687714655281546, 0.7858190013423105, -6.318478796940939], [-0.587017365774332, 0.5419230991193057, 0.601439892020806, 43.395795872374634], [0.0, 0.0, 0.0, 1.0]]}, {"class": "AlphabetSoup", "pose": [[-0.30689081216955827, -0.1626678173393651, 0.9377404657403206, 8.18094092872404], [-0.5044874294528695, -0.8076761581829873, -0.3052075929157607, -3.5839992117198056], [0.8070380655488055, -0.5667436860377145, 0.1658044989900269, 32.73509506722999], [0.0, 0.0, 0.0, 1.0]]}]}