{"camera": {"camera": "RealSense D415", "extrinsics": [[-0.43122828, -0.8885083, -0.15682825, 0.52488166], [-0.45590627, 0.36458096, -0.8119299, -0.1378248], [0.7785831, -0.27862814, -0.5622942, -0.20647924], [0.0, 0.0, 0.0, 1.0]], "height": 480, "intrinsics": [[605.8222, 0.0, 326.28275], [0.0, 605.7743, 245.73769], [0.0, 0.0, 1.0]], "width": 640}, "objects": [{"class": "MacaroniAndCheese", "pose": [[0.677801636870152, -0.723326415097053, -0.13184752182924203, 22.255183350471135], [-0.5112537372091365, -0.3347954103754604, -0.7915375264720761, -22.89760841401495], [0.5283980170740744, 0.6039129950632145, -0.5967282769248111, 60.252886436460564], [0.0, 0.0, 0.0, 1.0]]}, {"class": "Pineapple", "pose": [[0.9851876261937148, -0.16568531907909542, -0.044200078845815796, 34.42624437485316], [-0.1092612165069204, -0.8051780916152059, 0.5828809773724287, -19.74643232826696], [-0.13216380326841712, -0.5694178375822684, -0.8113544613080345, 51.7052948142394], [0.0, 0.0, 0.0, 1.0]]}, {"class": "Milk", "pose": [[0.9253432564736565, -0.12927957677552454, 0.3564078835561776, -1.6547762474708794], [-0.31377147614652495, -0.7888025133944825, 0.5285244195415117, -24.22491035065531], [0.21280797464247536, -0.6008972021153373, -0.7704773357823168, 54.41835795097478], [0.0, 0.0, 0.0, 1.0]]}, {"class": "TomatoSauce", "pose": [[-0.9307457395992005, -0.1303713097838035, -0.3416366791442568, 1.7367767395182199], [0.2840129973610912, -0.8462184852602801, -0.45083356015948894, -13.732975796376584], [-0.23032346730109432, -0.5166407402470042, 0.8246414084092059, 48.89016633348297], [0.0, 0.0, 0.0, 1.0]]}, {"class": "Cookies", "pose": [[0.4702049322065652, -0.1750611119514188, 0.8650207278120422, 30.68294874520361], [-0.5665935998176146, -0.8113551102602771, 0.14378659232544475, -14.887543979646553], [0.6766675171966919, -0.5577244381511117, -0.48069171908363517, 35.83523860653878], [0.0, 0.0, 0.0, 1.0]]}, {"class": "OrangeJuice", "pose": [[-0.690217169073663, -0.14742363360385252, 0.7084253401061396, 17.881322218879937], [-0.31787391598019105, -0.8177272576037394, -0.4798732250747067, -20.63674954628909], [0.6500433922762074, -0.5564067424995589, 0.5175472264390565, 44.98518556467736], [0.0, 0.0, 0.0, 1.0]]}, {"class": "Mustard", "pose": [[-0.47642834638376336, -0.154613949456052, -0.8655116915034471, 16.33483009319966], [0.559620436674318, -0.81258363728064, -0.1628889367407282, -12.183267070456138], [-0.6781157067726972, -0.5619630036571923, 0.4736630419237306, 35.93579712982689], [0.0, 0.0, 0.0, 1.0]]}, {"class": "Parmesan", "pose": [[-0.9804494385973166, -0.12168943460545274, -0.1546302382884254, -10.706629108223753], [0.18919567993123085, -0.7989453734130258, -0.5708688916288863, -16.534725287902194], [-0.05407235489176382, -0.5889635247726479, 0.8063486550243182, 54.17190943683898], [0.0, 0.0, 0.0, 1.0]]}, {"class": "CreamCheese", "pose": [[-0.5680208955063669, -0.8153528920587385, 0.11203505885712686, -2.044614264042788], [0.5419883113713344, -0.2681405754828434, 0.7964604877512085, -5.126649640887794], [-0.619355182923819, 0.5131279220339467, 0.5942212547109167, 42.72027570323628], [0.0, 0.0, 0.0, 1.0]]}, {"class": "AlphabetSoup", "pose": [[-0.3350945045860116, -0.13183079319059776, 0.9329159906961167, 6.080536126291486], [-0.4948716320475213, -0.8179573660831617, -0.2933390896168341, -2.4824142048164313], [0.801756639542293, -0.5599700430300257, 0.20885365305517295, 32.34188455338003], [0.0, 0.0, 0.0, 1.0]]}]}