{"camera": {"camera": "RealSense D415", "extrinsics": [[-0.4910856, -0.86232156, -0.123436004, 0.52921253], [-0.4386073, 0.36719558, -0.8202384, -0.14207782], [0.7526344, -0.34866732, -0.558545, -0.17851092], [0.0, 0.0, 0.0, 1.0]], "height": 480, "intrinsics": [[605.8222, 0.0, 326.28275], [0.0, 605.7743, 245.73769], [0.0, 0.0, 1.0]], "width": 640}, "objects": [{"class": "MacaroniAndCheese", "pose": [[0.6326033760063173, -0.7685253197264412, -0.0958216676815516, 16.801423592109227], [-0.507705082508518, -0.31808354465501737, -0.8006612514805332, -21.656183072119173], [0.5848490858996576, 0.5551501288861344, -0.5914049295408126, 60.77421310836285], [0.0, 0.0, 0.0, 1.0]]}, {"class": "Pineapple", "pose": [[0.9910783932742203, -0.13168585328529134, 0.02055346253086597, 29.591574756203254], [-0.11989626248349215, -0.8135367875412411, 0.5690191678381517, -18.757638140836892], [-0.058210795229883205, -0.5664068816748651, -0.822067307022479, 53.084191591195115], [0.0, 0.0, 0.0, 1.0]]}, {"class": "Milk", "pose": [[0.9043350337815429, -0.0929310558368701, 0.4165836721822789, -6.633048702522726], [-0.3178540431927249, -0.798021116616402, 0.511987437802924, -22.882072589430024], [0.28486299052269054, -0.5954209755980506, -0.7512169114266964, 53.23681589097371], [0.0, 0.0, 0.0, 1.0]]}, {"class": "TomatoSauce", "pose": [[-0.9087393913089311, -0.10070165010233306, -0.40503319214927574, -2.7468281110910375], [0.28784197840993897, -0.8539499889082773, -0.43349330296586996, -12.517122720242563], [-0.30222455552977723, -0.5105179965328118, 0.8050041011175545, 47.79537014261281], [0.0, 0.0, 0.0, 1.0]]}, {"class": "Cookies", "pose": [[0.4142516272257792, -0.1419463113862205, 0.8990254859664055, 27.05898545505737], [-0.5586924964940897, -0.8194295363545991, 0.1280545240065427, -14.144247672731758], [0.7185111015345905, -0.5553255845043019, -0.41875434532865907, 36.904502301422305], [0.0, 0.0, 0.0, 1.0]]}, {"class": "OrangeJuice", "pose": [[-0.7386932439799736, -0.11454095860566016, 0.6642383988392508, 13.570924903345837], [-0.30064276483637364, -0.826011908202574, -0.4767790759531487, -19.62449947739276], [0.6032795276048858, -0.5518919483243334, 0.575733443976227, 45.19278323144253], [0.0, 0.0, 0.0, 1.0]]}, {"class": "Mustard", "pose": [[-0.4204208492455513, -0.12125809131770998, -0.899190066227451, 12.768478402777749], [0.5517481992748214, -0.8209050249501568, -0.1472715057851623, -11.317056277849481], [-0.7202917138389937, -0.5580425080361748, 0.41202950836646507, 35.91448055362084], [0.0, 0.0, 0.0, 1.0]]}, {"class": "Parmesan", "pose": [[-0.972040652420992, -0.0863272758827383, -0.21836795065240075, -15.567842531915609], [0.19653281100431516, -0.8080186488854327, -0.5554104329770515, -15.120862084644907], [-0.12849827531063357, -0.5827979822071999, 0.8023930550188841, 52.20298805365521], [0.0, 0.0, 0.0, 1.0]]}, {"class": "CreamCheese", "pose": [[-0.5162088197055953, -0.8530579595985809, 0.0762926104950816, -5.98594313636781], [0.5359192155792726, -0.25224158426919047, 0.8057076450834513, -3.987774953107422], [-0.6680710844421083, 0.4568000483721711, 0.5873794782801467, 41.223180170789185], [0.0, 0.0, 0.0, 1.0]]}, {"class": "AlphabetSoup", "pose": [[-0.3972736843147546, -0.09873336061205575, 0.9123734617171427, 2.89731471472251], [-0.47797706217220987, -0.8264362435852405, -0.29755855748674936, -1.5936445196855165], [0.7833973980465405, -0.5543057687327986, 0.28112904696701324, 31.4212969105894], [0.0, 0.0, 0.0, 1.0]]}]}