{"camera": {"camera": "RealSense D415", "extrinsics": [[-0.62417036, -0.78049135, -0.035278574, 0.50702715], [-0.47671962, 0.41623676, -0.7742644, -0.16345438], [0.6189909, -0.46645492, -0.6318782, -0.1093052], [0.0, 0.0, 0.0, 1.0]], "height": 480, "intrinsics": [[605.8222, 0.0, 326.28275], [0.0, 605.7743, 245.73769], [0.0, 0.0, 1.0]], "width": 640}, "objects": [{"class": "MacaroniAndCheese", "pose": [[0.5101805897188028, -0.8600650833805877, -0.001946215774907796, 1.0538143519076448], [-0.5664861098271601, -0.33432855442303583, -0.7532051122406166, -28.333920424324987], [0.6471547125699963, 0.38537309570258155, -0.6577828628859012, 59.307093053010874], [0.0, 0.0, 0.0, 1.0]]}, {"class": "Pineapple", "pose": [[0.9835584915351359, -0.041888816908629986, 0.17566442519545364, 15.053197919861223], [-0.14436519308203274, -0.7667796789222209, 0.6254659471573409, -25.268565660999798], [0.10849589149197096, -0.6405421743335403, -0.7602199050463896, 54.23296118586689], [0.0, 0.0, 0.0, 1.0]]}, {"class": "Milk", "pose": [[0.833976767591729, 0.0016550157114113733, 0.5517970474480368, -20.68218050080648], [-0.36371173350505764, -0.7503704078084183, 0.5519583879526422, -28.33210608036073], [0.4149656647514241, -0.6610155331982828, -0.6251894925119235, 47.686586199832746], [0.0, 0.0, 0.0, 1.0]]}, {"class": "TomatoSauce", "pose": [[-0.835704500173219, -0.02199880116971999, -0.548738563133164, -15.723286869237118], [0.33515878636848745, -0.8119723852474539, -0.4778801832579671, -17.72290679015594], [-0.435047758484619, -0.5832811756168375, 0.6859420220454975, 43.813797277595754], [0.0, 0.0, 0.0, 1.0]]}, {"class": "Cookies", "pose": [[0.2707374526524341, -0.0540508733893518, 0.9611345922134128, 15.514619436436245], [-0.6204867975976706, -0.7731466339982577, 0.13130290316385484, -19.438639461014887], [0.7360009001128326, -0.6319199415651596, -0.2428575757202204, 38.255515002826066], [0.0, 0.0, 0.0, 1.0]]}, {"class": "OrangeJuice", "pose": [[-0.83899596826037, -0.027803470822020466, 0.5434268136421111, 0.6805139350381739], [-0.3212518005194556, -0.7807562725539728, -0.5359262631796842, -25.100333891267436], [0.4391844657637546, -0.624216819322473, 0.6461194217062807, 43.5988343748342], [0.0, 0.0, 0.0, 1.0]]}, {"class": "Mustard", "pose": [[-0.2766024485325687, -0.03323585360234072, -0.960409513193844, 1.6757478680093696], [0.613870915355198, -0.7750286428297221, -0.1499771252878124, -16.131175219742335], [-0.7393602258915465, -0.6310515096512263, 0.23477731605891447, 34.97861739829854], [0.0, 0.0, 0.0, 1.0]]}, {"class": "Parmesan", "pose": [[-0.9303702958518131, 0.005745407187234829, -0.3665761481943241, -29.164231515552043], [0.2335587763672838, -0.761433304436775, -0.6047062567159492, -20.258865526394597], [-0.28259757075089886, -0.6482178165605448, 0.7070729912098805, 45.68325718339018], [0.0, 0.0, 0.0, 1.0]]}, {"class": "CreamCheese", "pose": [[-0.3803961206752479, -0.9246769517861441, -0.016471057732635852, -17.603455057015125], [0.5971589649349559, -0.25918246762167674, 0.7590952872403148, -8.654624015678799], [-0.7061868911174368, 0.27892103051438705, 0.6507711373055811, 37.43676506011574], [0.0, 0.0, 0.0, 1.0]]}, {"class": "AlphabetSoup", "pose": [[-0.5379759149696447, -0.011827544378782901, 0.8428772114837761, -7.080454395538527], [-0.5209140162369409, -0.7814691799344812, -0.34344511138686323, -5.826991725423316], [0.6627446293911767, -0.6238317541342132, 0.4142504536464625, 29.563265490842728], [0.0, 0.0, 0.0, 1.0]]}]}