{"camera": {"camera": "RealSense D415", "extrinsics": [[-0.6455832, -0.7635803, -0.0129381, 0.5020172], [-0.48498544, 0.4230091, -0.76540995, -0.16173364], [0.58992493, -0.48786104, -0.6434129, -0.09458446], [0.0, 0.0, 0.0, 1.0]], "height": 480, "intrinsics": [[605.8222, 0.0, 326.28275], [0.0, 605.7743, 245.73769], [0.0, 0.0, 1.0]], "width": 640}, "objects": [{"class": "MacaroniAndCheese", "pose": [[0.48707390654776844, -0.8731012917912849, 0.021285842087597054, -1.892214852542895], [-0.5756317318795929, -0.3392641961545923, -0.74400801035076, -29.113126920733347], [0.6568158706091763, 0.35013408338073176, -0.667831540826382, 58.81192740198908], [0.0, 0.0, 0.0, 1.0]]}, {"class": "Pineapple", "pose": [[0.9791287369949023, -0.019239127133454426, 0.2023282373239183, 12.277218047530274], [-0.14628779969934083, -0.7578028761756204, 0.6358731677970862, -25.98383073982953], [0.14109126905535294, -0.6521998390105134, -0.7448010170122662, 54.27754461303491], [0.0, 0.0, 0.0, 1.0]]}, {"class": "Milk", "pose": [[0.8188452692709683, 0.02499867201326093, 0.5734696457798106, -23.204966105017043], [-0.3697984278035063, -0.7411303209044227, 0.5603346992962153, -28.94059302309043], [0.43902335775489365, -0.6708955858748414, -0.5976265852108378, 46.43345833602005], [0.0, 0.0, 0.0, 1.0]]}, {"class": "TomatoSauce", "pose": [[-0.8198624096322149, -0.0013781650636608181, -0.5725588818399445, -18.11314096655274], [0.3415275353340556, -0.8037941911732124, -0.48710763271587526, -18.28087458655288], [-0.4595481802222691, -0.5949058565432552, 0.6594713208748587, 42.88550882215036], [0.0, 0.0, 0.0, 1.0]]}, {"class": "Cookies", "pose": [[0.2446497521512613, -0.031697311323241786, 0.9690932475607783, 13.301407814326716], [-0.63075447192783, -0.7642834745474093, 0.13423699818604737, -19.93305505793099], [0.7364069946109312, -0.644100942638019, -0.20697498673126064, 38.40874228538683], [0.0, 0.0, 0.0, 1.0]]}, {"class": "OrangeJuice", "pose": [[-0.8539432761714472, -0.005737450020183408, 0.5203344174562491, -1.7115881335200034], [-0.32694433258829986, -0.7720107440935898, -0.545075058498984, -25.661808275306768], [0.4048311025629669, -0.6355835649526039, 0.6573775486821, 43.146660094919866], [0.0, 0.0, 0.0, 1.0]]}, {"class": "Mustard", "pose": [[-0.25039232030046676, -0.010925759498133595, -0.9680827738135982, -0.41348539356201863], [0.6241883958530079, -0.7661864821831605, -0.1527976636191137, -16.57438438094687], [-0.7400624964748855, -0.642525389981149, 0.19866694665300302, 34.69218813296027], [0.0, 0.0, 0.0, 1.0]]}, {"class": "Parmesan", "pose": [[-0.9198394588709816, 0.02863584347187895, -0.39124838863985856, -31.61151522388348], [0.2378643100556248, -0.7523714564706205, -0.6142945274827505, -20.836620735781334], [-0.3119549543402421, -0.6581163686502608, 0.6852495041433198, 44.24455583596166], [0.0, 0.0, 0.0, 1.0]]}, {"class": "CreamCheese", "pose": [[-0.3552902690158575, -0.9339233806469512, -0.039444734303859426, -19.767749981168205], [0.6070634771168054, -0.26262046011110907, 0.7500029557855761, -9.124188133544566], [-0.7108042820120083, 0.24252329705951664, 0.6602572636543043, 36.57261030535176], [0.0, 0.0, 0.0, 1.0]]}, {"class": "AlphabetSoup", "pose": [[-0.5609828341177449, 0.010215001446359895, 0.8277643727603685, -8.97382327991676], [-0.529820287296938, -0.7727359347758932, -0.34952774321909585, -6.192237607629092], [0.6360728472096258, -0.634645416776511, 0.4389037014638898, 29.115006463984606], [0.0, 0.0, 0.0, 1.0]]}]}