{"camera": {"camera": "RealSense D415", "extrinsics": [[-0.65308416, -0.7572021, 0.011230603, 0.5028341], [-0.48683476, 0.40844142, -0.77211887, -0.14625409], [0.5800629, -0.50972605, -0.6353789, -0.085113384], [0.0, 0.0, 0.0, 1.0]], "height": 480, "intrinsics": [[605.8222, 0.0, 326.28275], [0.0, 605.7743, 245.73769], [0.0, 0.0, 1.0]], "width": 640}, "objects": [{"class": "MacaroniAndCheese", "pose": [[0.47874552647776525, -0.8767611230222648, 0.04574633589184439, -3.211568370583029], [-0.5627282791908422, -0.34643237666985444, -0.7505475046113701, -27.504260124302544], [0.673898808685584, 0.333578400345222, -0.6592311888666563, 58.67855438454702], [0.0, 0.0, 0.0, 1.0]]}, {"class": "Pineapple", "pose": [[0.977317287739427, 0.005042061031512761, 0.2117204995258376, 11.019664287814045], [-0.13266550093753007, -0.764681739423729, 0.6306042869640675, -24.24646217566729], [0.16507837460420816, -0.6443884424057824, -0.7466676499160484, 54.43771249561866], [0.0, 0.0, 0.0, 1.0]]}, {"class": "Milk", "pose": [[0.812928569945357, 0.049493640176718375, 0.5802564889442592, -24.233378398712212], [-0.35505678103240534, -0.7476557948123542, 0.5612001062107687, -27.72402052723153], [0.4616079388374989, -0.6622395605357455, -0.5902175778159189, 45.812905307578035], [0.0, 0.0, 0.0, 1.0]]}, {"class": "TomatoSauce", "pose": [[-0.813127643708826, 0.02213358381647772, -0.5816645190461903, -19.191029834302643], [0.3265648793779863, -0.8098535109555277, -0.487332263280824, -17.03919025072743], [-0.48184943785610396, -0.5862145111117497, 0.6512860969643369, 42.26983384756181], [0.0, 0.0, 0.0, 1.0]]}, {"class": "Cookies", "pose": [[0.23523684154155652, -0.007520037817662423, 0.9719090238422717, 12.336274493576111], [-0.6200285481976894, -0.7712323452246936, 0.1441018167257039, -18.34773730068265], [0.748483923791904, -0.6365093640652835, -0.18608481717097333, 38.533269492373634], [0.0, 0.0, 0.0, 1.0]]}, {"class": "OrangeJuice", "pose": [[-0.8590222750193891, 0.018328330396074018, 0.5116100825224911, -2.7113156563046803], [-0.3333113116886974, -0.7785485873651147, -0.5317572106673393, -24.213014334051188], [0.38856697763522796, -0.6273166832961132, 0.6748995455984986, 42.98580876587561], [0.0, 0.0, 0.0, 1.0]]}, {"class": "Mustard", "pose": [[-0.24081319577874855, 0.01323121331213977, -0.9704813305501451, -1.3289963569603547], [0.6133543241683614, -0.7728611690313137, -0.16273337368864546, -15.198029530287505], [-0.7522003949526732, -0.634437230356919, 0.17799966423944655, 34.46737712450737], [0.0, 0.0, 0.0, 1.0]]}, {"class": "Parmesan", "pose": [[-0.9152172948508424, 0.05297126453319262, -0.3994639177108805, -32.68509905280873], [0.2232000460036375, -0.7587183060494039, -0.6119872024920627, -19.747998526500837], [-0.3354983254796833, -0.6492615981590762, 0.6825687984778689, 43.34567391842202], [0.0, 0.0, 0.0, 1.0]]}, {"class": "CreamCheese", "pose": [[-0.34614262642376925, -0.936010302382625, -0.06379709412901582, -20.810702215615674], [0.59523276753084, -0.2716649858542099, 0.7562381585208283, -7.969450062777284], [-0.7251780531947641, 0.22379205110620692, 0.6511787948986054, 35.82376534279996], [0.0, 0.0, 0.0, 1.0]]}, {"class": "AlphabetSoup", "pose": [[-0.5690326917580881, 0.0342625119022326, 0.8216008454243209, -9.883937364461826], [-0.5301375283186388, -0.7790661112509032, -0.33467933885013607, -4.981047415383534], [0.6286142929478632, -0.6260048925565828, 0.46147790748436773, 28.585236014460147], [0.0, 0.0, 0.0, 1.0]]}]}