{"camera": {"camera": "RealSense D415", "extrinsics": [[-0.6581359, -0.75276035, 0.0144572025, 0.50297666], [-0.48006192, 0.40476945, -0.77826875, -0.14017715], [0.579998, -0.519147, -0.6277649, -0.08243739], [0.0, 0.0, 0.0, 1.0]], "height": 480, "intrinsics": [[605.8222, 0.0, 326.28275], [0.0, 605.7743, 245.73769], [0.0, 0.0, 1.0]], "width": 640}, "objects": [{"class": "MacaroniAndCheese", "pose": [[0.47284720432935384, -0.8797707411569322, 0.04918321761387273, -3.7055337798621357], [-0.5569783581346337, -0.34167629358505697, -0.7569890747995158, -26.15209213097087], [0.682781566890381, 0.3305461186973286, -0.6515739447489992, 58.67763940222166], [0.0, 0.0, 0.0, 1.0]]}, {"class": "Pineapple", "pose": [[0.9758577109374478, 0.00834735742787245, 0.21824773575149292, 10.561831504267138], [-0.13272954124400643, -0.7709088503643166, 0.6229626423031521, -22.959984221648476], [0.17344924128820643, -0.6368908243269139, -0.7511893561091334, 54.50886285628527], [0.0, 0.0, 0.0, 1.0]]}, {"class": "Milk", "pose": [[0.8089290043654593, 0.052957365436808526, 0.5855163600404822, -24.63394452870191], [-0.3519499271657821, -0.7541331253685122, 0.5544497437857838, -26.46075320229768], [0.47091949613858247, -0.6545829207328268, -0.5914017570048211, 45.662415245256696], [0.0, 0.0, 0.0, 1.0]]}, {"class": "TomatoSauce", "pose": [[-0.8090322120966997, 0.02493645526121683, -0.5872351126437195, -19.547025653278894], [0.32326324904764187, -0.8155429398017376, -0.47999023484744147, -15.819469800399697], [-0.4908847213108582, -0.5781590984134496, 0.6517394091600044, 42.05262653784849], [0.0, 0.0, 0.0, 1.0]]}, {"class": "Cookies", "pose": [[0.2287028462323487, -0.004283146372847826, 0.9734868706434244, 12.004137970184125], [-0.6131349219827885, -0.7773611438983907, 0.14062453483068085, -17.218198271204628], [0.7561485244961424, -0.6290400332234328, -0.18041079693713583, 38.55795698144111], [0.0, 0.0, 0.0, 1.0]]}, {"class": "OrangeJuice", "pose": [[-0.8624073680166059, 0.021484866042844362, 0.5057587929582127, -3.0857428628442984], [-0.3280524107296498, -0.7846320383209806, -0.526055339911049, -23.01420590392412], [0.38553226259535384, -0.6195893970040772, 0.6837206035839167, 42.95776753792022], [0.0, 0.0, 0.0, 1.0]]}, {"class": "Mustard", "pose": [[-0.2342640161730363, 0.016449612191799065, -0.972033849985676, -1.6256832923965403], [0.6064344893209943, -0.7790052961443449, -0.1593361199955846, -14.08472147643299], [-0.7598405075410417, -0.6268015752956752, 0.17251724103276272, 34.36259580785222], [0.0, 0.0, 0.0, 1.0]]}, {"class": "Parmesan", "pose": [[-0.9123634834829886, 0.05632115782898256, -0.4054883792667128, -33.0533406926673], [0.22149896283143813, -0.7650750637779451, -0.6046473324541921, -18.49460209874958], [-0.34428351356428577, -0.6414734037277269, 0.6855514165580275, 43.05666361952008], [0.0, 0.0, 0.0, 1.0]]}, {"class": "CreamCheese", "pose": [[-0.3398185737104411, -0.9380896678387312, -0.06716499526075496, -21.103789827131457], [0.5887564541317982, -0.2678769014168064, 0.7626321811985665, -6.809975359826946], [-0.7334092996592347, 0.21961269675228498, 0.6433358941839509, 35.507336302457205], [0.0, 0.0, 0.0, 1.0]]}, {"class": "AlphabetSoup", "pose": [[-0.57451568016696, 0.037408178077639354, 0.8176382977747335, -10.119563639176565], [-0.5230351387570017, -0.785164079733818, -0.33158958354476603, -3.910693991204403], [0.6295759994762454, -0.6181569795470859, 0.47065488382426696, 28.319708694712947], [0.0, 0.0, 0.0, 1.0]]}]}