{"camera": {"camera": "RealSense D415", "extrinsics": [[-0.6436186, -0.7648612, 0.027246935, 0.5119988], [-0.49357635, 0.3876019, -0.7785545, -0.12090662], [0.58492523, -0.5145406, -0.6269852, -0.08903894], [0.0, 0.0, 0.0, 1.0]], "height": 480, "intrinsics": [[605.8222, 0.0, 326.28275], [0.0, 605.7743, 245.73769], [0.0, 0.0, 1.0]], "width": 640}, "objects": [{"class": "MacaroniAndCheese", "pose": [[0.4894342769032696, -0.8698800892924138, 0.061340678929916743, -2.0778927514407464], [-0.5456751648964403, -0.36037103256785596, -0.7565522631346041, -25.316239990810995], [0.6802151321642063, 0.3368105607979608, -0.6510498964514366, 58.39114947481379], [0.0, 0.0, 0.0, 1.0]]}, {"class": "Pineapple", "pose": [[0.9796573485343305, 0.020917180924663586, 0.19958434570786926, 12.088282808336215], [-0.11119380095255708, -0.7713410726475021, 0.6266329721851507, -21.818902221761675], [0.16705495704378018, -0.6360781359157834, -0.753324096187448, 54.12335587647193], [0.0, 0.0, 0.0, 1.0]]}, {"class": "Milk", "pose": [[0.8195408161117121, 0.06503144450326329, 0.5693186471560148, -23.080971076973388], [-0.33363022093931594, -0.7536184409364748, 0.5663480508568306, -26.097658920344735], [0.46587942773264535, -0.6540872495329931, -0.5959246398442496, 45.51676769014135], [0.0, 0.0, 0.0, 1.0]]}, {"class": "TomatoSauce", "pose": [[-0.819151253442109, 0.03886785131282471, -0.5722590970577335, -18.251670245752017], [0.3049231135061874, -0.8155290221720349, -0.4918681758334116, -15.352478798975719], [-0.48581172552010066, -0.5774094571092594, 0.656189937249577, 41.861197945530094], [0.0, 0.0, 0.0, 1.0]]}, {"class": "Cookies", "pose": [[0.24706848634244816, 0.008483152190392411, 0.968960865686614, 13.298478298363204], [-0.6070519365840884, -0.7780574969259724, 0.1615997256175535, -16.067020526922214], [0.7552781290350656, -0.6281357669538139, -0.18708381446364006, 38.156796188993205], [0.0, 0.0, 0.0, 1.0]]}, {"class": "OrangeJuice", "pose": [[-0.8524515935832392, 0.034466179040697646, 0.5216687868240897, -1.6316369123713814], [-0.3463027243850983, -0.784752724744941, -0.5140404435856392, -22.185288479635872], [0.3916640270351041, -0.6188499158778945, 0.680899419227392, 42.664012760880155], [0.0, 0.0, 0.0, 1.0]]}, {"class": "Mustard", "pose": [[-0.252506634495139, 0.02926132653344607, -0.9671525910383679, -0.42416591412471893], [0.600227168447141, -0.7792462018150517, -0.18028504310567253, -13.236861528384978], [-0.7589253506018896, -0.626034428900297, 0.17920143304368272, 34.0493676047017], [0.0, 0.0, 0.0, 1.0]]}, {"class": "Parmesan", "pose": [[-0.9192567105504439, 0.06872060828416772, -0.3876139034552528, -31.689393602410966], [0.2011129000909294, -0.7644679586775129, -0.612488640813299, -18.320330475023052], [-0.33840896212969396, -0.6409884493172497, 0.6889217152563866, 42.95865419947332], [0.0, 0.0, 0.0, 1.0]]}, {"class": "CreamCheese", "pose": [[-0.35747156979878336, -0.9305344920145566, -0.07949588670863234, -20.048304052258526], [0.580283997888413, -0.28800044264411545, 0.7617914546542937, -6.38729809756855], [-0.731768058426003, 0.22618863502132422, 0.6429262458589317, 35.31650813448639], [0.0, 0.0, 0.0, 1.0]]}, {"class": "AlphabetSoup", "pose": [[-0.5587515898657435, 0.05040651295340468, 0.8278017904795624, -9.178168153434484], [-0.5346531330900496, -0.7849355043669053, -0.3130850919704364, -3.2581170923017573], [0.633989510498308, -0.6175236129059485, 0.4655339253387788, 28.052251358405144], [0.0, 0.0, 0.0, 1.0]]}]}