{"camera": {"camera": "RealSense D415", "extrinsics": [[-0.6423385, -0.7659119, 0.027932407, 0.5161064], [-0.48731178, 0.3800157, -0.7862031, -0.11279197], [0.59154755, -0.5186203, -0.61733663, -0.089455195], [0.0, 0.0, 0.0, 1.0]], "height": 480, "intrinsics": [[605.8222, 0.0, 326.28275], [0.0, 605.7743, 245.73769], [0.0, 0.0, 1.0]], "width": 640}, "objects": [{"class": "MacaroniAndCheese", "pose": [[0.49087643831028305, -0.8690224134242266, 0.06197080664568357, -1.588400498125897], [-0.5364586321551406, -0.35753773024765123, -0.7644468349805308, -23.754981195333425], [0.6864782777439904, 0.342004137674926, -0.6417014340367339, 58.55467842154317], [0.0, 0.0, 0.0, 1.0]]}, {"class": "Pineapple", "pose": [[0.9799742842530963, 0.021583501571533343, 0.1979509238693191, 12.568583585508774], [-0.10758960373451154, -0.7791125380225511, 0.617582534031256, -20.288551263499038], [0.16755562345550318, -0.6265124756121309, -0.761188030250557, 54.23152754563982], [0.0, 0.0, 0.0, 1.0]]}, {"class": "Milk", "pose": [[0.8204647157552538, 0.06565434125986701, 0.5679147570477072, -22.601283613057188], [-0.32656441202901776, -0.7615450271583508, 0.5598257876185104, -24.728315681622494], [0.4692476129520927, -0.6447780654084948, -0.6033804028577389, 45.709405539692604], [0.0, 0.0, 0.0, 1.0]]}, {"class": "TomatoSauce", "pose": [[-0.8200471383726735, 0.039654072717969994, -0.5709205364688148, -17.792032338064946], [0.2976137128282159, -0.8225436821009935, -0.4846112101968966, -14.02162102320536], [-0.488823849602517, -0.5673178338198088, 0.662722948097997, 41.91704135658061], [0.0, 0.0, 0.0, 1.0]]}, {"class": "Cookies", "pose": [[0.24867208621961642, 0.00916688312179783, 0.9685443590188253, 13.756005837032227], [-0.5972811900958814, -0.7857496692268672, 0.16078772759036244, -14.732624613176842], [0.7625072697311063, -0.6184767600768953, -0.18991879132388415, 38.19402608609161], [0.0, 0.0, 0.0, 1.0]]}, {"class": "OrangeJuice", "pose": [[-0.8515689187074055, 0.03516838111436305, 0.5230617317864765, -1.1605887923872182], [-0.342765122436699, -0.7922889884967632, -0.5047675560333565, -20.818014519386413], [0.39666416319411235, -0.6091316942628313, 0.6867431158212893, 42.789652584769335], [0.0, 0.0, 0.0, 1.0]]}, {"class": "Mustard", "pose": [[-0.2541026272635321, 0.029948700523440498, -0.9667134755204878, 0.02540135779387498], [0.5904033657185727, -0.7868798470140728, -0.17956622228985017, -11.97490125470593], [-0.7660650645991327, -0.6163791517272976, 0.18226641095547272, 34.06398834990264], [0.0, 0.0, 0.0, 1.0]]}, {"class": "Parmesan", "pose": [[-0.9198624602019919, 0.0693718227338659, -0.3860577911658981, -31.224123375383893], [0.19547757299361965, -0.772225996303252, -0.6045292260644892, -16.99666386289837], [-0.3400611286566597, -0.6315493932776566, 0.6967810122795448, 43.0629125942248], [0.0, 0.0, 0.0, 1.0]]}, {"class": "CreamCheese", "pose": [[-0.3590126863363556, -0.9298856334431645, -0.08014120889861166, -19.608389243739154], [0.5706335412758544, -0.2866351484046546, 0.7695568265866897, -5.14085628716177], [-0.7385710639556221, 0.2305493823878699, 0.6335295985302954, 35.26360689006231], [0.0, 0.0, 0.0, 1.0]]}, {"class": "AlphabetSoup", "pose": [[-0.5573648439405088, 0.05111011742203057, 0.8286930675675109, -8.74943638289637], [-0.5276462178609349, -0.7924304577504286, -0.30601224564166335, -2.0847490340449597], [0.6410412549943606, -0.6078172443766611, 0.468640900135213, 27.951671052325022], [0.0, 0.0, 0.0, 1.0]]}]}