{"camera": {"camera": "RealSense D415", "extrinsics": [[-0.6527317, -0.7572391, -0.023027543, 0.5380493], [-0.44601738, 0.40867662, -0.79627377, -0.087629974], [0.61238045, -0.50948244, -0.60449797, -0.10356193], [0.0, 0.0, 0.0, 1.0]], "height": 480, "intrinsics": [[605.8222, 0.0, 326.28275], [0.0, 605.7743, 245.73769], [0.0, 0.0, 1.0]], "width": 640}, "objects": [{"class": "MacaroniAndCheese", "pose": [[0.4785038578660151, -0.8780100105648413, 0.011509979874448047, 1.480609786286391], [-0.5488549169670536, -0.3092991112375144, -0.7765902266830033, -17.56332372786866], [0.6854139683104263, 0.36528408813708285, -0.6299009020775784, 58.39538345109608], [0.0, 0.0, 0.0, 1.0]]}, {"class": "Pineapple", "pose": [[0.9768893843753681, -0.02921524090860228, 0.21173946414121758, 15.695797917802912], [-0.15258572644341425, -0.7890277644075688, 0.595107404886308, -14.859936698139744], [0.14968209403995314, -0.6136624999839555, -0.7752506215905862, 53.73211341302214], [0.0, 0.0, 0.0, 1.0]]}, {"class": "Milk", "pose": [[0.8132768652782885, 0.015264879863084, 0.5816766491164387, -19.817552603746424], [-0.3587345809278382, -0.7739203845068533, 0.5218781267327443, -17.71353691965211], [0.4581377862989685, -0.6330989083809578, -0.6239354617356297, 45.99153851452103], [0.0, 0.0, 0.0, 1.0]]}, {"class": "TomatoSauce", "pose": [[-0.8146692671051661, -0.012040913339247367, -0.5798008295283217, -14.575442931336857], [0.32949264229648895, -0.8323488042260715, -0.44567937695914556, -7.315246266991955], [-0.4772301030829754, -0.5541213766397399, 0.6820563379235066, 41.924590224000234], [0.0, 0.0, 0.0, 1.0]]}, {"class": "Cookies", "pose": [[0.23527326132369622, -0.04176875374249221, 0.9710313403790592, 16.816821303471873], [-0.596588373613786, -0.7949239570420505, 0.11035513245993925, -9.622286333789505], [0.7672866233127279, -0.6052695941677533, -0.2119430949587356, 37.58311781746549], [0.0, 0.0, 0.0, 1.0]]}, {"class": "OrangeJuice", "pose": [[-0.8587277429158134, -0.015925565804521653, 0.5121845762827701, 1.7219255342787232], [-0.29453435300713204, -0.8025749954245193, -0.5187705965923558, -14.899854983289728], [0.419328223817536, -0.5963386312326469, 0.6845027370646058, 42.577908209156575], [0.0, 0.0, 0.0, 1.0]]}, {"class": "Mustard", "pose": [[-0.241103364938145, -0.02102689558192311, -0.9702716307092222, 3.152886905695196], [0.5899282258713692, -0.7970328287650806, -0.1293189795110451, -6.263883575313131], [-0.7706191098374167, -0.6035698372234516, 0.204571646585681, 33.68314645467893], [0.0, 0.0, 0.0, 1.0]]}, {"class": "Parmesan", "pose": [[-0.9161955506877917, 0.01873529824146393, -0.40029326971751517, -28.109080307878397], [0.23470505648159612, -0.7845598207886119, -0.573915903540664, -9.613375195133825], [-0.32480647432633986, -0.6197700252002812, 0.7144128984965682, 43.388908724484175], [0.0, 0.0, 0.0, 1.0]]}, {"class": "CreamCheese", "pose": [[-0.3462527060731222, -0.9376749011491463, -0.029577754705539045, -16.097701503185068], [0.5757334548047168, -0.23728093637390388, 0.7824505010049734, 1.5374163717009546], [-0.7407023790501948, 0.2538966862004791, 0.6220099499566947, 35.16083249867818], [0.0, 0.0, 0.0, 1.0]]}, {"class": "AlphabetSoup", "pose": [[-0.5687992394074153, 1.4517730421524522e-05, 0.8224763980323226, -5.258037110015456], [-0.4896609300495996, -0.8034728236594215, -0.3386201935716513, 3.9446609841121276], [0.6608324738044267, -0.5953414416380639, 0.4570218034986585, 27.582712811249298], [0.0, 0.0, 0.0, 1.0]]}]}