{"camera": {"camera": "RealSense D415", "extrinsics": [[-0.65623426, -0.7544086, -0.014975807, 0.5419932], [-0.44534165, 0.4032566, -0.7994091, -0.073850244], [0.6091202, -0.51793027, -0.60060036, -0.095559865], [0.0, 0.0, 0.0, 1.0]], "height": 480, "intrinsics": [[605.8222, 0.0, 326.28275], [0.0, 605.7743, 245.73769], [0.0, 0.0, 1.0]], "width": 640}, "objects": [{"class": "MacaroniAndCheese", "pose": [[0.4747154457347751, -0.8799187941122287, 0.019702329155837285, 1.3284776130696452], [-0.5435812350366013, -0.31072049846737415, -0.779725742289321, -16.0320217840866], [0.6922171934166267, 0.35943802613870623, -0.6258111447143745, 58.795773823754836], [0.0, 0.0, 0.0, 1.0]]}, {"class": "Pineapple", "pose": [[0.976145784302149, -0.02111251777422977, 0.2160872273125501, 15.5725033457703], [-0.14817468163991568, -0.7922328204192347, 0.591955608480786, -13.299234425157602], [0.15869369049707052, -0.6098536081959615, -0.7764630161904582, 54.2388480439295], [0.0, 0.0, 0.0, 1.0]]}, {"class": "Milk", "pose": [[0.810693654360711, 0.023474247938810904, 0.5849998110155532, -19.863358816659304], [-0.3533665730952806, -0.7770581426321038, 0.5208768841371301, -16.32468253364635], [0.4668060112667832, -0.6289909429368191, -0.6216610554743183, 46.21364064094268], [0.0, 0.0, 0.0, 1.0]]}, {"class": "TomatoSauce", "pose": [[-0.8118166121239346, -0.004282336625969749, -0.5838967976431176, -14.625484084630758], [0.3240232057470593, -0.8351869442006024, -0.44437793691251254, -5.927638431253494], [-0.48575995726697, -0.5499494884002804, 0.6794061748829319, 42.13805826088627], [0.0, 0.0, 0.0, 1.0]]}, {"class": "Cookies", "pose": [[0.23097927793699977, -0.03371468097660829, 0.9723743691992279, 16.810667017781284], [-0.5918071671081181, -0.7981332318899376, 0.11290545404341165, -8.13938417474823], [0.7722776664076559, -0.6015369217884404, -0.20430483116663836, 38.07337154401191], [0.0, 0.0, 0.0, 1.0]]}, {"class": "OrangeJuice", "pose": [[-0.8611487670918949, -0.007919846230853062, 0.5082913508973357, 1.693673290584663], [-0.2956099752922592, -0.805642299810393, -0.5133763217214964, -13.447907142225615], [0.4135668605484386, -0.5923493620618208, 0.6914366286695107, 42.96751406532559], [0.0, 0.0, 0.0, 1.0]]}, {"class": "Mustard", "pose": [[-0.2367563677504176, -0.012980288596877687, -0.971482349228652, 3.1678846286889106], [0.5851084764586291, -0.800155964420187, -0.13190346401601769, -4.851862877799425], [-0.7756251907456367, -0.5996515235563287, 0.1970369004074232, 34.04119557704936], [0.0, 0.0, 0.0, 1.0]]}, {"class": "Parmesan", "pose": [[-0.9142772073739098, 0.026871118302756725, -0.4041969216891351, -28.162439715286613], [0.22963112694341722, -0.7876168202484347, -0.5717773259240023, -8.268850193428214], [-0.3337165501252646, -0.6155791522423287, 0.71392961686843, 43.49986948075958], [0.0, 0.0, 0.0, 1.0]]}, {"class": "CreamCheese", "pose": [[-0.3421017456300458, -0.9389053712329701, -0.037724261848358705, -16.123183196668556], [0.5706729074016197, -0.23949141448167557, 0.7854783991859426, 2.884866643151934], [-0.7465244645633261, 0.24718531548841174, 0.6177382697875611, 35.31662330295985], [0.0, 0.0, 0.0, 1.0]]}, {"class": "AlphabetSoup", "pose": [[-0.5725538452202188, 0.008014443806976895, 0.8198279596593765, -5.228801245977288], [-0.4884251380269452, -0.8064755117074847, -0.33322387969632766, 5.294128824695417], [0.6585005322492524, -0.5912131802424136, 0.4656650629797115, 27.81802668282607], [0.0, 0.0, 0.0, 1.0]]}]}