{"camera": {"camera": "RealSense D415", "extrinsics": [[-0.67428, -0.73683566, -0.049190305, 0.5688485], [-0.45572755, 0.46760076, -0.75740474, -0.08251155], [0.58108425, -0.48828548, -0.65109015, -0.0989103], [0.0, 0.0, 0.0, 1.0]], "height": 480, "intrinsics": [[605.8222, 0.0, 326.28275], [0.0, 605.7743, 245.73769], [0.0, 0.0, 1.0]], "width": 640}, "objects": [{"class": "MacaroniAndCheese", "pose": [[0.45151416774169245, -0.8921584762976414, -0.013718918282257459, 3.725596210145876], [-0.6069647940449543, -0.2958375286047276, -0.7376136825743168, -19.067454336754768], [0.6540096746124124, 0.34136991273908573, -0.6750836108153289, 57.926085204656154], [0.0, 0.0, 0.0, 1.0]]}, {"class": "Pineapple", "pose": [[0.96904345292065, -0.05502088587968022, 0.2406812990007275, 18.070762782715384], [-0.19937017206962324, -0.7493897620263599, 0.6314004817236337, -16.65053875176522], [0.14562386467709248, -0.6598391651025801, -0.7371607149291295, 53.510127656837405], [0.0, 0.0, 0.0, 1.0]]}, {"class": "Milk", "pose": [[0.7951656631314297, -0.00983854831719847, 0.6063124362602184, -17.46527714088821], [-0.41692774354684575, -0.7349075578529017, 0.5348665135652547, -17.64532231345421], [0.4403212403258369, -0.6780959511768464, -0.5884751819041066, 45.419523676774666], [0.0, 0.0, 0.0, 1.0]]}, {"class": "TomatoSauce", "pose": [[-0.7975425830240983, -0.04000304569958895, -0.6019348667572286, -11.792379717292079], [0.3889498808568937, -0.7968141767354864, -0.46239075163392734, -7.236961863899373], [-0.4611331552794031, -0.6028988035141232, 0.6510523782499275, 42.00946456359118], [0.0, 0.0, 0.0, 1.0]]}, {"class": "Cookies", "pose": [[0.20598610227387568, -0.06785850126328132, 0.9761992361687005, 19.519604079462276], [-0.6499165569883083, -0.7552782535979444, 0.08463614981987766, -10.509828442984443], [0.7315587159266833, -0.6518819076582019, -0.19967918524771658, 37.709106269687034], [0.0, 0.0, 0.0, 1.0]]}, {"class": "OrangeJuice", "pose": [[-0.8727389170565326, -0.042401703823067044, 0.48634234587163916, 4.193008487530614], [-0.28507931234374895, -0.7644533824620787, -0.5782221553847048, -15.479640296501579], [0.3963036377431118, -0.6432831107165051, 0.655080315366032, 42.29745937157284], [0.0, 0.0, 0.0, 1.0]]}, {"class": "Mustard", "pose": [[-0.2120440255078958, -0.04722787786386681, -0.9761182602630278, 6.02693293609221], [0.6436998809580654, -0.7582954402952413, -0.10314328743960981, -6.392739418902674], [-0.7353147312552574, -0.6501981167281996, 0.19119259505456254, 33.94225764733182], [0.0, 0.0, 0.0, 1.0]]}, {"class": "Parmesan", "pose": [[-0.9038506602868193, -0.006887105129267108, -0.4277926494249945, -25.415938333564558], [0.2893167479297419, -0.7464485248673656, -0.5992582651516145, -9.086128467584315], [-0.3151980045521851, -0.6654075470297027, 0.6766705015617429, 43.26014488841169], [0.0, 0.0, 0.0, 1.0]]}, {"class": "CreamCheese", "pose": [[-0.31789420426075526, -0.9481175577413823, -0.004046086995512547, -12.917530279410583], [0.631881586371426, -0.21504123804668823, 0.7446361366505851, 2.0550605211215904], [-0.706872615335256, 0.23415885663856054, 0.6674583799372091, 35.77827831284811], [0.0, 0.0, 0.0, 1.0]]}, {"class": "AlphabetSoup", "pose": [[-0.5924825520593987, -0.026516667735415472, 0.8051467512555889, -1.9340661549598348], [-0.5054296165567309, -0.7660327058180063, -0.39715846407484623, 4.482153787430741], [0.6273000249263683, -0.6422544658696608, 0.4404586623049218, 28.416635353768516], [0.0, 0.0, 0.0, 1.0]]}]}