{"camera": {"camera": "RealSense D415", "extrinsics": [[-0.7266376, -0.6834604, -0.069854565, 0.58118695], [-0.39771974, 0.5013813, -0.7683982, -0.08406237], [0.56019354, -0.5305645, -0.6361482, -0.06869112], [0.0, 0.0, 0.0, 1.0]], "height": 480, "intrinsics": [[605.8222, 0.0, 326.28275], [0.0, 605.7743, 245.73769], [0.0, 0.0, 1.0]], "width": 640}, "objects": [{"class": "MacaroniAndCheese", "pose": [[0.38288100733992253, -0.9232369526816252, -0.03218147036887351, 1.5037248944032133], [-0.6182766387790677, -0.23021428315992143, -0.7514887997500578, -14.17109970302451], [0.6863935747885663, 0.3076278349530795, -0.6589605089835392, 58.73249798672735], [0.0, 0.0, 0.0, 1.0]]}, {"class": "Pineapple", "pose": [[0.9470079755430161, -0.0747743858332844, 0.31238544955673564, 16.151580010678256], [-0.2568588285562086, -0.7602449543943127, 0.5967002479396859, -12.777788745876329], [0.192871557930167, -0.645318847086614, -0.7391644772885027, 54.90823529837222], [0.0, 0.0, 0.0, 1.0]]}, {"class": "Milk", "pose": [[0.7469458240905156, -0.02800868251622009, 0.6642946885163509, -18.993522155105126], [-0.4556962535732718, -0.7491086097179478, 0.4808089534381487, -11.712204510187865], [0.4841620289341788, -0.6618548331593834, -0.5723069860753887, 45.26749307858034], [0.0, 0.0, 0.0, 1.0]]}, {"class": "TomatoSauce", "pose": [[-0.7502237510588916, -0.0653094676700039, -0.6579505911490435, -12.519919562146264], [0.42742676472771396, -0.8071250675114677, -0.40725363174509294, -1.7710501004170944], [-0.5044508809102678, -0.586757034037486, 0.633439396079197, 41.88960222760076], [0.0, 0.0, 0.0, 1.0]]}, {"class": "Cookies", "pose": [[0.1319854225154677, -0.08829542913313146, 0.9873113739095678, 18.671909267147356], [-0.6436570615768743, -0.7651111807645675, 0.017621082027860707, -7.128313657151616], [0.7538470888096195, -0.6378156565444926, -0.1578154989497863, 39.058594279149084], [0.0, 0.0, 0.0, 1.0]]}, {"class": "OrangeJuice", "pose": [[-0.9055461556499762, -0.06387677090636051, 0.41941137531034495, 2.87357328228639], [-0.21937461914036469, -0.7756711014538189, -0.5917847186494424, -11.002128636123937], [0.36312657420061406, -0.6278965808384627, 0.6883930211946407, 43.06642079703418], [0.0, 0.0, 0.0, 1.0]]}, {"class": "Mustard", "pose": [[-0.13826428100466298, -0.06799385201618892, -0.9880586057010252, 5.647358629847066], [0.6377476877862719, -0.7693896426875811, -0.036297366693748535, -2.2562583762202166], [-0.7577340384963893, -0.6351507134474417, 0.1497420277008071, 34.60708799598082], [0.0, 0.0, 0.0, 1.0]]}, {"class": "Parmesan", "pose": [[-0.8689152835367407, -0.026356179505259588, -0.494258601798432, -26.275525831108382], [0.33832733321575464, -0.760500961862619, -0.5542318440740359, -2.7208609974682343], [-0.3612766948826748, -0.6488017073500397, 0.6697279082008711, 42.57233077360188], [0.0, 0.0, 0.0, 1.0]]}, {"class": "CreamCheese", "pose": [[-0.2457818527221806, -0.9692051785193622, 0.015250784153382447, -12.774483358643096], [0.6333675025385691, -0.14866635383989169, 0.7594366045593061, 7.419023764407637], [-0.733782590261597, 0.1963150848554272, 0.6504025479931475, 35.41557194635489], [0.0, 0.0, 0.0, 1.0]]}, {"class": "AlphabetSoup", "pose": [[-0.6502793273394794, -0.04818561145050578, 0.7581655009941066, -1.350800944542907], [-0.45137166414959634, -0.7782298214708012, -0.43660279449049444, 8.964045910646387], [0.6110649610564883, -0.6261281886832508, 0.48431712901161644, 28.49939985350361], [0.0, 0.0, 0.0, 1.0]]}]}