{"camera": {"camera": "RealSense D415", "extrinsics": [[-0.74120444, -0.66425276, -0.09687232, 0.5843097], [-0.36777905, 0.52256244, -0.76919895, -0.089111246], [0.5615644, -0.5345061, -0.63162386, -0.065572545], [0.0, 0.0, 0.0, 1.0]], "height": 480, "intrinsics": [[605.8222, 0.0, 326.28275], [0.0, 605.7743, 245.73769], [0.0, 0.0, 1.0]], "width": 640}, "objects": [{"class": "MacaroniAndCheese", "pose": [[0.35945927426531227, -0.9313199060091868, -0.05858551711553859, 1.5681654759994057], [-0.6275633584095889, -0.19480052606038084, -0.7538016889263895, -12.227475878633204], [0.6906180285268646, 0.3077271319166366, -0.6544851036929932, 58.99946251037272], [0.0, 0.0, 0.0, 1.0]]}, {"class": "Pineapple", "pose": [[0.9368684596137459, -0.10148322331089715, 0.3346321036114119, 16.261285218056663], [-0.2897797709391635, -0.7609286358736214, 0.5805301847983072, -11.388125457642404], [0.19571707573794883, -0.6408500343246782, -0.742297824172108, 55.1871550657253], [0.0, 0.0, 0.0, 1.0]]}, {"class": "Milk", "pose": [[0.7294036524208859, -0.054325970691232725, 0.6819230167280813, -18.811000453207416], [-0.47948527610764546, -0.7515915509567412, 0.45299449282128756, -9.110097914364404], [0.48791821223545906, -0.6573878835504163, -0.574262125453227, 45.49164181713516], [0.0, 0.0, 0.0, 1.0]]}, {"class": "TomatoSauce", "pose": [[-0.7336787282246151, -0.09378898905201843, -0.6729926814485513, -11.977996807569946], [0.4512307672969027, -0.8077656639516811, -0.3793486876019845, 0.5697585359688797], [-0.508041650256511, -0.5819950667087307, 0.6349609625255245, 42.0631332782519], [0.0, 0.0, 0.0, 1.0]]}, {"class": "Cookies", "pose": [[0.10773128245978701, -0.11518021649466677, 0.9874854371117636, 19.00283094509887], [-0.6434424723768541, -0.765257093531588, -0.01906214943670378, -5.929424130625587], [0.7578758180078913, -0.6333364812860756, -0.1565539713678369, 39.307411281788326], [0.0, 0.0, 0.0, 1.0]]}, {"class": "OrangeJuice", "pose": [[-0.9133130725162869, -0.09117121275275337, 0.39692195899956445, 3.0700156561832115], [-0.1842727129096596, -0.7766333408007148, -0.6023987228021283, -9.204879577372584], [0.3631842491735758, -0.6233205146005651, 0.6925090159920757, 43.31656734613718], [0.0, 0.0, 0.0, 1.0]]}, {"class": "Mustard", "pose": [[-0.11421532749449913, -0.09504986232074591, -0.9888985704500397, 6.16829093991268], [0.6377407296526492, -0.7702510109460912, 0.0003766678000287958, -0.6163686218015954], [-0.7617359258348206, -0.6306178746351326, 0.14859164001799333, 34.80877004548538], [0.0, 0.0, 0.0, 1.0]]}, {"class": "Parmesan", "pose": [[-0.8556830844974147, -0.0531019666617682, -0.5147685305471211, -25.759748618973187], [0.36735048823963673, -0.7629571259854822, -0.5319304867161434, 0.12234377175639743], [-0.3644997636420224, -0.644264390638366, 0.6723565402822255, 42.73253883471481], [0.0, 0.0, 0.0, 1.0]]}, {"class": "CreamCheese", "pose": [[-0.22184878742140784, -0.9741776954299034, 0.041963475148436326, -11.892322886887507], [0.6373978712221249, -0.11231727227398143, 0.762304915444231, 9.723728672101212], [-0.7379072226785388, 0.19586385086537733, 0.6458562399195587, 35.53375213829792], [0.0, 0.0, 0.0, 1.0]]}, {"class": "AlphabetSoup", "pose": [[-0.6668967846517232, -0.07558498291330068, 0.7413066767399235, -0.4121742339414092], [-0.4238497851948356, -0.7797473031804116, -0.46080961662401, 10.812640147574001], [0.6128621690163989, -0.6215151273628595, 0.4879742905601109, 28.624228821394205], [0.0, 0.0, 0.0, 1.0]]}]}