{"camera": {"camera": "RealSense D415", "extrinsics": [[-0.75426495, -0.64518124, -0.12176027, 0.5877444], [-0.33941764, 0.54190445, -0.7688532, -0.09515633], [0.5620321, -0.5385914, -0.6277254, -0.061234154], [0.0, 0.0, 0.0, 1.0]], "height": 480, "intrinsics": [[605.8222, 0.0, 326.28275], [0.0, 605.7743, 245.73769], [0.0, 0.0, 1.0]], "width": 640}, "objects": [{"class": "MacaroniAndCheese", "pose": [[0.3367203508221505, -0.937945464569421, -0.0829320411345729, 1.7134198717151938], [-0.635671742564527, -0.161458641830363, -0.754885816459151, -10.550169427415252], [0.6946515571396468, 0.3069029687019906, -0.6505918000759606, 59.336720743347456], [0.0, 0.0, 0.0, 1.0]]}, {"class": "Pineapple", "pose": [[0.9261467382707114, -0.1260713564305241, 0.35546904912970473, 16.433422927911124], [-0.3203207463994553, -0.7604809796433615, 0.5648569307662747, -10.229927537203887], [0.19911512549973143, -0.6370044768962185, -0.7447001890506753, 55.549251347955654], [0.0, 0.0, 0.0, 1.0]]}, {"class": "Milk", "pose": [[0.7118396825299316, -0.07859474970499182, 0.6979306156813737, -18.523843316218922], [-0.5013116610136393, -0.752836980398672, 0.4265245042009683, -6.8162482993001605], [0.4919053236619196, -0.653497785384961, -0.5752996657488367, 45.77203673241844], [0.0, 0.0, 0.0, 1.0]]}, {"class": "TomatoSauce", "pose": [[-0.7170341039081837, -0.12007638504423618, -0.6866176288140154, -11.360306197046121], [0.4731106782208459, -0.8072352177715633, -0.3528989126515324, 2.607833262204147], [-0.5118870373339687, -0.5778866551254341, 0.6356245615126108, 42.30581994560649], [0.0, 0.0, 0.0, 1.0]]}, {"class": "Cookies", "pose": [[0.08447743117826696, -0.13992082753377788, 0.9865524508381035, 19.387225316023144], [-0.6426459740142613, -0.7643021689776265, -0.0533704017905309, -4.952663182175207], [0.761491733879443, -0.6294953282915297, -0.15448585454056207, 39.646255844651925], [0.0, 0.0, 0.0, 1.0]]}, {"class": "OrangeJuice", "pose": [[-0.9196922713367836, -0.11632959087115512, 0.3750114197488163, 3.3452696748609956], [-0.15124971754578234, -0.7764319064373946, -0.6117818817325669, -7.664487998174618], [0.3623391595974639, -0.6193714033799023, 0.6964835292080667, 43.64102931181333], [0.0, 0.0, 0.0, 1.0]]}, {"class": "Mustard", "pose": [[-0.09114412002654788, -0.1199763615469944, -0.9885840554375823, 6.748406823510122], [0.6371466916896079, -0.7699610258295575, 0.03470108327429302, 0.7682344319158276], [-0.7653344279018439, -0.6267102235734653, 0.1466199764607948, 35.09396598640965], [0.0, 0.0, 0.0, 1.0]]}, {"class": "Parmesan", "pose": [[-0.842072305343735, -0.07778062678415466, -0.5337269145181235, -25.150491813741528], [0.39418696412127063, -0.7641668829693912, -0.5105542728228082, 2.631520660442857], [-0.3681451428895805, -0.6403117684107215, 0.6741438283943967, 42.950171662366735], [0.0, 0.0, 0.0, 1.0]]}, {"class": "CreamCheese", "pose": [[-0.19877020950747246, -0.9777789715639119, 0.06662356332904734, -10.952433693872898], [0.6405811000998654, -0.07817168264907544, 0.76390123408369, 11.718442126451372], [-0.7417184107691082, 0.1945186120063133, 0.6418848939412698, 35.72814773021706], [0.0, 0.0, 0.0, 1.0]]}, {"class": "AlphabetSoup", "pose": [[-0.6819944622399183, -0.1008612211937002, 0.7243690911022401, 0.5705159032956097], [-0.397699126002704, -0.7800627601964938, -0.48305025467257423, 12.380395728799828], [0.613774352429738, -0.6175185174123782, 0.4918859962562297, 28.835796523339198], [0.0, 0.0, 0.0, 1.0]]}]}