{"camera": {"camera": "RealSense D415", "extrinsics": [[-0.77554756, -0.6185359, -0.12625104, 0.587735], [-0.31398955, 0.5514453, -0.7728639, -0.10028813], [0.5476646, -0.5597512, -0.6218859, -0.041689686], [0.0, 0.0, 0.0, 1.0]], "height": 480, "intrinsics": [[605.8222, 0.0, 326.28275], [0.0, 605.7743, 245.73769], [0.0, 0.0, 1.0]], "width": 640}, "objects": [{"class": "MacaroniAndCheese", "pose": [[0.30423605521993274, -0.948655985734767, -0.08655776830370783, 0.18236412412532266], [-0.6356917189935131, -0.13451121528374307, -0.7601333957431371, -8.88123260090015], [0.7094620530907539, 0.2862840083463231, -0.6439759368416661, 59.92331945937157], [0.0, 0.0, 0.0, 1.0]]}, {"class": "Pineapple", "pose": [[0.9128758978446908, -0.13013130441552534, 0.38694113578846917, 14.99068352235977], [-0.34088800909918593, -0.7644960089713664, 0.5471208508887921, -8.971056922586678], [0.22461739484430707, -0.6313570538617393, -0.742250120858238, 56.48361430355659], [0.0, 0.0, 0.0, 1.0]]}, {"class": "Milk", "pose": [[0.6872712444866035, -0.08210331298156281, 0.7217459984781301, -19.63046600107714], [-0.5130689002334035, -0.7582270134435011, 0.4023084732588465, -4.804193772914182], [0.5142164222776989, -0.6468004915099304, -0.5632322262478617, 45.840735029373924], [0.0, 0.0, 0.0, 1.0]]}, {"class": "TomatoSauce", "pose": [[-0.6927014392926848, -0.12670302714720286, -0.7100077906146408, -12.153040874078302], [0.48477441551277456, -0.8106916535450167, -0.3282877044525477, 4.397893349351007], [-0.5340023127169845, -0.571599003940245, 0.622989609984884, 42.44162784282829], [0.0, 0.0, 0.0, 1.0]]}, {"class": "Cookies", "pose": [[0.050396878432593085, -0.14424497068378445, 0.9882578342196889, 18.448897476895382], [-0.6356158536343975, -0.7678840090811779, -0.07966582180623183, -3.9547681516835644], [0.7703587231216382, -0.6241374613087887, -0.13038332923769624, 40.597855454716495], [0.0, 0.0, 0.0, 1.0]]}, {"class": "OrangeJuice", "pose": [[-0.9314595759584542, -0.12121018218708517, 0.3430614433441572, 2.2544710054873573], [-0.12411270841662123, -0.7804771904611272, -0.6127408903749003, -6.220359885296081], [0.34202203149357335, -0.613321678561422, 0.7119391785969472, 44.23985831966812], [0.0, 0.0, 0.0, 1.0]]}, {"class": "Mustard", "pose": [[-0.0571074634256535, -0.12451986063931451, -0.9905723324156394, 6.0681888109779365], [0.6302394436121903, -0.7740037851308228, 0.06096222007592355, 2.0248799231399217], [-0.7742976834076902, -0.620816381103602, 0.12267870175624758, 35.6832229647378], [0.0, 0.0, 0.0, 1.0]]}, {"class": "Parmesan", "pose": [[-0.8230248947915578, -0.08188401526191426, -0.5620720900541473, -25.949612045664207], [0.41066476412203906, -0.7694189882796758, -0.48923295058826405, 4.77173295654128], [-0.3924085603610506, -0.6334741217457288, 0.6668778031060348, 42.75759526375234], [0.0, 0.0, 0.0, 1.0]]}, {"class": "CreamCheese", "pose": [[-0.16513845188448498, -0.9837338209654379, 0.0706899216143396, -11.362058169018418], [0.636622324605323, -0.05157748205468881, 0.7694490152810922, 13.418170290301903], [-0.7532869555168266, 0.17206837507436903, 0.6347843589669987, 35.77497434270089], [0.0, 0.0, 0.0, 1.0]]}, {"class": "AlphabetSoup", "pose": [[-0.705999208286566, -0.10588568489676017, 0.7002523426969682, 0.33262582019465414], [-0.3734409051693064, -0.7844693906391381, -0.49512591676725803, 13.713130070557913], [0.6017532225522134, -0.6110613977082019, 0.5142926917822297, 29.15165086845687], [0.0, 0.0, 0.0, 1.0]]}]}