{"camera": {"camera": "RealSense D415", "extrinsics": [[-0.61198354, 0.73424006, 0.2938838, 0.5087015], [0.7908705, 0.5682002, 0.2273157, -0.30798867], [-8.0517915e-05, 0.37153748, -0.928418, 0.083564036], [0.0, 0.0, 0.0, 1.0]], "height": 480, "intrinsics": [[603.75165, 0.0, 326.28275], [0.0, 603.20245, 245.73769], [0.0, 0.0, 1.0]], "width": 640}, "objects": [{"class": "ChocolatePudding", "pose": [[0.12235641708004623, 0.21582980723791315, 0.9687344305595745, 18.56502249178415], [-0.9757589665633983, 0.2046060063364625, 0.07765838519656423, 3.0424640876068496], [-0.18144791315796116, -0.9547533474747056, 0.23563271382717305, 48.027240011552074], [0.0, 0.0, 0.0, 1.0]]}, {"class": "MacaroniAndCheese", "pose": [[0.33352247059614115, 0.6658458124341521, -0.667392022064959, 9.093991472904033], [0.21431582334000626, -0.742941798639605, -0.6341184551402126, 5.917200020330027], [-0.9180585874310623, 0.06846005831891418, -0.3904890856197483, 41.400550067039724], [0.0, 0.0, 0.0, 1.0]]}, {"class": "Milk", "pose": [[0.898237100332047, 0.33506021638984196, 0.28443761780832244, -6.801296640365151], [0.2895288229796001, -0.9379961536225361, 0.19062077510738767, 6.058353221563034], [0.3306708244387169, -0.08886978916125562, -0.9395525754147807, 38.832460318665646], [0.0, 0.0, 0.0, 1.0]]}, {"class": "Ketchup", "pose": [[-0.05898180663264205, 0.2565386676548177, 0.964732633390643, 4.485165714499245], [-0.97271905655771, 0.2024363263971429, -0.11330125424492579, 19.306367304077938], [-0.22436310462661316, -0.9450965691849359, 0.23759997417143025, 41.747981342032794], [0.0, 0.0, 0.0, 1.0]]}, {"class": "OrangeJuice", "pose": [[0.1371754108115906, -0.9398546611219354, -0.31281962547232767, 11.08404443432835], [0.9460371951699705, 0.21790966510715082, -0.239852051600544, -8.042562910777507], [0.29359251039296064, -0.26303718105954654, 0.9190293546729071, 41.90620511607913], [0.0, 0.0, 0.0, 1.0]]}]}