{"camera": {"camera": "RealSense D415", "extrinsics": [[-0.8495721, -0.51607585, -0.10905483, 0.56215376], [-0.26049238, 0.5902749, -0.76401526, -0.13194464], [0.45866212, -0.62067807, -0.6359149, 0.04405274], [0.0, 0.0, 0.0, 1.0]], "height": 480, "intrinsics": [[605.8222, 0.0, 326.28275], [0.0, 605.7743, 245.73769], [0.0, 0.0, 1.0]], "width": 640}, "objects": [{"class": "MacaroniAndCheese", "pose": [[0.18247825403486698, -0.9809624980110356, -0.06643985409541646, -8.782339078934287], [-0.6530854513612464, -0.07041861578514491, -0.7540031242008395, -8.013767199524835], [0.7349701067339787, 0.18098003050079037, -0.653502175325109, 61.768300497135606], [0.0, 0.0, 0.0, 1.0]]}, {"class": "Pineapple", "pose": [[0.8584043261657287, -0.11131900168961231, 0.5007495208132254, 6.27302694043671], [-0.40048668546388505, -0.75542697666503, 0.5185948295406823, -9.097073310142687], [0.32055022139901906, -0.6457075364928783, -0.693043472853335, 59.95491596531036], [0.0, 0.0, 0.0, 1.0]]}, {"class": "Milk", "pose": [[0.5917466474039929, -0.06158824770178906, 0.8037678663289807, -26.63384031115236], [-0.5566571238520565, -0.7524035770386627, 0.35216729441790345, -2.6548011695145175], [0.5830683998271229, -0.6558168976098144, -0.47951575607038066, 45.64083794215798], [0.0, 0.0, 0.0, 1.0]]}, {"class": "TomatoSauce", "pose": [[-0.5968644447966696, -0.11747742954347534, -0.7936950787281633, -18.236645553157903], [0.5287465735205311, -0.8016251447191118, -0.27897004835251576, 6.021638444241634], [-0.6034731962114276, -0.586170838524086, 0.5405772580358941, 43.12076892159462], [0.0, 0.0, 0.0, 1.0]]}, {"class": "Cookies", "pose": [[-0.07590304359002226, -0.1263269271665662, 0.9890804948831556, 11.761437826460286], [-0.6359724170136642, -0.7578522518390186, -0.1455992744273504, -4.355077951360105], [0.7679699008495919, -0.6400793174531195, -0.022817123944269976, 44.564316407884434], [0.0, 0.0, 0.0, 1.0]]}, {"class": "OrangeJuice", "pose": [[-0.96926740664925, -0.10549088137848978, 0.22224391614915176, -4.8472499512959955], [-0.06107407059378496, -0.7719298135839697, -0.6327672718581202, -5.529184344341245], [0.23830783260453867, -0.626894010660603, 0.7417635733200056, 46.41620811463307], [0.0, 0.0, 0.0, 1.0]]}, {"class": "Mustard", "pose": [[0.06931749744629676, -0.1075296220204327, -0.9917824634705991, 0.4125016105157031], [0.631046934342816, -0.765265744606509, 0.12707559294303528, 2.4259993281528], [-0.772641447455658, -0.6346698218041297, 0.014809907224976054, 38.36670475760507], [0.0, 0.0, 0.0, 1.0]]}, {"class": "Parmesan", "pose": [[-0.7464275768909403, -0.06356155108836918, -0.662424177994617, -31.93042496262215], [0.4637762296688047, -0.7635578097769501, -0.44932302351010156, 7.314484003275043], [-0.47723945126315687, -0.6426036580359228, 0.5994188579150337, 41.940124149225646], [0.0, 0.0, 0.0, 1.0]]}, {"class": "CreamCheese", "pose": [[-0.039691797047708754, -0.9978413454484644, 0.05231826136834126, -16.128757042216858], [0.6446564016497089, 0.01443234212637302, 0.7643362681740552, 14.95541784483046], [-0.7634413202116166, 0.06406514914374437, 0.642691939926125, 36.62617745773179], [0.0, 0.0, 0.0, 1.0]]}, {"class": "AlphabetSoup", "pose": [[-0.7904137190565533, -0.09080180831572084, 0.605806218394684, -3.7904223118922387], [-0.3243336623477926, -0.7769294606068755, -0.5396187434129973, 14.456923091116657], [0.5196669792167999, -0.6230053848530028, 0.5846455708744573, 31.31222922877696], [0.0, 0.0, 0.0, 1.0]]}]}