{"camera": {"camera": "RealSense D415", "extrinsics": [[-0.8683816, -0.48408827, -0.10757277, 0.5587677], [-0.25212494, 0.6177882, -0.74482936, -0.14915551], [0.42702034, -0.6196743, -0.65852666, 0.06531681], [0.0, 0.0, 0.0, 1.0]], "height": 480, "intrinsics": [[605.8222, 0.0, 326.28275], [0.0, 605.7743, 245.73769], [0.0, 0.0, 1.0]], "width": 640}, "objects": [{"class": "MacaroniAndCheese", "pose": [[0.14593524975046157, -0.9872060078575519, -0.06424293641237434, -10.646614795406217], [-0.6756625837563609, -0.05202607872269184, -0.7353729833208864, -9.676299649220551], [0.72262224391771, 0.15072337126380675, -0.6746106181831224, 62.11269357615181], [0.0, 0.0, 0.0, 1.0]]}, {"class": "Pineapple", "pose": [[0.8393100210391786, -0.10935273007778577, 0.532541663117927, 4.427189537297849], [-0.42848873049093694, -0.7359441055952879, 0.5241981932777517, -11.065122190845601], [0.3345983575998829, -0.6681529158604163, -0.6645416076769711, 60.706439779794884], [0.0, 0.0, 0.0, 1.0]]}, {"class": "Milk", "pose": [[0.5615749026975568, -0.05929034021328623, 0.8252988780837405, -27.889901790155726], [-0.5850044321437557, -0.7338290338387584, 0.34534740193213825, -3.4925332744489475], [0.5851524531980001, -0.676741952350794, -0.44678503182179913, 45.62270513948157], [0.0, 0.0, 0.0, 1.0]]}, {"class": "TomatoSauce", "pose": [[-0.5667209296820248, -0.11830503528355676, -0.8153718540859475, -19.227836583899194], [0.5577494080319828, -0.7834851542294512, -0.2739829839531406, 5.046336919686237], [-0.6064181169210788, -0.6100450841464131, 0.5100019519510646, 43.57318091100816], [0.0, 0.0, 0.0, 1.0]]}, {"class": "Cookies", "pose": [[-0.11285124756865837, -0.12457083841251095, 0.9857721116404434, 10.472064174989509], [-0.6533531550850866, -0.7381599259927496, -0.16807630098435122, -6.06285749675404], [0.7485947979806845, -0.6630249581385292, 0.0019135142714669534, 45.60953392987823], [0.0, 0.0, 0.0, 1.0]]}, {"class": "OrangeJuice", "pose": [[-0.9769941318936148, -0.10445596248787008, 0.18593378416746364, -6.206251606329094], [-0.04441918334765133, -0.7530520690449776, -0.6564598860643716, -6.894730378177806], [0.2085889509351695, -0.6496165033322824, 0.7310875298904452, 46.95054113419151], [0.0, 0.0, 0.0, 1.0]]}, {"class": "Mustard", "pose": [[0.10629614025914727, -0.1061135706616329, -0.9886561559187831, -0.5331054078506536], [0.6487035601639751, -0.7461464616248381, 0.14983061566035002, 1.1373980767740155], [-0.753581277521098, -0.6572712034550653, -0.010476234705670353, 39.266482397340496], [0.0, 0.0, 0.0, 1.0]]}, {"class": "Parmesan", "pose": [[-0.7213666848776832, -0.06190369552072018, -0.6897811191806551, -32.84815214535064], [0.4931063212729361, -0.7452665664046388, -0.448802813576244, 6.688879689236257], [-0.4862882048764061, -0.6638868464839708, 0.5681355164737183, 42.032396719937736], [0.0, 0.0, 0.0, 1.0]]}, {"class": "CreamCheese", "pose": [[-0.0026004418697309914, -0.9987113725190749, 0.05068319299142633, -16.7279669617594], [0.6646216650821547, 0.03614341698031589, 0.7463054068317156, 14.09067349794611], [-0.7471754843806248, 0.03562586562459522, 0.6636712450108752, 37.37754136474326], [0.0, 0.0, 0.0, 1.0]]}, {"class": "AlphabetSoup", "pose": [[-0.8125049353987702, -0.09000467325741912, 0.5759642720630542, -4.253075491135617], [-0.31886432343952387, -0.7584913782622298, -0.5683453500233455, 13.438944605884402], [0.4880176237489165, -0.6454378802535179, 0.5875786499350657, 32.41031106856793], [0.0, 0.0, 0.0, 1.0]]}]}