{"camera": {"camera": "RealSense D415", "extrinsics": [[-0.8797352, -0.4619146, -0.112698615, 0.56132567], [-0.2414907, 0.6382685, -0.7309553, -0.16968721], [0.40957087, -0.6158314, -0.6730553, 0.07696912], [0.0, 0.0, 0.0, 1.0]], "height": 480, "intrinsics": [[605.8222, 0.0, 326.28275], [0.0, 605.7743, 245.73769], [0.0, 0.0, 1.0]], "width": 640}, "objects": [{"class": "MacaroniAndCheese", "pose": [[0.12112533466766172, -0.9902400111987958, -0.06894539252634772, -11.10809947436061], [-0.6909215912830055, -0.03423546424248686, -0.7221187005106342, -11.319040216069274], [0.7127103628246879, 0.13510269340442785, -0.6883249285820832, 62.36714222753976], [0.0, 0.0, 0.0, 1.0]]}, {"class": "Pineapple", "pose": [[0.8252161373211717, -0.11415048074563168, 0.553161900421769, 3.953921377060554], [-0.4514419237024479, -0.7218701211114906, 0.5245034296460048, -12.994193382342917], [0.3394387001324952, -0.6825491104682665, -0.6472310924250315, 61.160752203874836], [0.0, 0.0, 0.0, 1.0]]}, {"class": "Milk", "pose": [[0.5405694652772287, -0.0639305092260483, 0.8388668767021055, -27.96892660777518], [-0.6064992796013212, -0.72064069546711, 0.3359103181205725, -4.496536564524849], [0.5830466267013054, -0.6903549593199395, -0.42833009185084386, 45.734172900625545], [0.0, 0.0, 0.0, 1.0]]}, {"class": "TomatoSauce", "pose": [[-0.545945741326131, -0.1249527361559819, -0.8284504540906175, -19.10446861241398], [0.5797279648657567, -0.770213631898326, -0.26586947536470407, 3.8958711413159013], [-0.604862647967386, -0.6254261548358533, 0.4929333710467163, 43.96411093905206], [0.0, 0.0, 0.0, 1.0]]}, {"class": "Cookies", "pose": [[-0.1375179628891832, -0.12948683699563227, 0.9819990135207016, 10.328454468749616], [-0.6637275284681508, -0.7238596609634323, -0.18839609635969093, -7.857543169334025], [0.7352241905930983, -0.6776875702812016, 0.013599742771214883, 46.24566226265608], [0.0, 0.0, 0.0, 1.0]]}, {"class": "OrangeJuice", "pose": [[-0.9807567348337985, -0.10988593792270114, 0.16137348404539842, -6.3818220325101755], [-0.027842407195978205, -0.739393389124403, -0.6726978121123692, -8.368033351071746], [0.1932384751474592, -0.6642458820649315, 0.7221054675273032, 47.32391444274875], [0.0, 0.0, 0.0, 1.0]]}, {"class": "Mustard", "pose": [[0.1309460810843062, -0.111285828234748, -0.985123688635455, -0.4299243559955923], [0.659301123871631, -0.7323237464845798, 0.17036457476981232, -0.3230869772553102], [-0.7403885358691948, -0.6718016736225534, -0.022524067611451475, 39.86749424347367], [0.0, 0.0, 0.0, 1.0]]}, {"class": "Parmesan", "pose": [[-0.7036864113910999, -0.06697167227305344, -0.7073473850693321, -32.663466329372696], [0.5162237748598323, -0.7322423591065336, -0.4442232228729928, 5.8455946609534575], [-0.4881992964802734, -0.6777433263721705, 0.5498412833032, 42.25030063445775], [0.0, 0.0, 0.0, 1.0]]}, {"class": "CreamCheese", "pose": [[0.022311654455897126, -0.9981938484785476, 0.05577924849783182, -16.32683716050064], [0.6773504945754267, 0.05612919317188785, 0.7335161559995822, 12.992429780553941], [-0.7353220639846377, 0.021416120491202516, 0.6773793754985735, 37.966384772726336], [0.0, 0.0, 0.0, 1.0]]}, {"class": "AlphabetSoup", "pose": [[-0.8261646496718463, -0.09561373956617478, 0.5552567676910598, -3.793693809534393], [-0.3104136909550998, -0.7452012543002344, -0.5901851921194692, 12.169304969937114], [0.4702077779190854, -0.6599493915422763, 0.5859790546920035, 33.17432361245152], [0.0, 0.0, 0.0, 1.0]]}]}