{"camera": {"camera": "RealSense D415", "extrinsics": [[-0.8804069, -0.45623377, -0.12936142, 0.5690991], [-0.23397383, 0.6551815, -0.7183268, -0.18348232], [0.41248018, -0.6021527, -0.6835731, 0.07152725], [0.0, 0.0, 0.0, 1.0]], "height": 480, "intrinsics": [[605.8222, 0.0, 326.28275], [0.0, 605.7743, 245.73769], [0.0, 0.0, 1.0]], "width": 640}, "objects": [{"class": "MacaroniAndCheese", "pose": [[0.11537757925730735, -0.989627569649443, -0.08558751733186955, -9.823277403080667], [-0.7039546239281609, -0.020672678674400514, -0.7099440210074422, -12.500098295506302], [0.7008108340456832, 0.14216134624150625, -0.699038083198755, 62.420620977106964], [0.0, 0.0, 0.0, 1.0]]}, {"class": "Pineapple", "pose": [[0.8204053600225935, -0.13073863706512107, 0.5566348799285995, 5.20067893385856], [-0.4697824875075237, -0.7090705433594887, 0.5258548888512421, -14.394435179593156], [0.32594383613378775, -0.6929115040661468, -0.6431439795740721, 61.07222458177317], [0.0, 0.0, 0.0, 1.0]]}, {"class": "Milk", "pose": [[0.5351397435316566, -0.08056491844199633, 0.8409130064030876, -26.696319156219552], [-0.6241476150905966, -0.7085137164287055, 0.3293145204310506, -5.148681320418206], [0.5692671870918957, -0.7010831513438014, -0.4294382375214369, 46.02712380816891], [0.0, 0.0, 0.0, 1.0]]}, {"class": "TomatoSauce", "pose": [[-0.5411050084224838, -0.14188608065672886, -0.8288990562816123, -17.712400459363266], [0.5978137182238545, -0.7581353470413883, -0.26047944070008994, 3.1291630740447802], [-0.5914592525892884, -0.6364739743628894, 0.49505226767324334, 44.32103968918822], [0.0, 0.0, 0.0, 1.0]]}, {"class": "Cookies", "pose": [[-0.14262379342627346, -0.1460682039369145, 0.9789394612926353, 11.54525379337406], [-0.673024840341383, -0.7108935164912055, -0.20412730746240687, -9.123897587757442], [0.7257382060940152, -0.6879640018249675, 0.003082799313777939, 46.1911112507014], [0.0, 0.0, 0.0, 1.0]]}, {"class": "OrangeJuice", "pose": [[-0.9796110678925609, -0.12661836311568453, 0.15598038759046948, -5.162555873521257], [-0.015352191726236537, -0.7269468576635987, -0.6865220764839607, -9.386503737845858], [0.2003157493097484, -0.6749192818976003, 0.7101812999118569, 47.38971868143629], [0.0, 0.0, 0.0, 1.0]]}, {"class": "Mustard", "pose": [[0.13594382155769547, -0.12796137497042842, -0.982417986105985, 0.8613917744682564], [0.668785486548609, -0.7197371464438878, 0.18629116503038645, -1.3198216649392136], [-0.7309207725227803, -0.6823520401415115, -0.01226510711784348, 40.01509118306811], [0.0, 0.0, 0.0, 1.0]]}, {"class": "Parmesan", "pose": [[-0.69896706935173, -0.08369701434783654, -0.710239242283671, -31.25091324013276], [0.5349778710459601, -0.7202639940408634, -0.4416089237516189, 5.320426693309627], [-0.47459839327446146, -0.6886323892347431, 0.5482168483742005, 42.74243619266767], [0.0, 0.0, 0.0, 1.0]]}, {"class": "CreamCheese", "pose": [[0.027652173891874493, -0.9969832335869413, 0.07252395986259907, -14.834579383985924], [0.6884717749276007, 0.07159574741567923, 0.7217206171626649, 12.274399828074708], [-0.7247357426905185, 0.029973553029089876, 0.68837461067999, 38.445828084193664], [0.0, 0.0, 0.0, 1.0]]}, {"class": "AlphabetSoup", "pose": [[-0.8274939942287178, -0.1124091478515059, 0.5501070882321668, -2.3521854055308933], [-0.30468880332155224, -0.7330474980423709, -0.6081168340885895, 11.328740739341894], [0.4716125076623707, -0.6708245151197006, 0.5723425790328917, 33.54515359796188], [0.0, 0.0, 0.0, 1.0]]}]}