{"camera": {"camera": "RealSense D415", "extrinsics": [[-0.8035635, -0.5735321, 0.15920655, 0.45661104], [-0.556702, 0.6295254, -0.54201525, 0.038032595], [0.21063857, -0.5241743, -0.82515013, 0.02257648], [0.0, 0.0, 0.0, 1.0]], "height": 480, "intrinsics": [[607.12415, 0.0, 326.28275], [0.0, 609.41095, 245.73769], [0.0, 0.0, 1.0]], "width": 640}, "objects": [{"class": "Tuna", "pose": [[0.19155181687739312, 0.1816932306232543, -0.9645183308213809, -3.24351397125226], [0.8391991431197678, -0.539931329319188, 0.06495287877839795, 7.507538642817418], [-0.5089721647474519, -0.8218647937536376, -0.25590166477468984, 38.947615734962184], [0.0, 0.0, 0.0, 1.0]]}, {"class": "Cherries", "pose": [[0.9748123136932997, 0.17787867012526462, -0.13453724718527613, 2.0480363502600407], [0.21123982140879694, -0.5428717037618551, 0.8128148434673298, 0.1282988960327927], [0.07154599160612832, -0.8207615374114147, -0.5667730899795979, 43.33147834757724], [0.0, 0.0, 0.0, 1.0]]}, {"class": "Mayo", "pose": [[0.9484414569477007, 0.20625925719328336, -0.24065755890643648, -6.836136940603193], [0.3130397843770115, -0.4906477467041237, 0.8131855881078429, -5.3128593816398135], [0.04964899778214606, -0.8465943088096715, -0.5299180304954494, 39.301035334905556], [0.0, 0.0, 0.0, 1.0]]}, {"class": "Ketchup", "pose": [[0.9587716817463039, 0.19286593296814558, 0.2087096865876102, -18.031521639903676], [-0.0674393694465228, -0.5590327483776832, 0.8263983520947314, -8.003374880341601], [0.27605967298456646, -0.8064025820401891, -0.522978009446328, 38.41081061246507], [0.0, 0.0, 0.0, 1.0]]}, {"class": "Butter", "pose": [[0.9558198411073259, -0.18760708933160178, 0.2263010173903291, -13.311859010246247], [0.2931014206097828, 0.5496874035915998, -0.7822628932936747, 2.1600664165769903], [0.022363277464379362, 0.8140315388486568, 0.5803900441208588, 38.49029266147897], [0.0, 0.0, 0.0, 1.0]]}]}