{"camera": {"camera": "RealSense D415", "extrinsics": [[-0.8152962, -0.557333, 0.15707342, 0.44944185], [-0.5384173, 0.62985235, -0.559815, 0.03337415], [0.2130703, -0.54098606, -0.8135939, 0.010974566], [0.0, 0.0, 0.0, 1.0]], "height": 480, "intrinsics": [[607.12415, 0.0, 326.28275], [0.0, 609.41095, 245.73769], [0.0, 0.0, 1.0]], "width": 640}, "objects": [{"class": "Tuna", "pose": [[0.21120634333267882, 0.17956258984473997, -0.9608065507097393, -4.221918629817761], [0.8261841531495518, -0.5580697493188186, 0.07731718291404076, 8.580702521718644], [-0.5223137577599749, -0.8101329364623622, -0.26621963322348696, 37.24630110827812], [0.0, 0.0, 0.0, 1.0]]}, {"class": "Cherries", "pose": [[0.9777348169924384, 0.1756860584096042, -0.11475673201916775, 0.8962373227860365], [0.19521708486853748, -0.5609213301967294, 0.8045232115357124, 1.1906501005190622], [0.07697402263508607, -0.809012740371141, -0.5827291953872518, 41.81396369248337], [0.0, 0.0, 0.0, 1.0]]}, {"class": "Mayo", "pose": [[0.9533915488793726, 0.20523267968233838, -0.22118809357254013, -8.046366869650774], [0.297048851172281, -0.5096916017600001, 0.8074506163887217, -4.165389425269404], [0.05297754952036879, -0.8355201713368484, -0.546899764066673, 37.79875801955851], [0.0, 0.0, 0.0, 1.0]]}, {"class": "Ketchup", "pose": [[0.9548310909505653, 0.19024910320845584, 0.22826067884107692, -19.27941545870408], [-0.07933081314684809, -0.5770788628452951, 0.8128263375018149, -6.673062161320317], [0.2863638886828237, -0.7942198753538411, -0.5359201827245388, 36.851022791888596], [0.0, 0.0, 0.0, 1.0]]}, {"class": "Butter", "pose": [[0.9606629243759748, -0.18522867471950644, 0.20692306496259108, -14.3796604649378], [0.2764851042238707, 0.5677835292935971, -0.7753566262044813, 3.4049247416758215], [0.026130784727729173, 0.8020674201691755, 0.5966615162659638, 36.79047324309831], [0.0, 0.0, 0.0, 1.0]]}]}