{"camera": {"camera": "RealSense D415", "extrinsics": [[-0.77013886, -0.62633514, 0.12079105, 0.4709095], [-0.56250364, 0.57755494, -0.59162486, 0.06293509], [0.30079195, -0.5235787, -0.79711324, -0.030501608], [0.0, 0.0, 0.0, 1.0]], "height": 480, "intrinsics": [[607.12415, 0.0, 326.28275], [0.0, 609.41095, 245.73769], [0.0, 0.0, 1.0]], "width": 640}, "objects": [{"class": "Tuna", "pose": [[0.13119446609312585, 0.14337077371237364, -0.9809347224581749, 0.639822650055033], [0.8080305441592833, -0.5887289003753124, 0.022022506607153547, 11.145316643472574], [-0.574347207666686, -0.7955143551870809, -0.1930859624215598, 36.576718450511954], [0.0, 0.0, 0.0, 1.0]]}, {"class": "Cherries", "pose": [[0.9703873149898254, 0.13973098158103817, -0.19703758044007505, 6.437251904984387], [0.2413827072636696, -0.5916891228758108, 0.7691803687908645, 4.219366925752624], [-0.009106632278212031, -0.793964244219604, -0.6078962422131257, 41.05923791229902], [0.0, 0.0, 0.0, 1.0]]}, {"class": "Mayo", "pose": [[0.9394745666833902, 0.16469913772434017, -0.300436064746487, -2.521887154751906], [0.34075141789428015, -0.540576375275657, 0.7691981038234578, -1.71357160198585], [-0.03572234368328948, -0.8250159750735611, -0.5639792089986025, 38.00747238945833], [0.0, 0.0, 0.0, 1.0]]}, {"class": "Ketchup", "pose": [[0.9766195184411214, 0.1561330225166995, 0.1477731095026185, -13.662798222232542], [-0.023305551978626722, -0.6064485626647196, 0.7947811405145448, -4.754170014753005], [0.21370839401524164, -0.7796426154942573, -0.5886307056042823, 38.06101593432867], [0.0, 0.0, 0.0, 1.0]]}, {"class": "Butter", "pose": [[0.9456394815319303, -0.15009168068187867, 0.28851092660513117, -9.265892662436315], [0.31923398436968836, 0.5977780213415999, -0.735357851425487, 5.513594615281776], [-0.062094361039977244, 0.7874858167409428, 0.6131968459690434, 37.156961579444776], [0.0, 0.0, 0.0, 1.0]]}]}