{"camera": {"camera": "RealSense D415", "extrinsics": [[-0.9243248, -0.3494014, 0.1534349, 0.5123677], [-0.37133512, 0.7308782, -0.5726494, 0.008268579], [0.087942295, -0.5862898, -0.8053138, 0.16950516], [0.0, 0.0, 0.0, 1.0]], "height": 480, "intrinsics": [[603.75165, 0.0, 326.28275], [0.0, 603.20245, 245.73769], [0.0, 0.0, 1.0]], "width": 640}, "objects": [{"class": "ChocolatePudding", "pose": [[0.9657149990062622, 0.1532727306906116, 0.20952780920128933, -1.281370301296858], [-0.06451282569390475, -0.640097257031185, 0.7655805911997361, 13.161177368748472], [0.25146079517904724, -0.7528498422087001, -0.6082634868865195, 46.14540006413792], [0.0, 0.0, 0.0, 1.0]]}, {"class": "MacaroniAndCheese", "pose": [[0.17628655308900243, 0.8819109014840453, 0.43721402670924353, -5.404400452412617], [-0.5406082571566968, 0.4579298484412835, -0.705721624268478, 2.1728222757772273], [-0.8225969012099704, -0.1119523039884697, 0.5574952068462278, 48.178682032592214], [0.0, 0.0, 0.0, 1.0]]}, {"class": "Milk", "pose": [[-0.030867151315988824, 0.9820742640623737, 0.18594959248058904, -10.462085043153424], [0.7981158696771591, 0.13621196291037793, -0.5869049365009388, -9.358382682384175], [-0.6017128149073447, 0.13029322218357178, -0.7880134837262577, 58.214933044181215], [0.0, 0.0, 0.0, 1.0]]}, {"class": "Ketchup", "pose": [[0.9104430252098319, 0.16700523330983774, 0.37842124940548644, -19.11042896036791], [-0.20701471685971243, -0.6080758534178734, 0.7664128836685971, -0.40779788235044756], [0.3581037824258323, -0.7761139844708927, -0.5190459035828311, 45.70543556101358], [0.0, 0.0, 0.0, 1.0]]}, {"class": "OrangeJuice", "pose": [[-0.8777175749959059, -0.456275485033736, -0.14637087281371516, 7.652301113699495], [0.30942284165844797, -0.7729236675705434, 0.5539373194946406, 3.883822091268206], [-0.3658815315955448, 0.44091005721013093, 0.8195906979665813, 53.24681592780889], [0.0, 0.0, 0.0, 1.0]]}]}