{"camera": {"camera": "RealSense D415", "extrinsics": [[-0.60446244, 0.7422271, 0.28935117, 0.509064], [0.7965462, 0.5684986, 0.2057266, -0.299112], [-0.011799902, 0.3548356, -0.93485427, 0.09025116], [0.0, 0.0, 0.0, 1.0]], "height": 480, "intrinsics": [[603.75165, 0.0, 326.28275], [0.0, 603.20245, 245.73769], [0.0, 0.0, 1.0]], "width": 640}, "objects": [{"class": "ChocolatePudding", "pose": [[0.11181900895395375, 0.2108989732151455, 0.9710912061173379, 19.208196343225083], [-0.9803471865475603, 0.18324104311403, 0.07308909351280225, 5.031324606119131], [-0.16252935445070305, -0.9601793411729157, 0.22724408747220737, 48.22812180647242], [0.0, 0.0, 0.0, 1.0]]}, {"class": "MacaroniAndCheese", "pose": [[0.3289384490123393, 0.6592647639843388, -0.6761430810080837, 9.717469548062812], [0.19255825578425217, -0.747768340697949, -0.6354240540166235, 7.8627015897676955], [-0.9245111326636261, 0.078818496420259, -0.37291667134570683, 41.610949603159106], [0.0, 0.0, 0.0, 1.0]]}, {"class": "Milk", "pose": [[0.9032842173821128, 0.32552916556410844, 0.2794787706796227, -6.19379014439464], [0.28749883803590964, -0.9427697043642892, 0.16890708778683913, 8.104641276769103], [0.31846834532158386, -0.07222127689999769, -0.945178307916321, 39.1515842845161], [0.0, 0.0, 0.0, 1.0]]}, {"class": "Ketchup", "pose": [[-0.06978561233203513, 0.25165373680399206, 0.9652980696806054, 5.2380708366215885], [-0.9764322820894225, 0.18087576247854337, -0.11774488814893663, 21.299774067673923], [-0.20422997673718551, -0.950765153846992, 0.23310034834106788, 41.71973283833151], [0.0, 0.0, 0.0, 1.0]]}, {"class": "OrangeJuice", "pose": [[0.14821812562427708, -0.9396151742101321, -0.3084715706439772, 11.579005280056936], [0.9504017463258276, 0.2215757570372655, -0.21826728137294815, -6.1024934528058905], [0.2734370894891825, -0.26082079538088015, 0.9258535004810766, 42.384881720184566], [0.0, 0.0, 0.0, 1.0]]}]}