{"camera": {"camera": "RealSense D415", "extrinsics": [[-0.6937876, -0.71299213, 0.101493776, 0.4731693], [-0.6254103, 0.526599, -0.5758085, 0.08683207], [0.35710043, -0.46296406, -0.81126046, -0.0797502], [0.0, 0.0, 0.0, 1.0]], "height": 480, "intrinsics": [[607.12415, 0.0, 326.28275], [0.0, 609.41095, 245.73769], [0.0, 0.0, 1.0]], "width": 640}, "objects": [{"class": "Tuna", "pose": [[0.01629149312669408, 0.12381630494976514, -0.9921714352429054, 4.105996557152503], [0.8188608527900382, -0.5710724488781928, -0.05782025998128981, 9.504660587927699], [-0.5737608717212879, -0.8115083157260465, -0.11069195109218681, 35.426330934223614], [0.0, 0.0, 0.0, 1.0]]}, {"class": "Cherries", "pose": [[0.9432801598289344, 0.12057273676249122, -0.3093296013225711, 10.803976575325237], [0.32044220430519543, -0.5743295744978854, 0.7533009718042148, 3.057504374552332], [-0.08682957844902527, -0.809696066879489, -0.5803902962952973, 39.33058243936432], [0.0, 0.0, 0.0, 1.0]]}, {"class": "Mayo", "pose": [[0.902244552684304, 0.13860028441191624, -0.40834394246041167, 2.1347765286988176], [0.41705866638090394, -0.5211859157081222, 0.7445987715730771, -3.5775436801866736], [-0.10962151320655467, -0.8421135127844273, -0.5280416156664814, 36.9640855876225], [0.0, 0.0, 0.0, 1.0]]}, {"class": "Ketchup", "pose": [[0.9897169901939805, 0.13926541219583655, 0.03264155815779608, -8.67722030407051], [0.05608654070066429, -0.587758817754666, 0.8070897674162011, -7.524651998556949], [0.1315850551843165, -0.7969596496218808, -0.5895258116267686, 37.906985376665126], [0.0, 0.0, 0.0, 1.0]]}, {"class": "Butter", "pose": [[0.9079147433718375, -0.13190151219974738, 0.39786034846305873, -5.22379291171613], [0.3962495388245204, 0.5795767737292152, -0.712093453767872, 3.0743122625136206], [-0.13666441505673235, 0.8041720713200374, 0.5784722204337327, 36.76117770551549], [0.0, 0.0, 0.0, 1.0]]}]}