{"camera": {"camera": "RealSense D415", "extrinsics": [[-0.66385925, -0.738073, 0.12057822, 0.47049782], [-0.6645465, 0.50823367, -0.5477924, 0.10154796], [0.34302884, -0.4437869, -0.8278795, -0.08950495], [0.0, 0.0, 0.0, 1.0]], "height": 480, "intrinsics": [[607.12415, 0.0, 326.28275], [0.0, 609.41095, 245.73769], [0.0, 0.0, 1.0]], "width": 640}, "objects": [{"class": "Tuna", "pose": [[-0.022775573853155887, 0.14267473262355101, -0.9895075578077549, 4.1402553672058975], [0.8346571862304296, -0.5420937653173638, -0.09737454131481289, 7.889220477977138], [-0.5502987397943165, -0.8281173663871061, -0.10673803701462534, 34.69783252749953], [0.0, 0.0, 0.0, 1.0]]}, {"class": "Cherries", "pose": [[0.9280458824678194, 0.13958635764957528, -0.34532086795451755, 11.135196052042872], [0.3631116774517513, -0.5455374424512408, 0.755340240421666, 1.629129493966791], [-0.0829502217816078, -0.8263804512136476, -0.5569692043867197, 38.3794093162775], [0.0, 0.0, 0.0, 1.0]]}, {"class": "Mayo", "pose": [[0.8827474688690492, 0.15509529493062216, -0.44351140768629493, 2.742789591234418], [0.4584744804354188, -0.4907732743256041, 0.7409067513631674, -5.303931882643622], [-0.10275234510672306, -0.8573722309433147, -0.5043360955347298, 35.87354147269842], [0.0, 0.0, 0.0, 1.0]]}, {"class": "Ketchup", "pose": [[0.9872722499959818, 0.1589244988841729, -0.006043268527478964, -7.883181601949779], [0.0949481452180638, -0.5585025841414141, 0.8240508379009978, -9.738282938368643], [0.12758672794719755, -0.814136333210026, -0.5664836642621968, 36.76419270044483], [0.0, 0.0, 0.0, 1.0]]}, {"class": "Butter", "pose": [[0.8891209696139942, -0.15116726594871557, 0.43198654163118283, -4.8956708265701145], [0.4386999411226929, 0.5504453067477577, -0.7103185173966937, 1.0277392653753534], [-0.13040800703309194, 0.821071570593259, 0.5557295311048713, 35.90127523841545], [0.0, 0.0, 0.0, 1.0]]}]}