{"camera": {"camera": "RealSense D415", "extrinsics": [[-0.6469396, -0.7483009, 0.14667983, 0.45964083], [-0.69453454, 0.49883127, -0.51844877, 0.116343305], [0.31478718, -0.43727922, -0.8424345, -0.08707109], [0.0, 0.0, 0.0, 1.0]], "height": 480, "intrinsics": [[607.12415, 0.0, 326.28275], [0.0, 609.41095, 245.73769], [0.0, 0.0, 1.0]], "width": 640}, "objects": [{"class": "Tuna", "pose": [[-0.04222130074710137, 0.16859199986869547, -0.9847812969772695, 2.65545806639122], [0.8499265732885891, -0.5120767522230456, -0.1241058163789479, 6.739794663445625], [-0.5252068127414768, -0.8422316424398714, -0.12167027536543829, 34.32710373383348], [0.0, 0.0, 0.0, 1.0]]}, {"class": "Cherries", "pose": [[0.9173207607295749, 0.16559157196443583, -0.3620803181085631, 9.797609520565409], [0.3934976210498712, -0.5156639030449696, 0.7610850117647776, 0.5860905433522329], [-0.060682471006113146, -0.8406367662072746, -0.5381890528408156, 37.90390891481617], [0.0, 0.0, 0.0, 1.0]]}, {"class": "Mayo", "pose": [[0.869338237765876, 0.17975788266687814, -0.4603675004927879, 1.6510575198206978], [0.48799797308832116, -0.4595367383375016, 0.7420808569073121, -6.519375016370012], [-0.07816087904071764, -0.8697776093589538, -0.48721430482892225, 35.08872515441169], [0.0, 0.0, 0.0, 1.0]]}, {"class": "Ketchup", "pose": [[0.982386893188021, 0.18517995684651292, -0.024989581978243938, -8.842938430484715], [0.12097979380998584, -0.5284017649951858, 0.8403305885472311, -11.299586709162151], [0.14240784254095065, -0.8285529318160342, -0.5414979567333662, 35.71612853947394], [0.0, 0.0, 0.0, 1.0]]}, {"class": "Butter", "pose": [[0.8766277677590013, -0.1772573315825231, 0.44732951917669045, -6.178258387208069], [0.469276304505475, 0.5203767641922391, -0.7134338141180088, -0.4265000337438943], [-0.1063184945959069, 0.83533697630622, 0.539359347102622, 35.213585798745235], [0.0, 0.0, 0.0, 1.0]]}]}