{"camera": {"camera": "RealSense D415", "extrinsics": [[-0.6078637, -0.77282166, 0.18234132, 0.45064148], [-0.7366722, 0.46317428, -0.49273077, 0.13886727], [0.29633722, -0.43383893, -0.8508631, -0.08575045], [0.0, 0.0, 0.0, 1.0]], "height": 480, "intrinsics": [[607.12415, 0.0, 326.28275], [0.0, 609.41095, 245.73769], [0.0, 0.0, 1.0]], "width": 640}, "objects": [{"class": "Tuna", "pose": [[-0.0876395573897239, 0.20384613028650683, -0.9750723373923343, 1.8102691818947858], [0.856070296936296, -0.4851098296686844, -0.1783594681036653, 5.669511617058844], [-0.509375062879933, -0.8503618102466955, -0.1319918065261169, 34.005656277385754], [0.0, 0.0, 0.0, 1.0]]}, {"class": "Cherries", "pose": [[0.8934195089355503, 0.20104716032656142, -0.40172331321195087, 9.271224574848091], [0.44688462411137553, -0.48889434057196346, 0.7491838602703216, -0.12974144141601474], [-0.045778966635301635, -0.8488594483666492, -0.5266326263463678, 37.52343147364016], [0.0, 0.0, 0.0, 1.0]]}, {"class": "Mayo", "pose": [[0.8401734613213797, 0.21214642658713695, -0.49910164152961856, 1.5694047279243228], [0.5387784388067889, -0.4314901124881723, 0.7235565469967519, -7.637769783222284], [-0.06185748756755793, -0.8768182117812404, -0.47682646185019617, 34.508356376680936], [0.0, 0.0, 0.0, 1.0]]}, {"class": "Ketchup", "pose": [[0.9727173091313107, 0.22125443458205798, -0.06976755473797215, -8.634572518318523], [0.17470002448971272, -0.5007117182087472, 0.8478016729705936, -13.02691148105925], [0.15264644758275883, -0.8368597555302905, -0.5257041103264708, 34.9600135225386], [0.0, 0.0, 0.0, 1.0]]}, {"class": "Butter", "pose": [[0.8487314848063263, -0.21292857216516992, 0.48406227890029824, -6.600011043376569], [0.5210567134014428, 0.49302766151272903, -0.6967234935055484, -2.010475812809309], [-0.09030375472667095, 0.8435550652678174, 0.5293959612079349, 34.68473049113639], [0.0, 0.0, 0.0, 1.0]]}]}