{"camera": {"camera": "RealSense D415", "extrinsics": [[-0.54954094, -0.80238193, 0.23278318, 0.4357271], [-0.7801838, 0.393186, -0.48653677, 0.18527393], [0.2988612, -0.44898555, -0.8420772, -0.0893481], [0.0, 0.0, 0.0, 1.0]], "height": 480, "intrinsics": [[607.12415, 0.0, 326.28275], [0.0, 609.41095, 245.73769], [0.0, 0.0, 1.0]], "width": 640}, "objects": [{"class": "Tuna", "pose": [[-0.15059363381458535, 0.2535870528890031, -0.9555183017270455, 0.5905864313506481], [0.839775577521354, -0.4771795059964623, -0.25899182354198763, 7.325278550914219], [-0.5216307002275504, -0.8414234297766168, -0.1410960545147535, 33.238482386832466], [0.0, 0.0, 0.0, 1.0]]}, {"class": "Cherries", "pose": [[0.8545337701083203, 0.25108685707809564, -0.4546729448964977, 8.453733582848832], [0.5177629578286681, -0.4811613487011962, 0.707393343354679, 2.1980579603862487], [-0.04115383355199928, -0.8399042859251855, -0.5411720841516483, 36.92012134278861], [0.0, 0.0, 0.0, 1.0]]}, {"class": "Mayo", "pose": [[0.7941849556222625, 0.2578274193035051, -0.5502684244914541, 1.428787064402609], [0.6047983670134182, -0.42338778691098056, 0.6745085495073276, -5.950097120954334], [-0.059070089452500876, -0.8684859613906594, -0.4921818074614038, 33.91397677265433], [0.0, 0.0, 0.0, 1.0]]}, {"class": "Ketchup", "pose": [[0.9532049697924723, 0.27203473476971446, -0.13189939164170222, -8.30691066633053], [0.25540452061676877, -0.49114171513765076, 0.832795540757826, -12.148653505289273], [0.1617680564040213, -0.8275125253916882, -0.5376375995442422, 34.3165853909924], [0.0, 0.0, 0.0, 1.0]]}, {"class": "Butter", "pose": [[0.8045227454591348, -0.26319670739969403, 0.5324196710552715, -7.173715903183137], [0.587489044491377, 0.4842455254692512, -0.6483540389876291, -1.007040226709932], [-0.08717715187044817, 0.834406271533677, 0.5442117146971236, 33.919838687475504], [0.0, 0.0, 0.0, 1.0]]}]}