{"camera": {"camera": "RealSense D415", "extrinsics": [[-0.5341884, -0.8123111, 0.23408008, 0.43300804], [-0.78032136, 0.367295, -0.506155, 0.19578235], [0.32517892, -0.45303982, -0.8300684, -0.099051595], [0.0, 0.0, 0.0, 1.0]], "height": 480, "intrinsics": [[607.12415, 0.0, 326.28275], [0.0, 609.41095, 245.73769], [0.0, 0.0, 1.0]], "width": 640}, "objects": [{"class": "Tuna", "pose": [[-0.16858456491821194, 0.25473114413602016, -0.9522034384268253, 0.8463348655798231], [0.8222205791806021, -0.4964455451054121, -0.27837943730497, 8.867364845475308], [-0.5436290852539054, -0.8298516731648344, -0.12575212035743397, 32.92511322054036], [0.0, 0.0, 0.0, 1.0]]}, {"class": "Cherries", "pose": [[0.8455131722230214, 0.25230920329552614, -0.47058223617463324, 8.822110708156867], [0.5302477835488424, -0.5004233046211829, 0.68440760912696, 3.974354916056691], [-0.06280799623836296, -0.8282007704941902, -0.5569009040432737, 36.68242524026919], [0.0, 0.0, 0.0, 1.0]]}, {"class": "Mayo", "pose": [[0.7835947854764505, 0.257867284316539, -0.5652289583228243, 1.9089814186778409], [0.6157510789775977, -0.4433737186552162, 0.6513603653440194, -4.368373348314017], [-0.08264315762465554, -0.858442862238514, -0.506207406437753, 33.96457177273641], [0.0, 0.0, 0.0, 1.0]]}, {"class": "Ketchup", "pose": [[0.950114161593963, 0.273516933348439, -0.14990552552739075, -7.719523059136418], [0.2753373170880194, -0.5097090512550295, 0.8150987768882949, -10.710873192207215], [0.14653510152343288, -0.8157114102746413, -0.5595912228869709, 34.62229646358442], [0.0, 0.0, 0.0, 1.0]]}, {"class": "Butter", "pose": [[0.7939930939611762, -0.26451168051694773, 0.5473651770851297, -6.77365371870971], [0.5978293123992627, 0.5031541518044241, -0.6240480622159807, 0.4321631132059439], [-0.11034107846786904, 0.8227207332649272, 0.5576337678274433, 33.9045592402132], [0.0, 0.0, 0.0, 1.0]]}]}