{"camera": {"camera": "RealSense D415", "extrinsics": [[-0.49262196, -0.836069, 0.24147935, 0.42370373], [-0.7987613, 0.3242664, -0.5067857, 0.21105486], [0.34540415, -0.4425381, -0.82756025, -0.10920484], [0.0, 0.0, 0.0, 1.0]], "height": 480, "intrinsics": [[607.12415, 0.0, 326.28275], [0.0, 609.41095, 245.73769], [0.0, 0.0, 1.0]], "width": 640}, "objects": [{"class": "Tuna", "pose": [[-0.2151700896958448, 0.2616740936399048, -0.9408658733972242, 1.2235626468346583], [0.8061691414157255, -0.4961616657691235, -0.3223585285087197, 9.111053017350597], [-0.5511744077516235, -0.8278588498415995, -0.10419443822444176, 32.83577744561317], [0.0, 0.0, 0.0, 1.0]]}, {"class": "Cherries", "pose": [[0.8195701904852918, 0.2594635661484213, -0.5108653944190698, 9.477856866394612], [0.566542778526796, -0.5002200716546228, 0.6548352953720874, 4.632247443421508], [-0.08563919894729945, -0.8261104909828363, -0.5569626273549046, 36.507135666583466], [0.0, 0.0, 0.0, 1.0]]}, {"class": "Mayo", "pose": [[0.7535250402509829, 0.2619046984209757, -0.6029975399330216, 2.898186728855945], [0.6489092768559722, -0.44340882869664594, 0.6183085516925939, -4.048153375643304], [-0.10543649393163647, -0.8572015741811071, -0.5040720096842818, 34.029679159334094], [0.0, 0.0, 0.0, 1.0]]}, {"class": "Ketchup", "pose": [[0.9392926190233468, 0.28128993068038305, -0.19648267417660822, -6.422269538906978], [0.31951784104889985, -0.5083734908497547, 0.7996654594921242, -10.804445185625323], [0.12505126544411946, -0.8138994875652302, -0.5673885697916332, 34.95142858580059], [0.0, 0.0, 0.0, 1.0]]}, {"class": "Butter", "pose": [[0.7642135684500572, -0.2718737532109005, 0.5848609874297925, -5.990923377064172], [0.6310831405385072, 0.502326184832486, -0.591102848759638, 0.35855452347409167], [-0.13308561095731322, 0.82082462955533, 0.5554593879391986, 34.06912079684703], [0.0, 0.0, 0.0, 1.0]]}]}