{"camera": {"camera": "RealSense D415", "extrinsics": [[-0.4634419, -0.85210675, 0.24317826, 0.4175116], [-0.82465273, 0.3142994, -0.47028047, 0.2251531], [0.32429838, -0.4184853, -0.8483517, -0.113306604], [0.0, 0.0, 0.0, 1.0]], "height": 480, "intrinsics": [[607.12415, 0.0, 326.28275], [0.0, 609.41095, 245.73769], [0.0, 0.0, 1.0]], "width": 640}, "objects": [{"class": "Tuna", "pose": [[-0.24741936193194478, 0.26304504858667127, -0.9325186228198714, 1.6695375407519863], [0.8180366217788115, -0.4590533455272647, -0.34653443718170623, 7.782868583787531], [-0.5192299536268037, -0.8485737077369115, -0.101601817658969, 32.57782941915314], [0.0, 0.0, 0.0, 1.0]]}, {"class": "Cherries", "pose": [[0.8011250872692459, 0.2609825147568649, -0.5385970123289501, 10.108681968601513], [0.5934301825873637, -0.46323432901399153, 0.6582207681175003, 3.428047550961205], [-0.0777124922595845, -0.8469368882079235, -0.5259835429904172, 35.96727047808492], [0.0, 0.0, 0.0, 1.0]]}, {"class": "Mayo", "pose": [[0.7323853838531471, 0.2612634637129956, -0.6287710809170617, 3.748536827990584], [0.6744229522765388, -0.40532962760895286, 0.617139837629115, -5.35390737982685], [-0.09362343477009397, -0.8760418392763367, -0.47305957326371695, 33.283053455347535], [0.0, 0.0, 0.0, 1.0]]}, {"class": "Ketchup", "pose": [[0.9313585901363103, 0.283228779591804, -0.22880702598671596, -5.353774531624134], [0.34292507230750424, -0.4711507433154962, 0.8126619079420752, -12.413830754565225], [0.12236666041830165, -0.8353433090571751, -0.5359365335454825, 34.103666879381954], [0.0, 0.0, 0.0, 1.0]]}, {"class": "Butter", "pose": [[0.7431554795491472, -0.2735310187372273, 0.6106559875701665, -5.2644328271886085], [0.6578957743667861, 0.4651507699127664, -0.5922903984396446, -1.219013656066212], [-0.12203728475152034, 0.8419118432586131, 0.5256342462859781, 33.6085258305629], [0.0, 0.0, 0.0, 1.0]]}]}