{"camera": {"camera": "RealSense D415", "extrinsics": [[-0.48736644, -0.84841126, 0.20657273, 0.43710786], [-0.81842005, 0.3613558, -0.446778, 0.20859912], [0.30440524, -0.38680786, -0.8704695, -0.12518485], [0.0, 0.0, 0.0, 1.0]], "height": 480, "intrinsics": [[607.12415, 0.0, 326.28275], [0.0, 609.41095, 245.73769], [0.0, 0.0, 1.0]], "width": 640}, "objects": [{"class": "Tuna", "pose": [[-0.22730198296318624, 0.22684337714649971, -0.947035344459783, 4.061343240711013], [0.8456384990599031, -0.4362987153957804, -0.30747191683917974, 5.990612092946412], [-0.48293826036611937, -0.8707385108785555, -0.09265593142497641, 31.734905073190014], [0.0, 0.0, 0.0, 1.0]]}, {"class": "Cherries", "pose": [[0.8212765611444616, 0.22465910927025287, -0.5244360281358538, 12.400134481398812], [0.5656623278604592, -0.44045852281238707, 0.6971530967545582, 1.1998953109125106], [-0.07437051904718653, -0.8692091896628077, -0.4888194449723388, 34.7656693766029], [0.0, 0.0, 0.0, 1.0]]}, {"class": "Mayo", "pose": [[0.7553432972920152, 0.22651328394171202, -0.6149376296050292, 5.653091225648938], [0.6497018353471418, -0.3815508949342875, 0.6575001593265601, -7.231744262356451], [-0.08569747666007302, -0.8961644314292578, -0.43536799792343245, 31.908387242237367], [0.0, 0.0, 0.0, 1.0]]}, {"class": "Ketchup", "pose": [[0.946190509156736, 0.24683444065708682, -0.20927573236642752, -3.6916310607703062], [0.303129893880016, -0.4496289857040388, 0.8402059642992902, -13.97338158412135], [0.11329533521759803, -0.8584326271671464, -0.50025756457402, 32.67941901184918], [0.0, 0.0, 0.0, 1.0]]}, {"class": "Butter", "pose": [[0.7648552627543717, -0.23723179223641896, 0.59893034374585, -3.1865568941090885], [0.6338650679240673, 0.44302895113278506, -0.6339877316769263, -2.7789757906459767], [-0.11494142976013337, 0.8645498634634081, 0.489225960667242, 32.59422878661451], [0.0, 0.0, 0.0, 1.0]]}]}