{"camera": {"camera": "RealSense D415", "extrinsics": [[-0.51023346, -0.8371121, 0.19724365, 0.44356903], [-0.8136425, 0.39553556, -0.4260722, 0.20413677], [0.27865335, -0.37788212, -0.8829255, -0.118163764], [0.0, 0.0, 0.0, 1.0]], "height": 480, "intrinsics": [[607.12415, 0.0, 326.28275], [0.0, 609.41095, 245.73769], [0.0, 0.0, 1.0]], "width": 640}, "objects": [{"class": "Tuna", "pose": [[-0.20286416094780327, 0.2177902671153814, -0.9546797830850223, 4.179034026777684], [0.865489021342511, -0.41614170250920274, -0.27884565606197165, 5.310594693613766], [-0.4580119593110742, -0.8828326650072055, -0.10407484568686154, 31.87770291839152], [0.0, 0.0, 0.0, 1.0]]}, {"class": "Cherries", "pose": [[0.8364659984067201, 0.21548972177543607, -0.5038737637515031, 12.37583257442551], [0.5452044888070081, -0.42028461644112547, 0.7253364523474141, 0.20790854147917093], [-0.05546784952283093, -0.8814335213027268, -0.4690397722726999, 34.78407891628388], [0.0, 0.0, 0.0, 1.0]]}, {"class": "Mayo", "pose": [[0.7728596209069113, 0.2190182551025392, -0.5955828798597, 5.413085502250315], [0.6312968414464846, -0.36067184278043307, 0.6865713235646859, -7.949277433301269], [-0.06443833132629517, -0.9066128486735027, -0.4170142525818939, 31.660032250486154], [0.0, 0.0, 0.0, 1.0]]}, {"class": "Ketchup", "pose": [[0.9536519046811258, 0.23737498325019313, -0.1849354441515788, -4.11245972520991], [0.27391514489994273, -0.4303685261446576, 0.8600892323676798, -14.455652659601911], [0.12457327077293504, -0.870882357040617, -0.4754423868196325, 32.206897528422665], [0.0, 0.0, 0.0, 1.0]]}, {"class": "Butter", "pose": [[0.7820349210889205, -0.22797349346632367, 0.5800426061529581, -3.3054314032992584], [0.6160867952552241, 0.42333185323037636, -0.6642493999161674, -3.281437267364942], [-0.09411926509978744, 0.8768228209880957, 0.4715117679464539, 32.45729564094968], [0.0, 0.0, 0.0, 1.0]]}]}