{"camera": {"camera": "RealSense D415", "extrinsics": [[-0.5845311, -0.78671527, 0.19850065, 0.47111645], [-0.761718, 0.44781384, -0.46823975, 0.17493494], [0.27948, -0.42490223, -0.8610163, -0.09922327], [0.0, 0.0, 0.0, 1.0]], "height": 480, "intrinsics": [[607.12415, 0.0, 326.28275], [0.0, 609.41095, 245.73769], [0.0, 0.0, 1.0]], "width": 640}, "objects": [{"class": "Tuna", "pose": [[-0.11422419871082314, 0.2197536055415249, -0.9688453245649448, 4.104525429335748], [0.8636788347332429, -0.45995649631351504, -0.2061527277291555, 6.997555810445174], [-0.49092948762132677, -0.8603187954797733, -0.13725841481317844, 32.406856976721976], [0.0, 0.0, 0.0, 1.0]]}, {"class": "Cherries", "pose": [[0.8788952126291423, 0.21707435679858111, -0.42476111696933894, 11.742089766386831], [0.4757436463402516, -0.4638590231019336, 0.7473304790192558, 1.3620485727584257], [-0.034802950565938774, -0.8589025474537393, -0.5109552159615509, 35.8098869783693], [0.0, 0.0, 0.0, 1.0]]}, {"class": "Mayo", "pose": [[0.8227861873174656, 0.22637749686975528, -0.5213215864718763, 4.283696985712976], [0.566236981155015, -0.40554266868787864, 0.7175729093711076, -6.318449900267106], [-0.04897574648474514, -0.8856006023679157, -0.46185821790975906, 32.62217217273046], [0.0, 0.0, 0.0, 1.0]]}, {"class": "Ketchup", "pose": [[0.9665903806241074, 0.23763511509479837, -0.09608676188636714, -5.7453301078432055], [0.20197556483223325, -0.47528914578419557, 0.8563329693102896, -12.03545183223094], [0.15782582698977668, -0.8471303529295756, -0.5074063830790244, 32.942337959751235], [0.0, 0.0, 0.0, 1.0]]}, {"class": "Butter", "pose": [[0.8319226633886299, -0.2290761081919772, 0.5053997392628609, -4.05952547995454], [0.5494126604787118, 0.4677288872115165, -0.6923694619138885, -0.9569165931750889], [-0.0777847127244118, 0.853670826426005, 0.5149715746373332, 32.90766636420304], [0.0, 0.0, 0.0, 1.0]]}]}