{"camera": {"camera": "RealSense D415", "extrinsics": [[-0.6197912, -0.764023, 0.17924203, 0.48702922], [-0.7348811, 0.48491693, -0.47413638, 0.15330145], [0.2753336, -0.42558715, -0.86201334, -0.09656727], [0.0, 0.0, 0.0, 1.0]], "height": 480, "intrinsics": [[607.12415, 0.0, 326.28275], [0.0, 609.41095, 245.73769], [0.0, 0.0, 1.0]], "width": 640}, "objects": [{"class": "Tuna", "pose": [[-0.07290989485730717, 0.2008516701491425, -0.9769046946100443, 5.135008225396842], [0.8695829240463495, -0.4668428143371709, -0.1608829895698836, 6.690811616852186], [-0.4883745476795972, -0.8612295973920093, -0.1406197478597038, 32.51833191188699], [0.0, 0.0, 0.0, 1.0]]}, {"class": "Cherries", "pose": [[0.899963192225874, 0.1979914822035094, -0.3884142815788575, 12.495077190618852], [0.43487698809795905, -0.47062232475036564, 0.7677217230830466, 0.6987756938856005], [-0.030794043836396515, -0.8598337203455614, -0.5096447114944821, 35.92374353626895], [0.0, 0.0, 0.0, 1.0]]}, {"class": "Mayo", "pose": [[0.8481213215324728, 0.21004728754834973, -0.48638502184641647, 4.700321677128777], [0.5279027058742739, -0.41271140251226235, 0.742285688122284, -6.619938088662939], [-0.04482152329893344, -0.8863122818459551, -0.460913876805156, 32.689950944772065], [0.0, 0.0, 0.0, 1.0]]}, {"class": "Ketchup", "pose": [[0.9743998999794059, 0.21796982398114134, -0.05508193237987334, -5.582160146014398], [0.15674854936473925, -0.48302455350156476, 0.8614622362070525, -11.870060077943966], [0.1611668717598134, -0.8480427242084839, -0.504825523421299, 32.963415242602714], [0.0, 0.0, 0.0, 1.0]]}, {"class": "Butter", "pose": [[0.8565574799608372, -0.20978704883602783, 0.4714856373048456, -3.3880175668820565], [0.5107674440932181, 0.47505738673007647, -0.7165452594162239, -0.8808485636248892], [-0.07366079334510463, 0.8545817101177767, 0.514066357573928, 32.97016897860438], [0.0, 0.0, 0.0, 1.0]]}]}