{"camera": {"camera": "RealSense D415", "extrinsics": [[-0.6475473, -0.74185216, 0.17417754, 0.5003788], [-0.7110177, 0.5059874, -0.4882935, 0.1458504], [0.27410996, -0.44003648, -0.85512084, -0.09317628], [0.0, 0.0, 0.0, 1.0]], "height": 480, "intrinsics": [[607.12415, 0.0, 326.28275], [0.0, 609.41095, 245.73769], [0.0, 0.0, 1.0]], "width": 640}, "objects": [{"class": "Tuna", "pose": [[-0.03748040786973599, 0.19600800151032102, -0.9798857473280643, 5.672032899328395], [0.8667029065126357, -0.48171900325243094, -0.12951014848603198, 7.8208580998192545], [-0.49741462710823287, -0.8541239309734298, -0.15182570465763717, 32.365152874337156], [0.0, 0.0, 0.0, 1.0]]}, {"class": "Cherries", "pose": [[0.9143652384138875, 0.19300510891484718, -0.3559286925212887, 12.783042170099046], [0.40422871039007413, -0.48538692560592067, 0.7752410508738883, 1.6198356290643616], [-0.023137632304332273, -0.8527300772228614, -0.521839161704406, 35.922230870855984], [0.0, 0.0, 0.0, 1.0]]}, {"class": "Mayo", "pose": [[0.86585604949618, 0.20733264670906876, -0.45530920329629937, 4.788872779391356], [0.4987932816306532, -0.4281737982933136, 0.7535731321298813, -5.465599988613682], [-0.03871114286003163, -0.8795910399644845, -0.4741530292534048, 32.65587899020155], [0.0, 0.0, 0.0, 1.0]]}, {"class": "Ketchup", "pose": [[0.9769826578530081, 0.2124046082318649, -0.01972724266516723, -5.666605423986026], [0.1256634428612351, -0.49833379637156217, 0.857829896503384, -10.366149443033393], [0.17237629655294315, -0.8405639372752216, -0.5135549873738767, 32.844514267952526], [0.0, 0.0, 0.0, 1.0]]}, {"class": "Butter", "pose": [[0.8740785027955842, -0.20457752199485396, 0.4406073125719824, -3.105276468832485], [0.48110361291501247, 0.490162071900814, -0.7268290457341824, 0.5431167812627202], [-0.067276092368727, 0.8472834261772286, 0.5268631401402883, 32.776835243657196], [0.0, 0.0, 0.0, 1.0]]}]}