{"camera": {"camera": "RealSense D415", "extrinsics": [[-0.7089282, -0.6929928, 0.13107924, 0.52891034], [-0.6457761, 0.56308913, -0.5156587, 0.10100526], [0.28353846, -0.45021284, -0.84670794, -0.09508227], [0.0, 0.0, 0.0, 1.0]], "height": 480, "intrinsics": [[607.12415, 0.0, 326.28275], [0.0, 609.41095, 245.73769], [0.0, 0.0, 1.0]], "width": 640}, "objects": [{"class": "Tuna", "pose": [[0.04089301284505192, 0.15340860350974422, -0.9873163578622162, 8.036833439456398], [0.858433908529591, -0.51104635400126, -0.04385118156029903, 8.00294618597088], [-0.511291556556004, -0.845752585906698, -0.1525893953352594, 32.14795635434401], [0.0, 0.0, 0.0, 1.0]]}, {"class": "Cherries", "pose": [[0.9468781807494345, 0.15008774287538754, -0.2844211822137735, 14.55969152268517], [0.32046331532771205, -0.514408214546551, 0.7954165762113633, 1.2494813992550549], [-0.026926286386383974, -0.844309108563451, -0.5351795215068842, 35.824228072496155], [0.0, 0.0, 0.0, 1.0]]}, {"class": "Mayo", "pose": [[0.907041226069138, 0.16951280004558794, -0.38541101886734574, 5.9688448969912935], [0.41872091860187205, -0.45914605587427276, 0.7834907587686714, -5.144970664854438], [-0.04414821060253437, -0.8720380258769295, -0.487442953449292, 32.64813872931208], [0.0, 0.0, 0.0, 1.0]]}, {"class": "Ketchup", "pose": [[0.9840507405471963, 0.1682340550937528, 0.057805461401957074, -4.883181531570457], [0.04061187375890462, -0.5288388275130684, 0.8477501091713281, -9.087765862675235], [0.17319023310720236, -0.8318814874465286, -0.5272365218212136, 32.884548332237664], [0.0, 0.0, 0.0, 1.0]]}, {"class": "Butter", "pose": [[0.9136911224575698, -0.16117883987720555, 0.37308168401937186, -1.356619313677454], [0.39990795640572263, 0.5201099018254167, -0.7546915885327985, 1.5464022253161653], [-0.07240313543259434, 0.8387532912654531, 0.5396764941268117, 32.650208108165025], [0.0, 0.0, 0.0, 1.0]]}]}