{"camera": {"camera": "RealSense D415", "extrinsics": [[-0.7775798, -0.6191069, 0.1098925, 0.5547042], [-0.5660115, 0.6130599, -0.5511702, 0.022667143], [0.27386257, -0.4907792, -0.8271246, -0.07711921], [0.0, 0.0, 0.0, 1.0]], "height": 480, "intrinsics": [[607.12415, 0.0, 326.28275], [0.0, 609.41095, 245.73769], [0.0, 0.0, 1.0]], "width": 640}, "objects": [{"class": "Tuna", "pose": [[0.1416145895911948, 0.13251681207259094, -0.9810120849123221, 9.201988427583208], [0.8347369540515284, -0.5486922128577171, 0.046380630594804136, 5.735661263638891], [-0.5321274297281057, -0.8254551594047371, -0.18831950264636887, 32.27227205655115], [0.0, 0.0, 0.0, 1.0]]}, {"class": "Cherries", "pose": [[0.9738276330129361, 0.12883772712386718, -0.1872449984938579, 14.90814556558433], [0.22728803912275605, -0.551675244349903, 0.802492779934811, -1.4977504620257895], [9.293171692389248e-05, -0.8240481389115182, -0.5665198256496196, 36.36976715072894], [0.0, 0.0, 0.0, 1.0]]}, {"class": "Mayo", "pose": [[0.9443189253664185, 0.15447719847301228, -0.2905144928531566, 5.854033072277698], [0.32834619846964364, -0.4993913054742418, 0.8017463363006768, -7.132446254750047], [-0.021228865523637733, -0.852493511074608, -0.5223066202702977, 33.04524263689626], [0.0, 0.0, 0.0, 1.0]]}, {"class": "Ketchup", "pose": [[0.9767333214477223, 0.14505751418203805, 0.15795709722583998, -5.330499803066157], [-0.048668725671403255, -0.5673966753508806, 0.8220051445986098, -10.008186613553635], [0.20886235323841862, -0.8105673326325104, -0.5471354251030014, 32.9792730247785], [0.0, 0.0, 0.0, 1.0]]}, {"class": "Butter", "pose": [[0.9500942375523201, -0.13912435113868796, 0.27922296270382047, -0.7844546890880433], [0.30813824113678706, 0.5582432450739933, -0.7703345983938908, 0.22713984194999598], [-0.048702011431662216, 0.8179296818666814, 0.5732531782187471, 32.59371319795154], [0.0, 0.0, 0.0, 1.0]]}]}