{"camera": {"camera": "RealSense D415", "extrinsics": [[-0.7890933, -0.60367846, 0.11359617, 0.54923457], [-0.5529767, 0.617573, -0.5593034, 0.014413661], [0.2674855, -0.5041586, -0.82114285, -0.06839509], [0.0, 0.0, 0.0, 1.0]], "height": 480, "intrinsics": [[607.12415, 0.0, 326.28275], [0.0, 609.41095, 245.73769], [0.0, 0.0, 1.0]], "width": 640}, "objects": [{"class": "Tuna", "pose": [[0.1605558036373086, 0.1362276432412323, -0.9775806460219674, 8.160932818991768], [0.8283716372695253, -0.5571249847173624, 0.05841367395923746, 5.872609523909383], [-0.5366770410487862, -0.8191787113274969, -0.20229676797391888, 32.469106956275766], [0.0, 0.0, 0.0, 1.0]]}, {"class": "Cherries", "pose": [[0.9768062246990368, 0.13248829919488264, -0.16821565416771483, 13.70870493536347], [0.21379796378348467, -0.5600454043692845, 0.8003996196033655, -1.4056373849064498], [0.01183518404028914, -0.8177994716904966, -0.5753815623872822, 36.70246065299519], [0.0, 0.0, 0.0, 1.0]]}, {"class": "Mayo", "pose": [[0.9490053253151899, 0.15924358451019674, -0.272085335248269, 4.623658871552372], [0.3150787508672638, -0.5083524930789347, 0.8014381441300924, -6.9413199468063915], [-0.010691372521500665, -0.8462973506590478, -0.5326034910088691, 33.29697183788502], [0.0, 0.0, 0.0, 1.0]]}, {"class": "Ketchup", "pose": [[0.972987568107957, 0.14830002729939018, 0.17692470305690183, -6.597885405644455], [-0.06047630134676638, -0.5758800808956704, 0.8152942565340084, -9.6626156013059], [0.22279557482492016, -0.8039709043311759, -0.551355517466812, 33.09824251560799], [0.0, 0.0, 0.0, 1.0]]}, {"class": "Butter", "pose": [[0.9548767630038233, -0.14259706374641928, 0.26053119050825463, -1.9047788686460287], [0.2945715133969798, 0.5667053101834557, -0.7694625983367981, 0.505439802015971], [-0.037921297992676, 0.8114869989099682, 0.5831387618503812, 32.695163734175054], [0.0, 0.0, 0.0, 1.0]]}]}