{"camera": {"camera": "RealSense D415", "extrinsics": [[-0.62662685, 0.73857945, 0.2486749, 0.5330936], [0.77864033, 0.60666984, 0.16022153, -0.25988176], [-0.032527238, 0.29402742, -0.95524335, 0.099884376], [0.0, 0.0, 0.0, 1.0]], "height": 480, "intrinsics": [[603.75165, 0.0, 326.28275], [0.0, 603.20245, 245.73769], [0.0, 0.0, 1.0]], "width": 640}, "objects": [{"class": "ChocolatePudding", "pose": [[0.13323041735146535, 0.17000230455740822, 0.976395861991858, 22.11386190245027], [-0.9847046850933145, 0.13431469635377674, 0.1109784047334203, 10.2703225068623], [-0.11227773769043903, -0.9762472855029326, 0.18529688276760384, 48.391486022796286], [0.0, 0.0, 0.0, 1.0]]}, {"class": "MacaroniAndCheese", "pose": [[0.28897206123132907, 0.6824787667991423, -0.6713552618944296, 12.309035058887059], [0.14868960771195577, -0.7247592067429731, -0.6727670128791002, 12.477081457723632], [-0.9457201130752284, 0.09458732203675282, -0.31091267878780965, 41.998275310353], [0.0, 0.0, 0.0, 1.0]]}, {"class": "Milk", "pose": [[0.9060125499700433, 0.34899487394332424, 0.239465747520105, -3.682826049426513], [0.3283490065623563, -0.9365615435577676, 0.12263509219106958, 12.166597051217693], [0.2670734445891521, -0.03248059713497006, -0.963128638137793, 40.143773511133084], [0.0, 0.0, 0.0, 1.0]]}, {"class": "Ketchup", "pose": [[-0.0498308041677241, 0.21112779270852677, 0.9761874579604688, 7.460956958642489], [-0.987864487492312, 0.13354309510847376, -0.07930924863410445, 25.778011420086983], [-0.1471074921290234, -0.9682929724667972, 0.2019111012971847, 41.53656328695713], [0.0, 0.0, 0.0, 1.0]]}, {"class": "OrangeJuice", "pose": [[0.13147024173718871, -0.9544750884763243, -0.2677552763121144, 14.58956971670869], [0.9678184709907666, 0.18204722116961386, -0.17374169704484374, -1.3692947413618373], [0.2145762380607747, -0.2362966507497684, 0.947692417665271, 43.47068783507617], [0.0, 0.0, 0.0, 1.0]]}]}