{"camera": {"camera": "RealSense D415", "extrinsics": [[-0.77728766, -0.6081688, 0.16110446, 0.53598714], [-0.5469936, 0.5267447, -0.65064424, 0.014642088], [0.3108406, -0.59386086, -0.74209666, -0.032166734], [0.0, 0.0, 0.0, 1.0]], "height": 480, "intrinsics": [[607.12415, 0.0, 326.28275], [0.0, 609.41095, 245.73769], [0.0, 0.0, 1.0]], "width": 640}, "objects": [{"class": "Tuna", "pose": [[0.14867237644599207, 0.18356446792010356, -0.9716999017086482, 5.413376741640469], [0.7621765502998056, -0.6473442972970698, -0.005675430631326552, 8.811774942476077], [-0.6300661881845965, -0.7397631308772622, -0.23615077330042816, 33.874074497498896], [0.0, 0.0, 0.0, 1.0]]}, {"class": "Cherries", "pose": [[0.9675588860528381, 0.17988807811064206, -0.17739833639393862, 11.0733416530304], [0.2522812639818309, -0.650220200570409, 0.7166364477171864, 2.332622887769988], [0.0135663982443415, -0.7381422713331346, -0.6745087242868132, 39.133097348572946], [0.0, 0.0, 0.0, 1.0]]}, {"class": "Mayo", "pose": [[0.9369149952450978, 0.2057138877866039, -0.28261665987355344, 2.312242188605751], [0.3488581627027669, -0.6013820224269331, 0.7187750614762177, -3.934836886076034], [-0.022098538098577182, -0.7720242926832598, -0.6352088043706605, 36.176530389735554], [0.0, 0.0, 0.0, 1.0]]}, {"class": "Ketchup", "pose": [[0.966497823037104, 0.19578424377606232, 0.1659836628558958, -8.79144742729826], [0.005956426729410308, -0.6636023967582444, 0.7480617110774551, -7.103706029655789], [0.25660587860470796, -0.7220113771390542, -0.6425364373920427, 35.99119292594004], [0.0, 0.0, 0.0, 1.0]]}, {"class": "Butter", "pose": [[0.944429630072778, -0.19001150645764558, 0.2682319698242112, -4.455229965418706], [0.32542188737690164, 0.6556504504984813, -0.6813391413679336, 3.1169484386948048], [-0.04640410821520977, 0.7307654586249643, 0.6810496180533271, 34.47049853902986], [0.0, 0.0, 0.0, 1.0]]}]}