{"camera": {"camera": "RealSense D415", "extrinsics": [[-0.76981664, -0.63071644, 0.09787282, 0.54750264], [-0.46570575, 0.45018888, -0.76187146, -0.048286144], [0.43646362, -0.6320813, -0.64029115, -0.08887278], [0.0, 0.0, 0.0, 1.0]], "height": 480, "intrinsics": [[607.12415, 0.0, 326.28275], [0.0, 609.41095, 245.73769], [0.0, 0.0, 1.0]], "width": 640}, "objects": [{"class": "Tuna", "pose": [[0.128058080673657, 0.1205108402424902, -0.9844177412971389, 9.183078414452789], [0.6510027869604685, -0.7590307039180875, -0.008233567875870663, 9.777216247230305], [-0.7481955517346155, -0.6398042752583905, -0.17565293083664232, 29.346712931401857], [0.0, 0.0, 0.0, 1.0]]}, {"class": "Cherries", "pose": [[0.9725532843774555, 0.11687195303913343, -0.20119910452528325, 14.996406821472474], [0.21780357101899211, -0.7614954569165611, 0.6104803873241665, 3.989078142569691], [-0.08186415574464535, -0.6375465462059424, -0.7660500687363542, 35.20969951034613], [0.0, 0.0, 0.0, 1.0]]}, {"class": "Mayo", "pose": [[0.9421769744279145, 0.1417462385183152, -0.3036619448434412, 5.912303688145293], [0.30877311170912175, -0.719349162854667, 0.6222507349504746, -2.351053390309423], [-0.13023725666450583, -0.6800329167523317, -0.7215216805444593, 33.774080160033066], [0.0, 0.0, 0.0, 1.0]]}, {"class": "Ketchup", "pose": [[0.9805158398094856, 0.13340530227972844, 0.14419340216766263, -5.257449727828356], [0.011825979893780729, -0.772788148901754, 0.6345539006870909, -5.1254023227916425], [0.19608382979399594, -0.6204848786770684, -0.7593086944137437, 34.72675760114485], [0.0, 0.0, 0.0, 1.0]]}, {"class": "Butter", "pose": [[0.9475619769134583, -0.127297622486995, 0.29312393153638727, -0.7690410598900854], [0.2816429523377527, 0.7660773090495503, -0.5777567253771474, 4.585439546982384], [-0.15100852556412261, 0.6300165509136824, 0.7617582406299642, 31.39046910431166], [0.0, 0.0, 0.0, 1.0]]}]}