{"camera": {"camera": "RealSense D415", "extrinsics": [[-0.7426953, -0.6648096, 0.080199115, 0.55353767], [-0.49385345, 0.46291348, -0.73608416, -0.07041142], [0.45223054, -0.58629286, -0.6721222, -0.11130388], [0.0, 0.0, 0.0, 1.0]], "height": 480, "intrinsics": [[607.12415, 0.0, 326.28275], [0.0, 609.41095, 245.73769], [0.0, 0.0, 1.0]], "width": 640}, "objects": [{"class": "Tuna", "pose": [[0.08502109898748314, 0.10279265227509281, -0.9910626335082814, 11.334142980276518], [0.680109415412519, -0.7328976551148606, -0.01767079598167634, 5.407654077635435], [-0.7281638789621211, -0.6725286260042281, -0.13222204533113402, 29.59843525962319], [0.0, 0.0, 0.0, 1.0]]}, {"class": "Cherries", "pose": [[0.9646577239690434, 0.09929448774544615, -0.244082241183976, 17.487150724191647], [0.23636620275559822, -0.7355024162496285, 0.6349545343740005, -0.4978062172915729], [-0.11647555439638121, -0.6702065768558562, -0.7329779302673833, 34.9778379803669], [0.0, 0.0, 0.0, 1.0]]}, {"class": "Mayo", "pose": [[0.9308322226089457, 0.12163029291719116, -0.34461210856399804, 8.440929077671655], [0.32855306253142535, -0.6914229153233127, 0.6434184362475767, -6.926778051407383], [-0.16001349633763026, -0.7121379627958474, -0.6835607212432793, 33.70764039525549], [0.0, 0.0, 0.0, 1.0]]}, {"class": "Ketchup", "pose": [[0.9880262359371149, 0.11673618119869947, 0.10088052968852687, -2.633626044210602], [0.020444547841040793, -0.7471472224977426, 0.6643441090381766, -9.914556856608689], [0.15292563186065003, -0.6543269409413727, -0.7405876465146927, 35.047569107983904], [0.0, 0.0, 0.0, 1.0]]}, {"class": "Butter", "pose": [[0.9356764893905786, -0.11011175254444885, 0.3352386751621431, 1.5597372879535998], [0.3022971354506489, 0.7401894125181664, -0.6006131220099911, -0.01610522015204202], [-0.18200551459373562, 0.663321256932282, 0.7258642844575643, 31.883166870620382], [0.0, 0.0, 0.0, 1.0]]}]}