{"camera": {"camera": "RealSense D415", "extrinsics": [[-0.7513382, -0.65470415, 0.08278546, 0.5391457], [-0.4924726, 0.4727626, -0.73072994, -0.08507518], [0.43927407, -0.5897949, -0.67762846, -0.10542185], [0.0, 0.0, 0.0, 1.0]], "height": 480, "intrinsics": [[607.12415, 0.0, 326.28275], [0.0, 609.41095, 245.73769], [0.0, 0.0, 1.0]], "width": 640}, "objects": [{"class": "Tuna", "pose": [[0.09822905186459072, 0.10540406864392897, -0.9895661331613399, 9.515354160978411], [0.6858291211804081, -0.7277014895198484, -0.009432809659396385, 3.8986331067160664], [-0.7211030103000174, -0.6777466688894934, -0.14377061544146144, 29.785647415919126], [0.0, 0.0, 0.0, 1.0]]}, {"class": "Cherries", "pose": [[0.9675816580821808, 0.10186101097166937, -0.2311063945536015, 15.56395949531163], [0.23047867760078009, -0.7303014086991788, 0.6430703311691175, -2.0974698544865724], [-0.10327352501093334, -0.6754881268899986, -0.7301030461389856, 35.183152662873], [0.0, 0.0, 0.0, 1.0]]}, {"class": "Mayo", "pose": [[0.9349122933776948, 0.12499041378390278, -0.3321392725502118, 6.487989947179019], [0.3232822029903655, -0.6860174408191344, 0.6518195358596024, -8.450293294359902], [-0.1463821356739225, -0.7167687864578692, -0.6817733242319045, 33.752201816373855], [0.0, 0.0, 0.0, 1.0]]}, {"class": "Ketchup", "pose": [[0.9863099731065534, 0.11903534174724151, 0.11411976420613307, -4.622095912867952], [0.012046946992421143, -0.7422090004237365, 0.6700602136858492, -11.370488180919102], [0.1644615705942876, -0.6595122497473803, -0.7334821557132636, 34.93814549700146], [0.0, 0.0, 0.0, 1.0]]}, {"class": "Butter", "pose": [[0.9398256927123668, -0.11256460053557901, 0.32257863264757847, -0.32278990478036285], [0.2971857454721017, 0.735125621343395, -0.6093200905429305, -1.4749408267712913], [-0.16854793965216486, 0.6685204208588553, 0.7243425484207568, 31.909747412982085], [0.0, 0.0, 0.0, 1.0]]}]}