{"camera": {"camera": "RealSense D415", "extrinsics": [[-0.67294985, 0.69538015, 0.25216058, 0.5439078], [0.73831624, 0.6522192, 0.17175366, -0.23602442], [-0.045029882, 0.30175585, -0.95232123, 0.0961715], [0.0, 0.0, 0.0, 1.0]], "height": 480, "intrinsics": [[603.75165, 0.0, 326.28275], [0.0, 603.20245, 245.73769], [0.0, 0.0, 1.0]], "width": 640}, "objects": [{"class": "ChocolatePudding", "pose": [[0.19536733551961927, 0.17555027844642376, 0.9648905115109414, 20.462448393246785], [-0.9750006115303722, 0.14095880052972667, 0.1717686443845855, 10.801013409470201], [-0.10585579235988277, -0.9743267942454198, 0.1987003840392721, 47.40474984326056], [0.0, 0.0, 0.0, 1.0]]}, {"class": "MacaroniAndCheese", "pose": [[0.2929500674726457, 0.7244625395105394, -0.6239665712746248, 10.634011877444566], [0.1627684352385909, -0.6808590914484567, -0.7140989967834013, 12.374241685222193], [-0.9421712575196367, 0.10763327769497048, -0.317377365945578, 40.862246747013096], [0.0, 0.0, 0.0, 1.0]]}, {"class": "Milk", "pose": [[0.8800453171938583, 0.4065673209230292, 0.24540425525473522, -5.279573762001166], [0.3846760840516955, -0.9133259909745537, 0.13364126493751807, 11.069571423169029], [0.27846826746827946, -0.023209236223914905, -0.9601649591321103, 38.7811834502167], [0.0, 0.0, 0.0, 1.0]]}, {"class": "Ketchup", "pose": [[0.013375356131691088, 0.21652510680417206, 0.9761854194907291, 4.981485420523324], [-0.9895919296918289, 0.14275865627802886, -0.018105851860399935, 25.348469592269307], [-0.14327930832459426, -0.9657830135773021, 0.21618095168080823, 40.27051306236188], [0.0, 0.0, 0.0, 1.0]]}, {"class": "OrangeJuice", "pose": [[0.0683570575894591, -0.9603580989239907, -0.2702584499387731, 13.74314482816461], [0.9748766891378371, 0.12186140479511202, -0.18645450416149148, -1.2992760563136752], [0.2119971846110851, -0.25072318395364224, 0.9445607826514771, 42.43042782743428], [0.0, 0.0, 0.0, 1.0]]}]}