{"camera": {"camera": "RealSense D415", "extrinsics": [[-0.7838029, -0.6074716, 0.12896217, 0.490967], [-0.4744486, 0.45177746, -0.7555102, -0.08680556], [0.40068877, -0.653357, -0.64231855, -0.062471323], [0.0, 0.0, 0.0, 1.0]], "height": 480, "intrinsics": [[607.12415, 0.0, 326.28275], [0.0, 609.41095, 245.73769], [0.0, 0.0, 1.0]], "width": 640}, "objects": [{"class": "Tuna", "pose": [[0.15403619037807767, 0.15154204641439098, -0.976374866126079, 1.9140749273103552], [0.6584310027701644, -0.7525301683270399, -0.012923055131014645, 5.294984516419851], [-0.7367098966595622, -0.6408848516842072, -0.21569687950352592, 30.222319980090294], [0.0, 0.0, 0.0, 1.0]]}, {"class": "Cherries", "pose": [[0.9735965148749344, 0.14783089330160704, -0.17394215184768366, 7.522638593470194], [0.2246953207356564, -0.7550379631159537, 0.6159786782822757, -0.5080274656838955], [-0.040272222584384045, -0.6387986698701397, -0.7683192150676984, 36.26723547131304], [0.0, 0.0, 0.0, 1.0]]}, {"class": "Mayo", "pose": [[0.9446047829071452, 0.17413062359747403, -0.2782091821181866, -1.4527673660699014], [0.3158966958587118, -0.7123583720038488, 0.6267015816054241, -6.892706864070229], [-0.08905667391194828, -0.6798706584108015, -0.7279043930666944, 34.407892495628175], [0.0, 0.0, 0.0, 1.0]]}, {"class": "Ketchup", "pose": [[0.9716205818824211, 0.16373145329648398, 0.1707204587747404, -12.633179320090488], [0.01630877736596637, -0.7663767080711437, 0.642184405067602, -9.746301991800754], [0.23598198613608853, -0.6211753314723777, -0.7472976104414073, 34.88052250076076], [0.0, 0.0, 0.0, 1.0]]}, {"class": "Butter", "pose": [[0.9510126520132676, -0.15797192711344685, 0.2657439085569526, -8.077933955056576], [0.2889870778033694, 0.7596202928600687, -0.5826349839676798, 0.022136122490368226], [-0.1098244650940088, 0.6308897847247553, 0.7680603330329953, 31.81385741541025], [0.0, 0.0, 0.0, 1.0]]}]}