{"camera": {"camera": "RealSense D415", "extrinsics": [[-0.79211414, -0.59572214, 0.13292976, 0.47896767], [-0.46860525, 0.45398837, -0.7578283, -0.09432115], [0.39110652, -0.6625781, -0.6387691, -0.05951811], [0.0, 0.0, 0.0, 1.0]], "height": 480, "intrinsics": [[607.12415, 0.0, 326.28275], [0.0, 609.41095, 245.73769], [0.0, 0.0, 1.0]], "width": 640}, "objects": [{"class": "Tuna", "pose": [[0.16812305297144797, 0.155506323047788, -0.9734230678669643, 0.3124465937457799], [0.6557003272809606, -0.7549854069530068, -0.007362329815268887, 4.923697209404838], [-0.7360650809022738, -0.6370359886572106, -0.2288960184799692, 29.841762852661507], [0.0, 0.0, 0.0, 1.0]]}, {"class": "Cherries", "pose": [[0.9754391468418088, 0.15175162132008962, -0.15965576325039132, 5.8021537694627865], [0.21853649130963523, -0.757465077911408, 0.615214227338253, -0.899660778654525], [-0.027573883336654108, -0.6349945933335339, -0.7720243447191544, 35.97556763059332], [0.0, 0.0, 0.0, 1.0]]}, {"class": "Mayo", "pose": [[0.9476822905950602, 0.17887207463529634, -0.2643919505430894, -3.1869770373644632], [0.30979984090410884, -0.7150480616339089, 0.6266820692648244, -7.232789192765887], [-0.07695700597199795, -0.6758040236400968, -0.7330529191728268, 34.00929812969119], [0.0, 0.0, 0.0, 1.0]]}, {"class": "Ketchup", "pose": [[0.9684155170323003, 0.1673406098424322, 0.18484737805130122, -14.390395832889519], [0.01082595473776138, -0.7688604594489964, 0.639325019382597, -10.015628367004147], [0.24910689743920708, -0.6171310618029168, -0.7463880007411285, 34.33673315938935], [0.0, 0.0, 0.0, 1.0]]}, {"class": "Butter", "pose": [[0.9542026702194313, -0.1617556609776129, 0.25165932685203096, -9.732998263731712], [0.2828014016900654, 0.7620915349040258, -0.5824430851494627, -0.2830663667722555], [-0.09757395053430055, 0.6269382993702965, 0.772934495545342, 31.30969314623464], [0.0, 0.0, 0.0, 1.0]]}]}