{"camera": {"camera": "RealSense D415", "extrinsics": [[-0.80478156, -0.5809528, 0.12173934, 0.46952617], [-0.45142123, 0.46586666, -0.7610434, -0.11991661], [0.38541603, -0.66742945, -0.6371753, -0.061323985], [0.0, 0.0, 0.0, 1.0]], "height": 480, "intrinsics": [[607.12415, 0.0, 326.28275], [0.0, 609.41095, 245.73769], [0.0, 0.0, 1.0]], "width": 640}, "objects": [{"class": "Tuna", "pose": [[0.1875183505273573, 0.14435710397513551, -0.9715955555364847, -0.5882459029189158], [0.6513383229699835, -0.7586762847800639, 0.01298641816151103, 3.3980628655214176], [-0.73525185941053, -0.6352725586490743, -0.23629104787137656, 29.287361852867743], [0.0, 0.0, 0.0, 1.0]]}, {"class": "Cherries", "pose": [[0.9800185849825984, 0.14053547526310048, -0.14076001588561937, 4.730511801888243], [0.1978660935503505, -0.7610742744467335, 0.6177498854003937, -2.5343644282112705], [-0.020313056487165717, -0.6332579501193689, -0.7736741744365652, 35.46709151206886], [0.0, 0.0, 0.0, 1.0]]}, {"class": "Mayo", "pose": [[0.9545712635452223, 0.16885483677927526, -0.2455234728101574, -4.375191884581514], [0.2896504937855401, -0.719276289856976, 0.6314619334631912, -8.678048039026779], [-0.06997381985267331, -0.673891360045692, -0.7355094011869109, 33.437187195244476], [0.0, 0.0, 0.0, 1.0]]}, {"class": "Ketchup", "pose": [[0.9665089811678464, 0.155744227614652, 0.20397096282913743, -15.637052082098974], [-0.009399556852873464, -0.7727801232508629, 0.6346042014933769, -11.223406431361889], [0.25646065495669185, -0.6152678432093869, -0.7454350363478961, 33.681430496137786], [0.0, 0.0, 0.0, 1.0]]}, {"class": "Butter", "pose": [[0.9606762768540001, -0.1503781129497896, 0.2334256691677989, -10.752279609193844], [0.26250176548552645, 0.76590365110656, -0.5869279201506079, -1.5940980460527028], [-0.09052046628672666, 0.6251223261178313, 0.7752600224541446, 30.68268122480662], [0.0, 0.0, 0.0, 1.0]]}]}