{"camera": {"camera": "RealSense D415", "extrinsics": [[-0.8124545, -0.57404774, 0.10191583, 0.47068977], [-0.43660012, 0.4831922, -0.7588845, -0.1358954], [0.38639098, -0.66105556, -0.643201, -0.067444086], [0.0, 0.0, 0.0, 1.0]], "height": 480, "intrinsics": [[607.12415, 0.0, 326.28275], [0.0, 609.41095, 245.73769], [0.0, 0.0, 1.0]], "width": 640}, "objects": [{"class": "Tuna", "pose": [[0.19792511966002055, 0.12458910755355966, -0.9722670453194039, 0.05438451469232386], [0.6524063052485567, -0.7570232460601027, 0.03580367901058796, 2.573249519779666], [-0.7315679584103733, -0.6413995804611746, -0.2311166357195519, 29.031688378273092], [0.0, 0.0, 0.0, 1.0]]}, {"class": "Cherries", "pose": [[0.983977887367481, 0.12072644033241722, -0.13119698892902323, 5.2739830624678135], [0.17666496216781707, -0.7593521213718711, 0.6262379200786427, -3.517860483794108], [-0.024021221380808748, -0.6393821591106319, -0.7685137828492196, 35.14119783962112], [0.0, 0.0, 0.0, 1.0]]}, {"class": "Mayo", "pose": [[0.9602832653364126, 0.14974273625080858, -0.23544249697645106, -3.9734582835665666], [0.269337166733155, -0.7178868298758306, 0.6419470973071898, -9.447394156246556], [-0.07289413365969996, -0.6798644493243714, -0.7297059508580742, 33.11520162928547], [0.0, 0.0, 0.0, 1.0]]}, {"class": "Ketchup", "pose": [[0.9673619789232013, 0.1357677136940799, 0.21395778971474522, -15.286673544626328], [-0.032252988922648884, -0.7715154034442178, 0.6353926444239038, -11.74912721447695], [0.2513375359755305, -0.621555447432382, -0.741955704656077, 33.400124446648114], [0.0, 0.0, 0.0, 1.0]]}, {"class": "Butter", "pose": [[0.965691732584846, -0.13050270601935768, 0.2245184345804415, -10.208707945960638], [0.2422113811925505, 0.7644529100265597, -0.5974491449544989, -2.2068192716339334], [-0.0936650207664438, 0.631332602853934, 0.769835052042523, 30.4445013533431], [0.0, 0.0, 0.0, 1.0]]}]}