{"camera": {"camera": "RealSense D415", "extrinsics": [[-0.81180495, -0.57483554, 0.1026487, 0.47173932], [-0.4378288, 0.48289725, -0.75836414, -0.13277069], [0.3863659, -0.66058636, -0.643698, -0.06929212], [0.0, 0.0, 0.0, 1.0]], "height": 480, "intrinsics": [[607.12415, 0.0, 326.28275], [0.0, 609.41095, 245.73769], [0.0, 0.0, 1.0]], "width": 640}, "objects": [{"class": "Tuna", "pose": [[0.1969090071019466, 0.12532022892630276, -0.9723793812013541, 0.15039830708470925], [0.6530967851366531, -0.7564763198911284, 0.034758914002193005, 2.8063357981161277], [-0.7312260051845709, -0.6419022297899564, -0.23080326963401368, 28.870902107639967], [0.0, 0.0, 0.0, 1.0]]}, {"class": "Cherries", "pose": [[0.9837542761087053, 0.1214610129946959, -0.13219199825134761, 5.37926150406175], [0.1778805897332185, -0.7588111473408276, 0.6265494025868414, -3.2821513904952386], [-0.024207416586021165, -0.6398850833489838, -0.7680893005575266, 34.975101542285294], [0.0, 0.0, 0.0, 1.0]]}, {"class": "Mayo", "pose": [[0.959931894174324, 0.15041452072240954, -0.23644493723546867, -3.86154447232851], [0.270553813850764, -0.7172856037761833, 0.6421074768609296, -9.221721787360519], [-0.07301624277805842, -0.6803505657483886, -0.7292405834274978, 32.94823076938378], [0.0, 0.0, 0.0, 1.0]]}, {"class": "Ketchup", "pose": [[0.9674760593260469, 0.13652247326555728, 0.212959307770151, -15.171855981759991], [-0.03122663956212614, -0.7709670122817884, 0.6361090931353025, -11.537436545113973], [0.2510278188265136, -0.6220703599991946, -0.7416290136766022, 33.23512801503807], [0.0, 0.0, 0.0, 1.0]]}, {"class": "Butter", "pose": [[0.9653672227186083, -0.13124591380914682, 0.22547863147204347, -10.106427853036553], [0.24344741919627863, 0.763904944392995, -0.5976475595474928, -1.9871235702812489], [-0.093805424205764, 0.6318415938675105, 0.7694003088053675, 30.283850909871195], [0.0, 0.0, 0.0, 1.0]]}]}