{"camera": {"camera": "RealSense D415", "extrinsics": [[-0.81198347, -0.575029, 0.10012234, 0.47408965], [-0.42673305, 0.46781522, -0.7739818, -0.12774312], [0.39822322, -0.671186, -0.6252421, -0.06624106], [0.0, 0.0, 0.0, 1.0]], "height": 480, "intrinsics": [[607.12415, 0.0, 326.28275], [0.0, 609.41095, 245.73769], [0.0, 0.0, 1.0]], "width": 640}, "objects": [{"class": "Tuna", "pose": [[0.19691753809311127, 0.12280041046240599, -0.9726991205772438, 0.4764748610564362], [0.6347494263380363, -0.7720949044465258, 0.031026775355508216, 4.265638573871905], [-0.747205957379958, -0.6235298916134979, -0.22998657545775436, 28.851494062436856], [0.0, 0.0, 0.0, 1.0]]}, {"class": "Cherries", "pose": [[0.9840484283083996, 0.11894016816231524, -0.1322949883080249, 5.704035111628181], [0.17532990559182118, -0.7743725242162031, 0.6079528389948573, -1.6828375631853327], [-0.03013554428612375, -0.6214502702148998, -0.7828738748935442, 35.09330402062693], [0.0, 0.0, 0.0, 1.0]]}, {"class": "Mayo", "pose": [[0.9603200164088019, 0.14790432269689277, -0.23645256226630676, -3.55144566590187], [0.26683562004577877, -0.7338989581823606, 0.6246527895970262, -7.651964969453898], [-0.08114340021503534, -0.6629605104563361, -0.7442440483789179, 33.22654308872403], [0.0, 0.0, 0.0, 1.0]]}, {"class": "Ketchup", "pose": [[0.967836607047685, 0.13400849480319235, 0.21291797051714023, -14.865638932036356], [-0.026994514953755117, -0.7861210584896061, 0.6174828046669066, -9.938065269416658], [0.25012729894040214, -0.6033700451068527, -0.7572192657103738, 33.58817142788754], [0.0, 0.0, 0.0, 1.0]]}, {"class": "Butter", "pose": [[0.9656687775485494, -0.1287289097887521, 0.22563846445723604, -9.78704828838805], [0.23922149160066486, 0.7792883186062562, -0.5792087973588657, -0.4721482105814051], [-0.10127646016095944, 0.6133013871928302, 0.7833291648183669, 30.397338651367576], [0.0, 0.0, 0.0, 1.0]]}]}