{"camera": {"camera": "RealSense D415", "extrinsics": [[-0.76117885, 0.5949843, 0.25807065, 0.5661977], [0.64470994, 0.7373871, 0.20151766, -0.17723763], [-0.07039812, 0.31977168, -0.9448758, 0.09295436], [0.0, 0.0, 0.0, 1.0]], "height": 480, "intrinsics": [[603.75165, 0.0, 326.28275], [0.0, 603.20245, 245.73769], [0.0, 0.0, 1.0]], "width": 640}, "objects": [{"class": "ChocolatePudding", "pose": [[0.32336691615632024, 0.18684023944182207, 0.9276446279488975, 17.32885383672034], [-0.9415838618620065, 0.16101047178689432, 0.2957962915095165, 12.047043477567557], [-0.09409385889185266, -0.9691060007825348, 0.22799120622361013, 45.7996170634774], [0.0, 0.0, 0.0, 1.0]]}, {"class": "MacaroniAndCheese", "pose": [[0.2993353428121959, 0.8027835481779941, -0.5156907218671191, 7.59351073225043], [0.1979155867855069, -0.5809577438617131, -0.7895045961672726, 12.321742586449188], [-0.9333958748020795, 0.13426338887905756, -0.33278456763850517, 38.942125230500444], [0.0, 0.0, 0.0, 1.0]]}, {"class": "Milk", "pose": [[0.8134160608211659, 0.5220428242182966, 0.256564991731018, -7.94207564822893], [0.49602346525878555, -0.8529034546105853, 0.16283858891794514, 8.96049271599281], [0.3038338828255757, -0.0051932765152959155, -0.952710914535645, 36.36865496652698], [0.0, 0.0, 0.0, 1.0]]}, {"class": "Ketchup", "pose": [[0.14609045494281506, 0.22694212263589617, 0.9628888021208314, 0.32893984205198956], [-0.9797189423049601, 0.1681238570163428, 0.10901903414353668, 24.45214292774534], [-0.13714357643799568, -0.9592870943571252, 0.24690078005311025, 38.09880806451238], [0.0, 0.0, 0.0, 1.0]]}, {"class": "OrangeJuice", "pose": [[-0.06537786923062149, -0.9595468214428754, -0.2738532909703897, 12.396883956344873], [0.9758384210868595, -0.004141389724423255, -0.21845414126687304, -0.830438261082056], [0.2084828539320641, -0.28151862439213526, 0.9366334656021407, 40.68531857203233], [0.0, 0.0, 0.0, 1.0]]}]}