{"camera": {"camera": "RealSense D415", "extrinsics": [[-0.80565625, -0.5899011, 0.05417275, 0.49874383], [-0.3973606, 0.47033262, -0.78796685, -0.15276864], [0.43934327, -0.6563566, -0.6133299, -0.07756771], [0.0, 0.0, 0.0, 1.0]], "height": 480, "intrinsics": [[607.12415, 0.0, 326.28275], [0.0, 609.41095, 245.73769], [0.0, 0.0, 1.0]], "width": 640}, "objects": [{"class": "Tuna", "pose": [[0.18232000755085692, 0.07694339735698949, -0.9802240383677161, 4.901719505391455], [0.6151432684238236, -0.7866543061795315, 0.0526666036366234, 3.672216561954389], [-0.7670451225180027, -0.6125803949436381, -0.19075411078824414, 29.25577559931247], [0.0, 0.0, 0.0, 1.0]]}, {"class": "Cherries", "pose": [[0.9861807579224149, 0.0731144740751897, -0.14866681986366143, 10.226330209719702], [0.148399624757988, -0.7887886583587729, 0.5964813602056793, -2.2956156228959745], [-0.07365520896552706, -0.6103005410161173, -0.7887383919007964, 35.39625148151882], [0.0, 0.0, 0.0, 1.0]]}, {"class": "Mayo", "pose": [[0.9627479921565788, 0.10138128865101981, -0.25067543727702474, 0.7502198151804917], [0.23953366378040128, -0.7498882819562815, 0.6166775476350297, -8.049468988757607], [-0.12545894083346595, -0.6537502767439771, -0.7462377106878827, 34.026687618846125], [0.0, 0.0, 0.0, 1.0]]}, {"class": "Ketchup", "pose": [[0.9763021821832174, 0.08860602883116717, 0.19744127649291457, -10.594866506717182], [-0.04812900913170797, -0.8005942029030833, 0.5972709016974938, -10.02550796152546], [0.21099222303698847, -0.5926195368451833, -0.7773573550162656, 34.894030556388685], [0.0, 0.0, 0.0, 1.0]]}, {"class": "Butter", "pose": [[0.9665449062704029, -0.08310023958674106, 0.24266299941988945, -5.408631587179058], [0.2114139168521283, 0.7938103718771046, -0.5702361427673057, -0.7600488109453546], [-0.1452415779276555, 0.6024611742089849, 0.7848219598370003, 31.311948649397287], [0.0, 0.0, 0.0, 1.0]]}]}