{"camera": {"camera": "RealSense D415", "extrinsics": [[-0.8076905, -0.58791363, 0.04465018, 0.50316095], [-0.39458016, 0.48270443, -0.7818586, -0.16153418], [0.4381125, -0.6491179, -0.62185484, -0.08177258], [0.0, 0.0, 0.0, 1.0]], "height": 480, "intrinsics": [[607.12415, 0.0, 326.28275], [0.0, 609.41095, 245.73769], [0.0, 0.0, 1.0]], "width": 640}, "objects": [{"class": "Tuna", "pose": [[0.1852052006837691, 0.06743456962446985, -0.9803834354979982, 5.655674861421456], [0.6215689365740679, -0.7807638214678002, 0.06371722516883163, 2.8138599677884373], [-0.7611512106027581, -0.6211766253427567, -0.18651679992331982, 29.20222887045791], [0.0, 0.0, 0.0, 1.0]]}, {"class": "Cherries", "pose": [[0.9872359886468018, 0.06359440373463587, -0.14601685749877813, 10.947205875306022], [0.1400889077968782, -0.7828869773920453, 0.606187306987091, -3.267772507725397], [-0.07576454435936805, -0.6189052418463168, -0.781803119308861, 35.25907529019874], [0.0, 0.0, 0.0, 1.0]]}, {"class": "Mayo", "pose": [[0.9644583748895725, 0.09206126301688378, -0.24767889513785754, 1.4133715807275127], [0.2319811282649872, -0.7437881887467519, 0.6268682947954575, -8.919227064454379], [-0.12651032447733132, -0.6620451823863818, -0.7387092771906396, 33.86398788168136], [0.0, 0.0, 0.0, 1.0]]}, {"class": "Ketchup", "pose": [[0.9765774424618816, 0.07904043157365291, 0.20012290521294762, -9.946267156527488], [-0.05935940759892141, -0.7950222045511472, 0.603668889052744, -10.799845380609776], [0.20681644882055183, -0.6014085697740387, -0.7717089934862078, 34.75274281078514], [0.0, 0.0, 0.0, 1.0]]}, {"class": "Butter", "pose": [[0.967923036898084, -0.07356179558806329, 0.2402368102757345, -4.687661384472741], [0.20403979634979721, 0.7880835865883564, -0.5807684518511669, -1.5449237928054886], [-0.14660429056856997, 0.6111570071401615, 0.7778138443986848, 31.249805296485434], [0.0, 0.0, 0.0, 1.0]]}]}