{"camera": {"camera": "RealSense D415", "extrinsics": [[-0.8344726, -0.5502577, 0.029529806, 0.52873844], [-0.37659904, 0.5303563, -0.75953627, -0.14207517], [0.40227935, -0.6449331, -0.64979434, -0.0590845], [0.0, 0.0, 0.0, 1.0]], "height": 480, "intrinsics": [[607.12415, 0.0, 326.28275], [0.0, 609.41095, 245.73769], [0.0, 0.0, 1.0]], "width": 640}, "objects": [{"class": "Tuna", "pose": [[0.23058018256750767, 0.05231351908864571, -0.9716461241509394, 8.034842633736899], [0.6410274295497327, -0.7594147356163401, 0.11123450159712989, 5.205085455839351], [-0.7320632915713386, -0.6485002777670699, -0.20864040569079123, 31.025977266895495], [0.0, 0.0, 0.0, 1.0]]}, {"class": "Cherries", "pose": [[0.9937805809835774, 0.04833094913302778, -0.1003214417046084, 12.911243597530852], [0.10165926105200947, -0.7614589759201521, 0.64019187989612, -1.3106737097817844], [-0.04544955722633241, -0.6464088508063605, -0.761636414153222, 36.97892092025801], [0.0, 0.0, 0.0, 1.0]]}, {"class": "Mayo", "pose": [[0.9761162908742069, 0.07950528888245927, -0.20217816692101628, 3.1967706134830634], [0.19622992834867278, -0.7220098186632957, 0.6634724240132391, -6.505811221202304], [-0.09322502988443471, -0.6872996358550914, -0.7203668484692721, 35.129929537919274], [0.0, 0.0, 0.0, 1.0]]}, {"class": "Ketchup", "pose": [[0.9674779068719109, 0.062797982607106, 0.24503679018683916, -8.249527412921509], [-0.10747508556426637, -0.7748633367867058, 0.622925305103798, -7.944449856216126], [0.228988493471119, -0.6290018092713008, -0.7429139154762845, 35.65963613722248], [0.0, 0.0, 0.0, 1.0]]}, {"class": "Butter", "pose": [[0.9789813761271743, -0.05786830136872514, 0.19556799416747003, -2.5279105706299987], [0.168930043706185, 0.7673477949384644, -0.6185790348762533, 1.2070927727053649], [-0.11427252568001268, 0.6386146534283003, 0.7609948792984151, 32.64476489149516], [0.0, 0.0, 0.0, 1.0]]}]}