{"camera": {"camera": "RealSense D415", "extrinsics": [[-0.8320629, 0.49163294, 0.25684303, 0.583034], [0.5442483, 0.81300044, 0.20693973, -0.11626345], [-0.10707512, 0.31197327, -0.9440379, 0.095386006], [0.0, 0.0, 0.0, 1.0]], "height": 480, "intrinsics": [[603.75165, 0.0, 326.28275], [0.0, 603.20245, 245.73769], [0.0, 0.0, 1.0]], "width": 640}, "objects": [{"class": "ChocolatePudding", "pose": [[0.4383793209737317, 0.1917720492872863, 0.8780928064222273, 14.702436902995569], [-0.8968573392847813, 0.1573690794427387, 0.4133785823281738, 14.035296709174688], [-0.05891021224509031, -0.9687406194195441, 0.24097954818496647, 44.22387049034518], [0.0, 0.0, 0.0, 1.0]]}, {"class": "MacaroniAndCheese", "pose": [[0.2979148600107824, 0.8638351675912436, -0.4062455711180904, 5.194455150833299], [0.2087358018038712, -0.4742208790378318, -0.85530339029561, 12.932588858553157], [-0.9314912948778334, 0.1700096024376368, -0.3215908053868585, 37.13445087533781], [0.0, 0.0, 0.0, 1.0]]}, {"class": "Milk", "pose": [[0.7382621428705846, 0.6222706154768639, 0.26028487115827, -9.73929421135421], [0.5999678371325498, -0.7821476595142599, 0.16817728635026588, 7.622058792945584], [0.308233017905704, 0.03200362141672898, -0.9507723798851707, 34.29603818687941], [0.0, 0.0, 0.0, 1.0]]}, {"class": "Ketchup", "pose": [[0.2683116081057554, 0.23042591332259224, 0.9353676838873852, -3.4721902347090716], [-0.9575949187651033, 0.169609487832326, 0.23290461505473437, 24.052380565099586], [-0.1049799936865959, -0.9581943711357057, 0.26616290408876664, 35.76650990944762], [0.0, 0.0, 0.0, 1.0]]}, {"class": "OrangeJuice", "pose": [[-0.1896778310833599, -0.9439323107333607, -0.27021109855960623, 11.519844721422901], [0.9655252225268494, -0.1293514798096791, -0.22589644941168738, 0.5202447914603697], [0.1782787738171466, -0.30374320451608744, 0.9359255782273008, 39.37367570128275], [0.0, 0.0, 0.0, 1.0]]}]}