{"camera": {"camera": "RealSense D415", "extrinsics": [[-0.8610778, -0.5080602, 0.02048921, 0.5451008], [-0.3502974, 0.56352425, -0.7481525, -0.13371694], [0.36856037, -0.65139484, -0.6632104, -0.051326897], [0.0, 0.0, 0.0, 1.0]], "height": 480, "intrinsics": [[607.12415, 0.0, 326.28275], [0.0, 609.41095, 245.73769], [0.0, 0.0, 1.0]], "width": 640}, "objects": [{"class": "Tuna", "pose": [[0.27891167409843304, 0.04320694931762427, -0.9593442755298004, 9.307475410571946], [0.6445491384572367, -0.7489628657198711, 0.15365896958602582, 7.137176689189559], [-0.7118741189613627, -0.6612017895509117, -0.23674348987984117, 30.751116584945386], [0.0, 0.0, 0.0, 1.0]]}, {"class": "Cherries", "pose": [[0.9979514868841631, 0.03908221363150807, -0.05064989450012524, 13.731013796757201], [0.06277429066530821, -0.7508844657434528, 0.6574434976362338, 0.3249017427603057], [-0.01233787592546131, -0.6592762099769324, -0.7517996432088344, 36.72582628451341], [0.0, 0.0, 0.0, 1.0]]}, {"class": "Mayo", "pose": [[0.9855541550171615, 0.07307574830117533, -0.15278397804794572, 3.8842806331704227], [0.15882812574015662, -0.7119713799690878, 0.6840105449671867, -4.444333290709763], [-0.05879324371665882, -0.6983958113508435, -0.7132928521537981, 34.472951947850355], [0.0, 0.0, 0.0, 1.0]]}, {"class": "Ketchup", "pose": [[0.9546770229301443, 0.05244655129618016, 0.29298659108549174, -7.620769776726033], [-0.15010749875215695, -0.7651695850969713, 0.6260856889503433, -5.434953508710221], [0.25702046468919604, -0.6416890884376967, -0.722617216971598, 34.61606569171563], [0.0, 0.0, 0.0, 1.0]]}, {"class": "Butter", "pose": [[0.9880180244301113, -0.04812633174501834, 0.14664324397499987, -1.4505580776939864], [0.131823483256152, 0.7572897260473367, -0.6396365257964018, 3.5346111723814744], [-0.0802680682495885, 0.6513034224241288, 0.754560094963235, 31.960414908402274], [0.0, 0.0, 0.0, 1.0]]}]}