{"camera": {"camera": "RealSense D415", "extrinsics": [[-0.8741233, -0.4856795, 0.0048923395, 0.55655473], [-0.33128917, 0.588826, -0.73724586, -0.13551196], [0.35518447, -0.6460645, -0.6756069, -0.058025252], [0.0, 0.0, 0.0, 1.0]], "height": 480, "intrinsics": [[607.12415, 0.0, 326.28275], [0.0, 609.41095, 245.73769], [0.0, 0.0, 1.0]], "width": 640}, "objects": [{"class": "Tuna", "pose": [[0.30381715560406053, 0.027558151141409016, -0.9523317641361438, 10.740739720602793], [0.6479947275946545, -0.7387481235918472, 0.18534860794100383, 7.6574238457197215], [-0.6984253864127613, -0.6734180359291253, -0.24230185028013299, 30.035978735795933], [0.0, 0.0, 0.0, 1.0]]}, {"class": "Cherries", "pose": [[0.9994179533373565, 0.023362448957802956, -0.024860716844018634, 14.911689427804708], [0.03400577342569241, -0.7405812090601652, 0.6711059109613909, 0.6208551358733466], [-0.0027327226911211472, -0.6715606909671209, -0.7409445517203622, 35.93189388382058], [0.0, 0.0, 0.0, 1.0]]}, {"class": "Mayo", "pose": [[0.9902175926731798, 0.05881686218630395, -0.12652984074684984, 4.952233708199727], [0.13114153650275598, -0.7020220432364075, 0.6999764365894671, -3.822519969462496], [-0.04765633450940589, -0.7097222841997841, -0.7028678476363809, 33.514277531169746], [0.0, 0.0, 0.0, 1.0]]}, {"class": "Ketchup", "pose": [[0.947585748487822, 0.036149506273638526, 0.3174501018668605, -6.577431738023465], [-0.18200259238981914, -0.7555397427141282, 0.629312972303501, -4.481342612802695], [0.2625954806423625, -0.6541047341598475, -0.7093593366168605, 33.54212859103497], [0.0, 0.0, 0.0, 1.0]]}, {"class": "Butter", "pose": [[0.9920954235322722, -0.03214554083279951, 0.12129896754392225, -0.1272479632794088], [0.10443939884182642, 0.7473783690947323, -0.6561387421464066, 4.348641439639319], [-0.0695643042735327, 0.6636206224379173, 0.7448278560819818, 31.091904590671515], [0.0, 0.0, 0.0, 1.0]]}]}