{"camera": {"camera": "RealSense D415", "extrinsics": [[-0.8934882, -0.44862735, -0.020304773, 0.59333193], [-0.2937268, 0.6179934, -0.72925216, -0.14273565], [0.33971068, -0.64561415, -0.6839437, -0.06477349], [0.0, 0.0, 0.0, 1.0]], "height": 480, "intrinsics": [[607.12415, 0.0, 326.28275], [0.0, 609.41095, 245.73769], [0.0, 0.0, 1.0]], "width": 640}, "objects": [{"class": "Tuna", "pose": [[0.34342051491199194, 0.00223352354013508, -0.9391790870344259, 14.970414303570662], [0.6405886346039628, -0.7318409521598018, 0.2324974043133303, 8.628886951547093], [-0.6868104199081873, -0.6814718113749366, -0.25275998089166746, 29.00445307042936], [0.0, 0.0, 0.0, 1.0]]}, {"class": "Cherries", "pose": [[0.9998566860282934, -0.0020686029365442568, 0.01680251466448652, 18.725697566457853], [-0.012937681057741209, -0.7334951222941294, 0.6795715878654284, 1.3403447874013459], [0.010918815446456868, -0.6796915654760982, -0.7334167613460653, 34.873604374772235], [0.0, 0.0, 0.0, 1.0]]}, {"class": "Mayo", "pose": [[0.9958337508844317, 0.03567484634080317, -0.08391925971219191, 8.603463224083441], [0.08500699510828559, -0.696229691569598, 0.7127678783544694, -2.6037977392752736], [-0.0329991794788366, -0.7169320172674271, -0.696361635433798, 32.272968265076244], [0.0, 0.0, 0.0, 1.0]]}, {"class": "Ketchup", "pose": [[0.9343154429949745, 0.009762256323595552, 0.3563135522895756, -2.943688449482751], [-0.22915366418304378, -0.749227078819063, 0.6214075986098884, -2.720712871133309], [0.2730261162737524, -0.6622412559086631, -0.6977773637331901, 32.140255529091284], [0.0, 0.0, 0.0, 1.0]]}, {"class": "Butter", "pose": [[0.9967616142718081, -0.0062763392448328785, 0.0801678744422092, 3.9459296902919494], [0.05848658563425423, 0.7407834126750769, -0.6691930034457052, 5.82281121247383], [-0.05518693245759573, 0.6717146276654308, 0.7387515495751366, 29.877859756018267], [0.0, 0.0, 0.0, 1.0]]}]}