{"camera": {"camera": "RealSense D415", "extrinsics": [[-0.9051913, -0.4205584, -0.06131314, 0.6039157], [-0.26156887, 0.66497815, -0.6995611, -0.17595418], [0.33497822, -0.61719906, -0.7119374, -0.06847715], [0.0, 0.0, 0.0, 1.0]], "height": 480, "intrinsics": [[607.12415, 0.0, 326.28275], [0.0, 609.41095, 245.73769], [0.0, 0.0, 1.0]], "width": 640}, "objects": [{"class": "Tuna", "pose": [[0.3713574471071664, -0.03892073296078758, -0.9276738823880923, 17.458636194824134], [0.6492324813643059, -0.7033789813555577, 0.2894048607334415, 6.087115185227845], [-0.6637701967997139, -0.7097486145924377, -0.23593644598676292, 29.859742017393405], [0.0, 0.0, 0.0, 1.0]]}, {"class": "Cherries", "pose": [[0.9979627862947617, -0.043290509022286316, 0.04686382443357536, 20.87449534791948], [-0.06375168941592099, -0.7048835580882788, 0.7064523135504638, -1.6088233140047203], [0.0024508727962669692, -0.7080007149140317, -0.706207446522647, 35.40738786014487], [0.0, 0.0, 0.0, 1.0]]}, {"class": "Mayo", "pose": [[0.9986485354234658, -0.003928869305416033, -0.0518235055134237, 10.550052797986858], [0.035938147588789805, -0.6681186975685897, 0.7431862722053705, -4.931241034404421], [-0.03754412759940674, -0.7440442727296586, -0.6670746100109582, 32.73407090005869], [0.0, 0.0, 0.0, 1.0]]}, {"class": "Ketchup", "pose": [[0.9231066532245533, -0.032168681522761304, 0.38319615308977684, -0.988766041964062], [-0.2866277201143977, -0.7218725923839875, 0.6298765673639729, -4.460503259004328], [0.2563565285294553, -0.6912778363095504, -0.6755858642154914, 32.68867409456273], [0.0, 0.0, 0.0, 1.0]]}, {"class": "Butter", "pose": [[0.9980988685366027, 0.03527841826148531, 0.050538014128702784, 6.31147780869078], [0.01030685943684199, 0.7128943437270818, -0.7011956952362586, 3.807926911229989], [-0.06076533039909184, 0.7003834653853689, 0.7111754724795777, 30.709638825320653], [0.0, 0.0, 0.0, 1.0]]}]}