{"camera": {"camera": "RealSense D415", "extrinsics": [[-0.9216704, -0.38043734, -0.07609974, 0.59005964], [-0.23499888, 0.70348984, -0.67072916, -0.2046649], [0.3087058, -0.6003078, -0.7377881, -0.05591673], [0.0, 0.0, 0.0, 1.0]], "height": 480, "intrinsics": [[607.12415, 0.0, 326.28275], [0.0, 609.41095, 245.73769], [0.0, 0.0, 1.0]], "width": 640}, "objects": [{"class": "Tuna", "pose": [[0.4109162864012217, -0.05393189265986585, -0.9100765205498809, 16.371822509450993], [0.656143923644491, -0.6755595686291307, 0.3362952414374353, 3.68483052084059], [-0.6329478783405441, -0.7353303290569962, -0.2422113201224255, 31.158575391084987], [0.0, 0.0, 0.0, 1.0]]}, {"class": "Cherries", "pose": [[0.9942314843853794, -0.05839380230100788, 0.08996686079607577, 19.356392511111732], [-0.10567168784191033, -0.676940144433575, 0.7284130723417316, -4.339365611284066], [0.01836736734347528, -0.7337181186437901, -0.6792057091286866, 36.48554032157789], [0.0, 0.0, 0.0, 1.0]]}, {"class": "Mayo", "pose": [[0.9998272397745227, -0.01684177778556395, -0.007871585463155266, 8.958273375858338], [-0.004745564786411811, -0.6406088069352533, 0.7678527885000326, -7.128359779435378], [-0.017974611561819835, -0.7676827340509278, -0.6405779939254921, 33.50563398813673], [0.0, 0.0, 0.0, 1.0]]}, {"class": "Ketchup", "pose": [[0.905225464614713, -0.048316251305351915, 0.42217592873670373, -2.548076472647609], [-0.33405318210292395, -0.6949627230105208, 0.6367380574994239, -6.171921220866766], [0.26263171011179653, -0.7174206764139796, -0.6452380886306813, 33.266578734628396], [0.0, 0.0, 0.0, 1.0]]}, {"class": "Butter", "pose": [[0.9986774525018199, 0.05087172665496608, 0.007451846981809099, 5.125368836155275], [-0.02949312416584284, 0.6855450782061014, -0.7274325880036963, 1.8473507761090413], [-0.04211432603775561, 0.7262507048091261, 0.6861387107786202, 31.721715012535878], [0.0, 0.0, 0.0, 1.0]]}]}