{"camera": {"camera": "RealSense D415", "extrinsics": [[-0.9291742, -0.36229563, -0.07332923, 0.5659986], [-0.23556004, 0.7332417, -0.6378621, -0.19038454], [0.2848627, -0.5754116, -0.76665163, -0.034794565], [0.0, 0.0, 0.0, 1.0]], "height": 480, "intrinsics": [[607.12415, 0.0, 326.28275], [0.0, 609.41095, 245.73769], [0.0, 0.0, 1.0]], "width": 640}, "objects": [{"class": "Tuna", "pose": [[0.4288004622258168, -0.051264414229119364, -0.9019435497713263, 13.71955726799482], [0.6767952907930682, -0.6430865733639535, 0.358312448143082, 4.102387212955044], [-0.5983964717200124, -0.7640756447862613, -0.2410603383056575, 33.63277687188659], [0.0, 0.0, 0.0, 1.0]]}, {"class": "Cherries", "pose": [[0.9924172962528657, -0.05576752335762607, 0.10953509475113031, 16.52065076072579], [-0.11957039263829976, -0.6444746049986775, 0.755218790610427, -4.178861853547289], [0.02847593396131835, -0.7625892989767635, -0.646255906973157, 38.65738927393156], [0.0, 0.0, 0.0, 1.0]]}, {"class": "Mayo", "pose": [[0.9998447026276795, -0.013245436881912091, 0.011626374095266064, 6.134692759809979], [-0.01728128021981173, -0.6072956242924404, 0.7942879824372091, -6.700794119773494], [-0.003460020426148871, -0.7943655046267577, -0.6074302333142997, 35.40916889137373], [0.0, 0.0, 0.0, 1.0]]}, {"class": "Ketchup", "pose": [[0.8968104151359293, -0.04616881123336867, 0.4399995042252306, -5.3536333924508845], [-0.3568714841855551, -0.6633026233776244, 0.657778374964177, -5.582122412586296], [0.26148401168835755, -0.7469257273287327, -0.6113330389504105, 35.04183227116604], [0.0, 0.0, 0.0, 1.0]]}, {"class": "Butter", "pose": [[0.9987498062607368, 0.048469817071734964, -0.012228854100111403, 2.443449495198524], [-0.040968534348073425, 0.6534868853137806, -0.755828344858287, 2.392510663880307], [-0.028643439406305368, 0.7553843652315283, 0.6546556569443787, 33.95196786132777], [0.0, 0.0, 0.0, 1.0]]}]}