{"camera": {"camera": "RealSense D415", "extrinsics": [[-0.97261685, -0.22221078, -0.068108566, 0.53827757], [-0.14429125, 0.8070583, -0.57257044, -0.2505888], [0.18219891, -0.54706424, -0.8170216, -0.021817287], [0.0, 0.0, 0.0, 1.0]], "height": 480, "intrinsics": [[607.12415, 0.0, 326.28275], [0.0, 609.41095, 245.73769], [0.0, 0.0, 1.0]], "width": 640}, "objects": [{"class": "Tuna", "pose": [[0.5564074167469703, -0.0471039026996759, -0.8295733853323609, 10.34662774330779], [0.660617500500221, -0.5804860971356696, 0.4760466564272898, 0.3925800836460547], [-0.5039794977540368, -0.8129065805424316, -0.291869155198227, 32.64859220693982], [0.0, 0.0, 0.0, 1.0]]}, {"class": "Cherries", "pose": [[0.9658608520227021, -0.051854824081191464, 0.2538186054288778, 11.722463390894921], [-0.23583999339334086, -0.5814366237750141, 0.7786597203399607, -8.474128333816086], [0.10720220705985274, -0.8119375130969566, -0.5738163540969821, 37.248646275627365], [0.0, 0.0, 0.0, 1.0]]}, {"class": "Mayo", "pose": [[0.9875184152726909, -0.0026333439212550534, 0.15748154720307822, 1.4869265438032464], [-0.13321294247749155, -0.547425746234695, 0.826183620236106, -9.548941408955052], [0.08403386036260821, -0.8368501143934406, -0.5409438445476282, 32.90609395357053], [0.0, 0.0, 0.0, 1.0]]}, {"class": "Ketchup", "pose": [[0.8226727168889678, -0.045942513906360484, 0.5666558735377746, -9.719426084460492], [-0.47538034787027744, -0.6022535954209575, 0.6413299787876958, -7.079417724355352], [0.3118062738687763, -0.7969817349250674, -0.5172977946730734, 31.607206826121804], [0.0, 0.0, 0.0, 1.0]]}, {"class": "Butter", "pose": [[0.9862811192132857, 0.04632239199529437, -0.1584417324936614, -1.0264377556276738], [-0.15488364092319054, 0.5916959467270763, -0.7911428280858569, -0.011292821434738531], [0.0571017354991755, 0.8048292595518114, 0.5907531645061169, 31.83224084140282], [0.0, 0.0, 0.0, 1.0]]}]}