{"camera": {"camera": "RealSense D415", "extrinsics": [[-0.9693689, -0.2419919, -0.041999403, 0.5583956], [-0.17965385, 0.8152145, -0.5505904, -0.21183515], [0.16747694, -0.52617985, -0.83371836, -0.036367733], [0.0, 0.0, 0.0, 1.0]], "height": 480, "intrinsics": [[607.12415, 0.0, 326.28275], [0.0, 609.41095, 245.73769], [0.0, 0.0, 1.0]], "width": 640}, "objects": [{"class": "Tuna", "pose": [[0.540372872501221, -0.02079851913427108, -0.8411686643509281, 11.23779125457524], [0.6918651676146017, -0.5579647783228602, 0.45825528838626023, 1.8881197721238556], [-0.47887350340134904, -0.8296039926729079, -0.2871192652735173, 31.433427390341386], [0.0, 0.0, 0.0, 1.0]]}, {"class": "Cherries", "pose": [[0.9716756259048395, -0.025526648713156786, 0.23493618249907322, 12.845515801985568], [-0.20869828492455347, -0.5590901013833505, 0.802410928231875, -7.060612372113442], [0.11086764320395594, -0.8287138865501336, -0.5485815794750032, 35.79316959443462], [0.0, 0.0, 0.0, 1.0]]}, {"class": "Mayo", "pose": [[0.990330557362334, 0.022847916148196385, 0.1368338463298328, 2.692325093152559], [-0.10482167294952081, -0.5228607381955449, 0.8459486264986227, -8.327288254597114], [0.0908732199859184, -0.8521118937378248, -0.5154099997573232, 31.31126542346831], [0.0, 0.0, 0.0, 1.0]]}, {"class": "Ketchup", "pose": [[0.8340530784981731, -0.01911259039147728, 0.5513531651814205, -8.572574071126304], [-0.4583795339624498, -0.5801362239149813, 0.6732979859521838, -6.170845007505007], [0.3069914801175969, -0.8142952322765808, -0.49262520767491347, 29.96226169437551], [0.0, 0.0, 0.0, 1.0]]}, {"class": "Butter", "pose": [[0.9900411368276435, 0.01974575299689902, -0.13938720976809638, -0.10834209324285249], [-0.12573398097403574, 0.5693733820336009, -0.8124068754025122, 1.1546429648348788], [0.06332179346274153, 0.8218419025872481, 0.566185770780536, 30.4829270363912], [0.0, 0.0, 0.0, 1.0]]}]}