{"camera": {"camera": "RealSense D415", "extrinsics": [[-0.9837865, -0.17857116, 0.016625613, 0.590704], [-0.15064862, 0.7725237, -0.61685663, -0.17534856], [0.09730913, -0.60935986, -0.7868999, 0.014438989], [0.0, 0.0, 0.0, 1.0]], "height": 480, "intrinsics": [[607.12415, 0.0, 326.28275], [0.0, 609.41095, 245.73769], [0.0, 0.0, 1.0]], "width": 640}, "objects": [{"class": "Tuna", "pose": [[0.5940739982321828, 0.037234556861485545, -0.8035481724850295, 12.17838136711708], [0.6417778201120626, -0.624183352121295, 0.4455517741820983, 9.020224891642103], [-0.48497146868062807, -0.7803901025684996, -0.3947074253514415, 30.555802842981272], [0.0, 0.0, 0.0, 1.0]]}, {"class": "Cherries", "pose": [[0.9539702346019902, 0.032424422471153576, 0.29814332362994506, 13.213846538391733], [-0.21338581894189412, -0.6251602760444501, 0.7507603695324545, 0.4389148185743652], [0.21073034635136012, -0.7798225873389364, -0.589465387152906, 35.7481881194347], [0.0, 0.0, 0.0, 1.0]]}, {"class": "Mayo", "pose": [[0.9765330893956189, 0.08339199336985674, 0.19856710165967148, 3.4511421612712256], [-0.11180641075127833, -0.5917163953703329, 0.7983552122300186, -1.0410289698203652], [0.18407185353298944, -0.8018213407569449, -0.5685068860553459, 30.525299425733525], [0.0, 0.0, 0.0, 1.0]]}, {"class": "Ketchup", "pose": [[0.7947747065154147, 0.037129884051583524, 0.605767720085781, -7.608892547641155], [-0.4439280165099405, -0.6450378658886396, 0.6219759470086939, 1.1654276964217003], [0.41383702490999086, -0.7632479971608139, -0.49617678391107256, 28.040309554211856], [0.0, 0.0, 0.0, 1.0]]}, {"class": "Butter", "pose": [[0.9781169901796471, -0.03737499131541572, -0.20467109383191567, 0.9400690478258755], [-0.13491547757552286, 0.6349266051647925, -0.7607010128128281, 8.381078138749826], [0.15838232842905553, 0.771667867514464, 0.6159900401270721, 28.693548963782284], [0.0, 0.0, 0.0, 1.0]]}]}