{"camera": {"camera": "RealSense D415", "extrinsics": [[-0.9885281, -0.1407198, 0.05486516, 0.58367723], [-0.14441478, 0.7742331, -0.6162041, -0.17269717], [0.044233695, -0.6170584, -0.7856732, 0.045307413], [0.0, 0.0, 0.0, 1.0]], "height": 480, "intrinsics": [[607.12415, 0.0, 326.28275], [0.0, 609.41095, 245.73769], [0.0, 0.0, 1.0]], "width": 640}, "objects": [{"class": "Tuna", "pose": [[0.623296488122621, 0.07504835507742146, -0.7783760841354439, 10.152284325704992], [0.6384060728619801, -0.6236692993822094, 0.45108130194342766, 9.558574085154609], [-0.4515963413047773, -0.778077387165751, -0.43664221353914756, 31.12117770712088], [0.0, 0.0, 0.0, 1.0]]}, {"class": "Cherries", "pose": [[0.9399212805408188, 0.07020858843153818, 0.3340940534592104, 10.853200125283552], [-0.21971252648715922, -0.6246158254530522, 0.7493874339219746, 0.965864828956331], [0.2612938758860974, -0.7777698218799041, -0.5716639862193811, 36.35051852251818], [0.0, 0.0, 0.0, 1.0]]}, {"class": "Mayo", "pose": [[0.9645273401949847, 0.12249426483236003, 0.23384238529277335, 1.3753501983102434], [-0.11825498961260117, -0.5914793611673161, 0.797601387014062, -0.4463472645293759], [0.2360145495301722, -0.7969613489682853, -0.5560124451877215, 30.609854108910472], [0.0, 0.0, 0.0, 1.0]]}, {"class": "Ketchup", "pose": [[0.768600078922377, 0.07389194113147066, 0.6354478702271218, -9.521264559383946], [-0.4494193345021613, -0.6445389600773106, 0.6185400880622227, 1.8335046170226494], [0.455276040483628, -0.7609924964694108, -0.4621842119996228, 27.53836108273259], [0.0, 0.0, 0.0, 1.0]]}, {"class": "Butter", "pose": [[0.9673391938794879, -0.07465251982781435, -0.2422436404279504, -0.973855507902277], [-0.14134938251430146, 0.6344215015950949, -0.7599537881993743, 8.993437697986412], [0.21041704947204337, 0.769374050726106, 0.6031486830821167, 28.65829141745653], [0.0, 0.0, 0.0, 1.0]]}]}