{"camera": {"camera": "RealSense D415", "extrinsics": [[-0.90483946, 0.3750604, 0.20148268, 0.62405187], [0.4087426, 0.8976884, 0.16457522, -0.026189923], [-0.11914302, 0.2312687, -0.96556705, 0.088250406], [0.0, 0.0, 0.0, 1.0]], "height": 480, "intrinsics": [[603.75165, 0.0, 326.28275], [0.0, 603.20245, 245.73769], [0.0, 0.0, 1.0]], "width": 640}, "objects": [{"class": "ChocolatePudding", "pose": [[0.5629687732706671, 0.14377002132219016, 0.8138773368977953, 16.361901328957014], [-0.8264606000356343, 0.10434496822965128, 0.5532404382170851, 19.241953515051478], [-0.005384622013837006, -0.984094655344904, 0.17756321769626499, 42.95342916083391], [0.0, 0.0, 0.0, 1.0]]}, {"class": "MacaroniAndCheese", "pose": [[0.24213900001078456, 0.9275410907914478, -0.28466859291446095, 6.951158798731305], [0.17325602012428976, -0.33001974832164904, -0.927938195944723, 16.216183733115596], [-0.9546470759422493, 0.17536947543215092, -0.24061273572455422, 36.30811511501514], [0.0, 0.0, 0.0, 1.0]]}, {"class": "Milk", "pose": [[0.6499625286254171, 0.7302662733650315, 0.21038027377374052, -7.111446166438206], [0.7226562510361474, -0.6795722250032463, 0.12629137788169945, 8.60547714165133], [0.23519492779109616, 0.06994795068409777, -0.9694279814652169, 34.41193944308244], [0.0, 0.0, 0.0, 1.0]]}, {"class": "Ketchup", "pose": [[0.4025341745060708, 0.1804643454689707, 0.8974401576672855, -3.274463308740727], [-0.9145016996021265, 0.12281852787091514, 0.3854895963851461, 25.829637784900903], [-0.04065515814133251, -0.9758832982397989, 0.21447360547256958, 34.39763493019424], [0.0, 0.0, 0.0, 1.0]]}, {"class": "OrangeJuice", "pose": [[-0.32418370551084624, -0.9219029764800454, -0.21213157535642876, 15.07036273158503], [0.9395394584391376, -0.2876216219576884, -0.1858477519451341, 5.062367659825988], [0.1103199753327175, -0.25955479837665224, 0.9594064783987716, 39.268163613911746], [0.0, 0.0, 0.0, 1.0]]}]}