{"camera": {"camera": "RealSense D415", "extrinsics": [[-0.99135345, -0.06781032, 0.11233898, 0.5803545], [-0.122386396, 0.7866046, -0.60520643, -0.19252694], [-0.04732712, -0.61372226, -0.7881022, 0.09969057], [0.0, 0.0, 0.0, 1.0]], "height": 480, "intrinsics": [[607.12415, 0.0, 326.28275], [0.0, 609.41095, 245.73769], [0.0, 0.0, 1.0]], "width": 640}, "objects": [{"class": "Tuna", "pose": [[0.6750617606053676, 0.13158937554658545, -0.7259310196741725, 8.202907164426037], [0.6307914863192048, -0.6132474739526332, 0.4754258316740114, 8.263346169343851], [-0.3826143742462777, -0.7788528330402524, -0.4969853986748516, 32.577062060842785], [0.0, 0.0, 0.0, 1.0]]}, {"class": "Cherries", "pose": [[0.9075689381119024, 0.12672242679862272, 0.4003249165793263, 8.244507532890555], [-0.2451635537166329, -0.6140874519499904, 0.7501943203141458, -0.4221709608990293], [0.3409009738781496, -0.7789980691379704, -0.5262589815850579, 37.6987811137525], [0.0, 0.0, 0.0, 1.0]]}, {"class": "Mayo", "pose": [[0.9365262100613049, 0.18122547591115015, 0.30012659739271214, -0.7045289887274819], [-0.14392155799486203, -0.5818679662192152, 0.800447587276798, -1.5288462571543093], [0.31969556513503294, -0.7928347597047334, -0.5188523593929466, 31.105662558638215], [0.0, 0.0, 0.0, 1.0]]}, {"class": "Ketchup", "pose": [[0.7145507427914879, 0.1284482227428434, 0.6876905406968162, -11.227993718004125], [-0.4738255952436498, -0.6343441159897656, 0.610816611386892, 1.046810698527398], [0.5146907764945338, -0.7623047700898778, -0.3924090002795179, 27.10682800167342], [0.0, 0.0, 0.0, 1.0]]}, {"class": "Butter", "pose": [[0.9411414464063544, -0.13017905567336238, -0.31193938679443484, -2.6650319063977412], [-0.16667996794932813, 0.6241196867316816, -0.7633429700097856, 7.99104223946466], [0.2940587992539196, 0.7704076809447655, 0.5656866704575508, 29.114416606883882], [0.0, 0.0, 0.0, 1.0]]}]}