{"camera": {"camera": "RealSense D415", "extrinsics": [[-0.99118364, -0.060841467, 0.11770032, 0.604615], [-0.11820639, 0.80735064, -0.5781109, -0.2020751], [-0.05985232, -0.58692694, -0.8074246, 0.09924729], [0.0, 0.0, 0.0, 1.0]], "height": 480, "intrinsics": [[607.12415, 0.0, 326.28275], [0.0, 609.41095, 245.73769], [0.0, 0.0, 1.0]], "width": 640}, "objects": [{"class": "Tuna", "pose": [[0.6796898217313638, 0.13685343686318946, -0.7206198591467253, 10.499463304795393], [0.6418440595557219, -0.5865125547994511, 0.49400332177148165, 6.642089181643829], [-0.3550464896823406, -0.798294581266663, -0.48648515265607734, 33.04249215811871], [0.0, 0.0, 0.0, 1.0]]}, {"class": "Cherries", "pose": [[0.9040893974776092, 0.1319860504605511, 0.40645066391325435, 10.478225783924994], [-0.2589812353904318, -0.5873348566954683, 0.7667897635413283, -2.2139927335325273], [0.3399281870117692, -0.7985095662559168, -0.49682124787790166, 37.86341516184977], [0.0, 0.0, 0.0, 1.0]]}, {"class": "Mayo", "pose": [[0.9334503905272917, 0.1866761546632615, 0.3063045544024931, 1.5831913346674775], [-0.1571446565407361, -0.5547966610589129, 0.8170105736428268, -3.0715410458036994], [0.3224531332011405, -0.8107729361362056, -0.4885399420601334, 31.16101391383233], [0.0, 0.0, 0.0, 1.0]]}, {"class": "Ketchup", "pose": [[0.7090928908128733, 0.13352482197437784, 0.6923572000481245, -8.90012766004833], [-0.49298251775941615, -0.6081561906228135, 0.6221851337313843, -0.3339296660936242], [0.5041384488141132, -0.7825070281104426, -0.3654137756781179, 27.164326135465366], [0.0, 0.0, 0.0, 1.0]]}, {"class": "Butter", "pose": [[0.9382331863228935, -0.1353472056589571, -0.31843322745251873, -0.33919157973327785], [-0.17902224925176702, 0.597664341497665, -0.7815039506110036, 6.515903636496945], [0.2960905587912143, 0.7902395508912898, 0.5365182991027558, 29.481057968594314], [0.0, 0.0, 0.0, 1.0]]}]}