{"camera": {"camera": "RealSense D415", "extrinsics": [[-0.9939666, -0.061054025, 0.091119654, 0.61249846], [-0.102170914, 0.8175457, -0.5667276, -0.21102904], [-0.039893482, -0.57261807, -0.81885105, 0.0876367], [0.0, 0.0, 0.0, 1.0]], "height": 480, "intrinsics": [[607.12415, 0.0, 326.28275], [0.0, 609.41095, 245.73769], [0.0, 0.0, 1.0]], "width": 640}, "objects": [{"class": "Tuna", "pose": [[0.6816875797922808, 0.1103341099427985, -0.7232761966322153, 12.22535219666543], [0.6371011659492057, -0.5755651438070453, 0.5126665057783986, 6.125263177390094], [-0.3597279451820338, -0.8102784532068176, -0.4626496004934801, 33.39622501910663], [0.0, 0.0, 0.0, 1.0]]}, {"class": "Cherries", "pose": [[0.9071405821282658, 0.10545102018575643, 0.40740161446963447, 12.171511626453423], [-0.27812149604503367, -0.5763099147957061, 0.7684499932411565, -2.806107935923902], [0.31582343280409764, -0.8103992762558098, -0.4934658969460741, 38.07593148152621], [0.0, 0.0, 0.0, 1.0]]}, {"class": "Mayo", "pose": [[0.937691852647921, 0.16035994223680214, 0.3082510458671759, 3.120543224274941], [-0.17647348541993924, -0.5444117344006871, 0.8200445408373058, -3.420326554667935], [0.299317789025973, -0.8233471755459586, -0.48219115380312816, 31.55811679801514], [0.0, 0.0, 0.0, 1.0]]}, {"class": "Ketchup", "pose": [[0.7121532083464185, 0.10701411969909898, 0.6938197279564905, -7.403473460236354], [-0.5117558655990289, -0.5974076867980184, 0.617422113586907, -0.45982170552710533], [0.4805661222138474, -0.7947654104599812, -0.3706806760941553, 27.836761720249502], [0.0, 0.0, 0.0, 1.0]]}, {"class": "Butter", "pose": [[0.9415598434235402, -0.10883051997271412, -0.3187805013632356, 1.311137335419199], [-0.19799293655335665, 0.5868213036575685, -0.785136695878561, 6.221043031887319], [0.2725140330765227, 0.8023694277073404, 0.5309796816921151, 30.072536194730247], [0.0, 0.0, 0.0, 1.0]]}]}