{"camera": {"camera": "RealSense D415", "extrinsics": [[-0.9951456, -0.02516094, 0.09514241, 0.60497016], [-0.075277366, 0.81734043, -0.5712162, -0.23578401], [-0.0633914, -0.5756054, -0.8152668, 0.124562934], [0.0, 0.0, 0.0, 1.0]], "height": 480, "intrinsics": [[607.12415, 0.0, 326.28275], [0.0, 609.41095, 245.73769], [0.0, 0.0, 1.0]], "width": 640}, "objects": [{"class": "Tuna", "pose": [[0.7071235139166642, 0.11390004358358186, -0.69785605507282, 11.658473211959237], [0.617393156857938, -0.5805483847614166, 0.5308383055123633, 5.036573277661399], [-0.3446767201191269, -0.8062197894763952, -0.4808405607426911, 35.85536640392099], [0.0, 0.0, 0.0, 1.0]]}, {"class": "Cherries", "pose": [[0.8914709287709379, 0.10900277145481982, 0.43977032236775776, 11.250492298297953], [-0.30176770482822174, -0.5811607402777551, 0.7557701304403719, -3.877287545754174], [0.3379583154333242, -0.8064555696893878, -0.48519442117281447, 40.55095775642673], [0.0, 0.0, 0.0, 1.0]]}, {"class": "Mayo", "pose": [[0.9251583747166401, 0.16505114808577778, 0.3418187497362041, 2.343860723163338], [-0.20103116647788236, -0.5507991939739508, 0.8100658996683691, -4.263474863494876], [0.3219758252880228, -0.8181554624962741, -0.4763960981246494, 33.82028398045208], [0.0, 0.0, 0.0, 1.0]]}, {"class": "Ketchup", "pose": [[0.6863386717020095, 0.10961922318677582, 0.7189734425542014, -8.004234636042762], [-0.5295775263580204, -0.6022505461226842, 0.5973625089129595, -1.0287002811808], [0.49848460213646273, -0.7907451557280333, -0.35529598269089313, 29.84270329252119], [0.0, 0.0, 0.0, 1.0]]}, {"class": "Butter", "pose": [[0.9290767661654228, -0.11190320290177537, -0.3525535324116249, 0.8330927662230758], [-0.2227204583025871, 0.5917380573901593, -0.7747526783902994, 5.419354721805686], [0.29531667572324694, 0.7983255854625669, 0.5248469832497916, 32.271963638340935], [0.0, 0.0, 0.0, 1.0]]}]}