{"camera": {"camera": "RealSense D415", "extrinsics": [[-0.9893768, 0.046380144, 0.13777678, 0.58913654], [-0.037770994, 0.83318055, -0.55170965, -0.28118017], [-0.1403813, -0.5510527, -0.82257766, 0.19381405], [0.0, 0.0, 0.0, 1.0]], "height": 480, "intrinsics": [[607.12415, 0.0, 326.28275], [0.0, 609.41095, 245.73769], [0.0, 0.0, 1.0]], "width": 640}, "objects": [{"class": "Tuna", "pose": [[0.7517569160258757, 0.1554643726009843, -0.6408528835997841, 9.423773574645066], [0.6008451730661363, -0.5619529764021642, 0.5685015231943703, 1.5783921222409625], [-0.27174745336261824, -0.8124282632654938, -0.5158620633803876, 39.885353317199666], [0.0, 0.0, 0.0, 1.0]]}, {"class": "Cherries", "pose": [[0.8524119303368906, 0.15058152824473411, 0.5007186382889383, 8.358654380580411], [-0.3426940091798358, -0.5623825976681309, 0.7525202199746809, -7.440402972963803], [0.3949111018033941, -0.8130504406561475, -0.42777825145512, 44.26699654544651], [0.0, 0.0, 0.0, 1.0]]}, {"class": "Mayo", "pose": [[0.8905948948453948, 0.20835009759152445, 0.404266026853646, -0.01637697951192285], [-0.24283050162079575, -0.5337417195598062, 0.8100328239289927, -7.322334071248834], [0.38454406829557825, -0.8195791694137312, -0.42475389862661483, 36.87618382548911], [0.0, 0.0, 0.0, 1.0]]}, {"class": "Ketchup", "pose": [[0.6280718004806938, 0.1492866469915709, 0.7637010939039331, -9.915945321937459], [-0.5673123518088538, -0.5839034601686471, 0.5807008664076828, -3.6107223816298104], [0.5326186047314125, -0.7979788519042157, -0.2820411381417934, 32.229627303543445], [0.0, 0.0, 0.0, 1.0]]}, {"class": "Butter", "pose": [[0.8958032000863216, -0.15249520229305272, -0.41747082574931726, -1.0775653431125853], [-0.26390781643139366, 0.5732759130249345, -0.7756980363068391, 2.447236014980858], [0.3576162055543171, 0.8050465468708214, 0.4732977252142925, 35.51006350919904], [0.0, 0.0, 0.0, 1.0]]}]}