{"camera": {"camera": "RealSense D415", "extrinsics": [[-0.93009466, 0.32686418, 0.16758218, 0.6420008], [0.3530772, 0.9213758, 0.1624902, 0.009550748], [-0.101293944, 0.21030071, -0.972375, 0.07714954], [0.0, 0.0, 0.0, 1.0]], "height": 480, "intrinsics": [[603.75165, 0.0, 326.28275], [0.0, 603.20245, 245.73769], [0.0, 0.0, 1.0]], "width": 640}, "objects": [{"class": "ChocolatePudding", "pose": [[0.6105788560125314, 0.11309607318294233, 0.7838384698927028, 17.797378011560234], [-0.7919017446699008, 0.09871324658925468, 0.6026170120145737, 20.549148093646256], [-0.009221628807491816, -0.988668269646961, 0.14983320285296745, 42.72200478827274], [0.0, 0.0, 0.0, 1.0]]}, {"class": "MacaroniAndCheese", "pose": [[0.2079099207062934, 0.9494747663103008, -0.2350981520016894, 8.421553071486954], [0.173701232148468, -0.2723688669396618, -0.9463841839892009, 16.88141025412469], [-0.9626013306058826, 0.15592582024466903, -0.22155313452661696, 36.35653823378169], [0.0, 0.0, 0.0, 1.0]]}, {"class": "Milk", "pose": [[0.6116541363872787, 0.7706944594457175, 0.17863167603399122, -5.208487467230327], [0.7628929131525587, -0.6343760095900625, 0.12474543258568076, 8.430530006630143], [0.2094602696782204, 0.0599757750563338, -0.9759760634126623, 34.91438177572632], [0.0, 0.0, 0.0, 1.0]]}, {"class": "Ketchup", "pose": [[0.45481558187151716, 0.1488239282351409, 0.8780627727755238, -2.398847439915719], [-0.8897184380816424, 0.1194277485654236, 0.44061100218100907, 25.84867170842126], [-0.039291606881576006, -0.9816253999142441, 0.18672899719545774, 34.58483352217882], [0.0, 0.0, 0.0, 1.0]]}, {"class": "OrangeJuice", "pose": [[-0.3763940653987755, -0.9093747131059747, -0.17710208005191597, 17.256818071774642], [0.9203037820052216, -0.3449982382758247, -0.18443726805138735, 6.26750686409408], [0.1066226899758219, -0.23240881037616223, 0.9667562885048199, 39.25034526422363], [0.0, 0.0, 0.0, 1.0]]}]}