{"camera": {"camera": "RealSense D415", "extrinsics": [[-0.98619527, 0.069124654, 0.150468, 0.61470276], [-0.023204828, 0.8420379, -0.538919, -0.27443245], [-0.16395237, -0.53497094, -0.8288098, 0.20219798], [0.0, 0.0, 0.0, 1.0]], "height": 480, "intrinsics": [[607.12415, 0.0, 326.28275], [0.0, 609.41095, 245.73769], [0.0, 0.0, 1.0]], "width": 640}, "objects": [{"class": "Tuna", "pose": [[0.7649692497673158, 0.16779064803714622, -0.6218266086574555, 11.868496941635186], [0.5962495991517015, -0.5495535434542742, 0.5852156296627696, 2.494362305947978], [-0.24353327374763342, -0.8184358305596999, -0.5204366843200179, 40.09289174138121], [0.0, 0.0, 0.0, 1.0]]}, {"class": "Cherries", "pose": [[0.8388163446404645, 0.16291897421942583, 0.5194656232091089, 10.594451756819435], [-0.3599383111699884, -0.5499124539778651, 0.753684761638077, -6.585795483993298], [0.4084501895379353, -0.8191786793015582, -0.4026347483717462, 44.28806485500928], [0.0, 0.0, 0.0, 1.0]]}, {"class": "Mayo", "pose": [[0.8784101648200001, 0.22115932613235778, 0.4236556628894605, 2.3967899437441487], [-0.26038390945453527, -0.5218711674343698, 0.8123119592318979, -6.2363092792554085], [0.40074406909856986, -0.8238562008415763, -0.40083058512219755, 36.708130810042874], [0.0, 0.0, 0.0, 1.0]]}, {"class": "Ketchup", "pose": [[0.6086715607494203, 0.16101701469310917, 0.7769121172995764, -7.346647962450614], [-0.5841626599517306, -0.5716755349802092, 0.5761432844670805, -2.323317655161683], [0.5369105374426386, -0.8045250848504581, -0.25390247966811735, 31.89960617271945], [0.0, 0.0, 0.0, 1.0]]}, {"class": "Butter", "pose": [[0.8839980081237045, -0.16451569291275045, -0.43758667062821627, 1.483517738003537], [-0.28105036800708816, 0.5609663591886959, -0.7786703084842544, 3.5678637193968186], [0.3735749148702377, 0.8113268999595066, 0.4496559250515779, 35.49115670548236], [0.0, 0.0, 0.0, 1.0]]}]}