{"camera": {"camera": "RealSense D415", "extrinsics": [[-0.9795895, 0.12230852, 0.15951495, 0.5992427], [0.017055955, 0.84128785, -0.54031825, -0.29781973], [-0.20028353, -0.5265694, -0.82620287, 0.21772148], [0.0, 0.0, 0.0, 1.0]], "height": 480, "intrinsics": [[607.12415, 0.0, 326.28275], [0.0, 609.41095, 245.73769], [0.0, 0.0, 1.0]], "width": 640}, "objects": [{"class": "Tuna", "pose": [[0.7965614735536557, 0.1760050675610809, -0.5783701710548628, 10.849929508064127], [0.5664191627675316, -0.551688785590053, 0.6122163148200278, 2.0136283166772797], [-0.21132714169080935, -0.8152678872601791, -0.5391466922017134, 40.000851469508795], [0.0, 0.0, 0.0, 1.0]]}, {"class": "Cherries", "pose": [[0.8081422871452938, 0.17115383097787537, 0.5635711397794905, 9.061433628560312], [-0.39522997468840615, -0.5518489528401421, 0.73434052086546, -7.029381743692503], [0.43669136006035314, -0.8161918448575726, -0.37832733573132676, 44.08707043327033], [0.0, 0.0, 0.0, 1.0]]}, {"class": "Mayo", "pose": [[0.8519206920838861, 0.23059613820130642, 0.4701665398230061, 1.1704812453059876], [-0.2973000080068856, -0.5261345687238678, 0.7967403096748453, -6.314338140063], [0.431096133284975, -0.8185400798820461, -0.37966867926965986, 36.213012614634636], [0.0, 0.0, 0.0, 1.0]]}, {"class": "Ketchup", "pose": [[0.5646663355496615, 0.16784684426265653, 0.8080713991295365, -8.224934404194117], [-0.6107214532678454, -0.5735922041016487, 0.545904103428557, -1.9908686807273535], [0.5551317529825999, -0.8017602183951441, -0.22138051755827173, 31.07474683267063], [0.0, 0.0, 0.0, 1.0]]}, {"class": "Butter", "pose": [[0.8576848652188058, -0.17201797928682175, -0.48454773397453776, 0.6933810380574945], [-0.3180360930502189, 0.5629972739603128, -0.7628152549985626, 3.5245110039204217], [0.4040170168029048, 0.8083587768105926, 0.4281663025179533, 35.027128086559124], [0.0, 0.0, 0.0, 1.0]]}]}