{"camera": {"camera": "RealSense D415", "extrinsics": [[-0.97172844, 0.17291681, 0.16075929, 0.6010973], [0.064490564, 0.8493921, -0.52380717, -0.33220977], [-0.22712274, -0.4986309, -0.83653, 0.22360359], [0.0, 0.0, 0.0, 1.0]], "height": 480, "intrinsics": [[607.12415, 0.0, 326.28275], [0.0, 609.41095, 245.73769], [0.0, 0.0, 1.0]], "width": 640}, "objects": [{"class": "Tuna", "pose": [[0.8255088029137304, 0.17642991202666292, -0.53610416306936, 11.903196026822188], [0.5373525852348234, -0.5361691711993538, 0.6509798613057296, 0.13625495561944145], [-0.17259021761963075, -0.8254665729826235, -0.5374174771228836, 40.1075220534884], [0.0, 0.0, 0.0, 1.0]]}, {"class": "Cherries", "pose": [[0.7776933471617331, 0.1716053355654314, 0.6047682513095007, 9.61737101152731], [-0.4413098845292987, -0.5360959720414411, 0.7196156303238953, -8.930430464725662], [0.4477037361939206, -0.8265305044154696, -0.3411871640544344, 43.881399530376264], [0.0, 0.0, 0.0, 1.0]]}, {"class": "Mayo", "pose": [[0.8256947377098683, 0.2321193040185666, 0.5141486166725163, 1.9971592021361007], [-0.3452288271264666, -0.5128970990108375, 0.7859730170787845, -7.662429734655307], [0.44614487241637646, -0.8264727172518375, -0.3433621870586969, 35.81271055498005], [0.0, 0.0, 0.0, 1.0]]}, {"class": "Ketchup", "pose": [[0.5220135681174368, 0.1669665046332542, 0.8364352887330554, -7.053876461895836], [-0.6493379817084977, -0.5580649684045058, 0.5166465304046753, -2.8012059275140944], [0.5530479357040898, -0.8128257091146255, -0.18289980443549878, 30.53869410770996], [0.0, 0.0, 0.0, 1.0]]}, {"class": "Butter", "pose": [[0.8313717447366441, -0.1717705706807398, -0.5285034193906933, 1.9689781100135084], [-0.36544280116722916, 0.5474815856035763, -0.7528050433736606, 2.2166300534373407], [0.41865567048047225, 0.8189986208910768, 0.3923884294928344, 34.89604296228207], [0.0, 0.0, 0.0, 1.0]]}]}