{"camera": {"camera": "RealSense D415", "extrinsics": [[-0.9746595, 0.17518759, 0.13909765, 0.6250745], [0.08329517, 0.8613344, -0.5011636, -0.33060932], [-0.20760724, -0.4768777, -0.85410005, 0.20643507], [0.0, 0.0, 0.0, 1.0]], "height": 480, "intrinsics": [[607.12415, 0.0, 326.28275], [0.0, 609.41095, 245.73769], [0.0, 0.0, 1.0]], "width": 640}, "objects": [{"class": "Tuna", "pose": [[0.8292945078709149, 0.15479802980151802, -0.5369434014763143, 15.062387188853366], [0.5317407760046998, -0.5140390057753053, 0.6730643903278386, 0.36767680051981166], [-0.17182079823997634, -0.8436832887975488, -0.5086021617050732, 40.21468421584074], [0.0, 0.0, 0.0, 1.0]]}, {"class": "Cherries", "pose": [[0.7796342415960171, 0.14995679349324292, 0.608015983852791, 12.72508911074639], [-0.463919671243588, -0.5138741767948625, 0.7216036965735236, -8.77578280915164], [0.4206531060170934, -0.844657511622743, -0.33106599017807953, 43.76519414207872], [0.0, 0.0, 0.0, 1.0]]}, {"class": "Mayo", "pose": [[0.8288538651765487, 0.21076075742582795, 0.5182482035814833, 4.98086571117301], [-0.36844488437192585, -0.4914492183709009, 0.7891299378395913, -7.177306805687728], [0.4210103143530475, -0.8450192831459893, -0.32968585610385154, 35.87525868534186], [0.0, 0.0, 0.0, 1.0]]}, {"class": "Ketchup", "pose": [[0.5231536356961948, 0.14527353523434444, 0.8397653842726649, -4.097476866799832], [-0.671702157223492, -0.536173529542157, 0.5112085524045367, -2.0509524372665067], [0.5245250562095761, -0.8315128185210144, -0.1829205713929488, 30.908148118498335], [0.0, 0.0, 0.0, 1.0]]}, {"class": "Butter", "pose": [[0.8337796801821589, -0.15010596156722125, -0.5312999834571468, 5.065788681788441], [-0.38791820986063447, 0.5254758118503227, -0.7572282743471046, 2.723860825215713], [0.3928497852661643, 0.8374624724066738, 0.3799022123151867, 35.245520965169504], [0.0, 0.0, 0.0, 1.0]]}]}