{"camera": {"camera": "RealSense D415", "extrinsics": [[-0.9668409, 0.20416754, 0.1534088, 0.60835296], [0.099438936, 0.8542726, -0.51022565, -0.32660645], [-0.23522446, -0.47805223, -0.8462479, 0.2276897], [0.0, 0.0, 0.0, 1.0]], "height": 480, "intrinsics": [[607.12415, 0.0, 326.28275], [0.0, 609.41095, 245.73769], [0.0, 0.0, 1.0]], "width": 640}, "objects": [{"class": "Tuna", "pose": [[0.8433951695713855, 0.16857487813631958, -0.5101638034636254, 13.491443156586147], [0.5151837928562325, -0.5233039908266229, 0.6787772986659911, 1.778228481406402], [-0.15254594761971468, -0.8353055974836568, -0.5281991275711564, 40.770646128037875], [0.0, 0.0, 0.0, 1.0]]}, {"class": "Cherries", "pose": [[0.7590104036827046, 0.16376631114296988, 0.630145864380253, 10.888598559249175], [-0.47478058221430447, -0.5230584832335845, 0.7078087667518199, -7.293284275197437], [0.4455183959632151, -0.8364152175826942, -0.31925376794035637, 44.32096925172249], [0.0, 0.0, 0.0, 1.0]]}, {"class": "Mayo", "pose": [[0.8099535295078981, 0.2249601919516127, 0.5416347478091527, 3.396418421051939], [-0.3802191551117931, -0.5017493304187671, 0.7769691319038972, -5.6151208057300455], [0.4465520210926131, -0.835248775545559, -0.3208594725068937, 36.20738768788874], [0.0, 0.0, 0.0, 1.0]]}, {"class": "Ketchup", "pose": [[0.49596625552331586, 0.1583107678071766, 0.853788722189498, -5.444951177335655], [-0.6770404163181344, -0.5451661222615698, 0.49437860211699447, -0.3627781318066903], [0.5437221669607821, -0.8232445551044849, -0.16320120506891359, 30.952763167782756], [0.0, 0.0, 0.0, 1.0]]}, {"class": "Butter", "pose": [[0.8152966201754115, -0.1635023976331236, -0.5554803282369802, 3.6812989261285067], [-0.39999687860982486, 0.5346047561584649, -0.7444462910218896, 4.277670627374558], [0.41868120365305045, 0.829134921592013, 0.37046100630686485, 35.50851486476051], [0.0, 0.0, 0.0, 1.0]]}]}