{"camera": {"camera": "RealSense D415", "extrinsics": [[-0.95541644, 0.23808552, 0.1746275, 0.5865898], [0.115862355, 0.8463063, -0.51994383, -0.3187961], [-0.27157944, -0.4765301, -0.83616006, 0.2566064], [0.0, 0.0, 0.0, 1.0]], "height": 480, "intrinsics": [[607.12415, 0.0, 326.28275], [0.0, 609.41095, 245.73769], [0.0, 0.0, 1.0]], "width": 640}, "objects": [{"class": "Tuna", "pose": [[0.8582230065133257, 0.1891249233720131, -0.477163623699577, 11.35674759343539], [0.49780622300503796, -0.533218082903437, 0.6840084080733434, 3.5983089186150066], [-0.1250692161015444, -0.8245667059602287, -0.551767569375651, 41.6404122204529], [0.0, 0.0, 0.0, 1.0]]}, {"class": "Cherries", "pose": [[0.7327763532372843, 0.18436615157611258, 0.6550175781004922, 8.450354186355069], [-0.48545786068275726, -0.5328903481550256, 0.6930790750392948, -5.392817359361596], [0.4768328539887829, -0.8258553215258002, -0.30098742377963356, 45.159569129075], [0.0, 0.0, 0.0, 1.0]]}, {"class": "Mayo", "pose": [[0.7854608965674255, 0.245875018304556, 0.567976007124053, 1.2960738124229043], [-0.3918759301533994, -0.5127386704596717, 0.7638929068229674, -3.638970835663402], [0.47904543180535, -0.8225840651184968, -0.3063836517972593, 36.76198021826221], [0.0, 0.0, 0.0, 1.0]]}, {"class": "Ketchup", "pose": [[0.4624397094044687, 0.1780035400357213, 0.8685990699005003, -7.242676393581715], [-0.6818753889748805, -0.5547820337126944, 0.47672099900544435, 1.7372752632638044], [0.5667411619211126, -0.8127309818959582, -0.1351769893872812, 31.144709642431057], [0.0, 0.0, 0.0, 1.0]]}, {"class": "Butter", "pose": [[0.7914452178895243, -0.18361145933161127, -0.583010624614399, 1.797248517629224], [-0.41197860301677025, 0.5443696656310493, -0.7307088063721942, 6.240584721929865], [0.45153979796054006, 0.8185038257656737, 0.3551947495019889, 36.00032978206207], [0.0, 0.0, 0.0, 1.0]]}]}