{"camera": {"camera": "RealSense D415", "extrinsics": [[-0.9162978, -0.38109273, 0.123153225, 0.51795894], [-0.37882203, 0.72492176, -0.5753106, 0.009244676], [0.12997024, -0.57380897, -0.80861056, 0.1436745], [0.0, 0.0, 0.0, 1.0]], "height": 480, "intrinsics": [[603.75165, 0.0, 326.28275], [0.0, 603.20245, 245.73769], [0.0, 0.0, 1.0]], "width": 640}, "objects": [{"class": "ChocolatePudding", "pose": [[0.9763059961140149, 0.12587615205751226, 0.17601644959122223, 0.49633587899070575], [-0.054959564083691424, -0.6424954152715985, 0.7643160713713679, 12.952178908187898], [0.2092989241531876, -0.7558801848473339, -0.6203540391247271, 45.77320844060912], [0.0, 0.0, 0.0, 1.0]]}, {"class": "MacaroniAndCheese", "pose": [[0.1449453549014974, 0.8721151911060545, 0.4673392041828007, -3.437078208691491], [-0.5431606853043731, 0.4649285190711378, -0.6991551411381153, 1.9390554023113378], [-0.8270231788417935, -0.1525009995464287, 0.5410879172099853, 48.03526913214567], [0.0, 0.0, 0.0, 1.0]]}, {"class": "Milk", "pose": [[-0.06414014595115558, 0.9855904671249484, 0.15651666691274632, -7.949930955109474], [0.7948165832588937, 0.14529286117178195, -0.589199925963192, -9.585092996953163], [-0.6034505924479572, 0.08661066814308799, -0.7926827877486067, 58.33591747765108], [0.0, 0.0, 0.0, 1.0]]}, {"class": "Ketchup", "pose": [[0.9270006226868506, 0.13829715212359073, 0.3486312342352296, -17.214796092939544], [-0.19739863696418977, -0.6104733685156103, 0.7670436843777145, -0.7715251886739889], [0.3189100393484394, -0.7798693380413028, -0.5386095336518673, 46.17542207651887], [0.0, 0.0, 0.0, 1.0]]}, {"class": "OrangeJuice", "pose": [[-0.8955487764412018, -0.42976324902395385, -0.11530799206787724, 9.812937316386744], [0.30004421598741116, -0.7746120375601818, 0.5567311999566921, 3.7873932205419116], [-0.328581565546693, 0.46398245739942123, 0.8226508745290212, 52.51987790933851], [0.0, 0.0, 0.0, 1.0]]}]}