{"camera": {"camera": "RealSense D415", "extrinsics": [[-0.9207528, 0.27661237, 0.27513605, 0.58061504], [0.11550998, 0.8668717, -0.48496485, -0.33000457], [-0.37265494, -0.4147518, -0.83012605, 0.33670476], [0.0, 0.0, 0.0, 1.0]], "height": 480, "intrinsics": [[607.12415, 0.0, 326.28275], [0.0, 609.41095, 245.73769], [0.0, 0.0, 1.0]], "width": 640}, "objects": [{"class": "Tuna", "pose": [[0.8589358591274071, 0.28845204413493775, -0.4231129983846666, 8.72018158150794], [0.5120014661136184, -0.49851534333489, 0.6995262646944784, 1.2893350761595312], [-0.009148541050275013, -0.8174826583867324, -0.5758806004231117, 45.55243256256813], [0.0, 0.0, 0.0, 1.0]]}, {"class": "Cherries", "pose": [[0.6823653769552582, 0.283862660708595, 0.6736464083261855, 5.579474134310203], [-0.4953213250351361, -0.49819165435697493, 0.7116613691459621, -7.864430466374145], [0.5376191330687445, -0.8192844998163399, -0.19934551569868086, 48.38376999574954], [0.0, 0.0, 0.0, 1.0]]}, {"class": "Mayo", "pose": [[0.7330023114888287, 0.3442973549127639, 0.5866574332732274, -0.6175158746096088], [-0.40130511583379813, -0.47748640148475713, 0.7816399326051383, -5.866060671828116], [0.5492375312427414, -0.8083724959696096, -0.21183035793840377, 39.307259820393064], [0.0, 0.0, 0.0, 1.0]]}, {"class": "Ketchup", "pose": [[0.40677561129572315, 0.27641556357466673, 0.8707054838068455, -8.557646737096947], [-0.6981452465445421, -0.5206487005854734, 0.4914450011406414, -0.3722752624719661], [0.5891747517320368, -0.8077867247288455, -0.018808981455882858, 32.971595283900214], [0.0, 0.0, 0.0, 1.0]]}, {"class": "Butter", "pose": [[0.7423382414223825, -0.2824702939721696, -0.6075726043921199, -0.1888695275858887], [-0.42025195883449784, 0.5099564381621325, -0.7505549720793041, 4.0407130551974095], [0.5218450684933544, 0.8124992247069499, 0.25985148229294747, 38.97710782168286], [0.0, 0.0, 0.0, 1.0]]}]}