{"camera": {"camera": "RealSense D415", "extrinsics": [[-0.903307, 0.3167413, 0.2893292, 0.5598124], [0.14068298, 0.8558536, -0.49771768, -0.32854933], [-0.40527117, -0.4088882, -0.81765866, 0.3584969], [0.0, 0.0, 0.0, 1.0]], "height": 480, "intrinsics": [[607.12415, 0.0, 326.28275], [0.0, 609.41095, 245.73769], [0.0, 0.0, 1.0]], "width": 640}, "objects": [{"class": "Tuna", "pose": [[0.8736649575552503, 0.3017840983033137, -0.3816227275230637, 7.303026970613541], [0.4861735573578065, -0.511584880854307, 0.7084604391892327, 2.9548927053810847], [0.018569652061779945, -0.804491915947826, -0.5936732533248189, 45.830907639655294], [0.0, 0.0, 0.0, 1.0]]}, {"class": "Cherries", "pose": [[0.6480466852946822, 0.2972721878189008, 0.7011880961902047, 3.792884697453347], [-0.5122789486994394, -0.5111352831863449, 0.6901528910975255, -6.084932613798422], [0.5635652481254028, -0.8064551715591906, -0.17895327291548588, 48.59358699168803], [0.0, 0.0, 0.0, 1.0]]}, {"class": "Mayo", "pose": [[0.7010370830748921, 0.3578812882608327, 0.6168208798974921, -2.0207455674195685], [-0.4197444500303019, -0.49217351280270205, 0.762613822359041, -3.955635078689612], [0.5765081245106884, -0.7935276891576815, -0.1948132321727954, 39.29589949330138], [0.0, 0.0, 0.0, 1.0]]}, {"class": "Ketchup", "pose": [[0.36487962092145443, 0.28875950460506333, 0.8851445175491723, -9.566823601440156], [-0.7065174898873611, -0.5332941837737701, 0.4652207670828878, 1.7351352004171872], [0.6063793626903663, -0.7951196363872871, 0.009425436379650546, 32.659647830099786], [0.0, 0.0, 0.0, 1.0]]}, {"class": "Butter", "pose": [[0.7107530057784576, -0.29529231950840557, -0.6384611319627346, -1.284624581915228], [-0.43911840131136365, 0.5228140793524435, -0.7306438805255734, 5.931940310887257], [0.5495500040614893, 0.7996673427546577, 0.24192341863510286, 38.9341263962351], [0.0, 0.0, 0.0, 1.0]]}]}