{"camera": {"camera": "RealSense D415", "extrinsics": [[-0.88055694, 0.39179426, 0.2666772, 0.55604357], [0.23202668, 0.84701174, -0.47826225, -0.34185877], [-0.41325912, -0.3592609, -0.8367488, 0.3410012], [0.0, 0.0, 0.0, 1.0]], "height": 480, "intrinsics": [[607.12415, 0.0, 326.28275], [0.0, 609.41095, 245.73769], [0.0, 0.0, 1.0]], "width": 640}, "objects": [{"class": "Tuna", "pose": [[0.908623266063014, 0.2777175328383051, -0.3118922281999043, 9.69342829680877], [0.4135024102145052, -0.49371014879750985, 0.765026882617557, 4.8530153648036585], [0.05847703377320375, -0.8240894003370475, -0.5634333903415482, 45.04034210325929], [0.0, 0.0, 0.0, 1.0]]}, {"class": "Cherries", "pose": [[0.5935137092916234, 0.2732980299959132, 0.7570004579731553, 5.424379411510927], [-0.5894533981718676, -0.4928061958616766, 0.640067832429019, -4.003566831029653], [0.5479837918270807, -0.8261055133627134, -0.13139076552445095, 47.27822389798948], [0.0, 0.0, 0.0, 1.0]]}, {"class": "Mayo", "pose": [[0.6533340651930674, 0.3349211835815191, 0.6789568688326005, -0.0034396935010727603], [-0.5021867300124977, -0.47939484693949497, 0.7197146339582191, -0.9619079281189546], [0.5665361004535172, -0.8111772042110907, -0.1450119954685054, 38.001031572297734], [0.0, 0.0, 0.0, 1.0]]}, {"class": "Ketchup", "pose": [[0.29508609370880085, 0.2628271714887822, 0.9186109649439207, -6.93453282844615], [-0.7623849000228972, -0.5147482509060461, 0.39217800526373753, 5.632359792455521], [0.5759284161904088, -0.8160613922315102, 0.04848043019749325, 31.53236986413822], [0.0, 0.0, 0.0, 1.0]]}, {"class": "Butter", "pose": [[0.6620692510218895, -0.2702603609387405, -0.6990162185850124, 1.5162088781215277], [-0.5209202801612575, 0.5046105601326445, -0.6884840809530286, 8.841343969548532], [0.5388009214166448, 0.8199558519883052, 0.19330301717579207, 38.15539561915329], [0.0, 0.0, 0.0, 1.0]]}]}