{"camera": {"camera": "RealSense D415", "extrinsics": [[-0.8128508, 0.48294517, 0.3256341, 0.503462], [0.36756667, 0.85898393, -0.35642856, -0.40669978], [-0.4518499, -0.170031, -0.87574035, 0.32900402], [0.0, 0.0, 0.0, 1.0]], "height": 480, "intrinsics": [[607.12415, 0.0, 326.28275], [0.0, 609.41095, 245.73769], [0.0, 0.0, 1.0]], "width": 640}, "objects": [{"class": "Tuna", "pose": [[0.9215122529928468, 0.3341910246745313, -0.1978170534927393, 6.133489899203671], [0.3224558511352425, -0.3745800801433765, 0.8693169714923983, -0.2848670615551163], [0.2164195956229221, -0.8648735076220837, -0.4529419883892248, 45.77735912081199], [0.0, 0.0, 0.0, 1.0]]}, {"class": "Cherries", "pose": [[0.49019692696683886, 0.3300880866443631, 0.8066900816851825, 1.079894229199746], [-0.7173058182018553, -0.37300092325228096, 0.5885088646086826, -9.006059044012883], [0.49515591165403156, -0.8671287262948884, 0.053930191825824876, 46.04923558763224], [0.0, 0.0, 0.0, 1.0]]}, {"class": "Mayo", "pose": [[0.5531336271007836, 0.39043186718112827, 0.735938997269001, -3.0856093496331893], [-0.6394203626330696, -0.3672990670785483, 0.6754502235322066, -4.063826238200802], [0.53402699972302, -0.8441886131894163, 0.0464846139088917, 36.93868573740986], [0.0, 0.0, 0.0, 1.0]]}, {"class": "Ketchup", "pose": [[0.1799442569690842, 0.31717741536622596, 0.9311383418198171, -8.821268476372857], [-0.8673655218149725, -0.39534636293903896, 0.3022884618601918, 4.039577356828461], [0.4640012334524184, -0.8620323665095959, 0.20396844081033563, 31.03910403817096], [0.0, 0.0, 0.0, 1.0]]}, {"class": "Butter", "pose": [[0.5636374247032344, -0.32563448885235724, -0.759127850355448, -0.9609338076137064], [-0.654058957203236, 0.3853566328823125, -0.6509279186608208, 5.4260014469843405], [0.5044995330540468, 0.8634017061363861, 0.004217272948943462, 38.904855773598555], [0.0, 0.0, 0.0, 1.0]]}]}