{"camera": {"camera": "RealSense D415", "extrinsics": [[-0.806977, 0.4989751, 0.31593046, 0.50679076], [0.39208347, 0.8526923, -0.34523386, -0.4094149], [-0.44165456, -0.15472466, -0.8837429, 0.32149038], [0.0, 0.0, 0.0, 1.0]], "height": 480, "intrinsics": [[607.12415, 0.0, 326.28275], [0.0, 609.41095, 245.73769], [0.0, 0.0, 1.0]], "width": 640}, "objects": [{"class": "Tuna", "pose": [[0.9282609341675971, 0.3241677144237938, -0.1823377324641802, 7.297993327081159], [0.3002395781867209, -0.36375905421812643, 0.8817797981854533, 0.02730132579817912], [0.21951754477377394, -0.8732666528584837, -0.4349912879003258, 45.97570985487954], [0.0, 0.0, 0.0, 1.0]]}, {"class": "Cherries", "pose": [[0.4777399308268498, 0.32008915042849345, 0.818112224531664, 2.0771408650666903], [-0.7363124504125046, -0.3620565466830704, 0.5716284621105282, -8.598293397756846], [0.479174948431325, -0.8754758684730892, 0.06271676430171805, 46.09300109510499], [0.0, 0.0, 0.0, 1.0]]}, {"class": "Mayo", "pose": [[0.5422956807638608, 0.38060337241280434, 0.7490371053489173, -2.0201526067163855], [-0.6604429679128662, -0.3579772994397891, 0.660051062830463, -3.3969726143468106], [0.5193559304120543, -0.8526390392307237, 0.057237280970414535, 37.09646539980942], [0.0, 0.0, 0.0, 1.0]]}, {"class": "Ketchup", "pose": [[0.16454069949856828, 0.30676364586782856, 0.9374553543710888, -7.616000464938677], [-0.8797028676177442, -0.3842449416489015, 0.280140600138098, 4.931031294765581], [0.4461494188517645, -0.8707766038628397, 0.2066369333654574, 31.378175030627915], [0.0, 0.0, 0.0, 1.0]]}, {"class": "Butter", "pose": [[0.5524215804570591, -0.3154084912006837, -0.7715879721590126, 0.2942246958036909], [-0.6746939150086267, 0.37439531270220994, -0.636094597682082, 6.009215273407492], [0.4895085503066902, 0.8719780025957161, -0.005980148257070412, 39.24220360303629], [0.0, 0.0, 0.0, 1.0]]}]}