{"camera": {"camera": "RealSense D415", "extrinsics": [[-0.8040456, 0.5042189, 0.3150777, 0.51144457], [0.41016543, 0.8540278, -0.32000127, -0.41466016], [-0.4304358, -0.12806165, -0.8934905, 0.31167835], [0.0, 0.0, 0.0, 1.0]], "height": 480, "intrinsics": [[607.12415, 0.0, 326.28275], [0.0, 609.41095, 245.73769], [0.0, 0.0, 1.0]], "width": 640}, "objects": [{"class": "Tuna", "pose": [[0.9297228733961024, 0.3231910559593585, -0.17653027021511283, 7.987810672478307], [0.28787467615276136, -0.3388860017250446, 0.8957033369614548, -0.6803274494647016], [0.2296596584841826, -0.8835744890928212, -0.4081086082308254, 46.186768505362686], [0.0, 0.0, 0.0, 1.0]]}, {"class": "Cherries", "pose": [[0.4727277163414677, 0.31912562548232604, 0.8213935461356794, 2.7158746814818446], [-0.75341215462282, -0.33709267109220054, 0.5645694603338508, -9.27425183148457], [0.45705434211782275, -0.8857355276827878, 0.08108005904382923, 46.034815708921364], [0.0, 0.0, 0.0, 1.0]]}, {"class": "Mayo", "pose": [[0.5376767100134481, 0.37963197525320547, 0.7528501412264688, -1.3384099772811409], [-0.679188824143504, -0.33407200511119833, 0.6535277008196946, -3.7767282649630864], [0.49960618245001875, -0.8627140411793475, 0.07821904008954118, 37.19630822913543], [0.0, 0.0, 0.0, 1.0]]}, {"class": "Ketchup", "pose": [[0.15873076087927587, 0.3056627650241125, 0.9388156559723269, -6.877160176251362], [-0.8938616833926599, -0.35933430893247464, 0.26812341293812814, 4.754931460316925], [0.41930403948898776, -0.881730789983172, 0.21618281404098835, 31.728124977249795], [0.0, 0.0, 0.0, 1.0]]}, {"class": "Butter", "pose": [[0.5477584922900864, -0.31436733710590203, -0.7753282064747068, 1.0286612951642238], [-0.6925830788616927, 0.3495042699753515, -0.6310114605318857, 5.545712750522769], [0.4693499251454915, 0.8826210968836344, -0.026281547227351317, 39.630639236331035], [0.0, 0.0, 0.0, 1.0]]}]}