{"camera": {"camera": "RealSense D415", "extrinsics": [[-0.7702682, 0.5448646, 0.33137512, 0.4975841], [0.49807385, 0.8385082, -0.22096705, -0.44653967], [-0.39825788, -0.005154609, -0.917259, 0.2755016], [0.0, 0.0, 0.0, 1.0]], "height": 480, "intrinsics": [[607.12415, 0.0, 326.28275], [0.0, 609.41095, 245.73769], [0.0, 0.0, 1.0]], "width": 640}, "objects": [{"class": "Tuna", "pose": [[0.932902267377079, 0.33831720721040126, -0.12342958515764543, 7.920655160312073], [0.21278086186233347, -0.2413006581166558, 0.9468359638655203, -4.056720098479238], [0.29054726284123866, -0.9095688296738147, -0.297097367529545, 46.33852435964362], [0.0, 0.0, 0.0, 1.0]]}, {"class": "Cherries", "pose": [[0.42366350324062635, 0.33440987388771837, 0.8418309259776631, 2.289433216016812], [-0.8259066747473971, -0.23906225684347218, 0.5106147737895574, -12.305981440585152], [0.37200463363060765, -0.9116025833302163, 0.17490939447253326, 44.95614747976756], [0.0, 0.0, 0.0, 1.0]]}, {"class": "Mayo", "pose": [[0.4902711051452482, 0.39416487381246307, 0.7773469826121344, -1.2171127727796272], [-0.7607062126276486, -0.24179307909427125, 0.602380453055514, -5.566577843808529], [0.42539434447325986, -0.8866623678247041, 0.18129950586079321, 36.766899857226115], [0.0, 0.0, 0.0, 1.0]]}, {"class": "Ketchup", "pose": [[0.10535306752937486, 0.31986600399373244, 0.9415872271411506, -6.189940700434016], [-0.9455607011349724, -0.2609672952380067, 0.19445070464478967, 3.831157160839016], [0.3079216505573855, -0.9108138154830655, 0.27495902293779884, 32.25895581129989], [0.0, 0.0, 0.0, 1.0]]}, {"class": "Butter", "pose": [[0.5007947694598525, -0.3290139556924938, -0.8005963099498767, 1.4669705588780502], [-0.7706963359960053, 0.25152569220107224, -0.5854588193004358, 3.258351725107639], [0.39399467326006066, 0.9102113157390397, -0.12760709931276448, 40.42110536290502], [0.0, 0.0, 0.0, 1.0]]}]}