{"camera": {"camera": "RealSense D415", "extrinsics": [[-0.7454035, 0.59428126, 0.301999, 0.49485245], [0.5632569, 0.8037911, -0.19147187, -0.44997472], [-0.35653228, 0.027379222, -0.93388176, 0.27848575], [0.0, 0.0, 0.0, 1.0]], "height": 480, "intrinsics": [[607.12415, 0.0, 326.28275], [0.0, 609.41095, 245.73769], [0.0, 0.0, 1.0]], "width": 640}, "objects": [{"class": "Tuna", "pose": [[0.9487832604455029, 0.30783021555873896, -0.07106973832778413, 10.493479529563137], [0.1413885549246743, -0.2125595123248326, 0.9668648934768759, -3.038192447658], [0.2825237049875133, -0.9273936819031491, -0.24519660366526513, 49.54184078049713], [0.0, 0.0, 0.0, 1.0]]}, {"class": "Cherries", "pose": [[0.3792657466855559, 0.3040314060080022, 0.8739121364132458, 4.352567708059207], [-0.8680948052548375, -0.20998883226890816, 0.44979561068713786, -10.854114338074705], [0.3202638149106162, -0.9292306624537525, 0.18428652793243241, 47.84699474625149], [0.0, 0.0, 0.0, 1.0]]}, {"class": "Mayo", "pose": [[0.4505713714505625, 0.363923190548025, 0.8151965255256074, 1.1218834253497123], [-0.8098745792684717, -0.21757524041520906, 0.5447606562468397, -3.495223201148784], [0.3756176517193414, -0.9056605055015814, 0.19669897827441296, 40.08886334990736], [0.0, 0.0, 0.0, 1.0]]}, {"class": "Ketchup", "pose": [[0.05328731385715892, 0.28820817341175553, 0.9560839584362165, -3.3500749833794585], [-0.965092717049422, -0.23100309332166852, 0.12342451278207604, 6.406114957523318], [0.2564303322278062, -0.9292866342976825, 0.2658381003391969, 36.173114873717275], [0.0, 0.0, 0.0, 1.0]]}, {"class": "Butter", "pose": [[0.4599447244737549, -0.2979177361431196, -0.8364782708108067, 4.39429739040148], [-0.8187986836821521, 0.22216611480335105, -0.5293495300980883, 4.9494279605010405], [0.3435397764821934, 0.9283788391508598, -0.14175052929071358, 44.14053877989998], [0.0, 0.0, 0.0, 1.0]]}]}