{"camera": {"camera": "RealSense D415", "extrinsics": [[-0.733492, 0.60948104, 0.30086923, 0.4882779], [0.57977396, 0.79205865, -0.19106354, -0.44975033], [-0.35475567, 0.034292556, -0.9343299, 0.28023514], [0.0, 0.0, 0.0, 1.0]], "height": 480, "intrinsics": [[607.12415, 0.0, 326.28275], [0.0, 609.41095, 245.73769], [0.0, 0.0, 1.0]], "width": 640}, "objects": [{"class": "Tuna", "pose": [[0.9505281525836807, 0.30627766529685024, -0.05186717384217736, 10.586335305885164], [0.12131772472398777, -0.212301350769878, 0.9696443776935537, -2.42023742442693], [0.28596893217883723, -0.9279666352692605, -0.23895533005890213, 49.89169211070282], [0.0, 0.0, 0.0, 1.0]]}, {"class": "Cherries", "pose": [[0.3616879120723973, 0.30253387584170766, 0.8818475429829771, 4.301656573733342], [-0.8772946876022252, -0.209646301354423, 0.43174359577990773, -10.105717852036333], [0.31549314442159776, -0.929796553184527, 0.1895848137830725, 48.12869917794217], [0.0, 0.0, 0.0, 1.0]]}, {"class": "Mayo", "pose": [[0.43394106379619934, 0.3622038054328335, 0.8249263829685682, 1.2339815890293204], [-0.8208175556325682, -0.21853409560837184, 0.5277323777120794, -2.635297260221392], [0.37142121808581524, -0.9061187560997788, 0.20247230602690736, 40.41109689201436], [0.0, 0.0, 0.0, 1.0]]}, {"class": "Ketchup", "pose": [[0.03409082119262554, 0.2863114833724069, 0.9575299114052326, -3.0367301203201915], [-0.9676058834254115, -0.230352691860995, 0.10332746380590647, 7.375505658862291], [0.2501534412359381, -0.9300340422634917, 0.2691837516954966, 36.5493815431754], [0.0, 0.0, 0.0, 1.0]]}, {"class": "Butter", "pose": [[0.4432308642221251, -0.2961858758838083, -0.8460616459597122, 4.656193355284833], [-0.8297079915466363, 0.22170955530371114, -0.5122788253620442, 5.718211618725788], [0.33930970725666915, 0.9290418440206462, -0.14747925524671568, 44.52743752350345], [0.0, 0.0, 0.0, 1.0]]}]}