{"camera": {"camera": "RealSense D415", "extrinsics": [[-0.6799952, 0.66229796, 0.3145917, 0.46022576], [0.6688008, 0.7361178, -0.10409688, -0.48353237], [-0.3005197, 0.13961379, -0.94350195, 0.25796404], [0.0, 0.0, 0.0, 1.0]], "height": 480, "intrinsics": [[607.12415, 0.0, 326.28275], [0.0, 609.41095, 245.73769], [0.0, 0.0, 1.0]], "width": 640}, "objects": [{"class": "Tuna", "pose": [[0.9476968985147093, 0.31830202419817444, 0.023546617668638564, 10.225541420302397], [0.017764549050609393, -0.12626327057460954, 0.991837760209477, -5.90369689453617], [0.31867703319999596, -0.9395432143621467, -0.12531381940248035, 51.64492341415714], [0.0, 0.0, 0.0, 1.0]]}, {"class": "Cherries", "pose": [[0.2895597910391599, 0.3148105020645999, 0.9039079092860512, 3.472344502727082], [-0.9318190962195066, -0.12314878521982385, 0.3413908081598925, -12.85509121135301], [0.21878858741043908, -0.9411316424290171, 0.2576874892464697, 48.862049340929005], [0.0, 0.0, 0.0, 1.0]]}, {"class": "Mayo", "pose": [[0.36389107066462517, 0.37297196825201945, 0.8535076056225003, 1.169700037794691], [-0.8875769208732959, -0.13904064285475373, 0.43917541420727935, -4.343922213020656], [0.2824723757731474, -0.9173656046941231, 0.28044564665118626, 42.00369356543549], [0.0, 0.0, 0.0, 1.0]]}, {"class": "Ketchup", "pose": [[-0.041463718479052065, 0.29718842494246694, 0.9539181481640822, -2.2696935257616957], [-0.9898015424601335, -0.14244720128406765, 0.0013552366571814394, 6.329589604004554], [0.1362857477796192, -0.9441334011083392, 0.30006394708477163, 39.244213354985646], [0.0, 0.0, 0.0, 1.0]]}, {"class": "Butter", "pose": [[0.3734923580160249, -0.3076112234774922, -0.8751450319581299, 5.045129500705498], [-0.893379873688558, 0.1347214858838063, -0.42862881121781254, 3.2088371979215715], [0.24975188516529576, 0.9419264835390322, -0.2244962180984728, 47.13923424057258], [0.0, 0.0, 0.0, 1.0]]}]}