{"camera": {"camera": "RealSense D415", "extrinsics": [[-0.68126076, 0.6488172, 0.33899853, 0.45603296], [0.66829586, 0.74023336, -0.0737241, -0.48100868], [-0.2987715, 0.17632599, -0.9378938, 0.25221008], [0.0, 0.0, 0.0, 1.0]], "height": 480, "intrinsics": [[607.12415, 0.0, 326.28275], [0.0, 609.41095, 245.73769], [0.0, 0.0, 1.0]], "width": 640}, "objects": [{"class": "Tuna", "pose": [[0.9392742560011043, 0.3429053484336873, 0.013409486513279834, 8.621124546110497], [0.020819239411622226, -0.09594380476315116, 0.9951690422074355, -6.845140270858346], [0.34253536615679225, -0.9344574627304817, -0.09725658629901986, 51.33270488436643], [0.0, 0.0, 0.0, 1.0]]}, {"class": "Cherries", "pose": [[0.29648317742833186, 0.33941269453963707, 0.8926907463319814, 2.031347695646163], [-0.9338366821909403, -0.09283049469289834, 0.3454441014402504, -13.800794458259642], [0.20011705538511795, -0.9360457060425399, 0.2894333613160534, 48.19174022978031], [0.0, 0.0, 0.0, 1.0]]}, {"class": "Mayo", "pose": [[0.3686344756894457, 0.3971800614667327, 0.8404502617084814, -0.2154546631373877], [-0.8904556456025855, -0.10864444439646173, 0.44191085626677973, -5.131136596000618], [0.26682845185455545, -0.9112872321075722, 0.31362115390709167, 41.515804484205496], [0.0, 0.0, 0.0, 1.0]]}, {"class": "Ketchup", "pose": [[-0.03161584909141602, 0.3221279854335776, 0.9461680714260754, -3.727889264138123], [-0.9936664194737984, -0.11225846540032561, 0.00501604687551965, 5.5710141920127745], [0.10783119602016951, -0.940016829792511, 0.32363693109886615, 38.967319897161964], [0.0, 0.0, 0.0, 1.0]]}, {"class": "Butter", "pose": [[0.37911188609409946, -0.3323897559330761, -0.8635920612605988, 3.431961078984369], [-0.8952207662455819, 0.10446644179816061, -0.43320505443828394, 2.323559848570339], [0.2342093319955501, 0.9373387085286834, -0.25795775739328564, 46.95278593710275], [0.0, 0.0, 0.0, 1.0]]}]}