{"camera": {"camera": "RealSense D415", "extrinsics": [[-0.6690226, 0.6725361, 0.31639212, 0.4598143], [0.69728065, 0.7153156, -0.046078958, -0.49912193], [-0.25730997, 0.18978624, -0.9475087, 0.22608992], [0.0, 0.0, 0.0, 1.0]], "height": 480, "intrinsics": [[607.12415, 0.0, 326.28275], [0.0, 609.41095, 245.73769], [0.0, 0.0, 1.0]], "width": 640}, "objects": [{"class": "Tuna", "pose": [[0.946712915477052, 0.3197623306284839, 0.03855855520444119, 10.719767070232278], [-0.017486379973086177, -0.06851158736541905, 0.9974970790027995, -8.738680212405148], [0.32160369369114433, -0.9450175715932289, -0.059269320416134835, 51.120283334323844], [0.0, 0.0, 0.0, 1.0]]}, {"class": "Cherries", "pose": [[0.2750602121110749, 0.3163226170231713, 0.9078997391080671, 3.875168546326541], [-0.9484676847150961, -0.0652471282834415, 0.31008369355540066, -15.38925179338525], [0.1573243361085898, -0.9464052042165563, 0.28207488625921945, 47.86554673605958], [0.0, 0.0, 0.0, 1.0]]}, {"class": "Mayo", "pose": [[0.3498056634018095, 0.37415925916273945, 0.858860233818217, 1.7222575914576044], [-0.9096504502641747, -0.08354184835281263, 0.40688677984789395, -6.4093673045110595], [0.22399122502677798, -0.9235938529153674, 0.31113071967629613, 41.58017900396711], [0.0, 0.0, 0.0, 1.0]]}, {"class": "Ketchup", "pose": [[-0.05648283715410342, 0.29842981304587785, 0.9527588311802195, -1.5501329795813645], [-0.9959251181038405, -0.08403991730086993, -0.032718269161484397, 4.4734455704951435], [0.07030566716356693, -0.9507244262270832, 0.30196055586485027, 39.524980711067705], [0.0, 0.0, 0.0, 1.0]]}, {"class": "Butter", "pose": [[0.35943733032938713, -0.3089570212435463, -0.880539845316196, 5.689858446647134], [-0.9134168081086261, 0.0766333250991994, -0.3997462968632709, 0.7282836698508544], [0.1909831204572659, 0.9479835908163033, -0.25466165396811, 47.21480287681472], [0.0, 0.0, 0.0, 1.0]]}]}