{"camera": {"camera": "RealSense D415", "extrinsics": [[-0.65710515, 0.6958102, 0.2899327, 0.46433917], [0.7208185, 0.692543, -0.02836847, -0.5096122], [-0.22052994, 0.1903478, -0.9566265, 0.20668276], [0.0, 0.0, 0.0, 1.0]], "height": 480, "intrinsics": [[607.12415, 0.0, 326.28275], [0.0, 609.41095, 245.73769], [0.0, 0.0, 1.0]], "width": 640}, "objects": [{"class": "Tuna", "pose": [[0.9540972566883956, 0.2927791702495016, 0.06307774862717326, 13.027767470323159], [-0.05031142580672971, -0.0509390097777521, 0.9974336648335873, -9.692857799816629], [0.29524093737911855, -0.954822282843781, -0.03387063932107003, 51.2049449827831], [0.0, 0.0, 0.0, 1.0]]}, {"class": "Cherries", "pose": [[0.25419820529713405, 0.28939062871514426, 0.9228414579762614, 5.927816596043783], [-0.9590858730773746, -0.04755155379584765, 0.27909331024267886, -16.076164321483404], [0.1246495466452349, -0.9560292521295176, 0.2654629592265957, 47.962102457158515], [0.0, 0.0, 0.0, 1.0]]}, {"class": "Mayo", "pose": [[0.3316694873347335, 0.34731104717806077, 0.8771376219290645, 3.845398248326087], [-0.9240091378967703, -0.06792561216509954, 0.3762886688733364, -6.876986864389323], [0.1902693370326944, -0.9352866745345706, 0.29838974337387963, 41.97729994333817], [0.0, 0.0, 0.0, 1.0]]}, {"class": "Ketchup", "pose": [[-0.08065688551830384, 0.27090414080793174, 0.9592212640656922, 0.805854482298457], [-0.9957061934708767, -0.06575847077244469, -0.06515318743247202, 4.137412640516224], [0.04542666273534109, -0.9603576350227441, 0.2750448223358847, 40.300348939554475], [0.0, 0.0, 0.0, 1.0]]}, {"class": "Butter", "pose": [[0.34032378430003, -0.2816903660292299, -0.8971233358074049, 8.1459719414071], [-0.9271216236007515, 0.058699467130003936, -0.3701348479105471, 0.00167167758631237], [0.15692409704847912, 0.9577081639744163, -0.24118441813226502, 47.68921903579149], [0.0, 0.0, 0.0, 1.0]]}]}