{"camera": {"camera": "RealSense D415", "extrinsics": [[-0.5842782, 0.71082217, 0.39160025, 0.38339415], [0.76924217, 0.63884676, -0.011887008, -0.46516833], [-0.2586221, 0.29429013, -0.92005867, 0.24828473], [0.0, 0.0, 0.0, 1.0]], "height": 480, "intrinsics": [[607.12415, 0.0, 326.28275], [0.0, 609.41095, 245.73769], [0.0, 0.0, 1.0]], "width": 640}, "objects": [{"class": "Tuna", "pose": [[0.9108970236579333, 0.3928704473055084, 0.12617205416981134, 4.301562716993168], [-0.12244554188313451, -0.034644958915032394, 0.9918703881831901, -4.330155672993902], [0.39404780728060634, -0.918941002855177, 0.016547250453286075, 53.34593329884988], [0.0, 0.0, 0.0, 1.0]]}, {"class": "Cherries", "pose": [[0.18086066150045788, 0.3898453811804058, 0.902945160694858, -2.7669038290296877], [-0.9773902103106744, -0.03100432928314667, 0.20915821574709753, -10.119745284326603], [0.10953457416689072, -0.9203582666818766, 0.3754236149486418, 49.081033113770935], [0.0, 0.0, 0.0, 1.0]]}, {"class": "Mayo", "pose": [[0.2525738235341179, 0.4437924962618769, 0.8597991900760018, -3.619698409500849], [-0.949805381819322, -0.055813186045476304, 0.30782247447263333, -0.5923080043192863], [0.18459743969227102, -0.8943898091933192, 0.4074195713498446, 43.31216132908445], [0.0, 0.0, 0.0, 1.0]]}, {"class": "Ketchup", "pose": [[-0.14478456828843506, 0.37089111077960585, 0.9173206506225303, -5.7889483650050035], [-0.9894392304498423, -0.0478118827059854, -0.13683597472479053, 10.649048270060346], [-0.006892424951764345, -0.9274447895048656, 0.37389665623973534, 41.7974795135058], [0.0, 0.0, 0.0, 1.0]]}, {"class": "Butter", "pose": [[0.2646560416203006, -0.38172270054545165, -0.8855760401289671, 0.42858598924610525], [-0.9522440231406625, 0.0415641055217407, -0.30249594441085165, 5.781028446776881], [0.1522777474883867, 0.9233418836152817, -0.35249298749101665, 49.74868858600917], [0.0, 0.0, 0.0, 1.0]]}]}