{"camera": {"camera": "RealSense D415", "extrinsics": [[-0.56823903, 0.7209022, 0.39674225, 0.37220323], [0.78436136, 0.62029314, -0.003695036, -0.46711257], [-0.24876025, 0.30908963, -0.9179226, 0.24743278], [0.0, 0.0, 0.0, 1.0]], "height": 480, "intrinsics": [[607.12415, 0.0, 326.28275], [0.0, 609.41095, 245.73769], [0.0, 0.0, 1.0]], "width": 640}, "objects": [{"class": "Tuna", "pose": [[0.9060999802551579, 0.39757964567344234, 0.144614233805579, 3.810001580177824], [-0.146206448123577, -0.02648849940546275, 0.988899418984211, -4.379840932703155], [0.3969968945900888, -0.9171852414052486, 0.03412747469105552, 53.78356880882571], [0.0, 0.0, 0.0, 1.0]]}, {"class": "Cherries", "pose": [[0.16188489089545838, 0.39463168167762597, 0.9044662201583025, -3.3402476231136458], [-0.9823321529131117, -0.02276815837185418, 0.18575569778184797, -9.962482370079929], [0.09389811779281872, -0.9185572540845912, 0.3839735672388258, 49.38129827703464], [0.0, 0.0, 0.0, 1.0]]}, {"class": "Mayo", "pose": [[0.23365671566254767, 0.44795053061159096, 0.8629860293434514, -3.9804489998560175], [-0.9573744916831676, -0.04902310558253756, 0.28465917293214726, -0.32451243540115304], [0.16981948536782399, -0.892713302527035, 0.41740183010529275, 43.770694294653524], [0.0, 0.0, 0.0, 1.0]]}, {"class": "Ketchup", "pose": [[-0.1632347449052564, 0.37540838365207707, 0.9123721768175758, -5.929926853872708], [-0.9862820983188062, -0.039093910391246454, -0.16037242795177992, 10.979668795354975], [-0.02453695406211838, -0.9260346612245026, 0.37664005361981895, 42.435396082699384], [0.0, 0.0, 0.0, 1.0]]}, {"class": "Butter", "pose": [[0.24588205619936368, -0.3863305646785336, -0.8889829777480159, 0.14828558963177474], [-0.9594932275741306, 0.033121289093630726, -0.2797780430790241, 5.861794683547888], [0.13753107540166218, 0.9217655109724884, -0.36253762835746556, 50.337280513223945], [0.0, 0.0, 0.0, 1.0]]}]}