{"camera": {"camera": "RealSense D415", "extrinsics": [[-0.5403704, 0.7345861, 0.41034505, 0.36182907], [0.8153285, 0.5776426, 0.03960365, -0.48387405], [-0.20794049, 0.35596666, -0.91107, 0.22751322], [0.0, 0.0, 0.0, 1.0]], "height": 480, "intrinsics": [[607.12415, 0.0, 326.28275], [0.0, 609.41095, 245.73769], [0.0, 0.0, 1.0]], "width": 640}, "objects": [{"class": "Tuna", "pose": [[0.8951197125807003, 0.4104801945875117, 0.1739733115789822, 3.6331837147788315], [-0.19817543930446574, 0.016792408868470714, 0.9800227279883135, -6.87397392688659], [0.39935849484543945, -0.9117149197143309, 0.09637830211082529, 53.87506608264883], [0.0, 0.0, 0.0, 1.0]]}, {"class": "Cherries", "pose": [[0.1306040732761292, 0.4076674787531346, 0.9037421125252828, -3.6152264706061867], [-0.9907851725168753, 0.02067915536035619, 0.13385496467097707, -11.953874638896183], [0.035879700804388626, -0.9128963081925624, 0.40661167827703587, 49.04525292081489], [0.0, 0.0, 0.0, 1.0]]}, {"class": "Mayo", "pose": [[0.20193760663027738, 0.45976770140999057, 0.8647744601394762, -3.8778384297891435], [-0.9727255495541132, -0.008743350931063643, 0.23179429710828373, -1.9781975143357111], [0.11413256723558654, -0.8879962167622205, 0.4454621818570977, 44.02568085626116], [0.0, 0.0, 0.0, 1.0]]}, {"class": "Ketchup", "pose": [[-0.1926495029542917, 0.3880741825688334, 0.9012683290651624, -5.4634329840063165], [-0.9774126681323215, 0.005443844522503796, -0.21126968037096616, 9.44140208259882], [-0.08689466594962936, -0.921612100799279, 0.3782598736880906, 43.35737425682711], [0.0, 0.0, 0.0, 1.0]]}, {"class": "Butter", "pose": [[0.21458217363959936, -0.3991061948377797, -0.8914419437849707, 0.3362075160231126], [-0.9732626803537683, -0.010803336107297518, -0.22944079862206282, 3.6669057893190473], [0.08194070593537184, 0.9168411005466208, -0.39075337031427204, 51.01220569854098], [0.0, 0.0, 0.0, 1.0]]}]}