{"camera": {"camera": "RealSense D415", "extrinsics": [[-0.50858223, 0.755434, 0.41311455, 0.35291737], [0.84302616, 0.5344571, 0.060518425, -0.4860966], [-0.17507432, 0.37904495, -0.908666, 0.21755907], [0.0, 0.0, 0.0, 1.0]], "height": 480, "intrinsics": [[607.12415, 0.0, 326.28275], [0.0, 609.41095, 245.73769], [0.0, 0.0, 1.0]], "width": 640}, "objects": [{"class": "Tuna", "pose": [[0.8862412315345178, 0.41238227392608257, 0.21099151738445282, 4.292790805965235], [-0.24803164869482108, 0.03776296156628464, 0.9680156454084421, -7.1702986551913925], [0.39122481212175936, -0.9102279086020707, 0.1357509309748744, 54.51840969936579], [0.0, 0.0, 0.0, 1.0]]}, {"class": "Cherries", "pose": [[0.09272846896319463, 0.4097215926853707, 0.9074853873531874, -3.13547774676553], [-0.9956835023015976, 0.0417984065493723, 0.08286909092302656, -11.772083827829128], [-0.003978175521243425, -0.9112525096424603, 0.4118289114039847, 49.4868753800729], [0.0, 0.0, 0.0, 1.0]]}, {"class": "Mayo", "pose": [[0.1645637440032323, 0.4606212222009527, 0.8722080855771731, -3.009529737846245], [-0.9835147280248301, 0.009434955293698526, 0.1805818129073353, -1.5999886519132756], [0.07495057882512135, -0.8875466750365183, 0.45458038325883543, 44.87256961760322], [0.0, 0.0, 0.0, 1.0]]}, {"class": "Ketchup", "pose": [[-0.22957101479070555, 0.3895774404484554, 0.891923005527974, -4.158082860460982], [-0.9650789933805571, 0.027683404376041134, -0.2604922176069236, 9.889365542166074], [-0.12617333922617086, -0.920577575416012, 0.3696176816496255, 44.66384901611077], [0.0, 0.0, 0.0, 1.0]]}, {"class": "Butter", "pose": [[0.1772337935397961, -0.4007973075864915, -0.8988602679990759, 1.4044034367091396], [-0.9832392053668764, -0.032422528583727656, -0.17941425374200445, 3.5950942510752815], [0.04276543639660245, 0.9155928810764229, -0.39982597220582516, 52.08125942387439], [0.0, 0.0, 0.0, 1.0]]}]}