{"camera": {"camera": "RealSense D415", "extrinsics": [[-0.49424806, 0.76533616, 0.4122856, 0.34860426], [0.8567744, 0.5091327, 0.0819855, -0.48908323], [-0.14716159, 0.39375693, -0.9073582, 0.2095754], [0.0, 0.0, 0.0, 1.0]], "height": 480, "intrinsics": [[607.12415, 0.0, 326.28275], [0.0, 609.41095, 245.73769], [0.0, 0.0, 1.0]], "width": 640}, "objects": [{"class": "Tuna", "pose": [[0.8825902645521617, 0.4111560505378088, 0.2280025488519393, 4.649610573487112], [-0.2754917835705757, 0.05930658055981298, 0.959472333982217, -7.993262284139635], [0.3809707949902347, -0.9096336564554247, 0.1656135370204751, 55.0867266569766], [0.0, 0.0, 0.0, 1.0]]}, {"class": "Cherries", "pose": [[0.07545501266626568, 0.40856364677206186, 0.9096055864268493, -2.8673076246387708], [-0.9965153988178266, 0.06341761740340943, 0.05417950453539475, -12.305348639662716], [-0.03554925755776912, -0.9105239753868846, 0.4119251385496461, 49.93174884101001], [0.0, 0.0, 0.0, 1.0]]}, {"class": "Mayo", "pose": [[0.1476478234310859, 0.4589421395805466, 0.8761120179591059, -2.5743501185082565], [-0.9880812117327591, 0.029449772738374326, 0.15109064463512303, -1.996584922163691], [0.04354054437790846, -0.8879779165833744, 0.4578202921364593, 45.63957259090755], [0.0, 0.0, 0.0, 1.0]]}, {"class": "Ketchup", "pose": [[-0.24650921181697544, 0.3881593770473384, 0.8880121292857883, -3.524078566852512], [-0.9565188080863616, 0.04995316305498184, -0.2873614522995828, 9.511747786230796], [-0.15590107143023943, -0.9202374351675857, 0.35896782318123605, 45.79548245707335], [0.0, 0.0, 0.0, 1.0]]}, {"class": "Butter", "pose": [[0.16025644369568778, -0.39946960304770734, -0.9026305688120704, 1.9433187584119438], [-0.9870102516177468, -0.054338553080041214, -0.15118941047744056, 2.8918200061741284], [0.011347919106816696, 0.9151345886407415, -0.4029886954266514, 52.996954829577426], [0.0, 0.0, 0.0, 1.0]]}]}