{"camera": {"camera": "RealSense D415", "extrinsics": [[-0.48031813, 0.77429444, 0.41202265, 0.34857848], [0.86706764, 0.49000245, 0.089951724, -0.48736915], [-0.13224299, 0.40045694, -0.90672266, 0.20647393], [0.0, 0.0, 0.0, 1.0]], "height": 480, "intrinsics": [[607.12415, 0.0, 326.28275], [0.0, 609.41095, 245.73769], [0.0, 0.0, 1.0]], "width": 640}, "objects": [{"class": "Tuna", "pose": [[0.8785844597438869, 0.4105157336503775, 0.2440620136262634, 5.383785593046459], [-0.29613200021530905, 0.06733448551599235, 0.9527706773138072, -7.891493178381714], [0.3746935599895508, -0.9093639939565569, 0.18072585938534924, 55.4966102226369], [0.0, 0.0, 0.0, 1.0]]}, {"class": "Cherries", "pose": [[0.05896686529823324, 0.40798988368736605, 0.9110802657169902, -2.211985853951204], [-0.9969108004130026, 0.0715015420287559, 0.032502977519784884, -11.994915233428127], [-0.05188274115804463, -0.9101822665782325, 0.4109457341660526, 50.287183592052074], [0.0, 0.0, 0.0, 1.0]]}, {"class": "Mayo", "pose": [[0.13142444083341312, 0.4578405632468497, 0.8792665818571194, -1.7566053599561426], [-0.9909532576323007, 0.03634740955567987, 0.1291919697456305, -1.6238709805092788], [0.027190273633471516, -0.8882909770043114, 0.45847552044280254, 46.162468703931204], [0.0, 0.0, 0.0, 1.0]]}, {"class": "Ketchup", "pose": [[-0.2625008144892381, 0.3873499278817692, 0.8837722799091096, -2.516345417084309], [-0.9496716930407874, 0.05853431591792057, -0.30772953601709935, 9.894460456646264], [-0.17093000230224717, -0.9200726817287169, 0.3524899548956212, 46.507196517081525], [0.0, 0.0, 0.0, 1.0]]}, {"class": "Butter", "pose": [[0.14399373165534027, -0.3987396050163211, -0.9056890303016089, 2.85360189728997], [-0.9895659658664344, -0.0626494928556149, -0.1297470550108866, 3.0691898014873873], [-0.005005653860396159, 0.9149217133801582, -0.4036002669322481, 53.58931680587262], [0.0, 0.0, 0.0, 1.0]]}]}