{"camera": {"camera": "RealSense D415", "extrinsics": [[-0.46409512, 0.7841922, 0.41189596, 0.34581316], [0.8767299, 0.47298756, 0.08733493, -0.48409304], [-0.1263343, 0.40165323, -0.907036, 0.20689024], [0.0, 0.0, 0.0, 1.0]], "height": 480, "intrinsics": [[607.12415, 0.0, 326.28275], [0.0, 609.41095, 245.73769], [0.0, 0.0, 1.0]], "width": 640}, "objects": [{"class": "Tuna", "pose": [[0.8735517245459573, 0.40995663143492195, 0.26237940306786445, 5.952126843877881], [-0.3148167666225411, 0.06476567579998531, 0.946940231453724, -7.21426467324699], [0.37121126302561125, -0.9098027042501997, 0.18563738175495412, 55.82981190515635], [0.0, 0.0, 0.0, 1.0]]}, {"class": "Cherries", "pose": [[0.04000934254877288, 0.40750843399334047, 0.9123245776597515, -1.729918168653971], [-0.9975339067662021, 0.06898432230358982, 0.012932879888319765, -11.143583389117461], [-0.05766582337927573, -0.9105921330122442, 0.40926350933485695, 50.61266963531712], [0.0, 0.0, 0.0, 1.0]]}, {"class": "Mayo", "pose": [[0.11271931530760167, 0.4567278396966178, 0.8824364241527988, -1.0865291383330422], [-0.9933987166322793, 0.03276998698366056, 0.10993229280135464, -0.7595757747061782], [0.021291721129879274, -0.8890026997861337, 0.4574066706413147, 46.5460207982171], [0.0, 0.0, 0.0, 1.0]]}, {"class": "Ketchup", "pose": [[-0.2807373506309854, 0.38660794179413255, 0.8784764342720481, -1.6277117700879473], [-0.9435494949630087, 0.056466149113363576, -0.3263830813836567, 10.768893710523674], [-0.17578646572068732, -0.9205139143834007, 0.3489315862154907, 46.9577311977114], [0.0, 0.0, 0.0, 1.0]]}, {"class": "Butter", "pose": [[0.12525032392826488, -0.3980833164400433, -0.9087585134659777, 3.6259246001389522], [-0.9920650535125899, -0.060335873926735735, -0.11030187292467293, 3.8029940514962557], [-0.010921390953516867, 0.9153629054301049, -0.40248164497909344, 53.98998719905591], [0.0, 0.0, 0.0, 1.0]]}]}