{"camera": {"camera": "RealSense D415", "extrinsics": [[-0.42826086, 0.8021906, 0.41603228, 0.3361695], [0.8966207, 0.4345484, 0.08508211, -0.47461534], [-0.11253411, 0.4094605, -0.9053608, 0.20560618], [0.0, 0.0, 0.0, 1.0]], "height": 480, "intrinsics": [[607.12415, 0.0, 326.28275], [0.0, 609.41095, 245.73769], [0.0, 0.0, 1.0]], "width": 640}, "objects": [{"class": "Tuna", "pose": [[0.8597678625300104, 0.4131880885710668, 0.30012471605381047, 6.633933133141151], [-0.35563322163380073, 0.06265622655240087, 0.9325230384692775, -5.710389502622249], [0.3665027508556568, -0.9084876542031047, 0.20081320376790487, 56.34183474987342], [0.0, 0.0, 0.0, 1.0]]}, {"class": "Cherries", "pose": [[-0.00015450394569905496, 0.4109126836467291, 0.9116747016944088, -1.19470999881775], [-0.9972921881192889, 0.06698213928460207, -0.030359394995535742, -9.243411785495253], [-0.07354095900739019, -0.9092107438837326, 0.40978967481674927, 51.05959690702283], [0.0, 0.0, 0.0, 1.0]]}, {"class": "Mayo", "pose": [[0.07258011164046621, 0.4586103110694308, 0.8856685210268406, -0.12919022985988793], [-0.9973474130362651, 0.028474672104866584, 0.06698760400091915, 1.1696085865302297], [0.005502109578628329, -0.8881811695451052, 0.45946051395895415, 47.15922847278714], [0.0, 0.0, 0.0, 1.0]]}, {"class": "Ketchup", "pose": [[-0.31834147081891145, 0.3895352174461088, 0.8642459380806362, -0.20586905343916717], [-0.9285523243032797, 0.055475914368887595, -0.3670327128299428, 12.702512689000006], [-0.19091698433912355, -0.9193393033995648, 0.3440435689667957, 47.754407579292725], [0.0, 0.0, 0.0, 1.0]]}, {"class": "Butter", "pose": [[0.08518848933056261, -0.4011517761918428, -0.9120417714702108, 4.75545143018511], [-0.9960075684521519, -0.05879756884945968, -0.06716976860775313, 5.419544327495868], [-0.026680542301308233, 0.9141225933322832, -0.40455909340135005, 54.67688923034204], [0.0, 0.0, 0.0, 1.0]]}]}