{"camera": {"camera": "RealSense D415", "extrinsics": [[-0.40891564, 0.8105376, 0.41930515, 0.33098426], [0.9064927, 0.41372374, 0.08428323, -0.46623603], [-0.10516176, 0.41456178, -0.9039245, 0.20466144], [0.0, 0.0, 0.0, 1.0]], "height": 480, "intrinsics": [[607.12415, 0.0, 326.28275], [0.0, 609.41095, 245.73769], [0.0, 0.0, 1.0]], "width": 640}, "objects": [{"class": "Tuna", "pose": [[0.8513836430762223, 0.4159904189706373, 0.31952763996115907, 6.947166249332098], [-0.37708926953076943, 0.061951666165589704, 0.9241026652521155, -4.628723919234074], [0.36462257644431834, -0.9072562766457563, 0.20961014743143783, 56.57817250466509], [0.0, 0.0, 0.0, 1.0]]}, {"class": "Cherries", "pose": [[-0.021221225105686106, 0.41380870647071977, 0.9101165107426075, -0.9456796868050954], [-0.9963681849436831, 0.06633126246650184, -0.05339162587556789, -7.94723823148511], [-0.08246308898216383, -0.9079441101896152, 0.4108981873892256, 51.25253785290411], [0.0, 0.0, 0.0, 1.0]]}, {"class": "Mayo", "pose": [[0.051359544138637206, 0.4606409511677053, 0.8860994077446597, 0.3476024440398684], [-0.9986747654165727, 0.026632249909993726, 0.044039734863975145, 2.4751249725749656], [-0.003312311490465671, -0.8871869179206556, 0.4613982985829918, 47.447150894433264], [0.0, 0.0, 0.0, 1.0]]}, {"class": "Ketchup", "pose": [[-0.33767291746411104, 0.39220902591978524, 0.8556571333604265, 0.5150012648069968], [-0.9198338385754686, 0.05537299041457335, -0.3883807454110861, 14.001287875423918], [-0.19970671794655184, -0.9182079831079387, 0.34206916732747145, 48.14539773692751], [0.0, 0.0, 0.0, 1.0]]}, {"class": "Butter", "pose": [[0.06404895903918748, -0.40388454758472864, -0.9125650947414817, 5.308500970704882], [-0.997316507001059, -0.05840022535546831, -0.044150431522707825, 6.553040044177605], [-0.03546232394921289, 0.9129439602750865, -0.40654118813424595, 55.010020493067266], [0.0, 0.0, 0.0, 1.0]]}]}