{"camera": {"camera": "RealSense D415", "extrinsics": [[-0.38752457, 0.81584024, 0.42921948, 0.32080317], [0.91618985, 0.39240658, 0.08132203, -0.46008036], [-0.10208276, 0.42476082, -0.8995317, 0.20246176], [0.0, 0.0, 0.0, 1.0]], "height": 480, "intrinsics": [[607.12415, 0.0, 326.28275], [0.0, 609.41095, 245.73769], [0.0, 0.0, 1.0]], "width": 640}, "objects": [{"class": "Tuna", "pose": [[0.839394204169834, 0.4254350663432315, 0.33826375022230587, 6.552751584947414], [-0.39874596539003804, 0.05909514382826199, 0.9151554554140243, -3.6961340866760892], [0.36934947981124117, -0.9030574166989823, 0.2192446332290439, 56.434338966493655], [0.0, 0.0, 0.0, 1.0]]}, {"class": "Cherries", "pose": [[-0.04281064554993259, 0.42335838225140376, 0.9049502302270053, -1.364191248333818], [-0.9950213179951595, 0.0635275153708071, -0.07679140602277672, -6.798010769497964], [-0.08999951982020056, -0.9037321863615793, 0.41853096308142534, 51.014716019111596], [0.0, 0.0, 0.0, 1.0]]}, {"class": "Mayo", "pose": [[0.02898382368623352, 0.4690998017295106, 0.8826694196383463, 0.19668377091431322], [-0.9995275879759309, 0.022637480942064057, 0.02079023435608326, 3.619692912459649], [-0.010228715076069542, -0.882854942254734, 0.4695343114362284, 47.29795339718711], [0.0, 0.0, 0.0, 1.0]]}, {"class": "Ketchup", "pose": [[-0.35639728071193455, 0.4016118305824278, 0.8436165635051306, 0.6161602652003662], [-0.9105509256891672, 0.0531316702394664, -0.4099684449529397, 15.133866966047698], [-0.20947093173034323, -0.9142674076787763, 0.3467520458598085, 48.082708902949584], [0.0, 0.0, 0.0, 1.0]]}, {"class": "Butter", "pose": [[0.04198975540685112, -0.4133043692546772, -0.909624290121313, 5.179397052704243], [-0.9982241852696405, -0.05585773641293559, -0.02069970382761926, 7.530620442635899], [-0.04225427096171864, 0.908878067283462, -0.4149158718200394, 54.93432126939688], [0.0, 0.0, 0.0, 1.0]]}]}