{"camera": {"camera": "RealSense D415", "extrinsics": [[-0.3687358, 0.81664234, 0.44399232, 0.3090871], [0.9237189, 0.37527183, 0.07690527, -0.4531992], [-0.1038137, 0.43848184, -0.89272416, 0.20114459], [0.0, 0.0, 0.0, 1.0]], "height": 480, "intrinsics": [[607.12415, 0.0, 326.28275], [0.0, 609.41095, 245.73769], [0.0, 0.0, 1.0]], "width": 640}, "objects": [{"class": "Tuna", "pose": [[0.8261948767271715, 0.43984508783347925, 0.35204878223071834, 5.642982235632388], [-0.4159513185457788, 0.054767976327038476, 0.9077361912424623, -2.683532870081601], [0.3799823115634938, -0.8964021480020501, 0.22820317341234725, 56.10499123474353], [0.0, 0.0, 0.0, 1.0]]}, {"class": "Cherries", "pose": [[-0.060097411160370484, 0.4378620477714804, 0.8970312976617852, -2.2492277732968633], [-0.9936661483003738, 0.059241303471293, -0.0954886234439768, -5.613977285358307], [-0.09495215281284498, -0.8970882557315184, 0.43152845387538435, 50.55544582009317], [0.0, 0.0, 0.0, 1.0]]}, {"class": "Mayo", "pose": [[0.010406257711859778, 0.48251415024715166, 0.875826367097555, -0.4384203285396737], [-0.9998457603544925, 0.01741417889010997, 0.0022859127350023318, 4.78760797598513], [-0.014148816129382093, -0.8757150697061683, 0.4826209528097052, 46.90754235587804], [0.0, 0.0, 0.0, 1.0]]}, {"class": "Ketchup", "pose": [[-0.3702361793728879, 0.4160836141071741, 0.8305417618918852, 0.18493271546700663], [-0.9028315510917726, 0.04929897438329341, -0.4271590160587525, 16.288572747111285], [-0.21867873201113203, -0.9079890316987632, 0.357401156797283, 47.74851654801579], [0.0, 0.0, 0.0, 1.0]]}, {"class": "Butter", "pose": [[0.02390897382415203, -0.4277437515633084, -0.903583789507548, 4.50259878211206], [-0.9986565510573385, -0.05178284762163865, -0.001911346320667761, 8.573065186393569], [-0.045972579673050365, 0.902415571498777, -0.42840718321945886, 54.63370233720928], [0.0, 0.0, 0.0, 1.0]]}]}