{"camera": {"camera": "RealSense D415", "extrinsics": [[-0.29509637, 0.8132872, 0.5014799, 0.26018348], [0.94550824, 0.3241487, 0.03068925, -0.43784502], [-0.13759488, 0.48320964, -0.8646248, 0.19282907], [0.0, 0.0, 0.0, 1.0]], "height": 480, "intrinsics": [[607.12415, 0.0, 326.28275], [0.0, 609.41095, 245.73769], [0.0, 0.0, 1.0]], "width": 640}, "objects": [{"class": "Tuna", "pose": [[0.7700109618907822, 0.4959972491619598, 0.4013351634681626, 1.7229092100318115], [-0.46664916502464954, 0.008840366217700419, 0.8843983801809456, 1.1134878346549304], [0.4351111965536713, -0.8682790779917966, 0.23826385701976077, 53.127243034226154], [0.0, 0.0, 0.0, 1.0]]}, {"class": "Cherries", "pose": [[-0.12482952023860804, 0.4943827697080649, 0.8602344645135984, -6.00802265944052], [-0.9884198046434691, 0.013430047631996898, -0.1511489787227008, -1.346461934512494], [-0.08627842315879912, -0.8691405475201083, 0.48698123019297473, 47.13948232965867], [0.0, 0.0, 0.0, 1.0]]}, {"class": "Mayo", "pose": [[-0.05995727129732243, 0.5345706206972402, 0.8429943316239802, -3.244232891136667], [-0.9982002374329187, -0.031072655988973952, -0.05129197011619455, 8.840166802034693], [-0.0012250962046932165, -0.8445523810342369, 0.5354715221515277, 43.48253453837052], [0.0, 0.0, 0.0, 1.0]]}, {"class": "Ketchup", "pose": [[-0.41966958390555353, 0.47265056327223703, 0.7749057693856664, -1.855742726819537], [-0.8780700048816683, 0.004864056375224372, -0.47850757323414544, 20.281209034997545], [-0.22993603652531547, -0.8812364977790045, 0.4129789707670445, 44.219184580973334], [0.0, 0.0, 0.0, 1.0]]}, {"class": "Butter", "pose": [[-0.044505584205043185, -0.4840997248971109, -0.8738802980805347, 1.477719398530064], [-0.9984910450840514, -0.006614099913352536, 0.05451583924915806, 12.39646199764069], [-0.032171020046808926, 0.8749878226457376, -0.48307485123674493, 51.45077349695557], [0.0, 0.0, 0.0, 1.0]]}]}