{"camera": {"camera": "RealSense D415", "extrinsics": [[-0.27648452, 0.8352963, 0.4752225, 0.2637192], [0.9516223, 0.30694482, 0.014138559, -0.44715318], [-0.13405721, 0.4561414, -0.87975204, 0.17255041], [0.0, 0.0, 0.0, 1.0]], "height": 480, "intrinsics": [[607.12415, 0.0, 326.28275], [0.0, 609.41095, 245.73769], [0.0, 0.0, 1.0]], "width": 640}, "objects": [{"class": "Tuna", "pose": [[0.7716519602123142, 0.4691087916192382, 0.42952329056130983, 4.210805004809545], [-0.48281813067110435, -0.007590422378875259, 0.8756877920785441, 0.928950315351984], [0.41405310085822783, -0.8831077607753879, 0.22063703282753433, 51.56280348172899], [0.0, 0.0, 0.0, 1.0]]}, {"class": "Cherries", "pose": [[-0.15103900691705288, 0.4675788389853405, 0.8709519567296555, -3.7573920674916272], [-0.9855566413456605, -0.002967674054282434, -0.1693203195785844, -1.3748413921332137], [-0.07658586711427647, -0.883946385512954, 0.46127365004291226, 45.82936488543921], [0.0, 0.0, 0.0, 1.0]]}, {"class": "Mayo", "pose": [[-0.08383239740020333, 0.5074281157025229, 0.8576064946986491, -0.8645268356090585], [-0.9964587336758921, -0.04829845013988002, -0.0688282122907932, 8.723244060500262], [0.006495719595691596, -0.8603394429224952, 0.5096801313625198, 42.02946919295208], [0.0, 0.0, 0.0, 1.0]]}, {"class": "Ketchup", "pose": [[-0.4474360567949231, 0.4452859253777994, 0.7755781604382826, 0.8193187522470502], [-0.8688766198726782, -0.011069774219594038, -0.494904991437125, 20.13115349726456], [-0.2117887203772311, -0.8953199950108975, 0.3918515435488707, 42.65578370561978], [0.0, 0.0, 0.0, 1.0]]}, {"class": "Butter", "pose": [[-0.06935183351175175, -0.45696057075810936, -0.8867792415080341, 4.18416210144277], [-0.997281324147454, 0.009563921570089819, 0.07306547011362906, 12.205762909214418], [-0.02490692410343989, 0.8894355274582411, -0.4563815019846412, 49.828168042762385], [0.0, 0.0, 0.0, 1.0]]}]}