{"camera": {"camera": "RealSense D415", "extrinsics": [[-0.28684604, 0.8363807, 0.46710455, 0.27817988], [0.9534914, 0.29639256, 0.05482333, -0.44142362], [-0.09259313, 0.46110603, -0.8825008, 0.13468544], [0.0, 0.0, 0.0, 1.0]], "height": 480, "intrinsics": [[607.12415, 0.0, 326.28275], [0.0, 609.41095, 245.73769], [0.0, 0.0, 1.0]], "width": 640}, "objects": [{"class": "Tuna", "pose": [[0.7799770813011919, 0.4611706027532788, 0.4230336328798567, 5.5283394278359905], [-0.4915884779224397, 0.03318952564460381, 0.8701949606784096, -0.1618671202454569], [0.3872680477891845, -0.886690513202761, 0.25259322245349997, 49.80618777432154], [0.0, 0.0, 0.0, 1.0]]}, {"class": "Cherries", "pose": [[-0.1422141404802707, 0.459588641251382, 0.8766718005198094, -2.468695867263321], [-0.9830662259001683, 0.037827141202864484, -0.17930406774954052, -2.3090802533888013], [-0.11556809944602664, -0.88732594008375, 0.4464265152481294, 44.052159639862104], [0.0, 0.0, 0.0, 1.0]]}, {"class": "Mayo", "pose": [[-0.07415842448108007, 0.5000845925505332, 0.8627954306314608, 0.29225365420197935], [-0.9966807974508084, -0.008029385717164715, -0.08101211506026865, 7.96425597351722], [-0.033585195008098534, -0.8659392967435282, 0.4990201520011547, 40.644092467192465], [0.0, 0.0, 0.0, 1.0]]}, {"class": "Ketchup", "pose": [[-0.44093065090298567, 0.4372731422613645, 0.7838191034273271, 1.8716080275820612], [-0.8639305133465988, 0.02997389443579609, -0.5027182904865778, 19.35332373343638], [-0.24331931721550076, -0.8988290713290482, 0.36455720192475605, 41.72241352167354], [0.0, 0.0, 0.0, 1.0]]}, {"class": "Butter", "pose": [[-0.059954615561282724, -0.44898535950014845, -0.8915254442661175, 5.377309929579671], [-0.996074807783926, -0.031354780867163146, 0.08277620940644534, 11.175569251795615], [-0.06511889035183667, 0.8929887792382307, -0.4453431411233636, 48.53500939731955], [0.0, 0.0, 0.0, 1.0]]}]}