{"camera": {"camera": "RealSense D415", "extrinsics": [[-0.2783564, 0.8167125, 0.5054685, 0.26701862], [0.95645285, 0.28382885, 0.06811146, -0.44722196], [-0.08783905, 0.502416, -0.8601526, 0.11802502], [0.0, 0.0, 0.0, 1.0]], "height": 480, "intrinsics": [[607.12415, 0.0, 326.28275], [0.0, 609.41095, 245.73769], [0.0, 0.0, 1.0]], "width": 640}, "objects": [{"class": "Tuna", "pose": [[0.7601485747090553, 0.49962891147798316, 0.41538552180373084, 3.037490491074754], [-0.5024125924154403, 0.046586483279233606, 0.8633720964533506, -1.2810416781987466], [0.41201427040631766, -0.8649859748819688, 0.2864324679080575, 47.91898985151204], [0.0, 0.0, 0.0, 1.0]]}, {"class": "Cherries", "pose": [[-0.14131976280463782, 0.49809651209831257, 0.8555282729503315, -4.709688276077845], [-0.9801086311449196, 0.05124275807595916, -0.19173247319164405, -3.284308726703311], [-0.13934088188142008, -0.8656062215701947, 0.4809470264471342, 41.78383894143637], [0.0, 0.0, 0.0, 1.0]]}, {"class": "Mayo", "pose": [[-0.07697280962994867, 0.5374182044244891, 0.8397957469955827, -1.7575531603782557], [-0.9955302132284565, 0.004804963144456238, -0.09432177508225009, 7.033688208530181], [-0.05472540951496459, -0.8433022423839269, 0.5346461558606024, 38.68496071512911], [0.0, 0.0, 0.0, 1.0]]}, {"class": "Ketchup", "pose": [[-0.4336432722204345, 0.4762710664349967, 0.7649309905317371, -0.17710487316930368], [-0.857181565652064, 0.043710485453240855, -0.513156162726222, 18.39347946058995], [-0.27783689983126736, -0.8782114496421182, 0.38929598153911055, 40.03600902291769], [0.0, 0.0, 0.0, 1.0]]}, {"class": "Butter", "pose": [[-0.061401682164106804, -0.4877227222667751, -0.8708366185187342, 2.9916997481145486], [-0.9944363685151647, -0.04492688694676313, 0.09527840353315413, 10.077846983105493], [-0.08559340307808412, 0.8718418474478467, -0.48225057472345034, 46.84673718898371], [0.0, 0.0, 0.0, 1.0]]}]}