{"camera": {"camera": "RealSense D415", "extrinsics": [[-0.2759986, 0.7780875, 0.56427354, 0.25042546], [0.95184267, 0.30280164, 0.048028234, -0.43252727], [-0.13349277, 0.5503553, -0.8241897, 0.121895485], [0.0, 0.0, 0.0, 1.0]], "height": 480, "intrinsics": [[607.12415, 0.0, 326.28275], [0.0, 609.41095, 245.73769], [0.0, 0.0, 1.0]], "width": 640}, "objects": [{"class": "Tuna", "pose": [[0.7317066801785816, 0.558888915987329, 0.3901904192494001, -1.3026411219821288], [-0.4859662197230479, 0.02634147657137216, 0.8735805752700335, 0.9973538920245273], [0.4779562592794791, -0.8288240598390842, 0.2908753263625355, 45.34672519804668], [0.0, 0.0, 0.0, 1.0]]}, {"class": "Cherries", "pose": [[-0.12657975425181406, 0.5573819552484316, 0.8205504075207455, -8.590551914631234], [-0.9844524092773689, 0.030968891259974162, -0.17290009609917767, -1.2234176727539403], [-0.12178290659409896, -0.8296784314643127, 0.5447959135892058, 38.74169210849621], [0.0, 0.0, 0.0, 1.0]]}, {"class": "Mayo", "pose": [[-0.06825923445729622, 0.5952589803065471, 0.8006294228800163, -5.476728088974142], [-0.9971389631174423, -0.014583163684471703, -0.07417062194032831, 9.025769703296593], [-0.03247500351443017, -0.8034015790750525, 0.594551293267061, 35.5734964728568], [0.0, 0.0, 0.0, 1.0]]}, {"class": "Ketchup", "pose": [[-0.40903540181367837, 0.5365308218714935, 0.7381224605378819, -4.0484505867495635], [-0.8672795687401146, 0.022951921691440492, -0.49729208773679745, 20.42834295726308], [-0.28375381978462133, -0.8435685506726086, 0.4559340232016431, 36.71776407002554], [0.0, 0.0, 0.0, 1.0]]}, {"class": "Butter", "pose": [[-0.05056507686001263, -0.5475012740890137, -0.8352757493058938, -1.3264672640160513], [-0.9967823297537501, -0.02441706635988005, 0.0763469419823384, 12.32230513371928], [-0.062195014350283996, 0.8364485497018337, -0.5445048827428018, 43.960694158493475], [0.0, 0.0, 0.0, 1.0]]}]}