{"camera": {"camera": "RealSense D415", "extrinsics": [[-0.27382672, 0.77061033, 0.57548124, 0.253882], [0.9478741, 0.31760487, 0.025723968, -0.4276123], [-0.1629525, 0.5525277, -0.8174103, 0.10922751], [0.0, 0.0, 0.0, 1.0]], "height": 480, "intrinsics": [[607.12415, 0.0, 326.28275], [0.0, 609.41095, 245.73769], [0.0, 0.0, 1.0]], "width": 640}, "objects": [{"class": "Tuna", "pose": [[0.724952174490788, 0.5701529352635829, 0.3864841811505407, -1.391763788428979], [-0.47283449739781025, 0.003919598793820742, 0.8811425018094341, 2.369136711624015], [0.5008711487470524, -0.8215292212521954, 0.2724295007829314, 42.50787601988131], [0.0, 0.0, 0.0, 1.0]]}, {"class": "Cherries", "pose": [[-0.12524273348941053, 0.5686593505944066, 0.812982686075081, -8.58964640817262], [-0.9873907950249626, 0.00852215769126331, -0.15807189632376534, -0.02975487469181748], [-0.09681742179497979, -0.822528972208115, 0.560421697144662, 35.86650995525578], [0.0, 0.0, 0.0, 1.0]]}, {"class": "Mayo", "pose": [[-0.06815034206094756, 0.6061588168945691, 0.7924184921783161, -5.429391222442298], [-0.997654429489833, -0.036301114858375366, -0.05803276711037147, 10.13003479464381], [-0.006411389547699716, -0.7945147650528096, 0.6072109881354363, 32.46494383537906], [0.0, 0.0, 0.0, 1.0]]}, {"class": "Ketchup", "pose": [[-0.40542241097329323, 0.5479969144938563, 0.7316639239118049, -4.012963475862696], [-0.8746516210501839, 0.00013168090345889064, -0.4847519552653269, 21.559435241109863], [-0.265738924931812, -0.8364803391727537, 0.47925303115242424, 33.319650566754774], [0.0, 0.0, 0.0, 1.0]]}, {"class": "Butter", "pose": [[-0.050052261000542074, -0.5588697122439203, -0.8277435974221339, -1.3928118730408723], [-0.9981016508000821, -0.001789259701715769, 0.06156156998487642, 13.652433901634792], [-0.035885935830648, 0.8292535421068588, -0.5577192523376379, 40.81573016885412], [0.0, 0.0, 0.0, 1.0]]}]}