{"camera": {"camera": "RealSense D415", "extrinsics": [[-0.29145172, 0.7850647, 0.54656136, 0.27468845], [0.9443202, 0.32732946, 0.033388622, -0.42902106], [-0.15269342, 0.52586013, -0.8367532, 0.0889189], [0.0, 0.0, 0.0, 1.0]], "height": 480, "intrinsics": [[607.12415, 0.0, 326.28275], [0.0, 609.41095, 245.73769], [0.0, 0.0, 1.0]], "width": 640}, "objects": [{"class": "Tuna", "pose": [[0.7478200635069051, 0.5413749655334904, 0.3842894024489478, 1.2163060045813467], [-0.4636161890969512, 0.011518732226213685, 0.8859612927194354, 1.869765326773043], [0.47521076647232036, -0.8407023967356261, 0.2596041368849731, 41.41604539643584], [0.0, 0.0, 0.0, 1.0]]}, {"class": "Cherries", "pose": [[-0.11580052870927485, 0.5397887178475346, 0.8337975912411815, -6.174961388914646], [-0.988891496324732, 0.016101988190778096, -0.14776467323047748, -0.6195425086796158], [-0.09318749237711733, -0.841646553305593, 0.5319278813047019, 35.025078624481075], [0.0, 0.0, 0.0, 1.0]]}, {"class": "Mayo", "pose": [[-0.05549604238826827, 0.5788055938204537, 0.8135750238090026, -3.264844776672138], [-0.9984473426255653, -0.028243421208757488, -0.04801330382657218, 9.581166751390885], [-0.004812214938442758, -0.8149763455060216, 0.5794743300518693, 31.524227738334133], [0.0, 0.0, 0.0, 1.0]]}, {"class": "Ketchup", "pose": [[-0.40306745115211706, 0.5187668943217746, 0.7539347350413725, -1.9668674126076646], [-0.879716928262647, 0.00745048453358984, -0.4754394604892606, 21.027592736977468], [-0.2522594316077118, -0.8548832996407654, 0.45336500029920557, 32.33822367014889], [0.0, 0.0, 0.0, 1.0]]}, {"class": "Butter", "pose": [[-0.03842128974038986, -0.5298603143763583, -0.8472141979854326, 1.011786312904095], [-0.9986522379075914, -0.009245682974343418, 0.05107141324134911, 13.152643100529732], [-0.034893776440189726, 0.8480345629628742, -0.5287909839644929, 39.73348425068387], [0.0, 0.0, 0.0, 1.0]]}]}