{"camera": {"camera": "RealSense D415", "extrinsics": [[-0.31039125, 0.7960731, 0.519543, 0.2970695], [0.94284993, 0.32749727, 0.061478227, -0.42430016], [-0.121207766, 0.50893337, -0.8522297, 0.06078861], [0.0, 0.0, 0.0, 1.0]], "height": 480, "intrinsics": [[607.12415, 0.0, 326.28275], [0.0, 609.41095, 245.73769], [0.0, 0.0, 1.0]], "width": 640}, "objects": [{"class": "Tuna", "pose": [[0.7692757417216933, 0.5145682445366355, 0.3787273820856852, 3.808121252981417], [-0.4625535247797304, 0.039626045289020424, 0.8857054179450754, 1.152110052660249], [0.4407484155906821, -0.8565332895982005, 0.2684986808431516, 40.45015417017846], [0.0, 0.0, 0.0, 1.0]]}, {"class": "Cherries", "pose": [[-0.10363113199980911, 0.5128838243154119, 0.852180055073157, -3.740841897932534], [-0.9881818744041277, 0.0442041424641551, -0.14677414968861108, -1.3056148966151648], [-0.11294794662086514, -0.8573191672834989, 0.5022415657953678, 34.233669342978345], [0.0, 0.0, 0.0, 1.0]]}, {"class": "Mayo", "pose": [[-0.04045290092096077, 0.5533848971089318, 0.8319427825801889, -1.0969067651806663], [-0.998823857626156, -0.00012136758400007713, -0.048486707821561864, 9.018556816819274], [-0.026730816425184444, -0.8329256387833133, 0.5527389323729379, 30.886985806859517], [0.0, 0.0, 0.0, 1.0]]}, {"class": "Ketchup", "pose": [[-0.3973590791297338, 0.49159192124973056, 0.7748827138500514, 0.051954900312234376], [-0.8799326712931299, 0.03552851982112957, -0.4737681842408966, 20.462231564579465], [-0.2604310194557602, -0.8701006170927238, 0.4184502167405555, 31.93122156584229], [0.0, 0.0, 0.0, 1.0]]}, {"class": "Butter", "pose": [[-0.02432657363938276, -0.5028656596268749, -0.8640222342112774, 3.3797644648289715], [-0.9980593310823073, -0.03734070583974216, 0.049832895316114637, 12.466290586951184], [-0.057322424265357205, 0.8635576282428604, -0.5009813829176003, 39.04231830728296], [0.0, 0.0, 0.0, 1.0]]}]}