{"camera": {"camera": "RealSense D415", "extrinsics": [[-0.9893138, -0.12832975, 0.06920817, 0.73264456], [-0.14420523, 0.79115665, -0.5943703, -0.25993574], [0.021520896, -0.59799886, -0.80120796, 0.40278754], [0.0, 0.0, 0.0, 1.0]], "height": 480, "intrinsics": [[603.0301, 0.0, 326.28275], [0.0, 603.81976, 245.73769], [0.0, 0.0, 1.0]], "width": 640}, "objects": [{"class": "MacaroniAndCheese", "pose": [[0.8838506800187881, 0.10611011486020734, 0.4555751589494541, 11.60237544562528], [-0.304673406173138, -0.6084225772967063, 0.7328002452761029, 9.077269689839573], [0.3549396727816166, -0.7864875563326145, -0.5054257028934497, 42.89956821931739], [0.0, 0.0, 0.0, 1.0]]}, {"class": "OrangeJuice", "pose": [[-0.4674151611975336, 0.08478053585797397, 0.8799633141895506, 26.125948550111662], [-0.7167624250802657, -0.6189937481728068, -0.32108952363205473, 0.21560595754485656], [0.5174695717076944, -0.780806677064162, 0.3500945074324667, 49.239746644383274], [0.0, 0.0, 0.0, 1.0]]}, {"class": "TomatoSauce", "pose": [[-0.3884497827272046, 0.009852675879825225, -0.921417276576872, 28.08643230308344], [0.7557928647839686, -0.5686325587495116, -0.32470644456470865, -9.2798504655772], [-0.5271470048018008, -0.8225326705784677, 0.21343858574600394, 63.41474776029574], [0.0, 0.0, 0.0, 1.0]]}, {"class": "Mushrooms", "pose": [[0.011732566851276377, 0.11812639527236081, -0.992929306704248, 6.713687472093877], [0.8213987625266876, -0.5674182820514112, -0.05779863825104845, -7.732902031295668], [-0.5702336966006817, -0.8149126988303538, -0.10368612863761659, 63.19469719144693], [0.0, 0.0, 0.0, 1.0]]}, {"class": "Pineapple", "pose": [[0.9190394460363008, 0.05317076061860772, 0.39056302096034173, -8.815646324999438], [-0.27053766849143057, -0.6355296025943729, 0.7231262757110157, 5.731150532763085], [0.2866634864692224, -0.7702435089128568, -0.5696919968093511, 49.76502057763537], [0.0, 0.0, 0.0, 1.0]]}, {"class": "Cherries", "pose": [[0.9921065039922311, 0.12539614653671488, -0.0007730893839775098, -21.616654999089203], [0.07657851730671168, -0.6009672411803102, 0.7955967711004465, -0.30526135249294706], [0.09930014975584181, -0.7893758586070292, -0.6058260664849174, 52.3758799419777], [0.0, 0.0, 0.0, 1.0]]}, {"class": "PeasAndCarrots", "pose": [[0.8949464161218937, 0.05577949866835069, 0.4426733178044822, -7.959629583282856], [-0.32460829697114796, -0.5992852881879265, 0.7317695766901159, -8.2420640615913], [0.3061052942542144, -0.7985899155642483, -0.5182216555821798, 55.467295986607624], [0.0, 0.0, 0.0, 1.0]]}, {"class": "BBQSauce", "pose": [[0.9847896599682312, 0.14062007207738653, -0.10205600151755216, 18.583014876108894], [0.16770680512537683, -0.6157075524705561, 0.7699212646859317, -17.40004672443405], [0.04542972359689462, -0.7753259140044619, -0.6299252781185757, 64.41760984612144], [0.0, 0.0, 0.0, 1.0]]}, {"class": "Raisins", "pose": [[0.09995621987595125, 0.21274559475897756, -0.9719815700495043, 25.18930237255896], [-0.5817523841452834, -0.7800063283173693, -0.2305523970735482, -26.177776537166338], [-0.8072007050438518, 0.5884976492787765, 0.045798769587928126, 75.41931920841802], [0.0, 0.0, 0.0, 1.0]]}, {"class": "Ketchup", "pose": [[0.9872261086919224, 0.09529572734342989, 0.12768492927605637, 8.490819222303102], [-0.031969386139431476, -0.6666268587288661, 0.7447057848851297, -18.747253497543355], [0.15608545495882242, -0.7392749357819841, -0.6550647974059867, 64.49880685167702], [0.0, 0.0, 0.0, 1.0]]}, {"class": "AlphabetSoup", "pose": [[0.9254433921017535, 0.0663629734853814, -0.37302894024796396, 9.324833864710758], [0.33828845706884886, -0.5881177270022041, 0.7346281885892775, -26.85591939257898], [-0.1706328000905418, -0.8060481099986971, -0.5667194020205191, 75.03265475520988], [0.0, 0.0, 0.0, 1.0]]}, {"class": "Mayo", "pose": [[-0.6327408240673582, 0.774341222542967, 0.0059014512082684436, 8.450603888828756], [0.6062536124894625, 0.5001032453150528, -0.6183473278336803, -33.88984229832664], [-0.48176308184074745, -0.3876757690550142, -0.7858828282820626, 82.12232421335901], [0.0, 0.0, 0.0, 1.0]]}, {"class": "SaladDressing", "pose": [[0.7839119760954946, 0.07894079478162067, -0.6158331520391243, 2.0554756481098835], [0.5064476203315961, -0.6550768448398225, 0.5607006792267968, -22.51192057787534], [-0.35915583157516273, -0.7514271427755139, -0.5535018757614887, 66.53608704362564], [0.0, 0.0, 0.0, 1.0]]}, {"class": "Mustard", "pose": [[0.5723023393048338, 0.07227903218749836, 0.8168511984623603, -5.613229980733148], [-0.6721186729038882, -0.5293423194814736, 0.5177386549313412, -27.125536582461667], [0.46981547820724573, -0.8453239032268454, -0.2543637234275635, 67.8016525686936], [0.0, 0.0, 0.0, 1.0]]}, {"class": "Cookies", "pose": [[-0.09148377570420449, -0.9924757090117454, -0.08138054006748369, -8.71704504712698], [0.8093779574557931, -0.12171689437916078, 0.5745367142990985, -6.787532349877814], [-0.5801190281587213, -0.013306820576256255, 0.814423004598984, 60.07655309572731], [0.0, 0.0, 0.0, 1.0]]}, {"class": "Parmesan", "pose": [[0.8306557344371921, 0.07758457096444021, 0.5513545063677384, -14.825628422874582], [-0.38199634655749937, -0.6410241242144348, 0.6657078787742142, -20.415024632760577], [0.40508013439819224, -0.7635894031792733, -0.5028332693785975, 65.73186190622641], [0.0, 0.0, 0.0, 1.0]]}, {"class": "CreamCheese", "pose": [[0.9736556864113834, 0.06709741278108695, 0.21792807991170762, -15.45402886691376], [-0.1459201723979438, -0.5510638677751125, 0.8216057651880938, -27.999684956769403], [0.1752198787028174, -0.8317611467946745, -0.5267555196824087, 73.63584520260869], [0.0, 0.0, 0.0, 1.0]]}, {"class": "Milk", "pose": [[0.9805567445802803, 0.09293556842758326, 0.1728339008305518, -21.66054915288812], [-0.08337697297169158, -0.5999863585973892, 0.7956536723633889, -18.08884407073225], [0.177642477434504, -0.7945938667469371, -0.5805718955175041, 57.22343197635619], [0.0, 0.0, 0.0, 1.0]]}, {"class": "ChocolatePudding", "pose": [[0.8786892481074436, 0.14945868592800882, -0.4533954267062997, -3.8033720765363044], [0.43731557761426676, -0.6329069990258471, 0.6388927395347519, -34.273850904860595], [-0.19146904262552447, -0.7596649938255803, -0.6214890920987681, 80.51719907801898], [0.0, 0.0, 0.0, 1.0]]}, {"class": "Yogurt", "pose": [[0.9729102159033903, 0.10176679621307336, -0.2075797135475533, 1.601193303046089], [0.2285378822627509, -0.5588246216814129, 0.7971735037265766, 2.4809668535810623], [-0.034874859413860745, -0.823017993840518, -0.5669436609763772, 53.64619797130723], [0.0, 0.0, 0.0, 1.0]]}]}