{"camera": {"camera": "RealSense D415", "extrinsics": [[-0.9981622, -0.04402651, 0.041639134, 0.7203006], [-0.059552256, 0.83979756, -0.53962356, -0.30168685], [-0.011210702, -0.5411116, -0.8408761, 0.40979376], [0.0, 0.0, 0.0, 1.0]], "height": 480, "intrinsics": [[603.0301, 0.0, 326.28275], [0.0, 603.81976, 245.73769], [0.0, 0.0, 1.0]], "width": 640}, "objects": [{"class": "MacaroniAndCheese", "pose": [[0.8445161632539673, 0.07678928166876207, 0.5299960376145706, 13.496766671166228], [-0.4042004666910955, -0.5578158542196381, 0.7248886282786473, 9.811400193915876], [0.3513038876387557, -0.8264048282252321, -0.44004625646872864, 44.78603719346299], [0.0, 0.0, 0.0, 1.0]]}, {"class": "OrangeJuice", "pose": [[-0.5407794960430777, 0.054490672952201405, 0.8393975499631631, 27.03428640160005], [-0.7087873209982618, -0.5668862334315151, -0.41983401462687386, -0.6976721723988943], [0.4529658926046219, -0.8219919868162882, 0.3451827677664813, 50.78237414786613], [0.0, 0.0, 0.0, 1.0]]}, {"class": "TomatoSauce", "pose": [[-0.3081167583785037, -0.014701260184396886, -0.9512349235698134, 27.781749744060473], [0.8220384379640465, -0.5074137202952683, -0.25842637416783215, -11.310892089363541], [-0.4788704798130424, -0.8615771886621938, 0.1684276727761855, 64.2634248991937], [0.0, 0.0, 0.0, 1.0]]}, {"class": "Mushrooms", "pose": [[0.09723884609908318, 0.0930274632818717, -0.9909038508090526, 6.630688178600918], [0.8558017276417166, -0.5160824083334493, 0.03553053157471519, -7.915620077145913], [-0.5080827509673657, -0.8514721956146436, -0.12979633153842277, 63.68003501435333], [0.0, 0.0, 0.0, 1.0]]}, {"class": "Pineapple", "pose": [[0.8843917029727504, 0.02131031340856943, 0.46625865130733773, -7.318184419588903], [-0.36845549030321817, -0.581345033103931, 0.7254505993178216, 7.757975218755203], [0.2865167469391485, -0.8133780700425909, -0.5062848391107702, 50.92995692533084], [0.0, 0.0, 0.0, 1.0]]}, {"class": "Cherries", "pose": [[0.9917936405324187, 0.09670998135402904, 0.08362115623157182, -20.652013893545806], [-0.016485405206333906, -0.5518642662886895, 0.8337710302646709, 2.6771379360080894], [0.12678151846321123, -0.8283073534390004, -0.5457411879556654, 52.80471871422397], [0.0, 0.0, 0.0, 1.0]]}, {"class": "PeasAndCarrots", "pose": [[0.8552786447672712, 0.027774533027592474, 0.5174233844577492, -7.806939750034392], [-0.42149340442367034, -0.5435364045218078, 0.7258867369546259, -6.607088648472745], [0.30139962802943826, -0.8389259885741135, -0.4531683123684678, 55.61028730250888], [0.0, 0.0, 0.0, 1.0]]}, {"class": "BBQSauce", "pose": [[0.9937295028685266, 0.11022930773535762, -0.018738156483755045, 17.602476677770873], [0.07853446376329026, -0.5688239173343375, 0.8187012623476386, -18.63234175170031], [0.07958616940403232, -0.8150392082312461, -0.5739139309178689, 64.45582267526507], [0.0, 0.0, 0.0, 1.0]]}, {"class": "Raisins", "pose": [[0.07350035094853206, 0.12931855109475504, -0.9888752977078283, 23.128320783658506], [-0.529308961626303, -0.8353180529819358, -0.148579411105087, -28.70709379431068], [-0.8452394826010633, 0.5343412182496444, 0.007053293414612159, 74.92929451738914], [0.0, 0.0, 0.0, 1.0]]}, {"class": "Ketchup", "pose": [[0.9761563715444532, 0.05976151234952537, 0.20867976326998103, 7.434410303254668], [-0.1279716737596365, -0.6180814724188096, 0.7756278824717017, -19.106921764066403], [0.1753338024003139, -0.7838392157690337, -0.5956964083949595, 64.21260417604753], [0.0, 0.0, 0.0, 1.0]]}, {"class": "AlphabetSoup", "pose": [[0.9551702000035436, 0.03947072082431285, -0.2934142036206672, 7.280696358770666], [0.26853151321750757, -0.5328206223328424, 0.8024917935566321, -27.985944267963347], [-0.12466220897646942, -0.8453072273385719, -0.5195335354705248, 74.13970536377306], [0.0, 0.0, 0.0, 1.0]]}, {"class": "Mayo", "pose": [[-0.565346437497294, 0.8245079121211946, -0.023875764327389214, 5.614400017153576], [0.6912661427722023, 0.45779585497491954, -0.5590833058895655, -35.404722707920556], [-0.4500384047517627, -0.33258027089224973, -0.8287676797981123, 80.67338349010258], [0.0, 0.0, 0.0, 1.0]]}, {"class": "SaladDressing", "pose": [[0.8337626001288432, 0.04479242678068738, -0.550303106290559, 0.6489550048663473], [0.4612468787728178, -0.6043296221927502, 0.6496438196908239, -22.4381777675467], [-0.3034653523487277, -0.7954743287062497, -0.5245278273928128, 65.82418654136181], [0.0, 0.0, 0.0, 1.0]]}, {"class": "Mustard", "pose": [[0.49993242042713004, 0.051441481330283034, 0.8645353044659129, -7.414573640264777], [-0.75065887279108, -0.47212975066180796, 0.46217401824402315, -26.45185542346541], [0.43194777484979374, -0.8800268944072372, -0.19741796863124153, 66.57654327090177], [0.0, 0.0, 0.0, 1.0]]}, {"class": "Cookies", "pose": [[-0.0062996261065093664, -0.9984213308187702, -0.055813121580357894, -8.57007654614339], [0.8534567656246057, -0.034454982655005024, 0.5200235295442035, -5.424230239821612], [-0.521125645968067, -0.04435813934261962, 0.8523265137285387, 60.29569667318333], [0.0, 0.0, 0.0, 1.0]]}, {"class": "Parmesan", "pose": [[0.7835798803429942, 0.04497387667674173, 0.6196610889848372, -15.965259081048034], [-0.48001995842420797, -0.5893829399694948, 0.6497758517266693, -18.842037948712626], [0.3944406330095032, -0.8066009930360868, -0.440240269035536, 64.79897928529266], [0.0, 0.0, 0.0, 1.0]]}, {"class": "CreamCheese", "pose": [[0.9524814359118281, 0.04406128955605198, 0.30139286764877427, -17.456382591918995], [-0.2413998177374069, -0.4942332618537907, 0.8351405143887418, -26.88721577085588], [0.18575576087791998, -0.8682120408591343, -0.46011163734913646, 72.10969618446721], [0.0, 0.0, 0.0, 1.0]]}, {"class": "Milk", "pose": [[0.9645620954819359, 0.06460990049948828, 0.25582311932367074, -22.33417228613125], [-0.1800156283965953, -0.5477202266719786, 0.8170660895711908, -15.3360541802017], [0.19291006825393794, -0.8341631587949074, -0.5166793972008008, 56.33342189798258], [0.0, 0.0, 0.0, 1.0]]}, {"class": "ChocolatePudding", "pose": [[0.9175498032439962, 0.11713530177921401, -0.37997581937216246, -6.577518007603233], [0.37245059991649776, -0.5877914615100831, 0.718179515370261, -34.61584366372401], [-0.1392223693018343, -0.8004877130284965, -0.5829550776797562, 78.77112230012536], [0.0, 0.0, 0.0, 1.0]]}, {"class": "Yogurt", "pose": [[0.9893188144669574, 0.07768893568559707, -0.12333959736144162, 2.6724160512472395], [0.14572045985950569, -0.5055558413356527, 0.8503992631520301, 3.3541416123164245], [0.0037115646196842276, -0.8592891143596543, -0.5114767948277753, 54.794140971536365], [0.0, 0.0, 0.0, 1.0]]}]}