{"camera": {"camera": "RealSense D415", "extrinsics": [[-0.9992467, -0.016774524, 0.034993872, 0.71147627], [-0.032556985, 0.8531066, -0.5207199, -0.3213704], [-0.021118674, -0.5214669, -0.8530101, 0.41044983], [0.0, 0.0, 0.0, 1.0]], "height": 480, "intrinsics": [[603.0301, 0.0, 326.28275], [0.0, 603.81976, 245.73769], [0.0, 0.0, 1.0]], "width": 640}, "objects": [{"class": "MacaroniAndCheese", "pose": [[0.8302441289123516, 0.06951504777002906, 0.5530481738749448, 13.663517566086236], [-0.4347518147032035, -0.5401794035194452, 0.7205533858326217, 9.294160932160583], [0.3488344987337533, -0.8386739130347399, -0.4182589248854926, 45.29670609985315], [0.0, 0.0, 0.0, 1.0]]}, {"class": "OrangeJuice", "pose": [[-0.5635182760937157, 0.04694416566919221, 0.8247686559904532, 26.861982907816344], [-0.7044761688010204, -0.5487509495304441, -0.45009536010725315, -1.7106418817336766], [0.43146317206543977, -0.8346668227165277, 0.34230219743046203, 51.15809839055932], [0.0, 0.0, 0.0, 1.0]]}, {"class": "TomatoSauce", "pose": [[-0.2818012673160243, -0.02028024197276311, -0.959258409194792, 27.204209567536036], [0.840965211828721, -0.486539204854965, -0.23676406999835103, -12.652604967884182], [-0.4619151243192749, -0.8734233596699511, 0.1541623198650283, 64.3904134111425], [0.0, 0.0, 0.0, 1.0]]}, {"class": "Mushrooms", "pose": [[0.12455777623424905, 0.08708357363668956, -0.9883834021616061, 6.156916771813236], [0.8645497178369657, -0.4983200227617528, 0.06504652574854083, -8.680151953835551], [-0.48686668532832766, -0.8626086362748528, -0.1373577063715193, 63.707257183869224], [0.0, 0.0, 0.0, 1.0]]}, {"class": "Pineapple", "pose": [[0.8716450770831374, 0.013314404882476474, 0.48995665553767737, -7.253917914560759], [-0.3985798494559241, -0.5625147909006699, 0.7243696044388357, 7.654950522484471], [0.28525238362411764, -0.8266800493094332, -0.4850063317820823, 51.21281699313729], [0.0, 0.0, 0.0, 1.0]]}, {"class": "Cherries", "pose": [[0.9898058102203872, 0.08960323513032623, 0.11070526814226674, -20.734469567009363], [-0.04596667860768239, -0.5347198243140684, 0.8437783382811599, 2.8900592543292913], [0.1348015650599068, -0.8402654524806167, -0.5251499553300393, 52.853300001029965], [0.0, 0.0, 0.0, 1.0]]}, {"class": "PeasAndCarrots", "pose": [[0.8409999154199153, 0.021013063445797252, 0.5406269800099046, -8.166489718836035], [-0.45115391034215596, -0.524305104170824, 0.7221941685811455, -6.797488473784896], [0.29862896105790987, -0.8512712071362657, -0.4314603616514956, 55.547981627136565], [0.0, 0.0, 0.0, 1.0]]}, {"class": "BBQSauce", "pose": [[0.9946940871125092, 0.10254582676871077, 0.008244062229687153, 16.832900520098804], [0.05004577168184524, -0.5523408050318005, 0.8321148755086653, -19.701693206791575], [0.08988344193616524, -0.8272871647520659, -0.5545420471527827, 64.32298140456228], [0.0, 0.0, 0.0, 1.0]]}, {"class": "Raisins", "pose": [[0.06715615968128236, 0.10221375513725639, -0.9924929906875474, 21.993422793781676], [-0.5111618249781205, -0.8507525868739897, -0.12220366124408158, -30.1629466313173], [-0.8568568696455117, 0.5155311870551688, -0.0048855166545386615, 74.60210396249782], [0.0, 0.0, 0.0, 1.0]]}, {"class": "Ketchup", "pose": [[0.970772150587025, 0.05050541772781178, 0.23462858417313706, 6.658471212281114], [-0.15810044366638445, -0.6009475927221368, 0.7834962352961039, -19.898342536036473], [0.18057027376052007, -0.7976912114738862, -0.5753981886742202, 63.98199466799696], [0.0, 0.0, 0.0, 1.0]]}, {"class": "AlphabetSoup", "pose": [[0.9630599970152239, 0.033047369247128956, -0.2672512892788176, 6.1784012065167815], [0.2457334703090098, -0.5137595777826758, 0.8219892140506859, -28.999939765820805], [-0.11013830705014033, -0.8572975122746747, -0.50290207488733, 73.69479290204136], [0.0, 0.0, 0.0, 1.0]]}, {"class": "Mayo", "pose": [[-0.5426635670732464, 0.8393733316506119, -0.031122358062991306, 4.256132277217938], [0.7164803161042255, 0.4432380408048585, -0.5386985298178064, -36.52235606201642], [-0.43837450892814306, -0.31463058193949694, -0.8419236040096639, 80.03686623020099], [0.0, 0.0, 0.0, 1.0]]}, {"class": "SaladDressing", "pose": [[0.8484496562966187, 0.03601357743758131, -0.528049373692088, -0.22745115657434312], [0.4457580856216333, -0.5865318266187823, 0.6762250037342439, -23.083732019164156], [-0.2853644423883876, -0.8091251515748042, -0.5136960115356296, 65.45652310852648], [0.0, 0.0, 0.0, 1.0]]}, {"class": "Mustard", "pose": [[0.47586470139991077, 0.04694150590354469, 0.8782648911754307, -8.401193714859579], [-0.7736627506058537, -0.4526147513268968, 0.44338013646924124, -26.896824903192694], [0.4183285161104049, -0.8904697782704589, -0.17906645345799863, 66.04507915752846], [0.0, 0.0, 0.0, 1.0]]}, {"class": "Cookies", "pose": [[0.02111716636679619, -0.9985365519747204, -0.049787124252984746, -8.940791167088802], [0.8652805224688285, -0.0066929842902900185, 0.5012433855988193, -5.704605779262778], [-0.5008429958634283, -0.05366466987819926, 0.8638728869802592, 60.25336747132488], [0.0, 0.0, 0.0, 1.0]]}, {"class": "Parmesan", "pose": [[0.7669253136041284, 0.03669335962561572, 0.6406864278248006, -16.730312630553744], [-0.50990310789193, -0.5713390740187866, 0.6430945445816754, -19.021535186476456], [0.3896464466329128, -0.8198934863406601, -0.41946428434456867, 64.37508883573501], [0.0, 0.0, 0.0, 1.0]]}, {"class": "CreamCheese", "pose": [[0.944001214136156, 0.03886960530617216, 0.3276443187041647, -18.5012073852583], [-0.27106764689754764, -0.47478338969357997, 0.8373190394859705, -27.192822808484436], [0.1881063201369366, -0.8792439567038579, -0.4376597366476433, 71.48064282271258], [0.0, 0.0, 0.0, 1.0]]}, {"class": "Milk", "pose": [[0.9576406102657946, 0.05767933025992665, 0.28213027933355833, -22.926250219028667], [-0.21021272861402884, -0.5295828765490712, 0.8217984520573535, -15.149338907981647], [0.19681213175723666, -0.8462949437663017, -0.49502507119030126, 55.94080868072111], [0.0, 0.0, 0.0, 1.0]]}, {"class": "ChocolatePudding", "pose": [[0.928345262527616, 0.10881267096576519, -0.3554360902695963, -7.8926490592241105], [0.3509337675583383, -0.5718215709023862, 0.7415292927775972, -35.36339595499102], [-0.12255821260012625, -0.8131297326859624, -0.5690338219337367, 78.04998048290518], [0.0, 0.0, 0.0, 1.0]]}, {"class": "Yogurt", "pose": [[0.9927620063209434, 0.07210192599085222, -0.09604607831834162, 2.5805398620556863], [0.11908275696073425, -0.4872069678316187, 0.86512934160168, 2.896283228304969], [0.015583182256378668, -0.8703049660053915, -0.492266593153869, 55.05681087944586], [0.0, 0.0, 0.0, 1.0]]}]}