{"camera": {"camera": "RealSense D415", "extrinsics": [[-0.9935357, 0.11197652, 0.01865606, 0.68560326], [0.09097483, 0.88369054, -0.45914555, -0.36925453], [-0.067899704, -0.45448026, -0.8881651, 0.40496653], [0.0, 0.0, 0.0, 1.0]], "height": 480, "intrinsics": [[603.0301, 0.0, 326.28275], [0.0, 603.81976, 245.73769], [0.0, 0.0, 1.0]], "width": 640}, "objects": [{"class": "MacaroniAndCheese", "pose": [[0.7532670382891584, 0.04982214990989609, 0.6558250633267468, 16.230063626646206], [-0.5563239155878416, -0.4836341930402405, 0.6757231379284113, 10.790887439200796], [0.3508453827148159, -0.8738510718459859, -0.3365884101226408, 45.36892311525676], [0.0, 0.0, 0.0, 1.0]]}, {"class": "OrangeJuice", "pose": [[-0.6650112349307428, 0.026215238981407343, 0.7463731037109596, 27.704281177812284], [-0.6594699295129941, -0.48965583987433264, -0.5703829077116339, -2.1281068588953955], [0.35051319113736007, -0.8715215981807111, 0.3429147749963729, 50.945931698249126], [0.0, 0.0, 0.0, 1.0]]}, {"class": "TomatoSauce", "pose": [[-0.15542403145295647, -0.031024345642293547, -0.9873605479795504, 26.045123258477194], [0.8997169750986979, -0.4171232199454808, -0.1285211070838499, -13.94296887646875], [-0.40786369543147644, -0.9083202498529271, 0.09274408780979312, 63.29882922810276], [0.0, 0.0, 0.0, 1.0]]}, {"class": "Mushrooms", "pose": [[0.25162334128645786, 0.0734648161735493, -0.9650329560105815, 5.681243754766507], [0.875346027068115, -0.4426316255779924, 0.19454220056003502, -7.398156337874667], [-0.41286206325495717, -0.8936890586180748, -0.17568357748739424, 61.98982814419852], [0.0, 0.0, 0.0, 1.0]]}, {"class": "Pineapple", "pose": [[0.8019831467293613, -0.009182966360391636, 0.5972760641219361, -5.020025018932173], [-0.5210364743099124, -0.49975383346218916, 0.6919300464953325, 11.295218431287363], [0.29213701511743684, -0.866118789604864, -0.4055787751587235, 50.206886701860185], [0.0, 0.0, 0.0, 1.0]]}, {"class": "Cherries", "pose": [[0.9688341364297495, 0.07047079980754323, 0.2374747854931166, -19.03732111734586], [-0.17564457924592464, -0.48056272827130403, 0.8591906289307704, 8.103229623439423], [0.17466937573720093, -0.8741243074577524, -0.45320772329986925, 50.87567195657977], [0.0, 0.0, 0.0, 1.0]]}, {"class": "PeasAndCarrots", "pose": [[0.7646711418212849, 0.004276872323501416, 0.6444065056398471, -7.863761509864031], [-0.5703034669570226, -0.46111570608593155, 0.6797987584882497, -3.209789622467535], [0.30005335504989644, -0.8873296943014741, -0.350162724889052, 53.37190490685882], [0.0, 0.0, 0.0, 1.0]]}, {"class": "BBQSauce", "pose": [[0.9874211830576998, 0.08053003691476167, 0.13606730571867545, 14.932005458457631], [-0.07799418230415582, -0.5005064926018784, 0.8622124153911066, -19.65362418936859], [0.13753656496760736, -0.8619792000615227, -0.4879297983581069, 62.22865320498406], [0.0, 0.0, 0.0, 1.0]]}, {"class": "Raisins", "pose": [[0.05188146193370825, -0.02666357463667908, -0.9982972297754363, 18.26476135481122], [-0.45332683385400374, -0.8913443842166525, 0.00024758398829908927, -31.3695192643703], [-0.8898331675677545, 0.45254204040435314, -0.05833156718768503, 71.8909368281699], [0.0, 0.0, 0.0, 1.0]]}, {"class": "Ketchup", "pose": [[0.9342708194868012, 0.021607216337373253, 0.35590891438640093, 4.838376224094077], [-0.2875927775690528, -0.5443928678671951, 0.7879891436878675, -18.584854953806847], [0.21078051723980304, -0.8385520371885217, -0.5023962486391312, 61.422215722562946], [0.0, 0.0, 0.0, 1.0]]}, {"class": "AlphabetSoup", "pose": [[0.9898423569524183, 0.017777033506913318, -0.14105345350139825, 2.7689913438425195], [0.13380858404815754, -0.4517129540039058, 0.8820718569847827, -28.22741901810789], [-0.048035039355502226, -0.8919861854653666, -0.44950329932118427, 70.37467907860707], [0.0, 0.0, 0.0, 1.0]]}, {"class": "Mayo", "pose": [[-0.43004952347915043, 0.9014407761731779, -0.0496177960992778, -0.3640876280229133], [0.8065750898699751, 0.3589395687270411, -0.46967978588372056, -35.89133389117363], [-0.40557869078169007, -0.2420060202016895, -0.8814414035757112, 76.02728801096615], [0.0, 0.0, 0.0, 1.0]]}, {"class": "SaladDressing", "pose": [[0.9091777024832151, 0.009550725358768265, -0.4162987872124533, -2.4444541100883566], [0.3582486966943652, -0.5275433666473802, 0.7702960200388078, -21.004537000834414], [-0.21225875386502482, -0.8494744038301804, -0.48305216572601867, 62.34003436828426], [0.0, 0.0, 0.0, 1.0]]}, {"class": "Mustard", "pose": [[0.35812657579164203, 0.040547661081635496, 0.9327921709441274, -11.031163813465984], [-0.8536252813185828, -0.3905135263808251, 0.34470734786463986, -23.82582109345829], [0.3782450083764359, -0.9197037756732451, -0.10524074694840371, 62.26989863553939], [0.0, 0.0, 0.0, 1.0]]}, {"class": "Cookies", "pose": [[0.149887200169778, -0.9880399847032071, -0.03620507057092531, -8.753303026819825], [0.8896617406018642, 0.11880726440896572, 0.44089331146821553, -2.367983938442364], [-0.4313187589195891, -0.0982945302142047, 0.8968289969116763, 58.108429893280245], [0.0, 0.0, 0.0, 1.0]]}, {"class": "Parmesan", "pose": [[0.6794264071650824, 0.01259415236220148, 0.7336355606533262, -18.270407149115975], [-0.6259130911439172, -0.5118198147500121, 0.5884499727491028, -14.896065976078546], [0.38290022011112507, -0.8590004916825176, -0.3398610199708335, 60.84297484696519], [0.0, 0.0, 0.0, 1.0]]}, {"class": "CreamCheese", "pose": [[0.89397574237235, 0.029325827009470895, 0.4471547374255504, -21.37077142387018], [-0.39670609595819595, -0.41227543106081693, 0.8201544569394937, -23.27507352570162], [0.20840260998406265, -0.9105871347192991, -0.35693046718247395, 67.2128167304965], [0.0, 0.0, 0.0, 1.0]]}, {"class": "Milk", "pose": [[0.9142264291992939, 0.03974476973458433, 0.40324977459925343, -23.506777219404807], [-0.3387393835290694, -0.47116029654140484, 0.8144100293303439, -9.708403118212267], [0.22236381198571123, -0.8811516904330657, -0.4172840396345204, 52.46507445911761], [0.0, 0.0, 0.0, 1.0]]}, {"class": "ChocolatePudding", "pose": [[0.9685132779955791, 0.08368722931391318, -0.2344748798445444, -12.167464949004403], [0.2430685384897181, -0.5215621845357468, 0.8178573617222393, -33.12304017277699], [-0.05384900141575523, -0.8490991202559706, -0.5254815935830983, 73.5981660741906], [0.0, 0.0, 0.0, 1.0]]}, {"class": "Yogurt", "pose": [[0.99762477065529, 0.06033309981109842, 0.03323740850696092, 3.964188612687003], [-0.00413046453906901, -0.4292578456096643, 0.9031725926475684, 5.113063961750192], [0.06875862334434407, -0.9011645720987727, -0.42798902074398587, 54.10594320624491], [0.0, 0.0, 0.0, 1.0]]}]}