{"camera": {"camera": "RealSense D415", "extrinsics": [[-0.9886592, 0.14889383, 0.019585826, 0.6774315], [0.12468429, 0.88651913, -0.44557568, -0.37609497], [-0.083706684, -0.43808046, -0.89503, 0.4034223], [0.0, 0.0, 0.0, 1.0]], "height": 480, "intrinsics": [[603.0301, 0.0, 326.28275], [0.0, 603.81976, 245.73769], [0.0, 0.0, 1.0]], "width": 640}, "objects": [{"class": "MacaroniAndCheese", "pose": [[0.7282934759543546, 0.04967425615984069, 0.6834625714478594, 16.91927935765314], [-0.5862357355721942, -0.47129777697612535, 0.6589432130780963, 11.721810072428147], [0.35484689530053776, -0.8805741931350056, -0.31412224737058597, 45.075193729065774], [0.0, 0.0, 0.0, 1.0]]}, {"class": "OrangeJuice", "pose": [[-0.6923616039803738, 0.02584539556822856, 0.7210876716977446, 27.863833642605307], [-0.6426159748159728, -0.4765746473596426, -0.5999345003511156, -1.653503396013295], [0.3281465330711827, -0.8787540371263808, 0.3465706422656046, 50.641057248021085], [0.0, 0.0, 0.0, 1.0]]}, {"class": "TomatoSauce", "pose": [[-0.1186341757096341, -0.0283270110276477, -0.9925338876898709, 25.59863681030683], [0.9106097264850601, -0.4016307431709314, -0.09737947667228572, -13.598930203046638], [-0.3958736333701227, -0.9153635117592145, 0.07344196862233847, 62.770093459460405], [0.0, 0.0, 0.0, 1.0]]}, {"class": "Mushrooms", "pose": [[0.28742497726779015, 0.07499464885654153, -0.9548626553061563, 5.485986090011852], [0.8729324005459587, -0.4307907985882124, 0.2289288147765458, -6.3675969572611795], [-0.3941775851779794, -0.8993303746876713, -0.18928529663006985, 61.212931244975934], [0.0, 0.0, 0.0, 1.0]]}, {"class": "Pineapple", "pose": [[0.7791805166393644, -0.009954752493040083, 0.6267205364476618, -4.3863746719066565], [-0.5516581311695771, -0.4855849939402017, 0.6781449773321174, 12.849792851922432], [0.2975753163805795, -0.8741328014651037, -0.3838499596153577, 49.54993150296138], [0.0, 0.0, 0.0, 1.0]]}, {"class": "Cherries", "pose": [[0.9592962108847727, 0.07041373464732063, 0.27348252442882565, -18.510128071876675], [-0.21015303846681124, -0.4689038703777064, 0.8578839962804803, 10.11094598712633], [0.18864383273330876, -0.8804380169494832, -0.43502001987804223, 49.92271235687487], [0.0, 0.0, 0.0, 1.0]]}, {"class": "PeasAndCarrots", "pose": [[0.7401443316815224, 0.00513732462077111, 0.6724284211633866, -7.758349789268837], [-0.5997877321060943, -0.4470841953820765, 0.6636041658705779, -1.6014187002462543], [0.30404126252598657, -0.894477146119899, -0.32782550352855566, 52.429463409305555], [0.0, 0.0, 0.0, 1.0]]}, {"class": "BBQSauce", "pose": [[0.9817236729840988, 0.07959720069291061, 0.17286677227650254, 14.326025509859363], [-0.11259915789514521, -0.4893553419036688, 0.8647848687956129, -18.923206744231756], [0.15342773795868023, -0.8684443976825991, -0.4714491195999185, 61.41415758534006], [0.0, 0.0, 0.0, 1.0]]}, {"class": "Raisins", "pose": [[0.05300801860109124, -0.06385513228285668, -0.9965503888203316, 17.100766006757905], [-0.44082859775588834, -0.8969462458158812, 0.03402454736756624, -30.89202903807051], [-0.8960247378623419, 0.4375043128439687, -0.0756945202415066, 70.9418698302376], [0.0, 0.0, 0.0, 1.0]]}, {"class": "Ketchup", "pose": [[0.9204552025407062, 0.01886262931381056, 0.39039265713374605, 4.288747211780619], [-0.32145329272776957, -0.5316388183704152, 0.7835994114995096, -17.510246479882074], [0.2223286361550026, -0.8467611289245651, -0.48328623309669877, 60.44950748718596], [0.0, 0.0, 0.0, 1.0]]}, {"class": "AlphabetSoup", "pose": [[0.9943846985580379, 0.01901854239252808, -0.10410269800410152, 1.7454993810746444], [0.10188308194744886, -0.4380593710795675, 0.8931539146913354, -27.218175378740767], [-0.028616663288140026, -0.8987448560843873, -0.4375371815709506, 69.20713319201226], [0.0, 0.0, 0.0, 1.0]]}, {"class": "Mayo", "pose": [[-0.39615029688552544, 0.9168716580867321, -0.04910509431439548, -1.7369378742046693], [0.8265351284743214, 0.33280597702612963, -0.45396029932122256, -34.862185010890215], [-0.3998808470276911, -0.22042357103711416, -0.8896677877301202, 74.67938245207422], [0.0, 0.0, 0.0, 1.0]]}, {"class": "SaladDressing", "pose": [[0.9240471467760938, 0.0075603676267809, -0.38220376344188084, -3.0844706973723546], [0.33139600024741567, -0.5142329091180222, 0.7910381131818018, -19.70290091387841], [-0.19056119358560666, -0.857617278361406, -0.477680908523826, 61.20103556615732], [0.0, 0.0, 0.0, 1.0]]}, {"class": "Mustard", "pose": [[0.3232317499404145, 0.044268052671306846, 0.945283862528065, -11.75605272651039], [-0.8707591100522021, -0.37721710693764837, 0.3154138817504426, -22.238526312677926], [0.3705399858166066, -0.9250662802542817, -0.08338171898252061, 60.935675699463154], [0.0, 0.0, 0.0, 1.0]]}, {"class": "Cookies", "pose": [[0.1865577070060578, -0.9817137068134992, -0.03787380656824692, -8.704747451114292], [0.8908763443991425, 0.15279227951152557, 0.4277779197409389, -0.8049031851946886], [-0.4141685977554407, -0.11354615227563063, 0.9030900613724161, 57.16280114595759], [0.0, 0.0, 0.0, 1.0]]}, {"class": "Parmesan", "pose": [[0.6516577603088439, 0.011285754599977375, 0.7584291664916372, -18.67321261873399], [-0.6538486425614543, -0.4984711348208152, 0.5692175073530206, -13.054076675612453], [0.3844790846637961, -0.8668328548493854, -0.3174533827551656, 59.52781609835902], [0.0, 0.0, 0.0, 1.0]]}, {"class": "CreamCheese", "pose": [[0.8766692460650085, 0.03218018279447207, 0.480016118741813, -22.159162289548885], [-0.4291303947286476, -0.39873757812402666, 0.810466247550147, -21.42498899151425], [0.21748141565760234, -0.9165003057500086, -0.3357514533351283, 65.7060760414635], [0.0, 0.0, 0.0, 1.0]]}, {"class": "Milk", "pose": [[0.8985475344909839, 0.04014195519028161, 0.4370365626655335, -23.586365084135675], [-0.3720870393077079, -0.45838631754423775, 0.8071141860812826, -7.566550841122277], [0.23273072108582452, -0.8878460690861065, -0.39694556816289606, 51.145177354234036], [0.0, 0.0, 0.0, 1.0]]}, {"class": "ChocolatePudding", "pose": [[0.9767409594229307, 0.08183393503446393, -0.19819261004178837, -13.39820226823063], [0.211863503688019, -0.5107022608888975, 0.8332449500802263, -31.66918422588673], [-0.033029686757832716, -0.8558542203154719, -0.5161614169751731, 72.09027796065386], [0.0, 0.0, 0.0, 1.0]]}, {"class": "Yogurt", "pose": [[0.9955646479890845, 0.062442639821205875, 0.07037012021701719, 4.319889291018397], [-0.03804565064625592, -0.4168767665857052, 0.9081664936861211, 6.3150402534672745], [0.08604398952507832, -0.9068156977910016, -0.4126520775657989, 53.504138189654135], [0.0, 0.0, 0.0, 1.0]]}]}