{"camera": {"camera": "RealSense D415", "extrinsics": [[-0.98227096, 0.18484443, 0.031245844, 0.66764027], [0.15305255, 0.88697934, -0.4357093, -0.38259426], [-0.10825286, -0.42320234, -0.89954495, 0.411361], [0.0, 0.0, 0.0, 1.0]], "height": 480, "intrinsics": [[603.0301, 0.0, 326.28275], [0.0, 603.81976, 245.73769], [0.0, 0.0, 1.0]], "width": 640}, "objects": [{"class": "MacaroniAndCheese", "pose": [[0.7021718827135389, 0.060219274141654, 0.7094563449339646, 17.206255401092573], [-0.6102544359755586, -0.4624206889388317, 0.6432392396791871, 12.407766231610601], [0.36680267881189715, -0.8846133632307369, -0.2879496977845608, 45.12451816149594], [0.0, 0.0, 0.0, 1.0]]}, {"class": "OrangeJuice", "pose": [[-0.7182750283334287, 0.03621431740335571, 0.6948161815230729, 27.626603205275135], [-0.6268320839579153, -0.46705386141093325, -0.6236524021533804, -1.3290942694644592], [0.30193140532598517, -0.8834869959169017, 0.35817340851576623, 50.814520489121726], [0.0, 0.0, 0.0, 1.0]]}, {"class": "TomatoSauce", "pose": [[-0.0829530024712049, -0.014881229002877212, -0.9964423553939608, 24.710817215998592], [0.918010823784544, -0.3902209988487705, -0.0705959568351064, -13.344548852487037], [-0.3877821504068819, -0.9206009863718201, 0.046031117314807246, 62.733618727115235], [0.0, 0.0, 0.0, 1.0]]}, {"class": "Mushrooms", "pose": [[0.3217274706640049, 0.0871350399549835, -0.942814371258133, 4.853207768095569], [0.8690488862297729, -0.4224215566748451, 0.2575153421619, -5.53989011233536], [-0.37582647447265305, -0.9022015110386284, -0.21162922909955145, 60.73404313958011], [0.0, 0.0, 0.0, 1.0]]}, {"class": "Pineapple", "pose": [[0.7555017573194542, 6.945626175227279e-05, 0.6551466317411146, -4.172324862789944], [-0.5764530238817238, -0.4751181578434421, 0.6648042847294531, 14.076169964493374], [0.31131822570153633, -0.8799220371066416, -0.35891253391926004, 49.04870691896679], [0.0, 0.0, 0.0, 1.0]]}, {"class": "Cherries", "pose": [[0.9477776177753016, 0.08100564417714246, 0.30847316264839597, -18.370905267541403], [-0.23886390491967482, -0.4606056575245007, 0.8548605458392117, 11.726731818420355], [0.21133301414145259, -0.8839007692351605, -0.41720237693903195, 49.01528685846216], [0.0, 0.0, 0.0, 1.0]]}, {"class": "PeasAndCarrots", "pose": [[0.714999262079453, 0.016751742262870614, 0.6989244977647311, -8.015767680432429], [-0.6235500556157596, -0.43682199276694056, 0.6483609831153266, -0.30767884038080395], [0.3161667567099825, -0.8993920072363895, -0.3018818234259723, 51.66256958334905], [0.0, 0.0, 0.0, 1.0]]}, {"class": "BBQSauce", "pose": [[0.9738095796989535, 0.08930005130339301, 0.20909429103265018, 13.336448991735061], [-0.1415754711644669, -0.48143987311864095, 0.8649694354054591, -18.3377492399878], [0.17790814788074844, -0.8719181191203251, -0.4561880319687476, 61.01607689847739], [0.0, 0.0, 0.0, 1.0]]}, {"class": "Raisins", "pose": [[0.06480047594833095, -0.10013926045964253, -0.9928610406548083, 15.525762812412491], [-0.4318816407328672, -0.8997579607911339, 0.06256156999656938, -30.486949178511235], [-0.8995994672422247, 0.42474440610431385, -0.10155306034186028, 70.46769249685553], [0.0, 0.0, 0.0, 1.0]]}, {"class": "Ketchup", "pose": [[0.9050074429772951, 0.026869106128184436, 0.42454634436095884, 3.3711363937105387], [-0.34941899651074654, -0.5222641159666563, 0.7779117223056604, -16.63553920248019], [0.24262711161145173, -0.8523604323872613, -0.46326430259181844, 59.80405841137757], [0.0, 0.0, 0.0, 1.0]]}, {"class": "AlphabetSoup", "pose": [[0.9972177948265452, 0.030984726227698437, -0.06779849290774081, 0.3290564619883529], [0.0745347868737928, -0.4281382451782913, 0.900634386535902, -26.36832232053543], [-0.0011212039872012098, -0.9031819559560398, -0.4292564890380108, 68.37299561326967], [0.0, 0.0, 0.0, 1.0]]}, {"class": "Mayo", "pose": [[-0.3624678839905675, 0.9312306978287955, -0.037768236858214774, -3.50703755246633], [0.8417305904737696, 0.30969510941219563, -0.44224274094259125, -33.97454610375111], [-0.4001333560286005, -0.1920894474605346, -0.8960998703335439, 73.65821160469767], [0.0, 0.0, 0.0, 1.0]]}, {"class": "SaladDressing", "pose": [[0.9375642560586475, 0.016343398918136187, -0.34742794690652223, -4.076982609378444], [0.3077457614079303, -0.5044281933863378, 0.8067495483122489, -18.630913807967673], [-0.16206739956384716, -0.8632989937277024, -0.4779634311027861, 60.33403491982921], [0.0, 0.0, 0.0, 1.0]]}, {"class": "Mustard", "pose": [[0.2891719718238865, 0.05859045611372774, 0.9554824689038282, -12.804762743837749], [-0.8835739053283284, -0.36772473595893684, 0.2899582073960758, -20.921430317970728], [0.3683432998516141, -0.9280871338254639, -0.05456667047070361, 59.809118884758746], [0.0, 0.0, 0.0, 1.0]]}, {"class": "Cookies", "pose": [[0.22196141414426046, -0.9737610743003989, -0.05022469539076899, -9.066063321787777], [0.8900153452616941, 0.18129525604546368, 0.41833575628158426, 0.46077992633368203], [-0.3982535463450888, -0.1375551505384312, 0.9069028224832621, 56.378599937455654], [0.0, 0.0, 0.0, 1.0]]}, {"class": "Parmesan", "pose": [[0.622943228829957, 0.020745297224223625, 0.7819919344319797, -19.426908136703315], [-0.6760455447731135, -0.488671917773053, 0.5515090822661031, -11.532873215802308], [0.3935787020845844, -0.8722209867336158, -0.2903900680310023, 58.330785764601934], [0.0, 0.0, 0.0, 1.0]]}, {"class": "CreamCheese", "pose": [[0.8584250657495782, 0.04569137253165299, 0.5108999160184807, -23.30534609426167], [-0.4557756441491102, -0.3889973506862027, 0.8005933505901415, -19.87362755607919], [0.23531891873206268, -0.9201051094229964, -0.31310003216970206, 64.31279640799916], [0.0, 0.0, 0.0, 1.0]]}, {"class": "Milk", "pose": [[0.8814469143501699, 0.051242983975609516, 0.46949495523863, -23.96171357076543], [-0.3995398554109469, -0.4491672519864494, 0.7991350157080527, -5.815692116858356], [0.2518318180768536, -0.8919770135773288, -0.37544344274201213, 49.888628499483154], [0.0, 0.0, 0.0, 1.0]]}, {"class": "ChocolatePudding", "pose": [[0.9827263136279791, 0.09061228999475102, -0.16136426067674547, -15.00283650277896], [0.18500615647052224, -0.502982923682018, 0.8442635786304311, -30.42944649813122], [-0.004662795974107253, -0.8595333907651111, -0.5110583572721736, 70.80117133179202], [0.0, 0.0, 0.0, 1.0]]}, {"class": "Yogurt", "pose": [[0.9914890178207308, 0.0751745059758926, 0.10629365178996097, 4.24236422342632], [-0.06667152618280711, -0.4080796627765889, 0.9105086414055436, 7.25735861176906], [0.11182332256695125, -0.9098460503267499, -0.3995944760367674, 53.1517048964123], [0.0, 0.0, 0.0, 1.0]]}]}