{"camera": {"camera": "RealSense D415", "extrinsics": [[-0.97678, 0.012908317, 0.21385567, 0.6530647], [0.04599948, 0.98754025, 0.1504935, 0.08789252], [-0.20924847, 0.15683629, -0.96520334, 0.10861944], [0.0, 0.0, 0.0, 1.0]], "height": 480, "intrinsics": [[603.75165, 0.0, 326.28275], [0.0, 603.20245, 245.73769], [0.0, 0.0, 1.0]], "width": 640}, "objects": [{"class": "ChocolatePudding", "pose": [[0.8163216196178382, 0.18292498617323588, 0.547866267541864, 11.72632920309933], [-0.5669316970090065, 0.07231346297921536, 0.8205846814027439, 15.236178069885609], [0.11048732553726642, -0.9804637798366108, 0.16273702027040743, 40.02078068352215], [0.0, 0.0, 0.0, 1.0]]}, {"class": "MacaroniAndCheese", "pose": [[0.2477263800574711, 0.9652860861718549, 0.08279128455862182, 4.603284487477066], [0.17401376620661976, 0.0397332656490675, -0.9839413001423661, 8.527073327660844], [-0.9530744250100898, 0.2581550359819779, -0.15813009906780442, 33.229042574199276], [0.0, 0.0, 0.0, 1.0]]}, {"class": "Milk", "pose": [[0.3304020055426695, 0.9138652349886319, 0.2359763364084997, -5.651920412766664], [0.9237660090921181, -0.3643950183973939, 0.11778215640573599, -3.748270116866598], [0.193625626331974, 0.1790714505209681, -0.9645944966037441, 31.379201351938708], [0.0, 0.0, 0.0, 1.0]]}, {"class": "Ketchup", "pose": [[0.7009401422679342, 0.20988843418097308, 0.6816375477383044, -8.146507916285161], [-0.709163124734755, 0.10330883313579782, 0.6974345509558292, 13.648155298457738], [0.07596425660454142, -0.9722520974119956, 0.2212584489660401, 29.78679050143655], [0.0, 0.0, 0.0, 1.0]]}, {"class": "OrangeJuice", "pose": [[-0.6428313452206104, -0.7349984475748608, -0.21574319918974832, 15.841883659261825], [0.7659903416434154, -0.6186925575091063, -0.17458041455514367, 1.2983964896773281], [-0.005162367666562483, -0.27748297213759476, 0.960716691109364, 37.7601680346652], [0.0, 0.0, 0.0, 1.0]]}]}