{"camera": {"camera": "RealSense D415", "extrinsics": [[-0.98084074, 0.19345963, 0.022909373, 0.68871045], [0.16648743, 0.8934838, -0.41709545, -0.3906512], [-0.10116029, -0.4052901, -0.9085739, 0.40418938], [0.0, 0.0, 0.0, 1.0]], "height": 480, "intrinsics": [[603.0301, 0.0, 326.28275], [0.0, 603.81976, 245.73769], [0.0, 0.0, 1.0]], "width": 640}, "objects": [{"class": "MacaroniAndCheese", "pose": [[0.6964637759931467, 0.051628926794209135, 0.7157322838726603, 19.913936746009377], [-0.6257793530719783, -0.4444427349751865, 0.6409921201090385, 12.069679178816317], [0.3511957414115, -0.8943182528455366, -0.2772299273403792, 45.66092535975866], [0.0, 0.0, 0.0, 1.0]]}, {"class": "OrangeJuice", "pose": [[-0.7243100548304101, 0.027576637341374378, 0.6889227192324531, 30.196694793731616], [-0.6247819208756219, -0.44882422400529715, -0.6389087640174431, -1.9014076000654578], [0.29158622749158764, -0.8931944770167386, 0.34231727525124334, 51.02140387607456], [0.0, 0.0, 0.0, 1.0]]}, {"class": "TomatoSauce", "pose": [[-0.07383066049737805, -0.022769426210868367, -0.9970108456434571, 27.18711109137461], [0.9268206711869023, -0.37065251354842826, -0.06016809043158696, -14.129882374943003], [-0.36817456553744976, -0.928492485156708, 0.04846868133395443, 62.698075583387805], [0.0, 0.0, 0.0, 1.0]]}, {"class": "Mushrooms", "pose": [[0.33030183368473254, 0.07893738340911644, -0.9405687788222364, 7.413250265685467], [0.8730036605516972, -0.4043936821791976, 0.27263602095499734, -6.058921702002146], [-0.3588388761927131, -0.911172138341846, -0.2024846019175685, 60.94032566105882], [0.0, 0.0, 0.0, 1.0]]}, {"class": "Pineapple", "pose": [[0.7499730387935598, -0.00864508619025971, 0.6614119314751167, -1.4293986240164647], [-0.5914337466166436, -0.4565484013789998, 0.6646575975692797, 13.899380957574603], [0.2962205327454964, -0.8896565907432649, -0.3475119642522584, 49.703295845062776], [0.0, 0.0, 0.0, 1.0]]}, {"class": "Cherries", "pose": [[0.9457449232022268, 0.0724372769992804, 0.31673241177415207, -15.65406928718469], [-0.25404033148416694, -0.4428803799708136, 0.8598374965431598, 11.713356980716739], [0.20255886047632943, -0.8936497287009353, -0.4004498585424804, 49.67667640889965], [0.0, 0.0, 0.0, 1.0]]}, {"class": "PeasAndCarrots", "pose": [[0.7089501548900148, 0.00840410527268671, 0.7052085425079022, -5.428203675381804], [-0.6381567076120664, -0.4180456124346129, 0.6465244959776744, -0.4912721468671777], [0.30024279102058865, -0.9083871780108564, -0.29101034352245897, 52.03097448950543], [0.0, 0.0, 0.0, 1.0]]}, {"class": "BBQSauce", "pose": [[0.9727694801305818, 0.08053595332613749, 0.21733278233727107, 15.749834613409043], [-0.15637640264818517, -0.4640543762551964, 0.8718944878931761, -18.95586396730954], [0.1710730872405824, -0.8821380415067359, -0.43882398899793273, 60.92131994239779], [0.0, 0.0, 0.0, 1.0]]}, {"class": "Raisins", "pose": [[0.0565053482027164, -0.108901790791259, -0.9924452554761266, 17.834316285477357], [-0.4136506895530609, -0.9072578120367976, 0.07600270373984526, -31.324612994226413], [-0.9086805157763999, 0.40623108435065824, -0.09631222729768786, 70.10816755382315], [0.0, 0.0, 0.0, 1.0]]}, {"class": "Ketchup", "pose": [[0.9018230236045465, 0.017712706492815842, 0.4317424390253764, 5.800328839090419], [-0.3647314703226913, -0.5045642419830356, 0.7825509067872961, -17.115013555801283], [0.23170289145459974, -0.8631924561966081, -0.4485672440429222, 59.784407494000135], [0.0, 0.0, 0.0, 1.0]]}, {"class": "AlphabetSoup", "pose": [[0.9979975835726903, 0.022721835480432953, -0.05903033885722857, 2.6783047388860726], [0.06315603897284999, -0.4094473711674633, 0.9101451567912671, -26.989835865480927], [-0.003489636473859259, -0.912050763996863, -0.41006248926405847, 68.15989834501637], [0.0, 0.0, 0.0, 1.0]]}, {"class": "Mayo", "pose": [[-0.3542475152015045, 0.9340116728277695, -0.04616202470818178, -1.2253796783113557], [0.854010963005843, 0.3030035031528416, -0.42291156710147476, -34.66084484670884], [-0.38101707088246567, -0.18923822806050322, -0.9049944218104796, 73.29999869936697], [0.0, 0.0, 0.0, 1.0]]}, {"class": "SaladDressing", "pose": [[0.940433394788081, 0.007352295539459189, -0.3398985337535214, -1.6682196317338471], [0.30035343282721194, -0.4863840946534008, 0.820498853931185, -19.03592002513052], [-0.15928867251671236, -0.8737141904307651, -0.4596201159862282, 60.30187654220946], [0.0, 0.0, 0.0, 1.0]]}, {"class": "Mustard", "pose": [[0.2803584853832542, 0.050927761732743874, 0.9585434378726031, -10.42362919170614], [-0.8943398215347743, -0.34884432749952976, 0.28011419141813615, -21.21517878180184], [0.3486480154511484, -0.9357959305209087, -0.05225472719190519, 59.763560452661736], [0.0, 0.0, 0.0, 1.0]]}, {"class": "Cookies", "pose": [[0.23070106762546652, -0.9721152566995439, -0.04205929883600611, -6.452150152823421], [0.8955726295803788, 0.19523888906585873, 0.3997892979909552, 0.19014881373877746], [-0.3804296440683532, -0.12989898042168277, 0.9156416108777766, 56.76613982827258], [0.0, 0.0, 0.0, 1.0]]}, {"class": "Parmesan", "pose": [[0.616583803396228, 0.011901959316055338, 0.787199337070356, -16.9428595435961], [-0.6912085009614086, -0.4704956169214119, 0.5485113709866996, -11.722744563145444], [0.37690218795993685, -0.8823220770069224, -0.28187321956620903, 58.50792929014429], [0.0, 0.0, 0.0, 1.0]]}, {"class": "CreamCheese", "pose": [[0.8539946905234124, 0.037814658140142315, 0.5189057329782494, -20.89474963508524], [-0.47037309360067164, -0.37013090425398887, 0.8010944438566193, -20.142190333085303], [0.22235616009941417, -0.9282096700360504, -0.29830280804717346, 64.3294762633524], [0.0, 0.0, 0.0, 1.0]]}, {"class": "Milk", "pose": [[0.877722229985748, 0.042778375781603456, 0.4772564688764955, -21.44284983698872], [-0.4147620190407078, -0.43093635013298304, 0.8014152301651281, -5.7785640743895526], [0.2399504021876906, -0.9013677942960561, -0.3604995460014415, 50.20507171474981], [0.0, 0.0, 0.0, 1.0]]}, {"class": "ChocolatePudding", "pose": [[0.9847636729672712, 0.08164631058759897, -0.15353966230772362, -12.690164206059206], [0.1738355495290148, -0.48586574378723024, 0.8565720764648548, -30.925697423693666], [-0.004663699645043036, -0.8702116913846971, -0.49265594572117194, 70.56299369300251], [0.0, 0.0, 0.0, 1.0]]}, {"class": "Yogurt", "pose": [[0.9910640800237325, 0.06711427654723764, 0.11527229806150444, 6.9214846828761445], [-0.0803110042785978, -0.3897592068142558, 0.9174082759276652, 6.900513566517175], [0.10649963969697702, -0.9184679965903499, -0.380886314738584, 53.62966530308636], [0.0, 0.0, 0.0, 1.0]]}]}