{"camera": {"camera": "RealSense D415", "extrinsics": [[-0.974438, 0.2241321, -0.01534168, 0.7077045], [0.21269651, 0.8984236, -0.3841812, -0.40588802], [-0.072324015, -0.3776239, -0.9231302, 0.3729169], [0.0, 0.0, 0.0, 1.0]], "height": 480, "intrinsics": [[603.0301, 0.0, 326.28275], [0.0, 603.81976, 245.73769], [0.0, 0.0, 1.0]], "width": 640}, "objects": [{"class": "MacaroniAndCheese", "pose": [[0.6754238396809525, 0.012436833427570305, 0.7373248664503844, 24.2585090511162], [-0.6679875476398245, -0.4132582112471216, 0.6188782686557496, 12.406538430213098], [0.312402435853408, -0.9105289382017601, -0.27081678081968624, 45.48788873171689], [0.0, 0.0, 0.0, 1.0]]}, {"class": "OrangeJuice", "pose": [[-0.744860829965706, -0.011756345118954716, 0.6671162785102651, 34.02420974265292], [-0.6028454197817008, -0.4166246873543506, -0.6804419843855084, -2.1864615490094996], [0.28593660412524885, -0.909002546813648, 0.3032401462721025, 50.107038283061776], [0.0, 0.0, 0.0, 1.0]]}, {"class": "TomatoSauce", "pose": [[-0.04054593996696093, -0.05933311310730719, -0.9974144600728119, 30.72813838200088], [0.9420062810888864, -0.335092680563443, -0.018359907441814965, -14.690998826762542], [-0.333136921773671, -0.9403150777818631, 0.0694788014487948, 61.40793661695979], [0.0, 0.0, 0.0, 1.0]]}, {"class": "Mushrooms", "pose": [[0.36090399966324416, 0.041125804536217565, -0.9316957485947142, 11.298909621866816], [0.8703091665085498, -0.3738485891198334, 0.32062316117785034, -5.706405924231722], [-0.33512723924729937, -0.9265775031054867, -0.17071561808103522, 60.39907284283586], [0.0, 0.0, 0.0, 1.0]]}, {"class": "Pineapple", "pose": [[0.7292019292233728, -0.048200256155250844, 0.6825989147695902, 3.110169657519024], [-0.6340203077059753, -0.42288598528366095, 0.6474455322623383, 15.016266211908524], [0.2574544709497287, -0.9049000782786438, -0.338929198687284, 50.08827719188036], [0.0, 0.0, 0.0, 1.0]]}, {"class": "Cherries", "pose": [[0.9376933007401705, 0.03330364451485204, 0.34586433428466545, -11.194804033043425], [-0.3022860941536164, -0.4126303817553694, 0.8592783656726981, 13.455156205937325], [0.1713312359408501, -0.910289517829798, -0.3768534984893714, 50.314814472940085], [0.0, 0.0, 0.0, 1.0]]}, {"class": "PeasAndCarrots", "pose": [[0.686240678756565, -0.029867379581223985, 0.7267610798452441, -1.4726089918982055], [-0.6790254729088132, -0.3845040188380854, 0.6253647663705566, 0.738201740084854], [0.26076454527641135, -0.9226399999431905, -0.2841429929368711, 51.994697082317344], [0.0, 0.0, 0.0, 1.0]]}, {"class": "BBQSauce", "pose": [[0.968341153276413, 0.04070126659672098, 0.24629010229783127, 19.051935292592713], [-0.20480737985794867, -0.43454437599254997, 0.8770548140386357, -18.94533245783644], [0.1427212245064444, -0.8997302731260325, -0.4124512646355262, 59.727111770314565], [0.0, 0.0, 0.0, 1.0]]}, {"class": "Raisins", "pose": [[0.018363949330210003, -0.14026915593895561, -0.9899430922928414, 20.783503247456593], [-0.38220338168674395, -0.9158976097395313, 0.12268727676497257, -31.721007593492324], [-0.9238957245374388, 0.3761065588415388, -0.07043084964219469, 68.41693204132382], [0.0, 0.0, 0.0, 1.0]]}, {"class": "Ketchup", "pose": [[0.8895392626593118, -0.023434212637207703, 0.4562573118172957, 9.171731187663967], [-0.4119482682960446, -0.47294163772002046, 0.7788612558973325, -16.631938699625497], [0.19753108082145263, -0.880782050563437, -0.4303538189888418, 58.888221319966384], [0.0, 0.0, 0.0, 1.0]]}, {"class": "AlphabetSoup", "pose": [[0.9995076522367619, -0.015264578093329645, -0.027412451494389072, 5.796366524276985], [0.01965456969759648, -0.37641015416510065, 0.926244631893099, -26.66097353940898], [-0.024457048523053488, -0.9263273493491507, -0.3759247965069901, 66.97731059702612], [0.0, 0.0, 0.0, 1.0]]}, {"class": "Mayo", "pose": [[-0.32413296856696744, 0.9422292556631106, -0.0845094384175437, 1.6680760532465255], [0.8820145497480397, 0.2686987820446884, -0.3871063457757293, -34.337321436113456], [-0.3420353305661282, -0.20001246747775456, -0.918154019487735, 71.93055805140531], [0.0, 0.0, 0.0, 1.0]]}, {"class": "SaladDressing", "pose": [[0.9491745513171522, -0.03320235095906137, -0.31299404426253374, 1.638191508959419], [0.2646773287720612, -0.45395420850395946, 0.8508063896063576, -18.24292657505875], [-0.17033372105406494, -0.89040617418016, -0.42209385977200786, 59.51060991047551], [0.0, 0.0, 0.0, 1.0]]}, {"class": "Mustard", "pose": [[0.24784103287232162, 0.015084522140520454, 0.9686832693598649, -7.2149976548799515], [-0.9178713022839072, -0.31626691809347585, 0.2397655799790164, -20.01710027532349], [0.30997921130868394, -0.948550293773779, -0.06453825796865681, 59.09891190038854], [0.0, 0.0, 0.0, 1.0]]}, {"class": "Cookies", "pose": [[0.2619596572885257, -0.9650687905260038, -0.004400480325622752, -2.3623966117533146], [0.8979753571989759, 0.24207210166372925, 0.3674797679313115, 1.2899562696600364], [-0.35357800551774765, -0.10021640204857797, 0.9300210883512443, 56.77365462524464], [0.0, 0.0, 0.0, 1.0]]}, {"class": "Parmesan", "pose": [[0.5932919718981217, -0.028138968379064596, 0.8044953892104932, -13.331766287525681], [-0.7307670946083207, -0.43797503325935105, 0.5236003705676291, -10.209795208751865], [0.337615313337396, -0.8985466277013238, -0.2804100855001032, 58.333936533849176], [0.0, 0.0, 0.0, 1.0]]}, {"class": "CreamCheese", "pose": [[0.8368736091559992, 0.0012062105931038957, 0.5473948338040479, -17.526682982692243], [-0.5149906855561982, -0.3372245802052318, 0.7880762657732678, -18.656192252993513], [0.18554557940691968, -0.9414234408082605, -0.2815931481105175, 63.942497755515774], [0.0, 0.0, 0.0, 1.0]]}, {"class": "Milk", "pose": [[0.8634240557336454, 0.004044333847494236, 0.5044626250430606, -17.742145255318942], [-0.46114826530475267, -0.39912983539772706, 0.7924882814787707, -3.7752586883099513], [0.20455117190902486, -0.9168854827395458, -0.34275324595927437, 50.35484319838069], [0.0, 0.0, 0.0, 1.0]]}, {"class": "ChocolatePudding", "pose": [[0.9911814838522466, 0.04109978492586452, -0.12597646791622846, -9.676080910735486], [0.13077474450075469, -0.4568050881012985, 0.8799017570529686, -30.008080914854556], [-0.021382908324661987, -0.8886168424918646, -0.4581515431326974, 69.59569612579818], [0.0, 0.0, 0.0, 1.0]]}, {"class": "Yogurt", "pose": [[0.9885930178995441, 0.02980916030334099, 0.14763216330943324, 11.225018587640111], [-0.12730102453152334, -0.3584552961077353, 0.9248266184668963, 7.520898902593965], [0.0804878419929045, -0.9330708347359148, -0.3505716512498582, 53.56771184716749], [0.0, 0.0, 0.0, 1.0]]}]}