{"camera": {"camera": "RealSense D415", "extrinsics": [[-0.96529835, 0.26034215, -0.020520434, 0.6961818], [0.2483348, 0.8907796, -0.38058048, -0.41270316], [-0.080801964, -0.37246966, -0.9245201, 0.3710064], [0.0, 0.0, 0.0, 1.0]], "height": 480, "intrinsics": [[603.0301, 0.0, 326.28275], [0.0, 603.81976, 245.73769], [0.0, 0.0, 1.0]], "width": 640}, "objects": [{"class": "MacaroniAndCheese", "pose": [[0.6476005463812521, 0.006057633877945475, 0.7619559574336537, 24.99349166810518], [-0.6931314993394868, -0.4106897788431098, 0.5923703734900921, 13.362258837915524], [0.3165158820895644, -0.9117550427969836, -0.2617641645496129, 45.03559815407497], [0.0, 0.0, 0.0, 1.0]]}, {"class": "OrangeJuice", "pose": [[-0.7690463755430921, -0.01825569332383374, 0.6389322699593669, 34.17597827725987], [-0.5761188318393429, -0.41317564912406035, -0.7052467680057665, -1.5912863983863934], [0.27686600018250457, -0.9104683742762967, 0.3072337821735075, 49.6976292930168], [0.0, 0.0, 0.0, 1.0]]}, {"class": "TomatoSauce", "pose": [[-0.0029835430909167055, -0.06252637599436729, -0.9980388742157146, 30.318294874204383], [0.9438585654115303, -0.3298675727574505, 0.01784438718473825, -14.001214451338061], [-0.330336388038723, -0.9419542900948509, 0.06000021360345929, 60.924820120258296], [0.0, 0.0, 0.0, 1.0]]}, {"class": "Mushrooms", "pose": [[0.3955856148249845, 0.03631663700383017, -0.9177108296682576, 11.24014181405386], [0.8575643001224813, -0.3723052330782445, 0.3549257863125623, -4.310520793341194], [-0.32877881065909864, -0.9273995695876635, -0.17842245237981, 59.762839076742715], [0.0, 0.0, 0.0, 1.0]]}, {"class": "Pineapple", "pose": [[0.7031040269146749, -0.054941219324071734, 0.7089613765401351, 3.9113955258081923], [-0.6609840560352738, -0.4181150656965386, 0.6231210947451028, 16.72819235970894], [0.2621923975727238, -0.9067311083820456, -0.3302936318949463, 49.44493476688637], [0.0, 0.0, 0.0, 1.0]]}, {"class": "Cherries", "pose": [[0.9243669080527257, 0.026930220830601505, 0.3805530530335935, -10.442502145008948], [-0.3368217602296727, -0.4108246434911667, 0.8472155825690046, 15.689518093507731], [0.1791562818526708, -0.9113165874442906, -0.3706819980045414, 49.531205782832835], [0.0, 0.0, 0.0, 1.0]]}, {"class": "PeasAndCarrots", "pose": [[0.6585005491176317, -0.03505226482592211, 0.7517635327764203, -1.2069971526841528], [-0.7044011082760214, -0.38037443301032775, 0.5992782313610137, 2.6212093461958297], [0.2649455647479363, -0.9241681001601073, -0.2751676032709478, 51.26001297937046], [0.0, 0.0, 0.0, 1.0]]}, {"class": "BBQSauce", "pose": [[0.9588209334939485, 0.03342259562247462, 0.2820379252259961, 18.511312841081807], [-0.24044069123027842, -0.43302575623363376, 0.8687214729996015, -17.821494538608466], [0.15116462139146208, -0.9007617174957786, -0.40715798537748904, 59.11958134565456], [0.0, 0.0, 0.0, 1.0]]}, {"class": "Raisins", "pose": [[0.013240675592568434, -0.17716151231241684, -0.9840927429542198, 19.692754828798325], [-0.379831794619875, -0.9112979608355637, 0.1589461027656432, -30.677994274858612], [-0.9249608311945334, 0.37168513804123027, -0.07935778750828214, 67.78236343703128], [0.0, 0.0, 0.0, 1.0]]}, {"class": "Ketchup", "pose": [[0.8719978902523741, -0.03224850996430379, 0.48844626794625173, 8.730504926809035], [-0.4447319483349286, -0.4691137136686383, 0.7629848274964814, -15.146537242642694], [0.204531723019062, -0.882548812166625, -0.42340808677345043, 58.195261993051105], [0.0, 0.0, 0.0, 1.0]]}, {"class": "AlphabetSoup", "pose": [[0.9997476454249906, -0.02012946570806596, 0.009974655263513106, 4.914541099692993], [-0.016762721272553308, -0.37280782138458846, 0.9277571711938495, -25.070046180008386], [-0.014956611315524596, -0.9276902394924745, -0.3730511477684687, 66.21837770870482], [0.0, 0.0, 0.0, 1.0]]}, {"class": "Mayo", "pose": [[-0.28847162887289124, 0.9532687641090551, -0.08979324239354436, 0.46193878751307205], [0.8942836392968595, 0.23473414752338892, -0.3809943328765275, -32.60551338665443], [-0.34211244367310506, -0.19020666254638158, -0.9202067924819962, 71.10661129918397], [0.0, 0.0, 0.0, 1.0]]}, {"class": "SaladDressing", "pose": [[0.9597789244546548, -0.041225369157776484, -0.277713753315535, 1.1376277236359256], [0.23037243951543138, -0.4497535083492348, 0.862931254533559, -16.483378347639118], [-0.16047737400763096, -0.8922008178112341, -0.422166735605259, 58.741104178434014], [0.0, 0.0, 0.0, 1.0]]}, {"class": "Mustard", "pose": [[0.21123265006147363, 0.012603539399645565, 0.9773545733318794, -7.770031896798546], [-0.9272353598075653, -0.313745541269576, 0.20444645281245208, -17.93201649555006], [0.3092173745266272, -0.9494234735508406, -0.05458683618361473, 58.23990850565839], [0.0, 0.0, 0.0, 1.0]]}, {"class": "Cookies", "pose": [[0.297896738800674, -0.9545981159049844, 0.00011744235312421016, -2.1216911457184073], [0.8888786149452115, 0.277432843613004, 0.36458998119734737, 3.1906593265355108], [-0.348069469527184, -0.10850578359936114, 0.931168179670876, 56.032187933948705], [0.0, 0.0, 0.0, 1.0]]}, {"class": "Parmesan", "pose": [[0.562996876981969, -0.0355051214685322, 0.8256960376120166, -13.517516001028273], [-0.7529474822371727, -0.43394530072757986, 0.4947338619710102, -7.905746830086169], [0.34074132260658524, -0.9002393630305258, -0.27104331727922854, 57.45020933444708], [0.0, 0.0, 0.0, 1.0]]}, {"class": "CreamCheese", "pose": [[0.8157266842931722, -0.002097231183605905, 0.5784337661509411, -18.071038377541882], [-0.5457470403583479, -0.3342041326193794, 0.7684190229893006, -16.21029079667828], [0.1917034049382559, -0.9424984063634038, -0.27376376323491886, 62.990506556793015], [0.0, 0.0, 0.0, 1.0]]}, {"class": "Milk", "pose": [[0.8440400701990346, -0.0017529710616309387, 0.5362772889662552, -17.6138883440232], [-0.49296701403167653, -0.3962454241452735, 0.774579315585062, -1.2905098323087005], [0.21113960968015272, -0.9181429836185973, -0.3353111486054006, 49.451521161742065], [0.0, 0.0, 0.0, 1.0]]}, {"class": "ChocolatePudding", "pose": [[0.9954500785390472, 0.032902903169404696, -0.08942361975316987, -10.693979899158712], [0.09457752295491956, -0.45531958712294424, 0.8852904579546199, -27.85812311223182], [-0.011587682729943524, -0.8897199109472933, -0.4563597760494569, 68.67935514555316], [0.0, 0.0, 0.0, 1.0]]}, {"class": "Yogurt", "pose": [[0.982479299581452, 0.025631398447356957, 0.18460092355592908, 11.713911519665288], [-0.16353780448150626, -0.3564896782184314, 0.9198752768939303, 8.931204410590793], [0.08938602501081629, -0.9339476361694834, -0.34605200613378845, 52.97558599618591], [0.0, 0.0, 0.0, 1.0]]}]}