{"camera": {"camera": "RealSense D415", "extrinsics": [[-0.9649617, 0.003359524, 0.26236916, 0.6370269], [0.05147388, 0.98291266, 0.17672887, 0.055587824], [-0.25729224, 0.18404175, -0.94864607, 0.13909963], [0.0, 0.0, 0.0, 1.0]], "height": 480, "intrinsics": [[603.75165, 0.0, 326.28275], [0.0, 603.20245, 245.73769], [0.0, 0.0, 1.0]], "width": 640}, "objects": [{"class": "ChocolatePudding", "pose": [[0.8105531280581569, 0.23237754712594497, 0.5375911013650962, 8.700418003818333], [-0.5695604031312668, 0.09898644079477711, 0.8159672766295544, 11.199478921399358], [0.13639822602224727, -0.9675755151119696, 0.21258681295522555, 40.472427258955854], [0.0, 0.0, 0.0, 1.0]]}, {"class": "MacaroniAndCheese", "pose": [[0.2955427161876113, 0.9508624792507266, 0.09227642462558709, 1.942206165559024], [0.1999175011964345, 0.03289486394092049, -0.9792603767375678, 4.676098434711923], [-0.9341774523640664, 0.30786093174112195, -0.18037222832448557, 33.14783655917739], [0.0, 0.0, 0.0, 1.0]]}, {"class": "Milk", "pose": [[0.31867527758687114, 0.9041658328064218, 0.2844821687214716, -8.186322914243382], [0.9182261968466908, -0.3689438377413297, 0.14401757123241216, -7.546488331922621], [0.2351737142685894, 0.21532412389449573, -0.9478021166545543, 30.446642239936807], [0.0, 0.0, 0.0, 1.0]]}, {"class": "Ketchup", "pose": [[0.697299852111493, 0.2588398970384501, 0.6684120839919676, -10.624375883109039], [-0.710823901067695, 0.1297525293777881, 0.691298508314238, 9.886298669553943], [0.0922074587961083, -0.9571657151729763, 0.2744659993304051, 29.20238393316803], [0.0, 0.0, 0.0, 1.0]]}, {"class": "OrangeJuice", "pose": [[-0.6429526782387089, -0.7189728737302933, -0.2639881634955362, 12.947578474087585], [0.7657165599135699, -0.6110675450601485, -0.20068525121396558, -2.6708353288731534], [-0.01702732629951623, -0.33117122517862957, 0.9434170320284899, 38.04633696073454], [0.0, 0.0, 0.0, 1.0]]}]}