{"camera": {"camera": "RealSense D415", "extrinsics": [[-0.86454034, 0.4956272, -0.08320891, 0.629437], [0.4946097, 0.80977446, -0.31563675, -0.4985995], [-0.089057714, -0.31403664, -0.9452247, 0.33719438], [0.0, 0.0, 0.0, 1.0]], "height": 480, "intrinsics": [[603.0301, 0.0, 326.28275], [0.0, 603.81976, 245.73769], [0.0, 0.0, 1.0]], "width": 640}, "objects": [{"class": "MacaroniAndCheese", "pose": [[0.43399297467190573, -0.06581869262706269, 0.8985087996885187, 33.68900443403059], [-0.8526023854967618, -0.3522202877379346, 0.38601823766705023, 14.03561576686425], [0.291065799746956, -0.93359992770517, -0.2089782740919282, 43.74759825025731], [0.0, 0.0, 0.0, 1.0]]}, {"class": "OrangeJuice", "pose": [[-0.9017237197942347, -0.089979026835887, 0.4228453303177435, 38.511350673797985], [-0.36925415913686604, -0.34835628714451206, -0.8615679322186686, -3.0047116721656666], [0.22482384243780715, -0.9330336165053963, 0.2808959846246192, 47.751761486203414], [0.0, 0.0, 0.0, 1.0]]}, {"class": "TomatoSauce", "pose": [[0.2535699344006229, -0.10998939531230835, -0.9610435405164058, 31.155426783320873], [0.9273650472992333, -0.2549395220756538, 0.27386118343436233, -14.526605417985722], [-0.27512977951823203, -0.9606811278340729, 0.03735530593612145, 58.14763581254784], [0.0, 0.0, 0.0, 1.0]]}, {"class": "Mushrooms", "pose": [[0.6159374450279008, -0.02609746972504783, -0.7873627190614623, 15.288347904223947], [0.7403873432016315, -0.32229993870610635, 0.5898723338125007, -0.16099739886449305], [-0.26916109956196965, -0.9462778266903327, -0.1791943666321187, 57.09845718294447], [0.0, 0.0, 0.0, 1.0]]}, {"class": "Pineapple", "pose": [[0.49793297488236793, -0.12680883562434064, 0.8578941293736667, 14.042105460759647], [-0.8333387154909553, -0.34376153459240444, 0.4328679143331099, 22.54640116683131], [0.24001951690557224, -0.9304555798052555, -0.2768448831919346, 47.84545494846718], [0.0, 0.0, 0.0, 1.0]]}, {"class": "Cherries", "pose": [[0.798439231356355, -0.04572225379341085, 0.6003368511265411, -0.08514311257864504], [-0.5741830047797142, -0.3578021706469533, 0.7364044556919814, 25.274703218163896], [0.18113175956626626, -0.9326774027826434, -0.31193619836582664, 47.53258997496699], [0.0, 0.0, 0.0, 1.0]]}, {"class": "PeasAndCarrots", "pose": [[0.4435521558903399, -0.09719624479209579, 0.8909626481984282, 5.3865899706861065], [-0.8637385168197995, -0.3116751181847735, 0.395998022630138, 10.184472059095462], [0.23920135704586787, -0.9452045111172807, -0.22219627986722476, 48.719635619509674], [0.0, 0.0, 0.0, 1.0]]}, {"class": "BBQSauce", "pose": [[0.8576669861971179, -0.04559274769281177, 0.5121803467791243, 18.83924990298535], [-0.48881433133640145, -0.3814246643893963, 0.7845863964765919, -15.049005117437813], [0.15958677293906057, -0.9232749225971466, -0.34942169801259887, 55.84608363511406], [0.0, 0.0, 0.0, 1.0]]}, {"class": "Raisins", "pose": [[-0.050409824470632685, -0.42060828235316117, -0.9058408181872633, 16.329055435421914], [-0.32367583799508054, -0.8511604361169566, 0.41323105225516543, -28.184823027698556], [-0.944824246340215, 0.31402965986732473, -0.09323389988159275, 63.77567361110303], [0.0, 0.0, 0.0, 1.0]]}, {"class": "Ketchup", "pose": [[0.7190375554936894, -0.1190000935568089, 0.6847072637299372, 10.124383470330622], [-0.6658782287817406, -0.4000457999345603, 0.6297377081370835, -9.879100488497382], [0.1989754178380651, -0.908736703289605, -0.3668874909647126, 54.84750715361848], [0.0, 0.0, 0.0, 1.0]]}, {"class": "AlphabetSoup", "pose": [[0.9612689527403332, -0.0807026430992356, 0.2635320651755834, 3.5725696260837214], [-0.2755044768031814, -0.30808563005552747, 0.9105935242879947, -18.85476734952744], [0.007703153723155949, -0.9479295248787558, -0.31838706180014226, 62.19047243914881], [0.0, 0.0, 0.0, 1.0]]}, {"class": "Mayo", "pose": [[-0.034373946030271996, 0.9880356205900389, -0.15034663202403825, -2.857983543017595], [0.9544166575830585, -0.012176345525632279, -0.2982291384123285, -25.20603963793754], [-0.29649166194835813, -0.15374461739666684, -0.9425790846674496, 66.52787841981186], [0.0, 0.0, 0.0, 1.0]]}, {"class": "SaladDressing", "pose": [[0.9920679895890222, -0.12229624931583202, -0.02906539037210666, 2.4289613984992298], [-0.01955550109004994, -0.3785613445599966, 0.9253696177434084, -9.220071344254999], [-0.12417224273127912, -0.9174611685356783, -0.377950131895871, 55.13566198241781], [0.0, 0.0, 0.0, 1.0]]}, {"class": "Mustard", "pose": [[-0.047456050781029074, -0.033018525410198604, 0.9983274841981524, -6.524888729284939], [-0.9644605713537959, -0.2585666426212185, -0.054397943785018166, -8.274694732837979], [0.2599303025310049, -0.9654289828147065, -0.019574493693989913, 54.34131801298876], [0.0, 0.0, 0.0, 1.0]]}, {"class": "Cookies", "pose": [[0.5304636869962452, -0.8456429512073573, 0.05912986836673085, 4.47034906438687], [0.7969571444545293, 0.5212636240528031, 0.305194336124962, 10.734034063534503], [-0.2889076569959575, -0.11477054804442323, 0.9504525926455049, 53.49384512834002], [0.0, 0.0, 0.0, 1.0]]}, {"class": "Parmesan", "pose": [[0.33595010383816176, -0.11238468619040355, 0.9351509372943064, -9.451491345087671], [-0.889478014436379, -0.3644057859377597, 0.27574866032301387, 2.9279959955854418], [0.309784469991323, -0.9244339698525, -0.22238583896196323, 53.99780973205124], [0.0, 0.0, 0.0, 1.0]]}, {"class": "CreamCheese", "pose": [[0.6390962444054794, -0.052758659941390895, 0.7673151762277408, -16.2029032832961], [-0.7480080867160536, -0.27481479022915134, 0.6041198324332967, -4.171083514085533], [0.178997003097172, -0.9600486491946282, -0.2150969732415495, 58.93910719747591], [0.0, 0.0, 0.0, 1.0]]}, {"class": "Milk", "pose": [[0.6793333612529735, -0.06938312250391836, 0.7305424231909812, -11.393295752037647], [-0.7054461887060739, -0.3359419631967115, 0.6240903066577387, 10.770729502371257], [0.202118519120995, -0.9393237119924056, -0.2771626095868959, 46.30095550720616], [0.0, 0.0, 0.0, 1.0]]}, {"class": "ChocolatePudding", "pose": [[0.9857709459099243, -0.05227422729614522, 0.15975954695056752, -12.307718022121383], [-0.16719045148326417, -0.40333660669930466, 0.8996482497563417, -17.605183984059586], [0.01740847387136591, -0.9135573564750425, -0.406337231008525, 64.11679598302895], [0.0, 0.0, 0.0, 1.0]]}, {"class": "Yogurt", "pose": [[0.9027173114347055, -0.03207625848028228, 0.42903686876468955, 19.424917454622502], [-0.4177381199224238, -0.30394358034624913, 0.8562202998005347, 12.82233957840344], [0.10293866772021393, -0.952149918447668, -0.28777457727179395, 51.10209953241116], [0.0, 0.0, 0.0, 1.0]]}]}