{"camera": {"camera": "RealSense D415", "extrinsics": [[-0.68036693, 0.7251591, -0.106042854, 0.5015544], [0.72078204, 0.63592803, -0.2758057, -0.57609165], [-0.1325674, -0.26408288, -0.95534605, 0.33145612], [0.0, 0.0, 0.0, 1.0]], "height": 480, "intrinsics": [[603.0301, 0.0, 326.28275], [0.0, 603.81976, 245.73769], [0.0, 0.0, 1.0]], "width": 640}, "objects": [{"class": "MacaroniAndCheese", "pose": [[0.15333027100839147, -0.10058386232706709, 0.9830425786145, 39.66150247790341], [-0.9418592312135216, -0.3158652958685398, 0.11458766918161023, 11.94180235504958], [0.29898336349643007, -0.9434574662896276, -0.1431675309829227, 42.7156046044891], [0.0, 0.0, 0.0, 1.0]]}, {"class": "OrangeJuice", "pose": [[-0.9824136672099434, -0.12263154980698508, 0.14080087431627858, 39.163538456841636], [-0.09765336453537879, -0.30527739540609894, -0.94724313812965, -5.778898588508607], [0.15914519819611453, -0.944334265142595, 0.2879333010294938, 46.638600323427184], [0.0, 0.0, 0.0, 1.0]]}, {"class": "TomatoSauce", "pose": [[0.5244594672107662, -0.11337431200508814, -0.8438533814399032, 28.158394991592516], [0.817505702509558, -0.2099440913993231, 0.5362909055126618, -14.759558311759434], [-0.23796363206518134, -0.9711177744868255, -0.017423035416773418, 56.29118581144441], [0.0, 0.0, 0.0, 1.0]]}, {"class": "Mushrooms", "pose": [[0.817508316662756, -0.05324239070125734, -0.573450430950072, 17.13500416053052], [0.5349857907359286, -0.29846659179664997, 0.7903846707627017, 3.5358118885688183], [-0.21323774799518538, -0.9529338535673096, -0.21551500603978022, 54.55915005492014], [0.0, 0.0, 0.0, 1.0]]}, {"class": "Pineapple", "pose": [[0.2233740192256815, -0.15672371730089915, 0.9620507890478209, 23.01484767373307], [-0.9414551190577706, -0.2903845306704515, 0.17128664172065453, 25.68605465274252], [0.25251998873954495, -0.943988607346922, -0.21241268502428617, 45.750557879271305], [0.0, 0.0, 0.0, 1.0]]}, {"class": "Cherries", "pose": [[0.5883732446153412, -0.08301080895656052, 0.8043171808151149, 10.299258897975816], [-0.7785092972001508, -0.3269463182572952, 0.535751257241311, 32.32862427327024], [0.21849540336480244, -0.9413900889783069, -0.25699113477879854, 44.60568558420845], [0.0, 0.0, 0.0, 1.0]]}, {"class": "PeasAndCarrots", "pose": [[0.16277821296375386, -0.1182964298286389, 0.979545407222814, 11.165017733091231], [-0.9550920659949861, -0.2680219031119216, 0.12634648950570232, 16.301051189631877], [0.2475932857946494, -0.956122483240902, -0.1566120881148384, 45.80208860261551], [0.0, 0.0, 0.0, 1.0]]}, {"class": "BBQSauce", "pose": [[0.670721458564352, -0.0902287832663886, 0.7362007120539623, 16.384272977346008], [-0.7134935999001008, -0.3496558909058644, 0.6071800979455312, -11.742665451126083], [0.20263180362121666, -0.932523197734058, -0.29889935115702604, 53.20465766188901], [0.0, 0.0, 0.0, 1.0]]}, {"class": "Raisins", "pose": [[-0.07698385849605395, -0.6651684355717487, -0.7427142348085658, 9.720129799528705], [-0.2928607415936142, -0.6969785540713221, 0.6545636040008691, -23.643508353373356], [-0.9530509219491401, 0.2679026582346111, -0.14114563456143633, 60.667117788059755], [0.0, 0.0, 0.0, 1.0]]}, {"class": "Ketchup", "pose": [[0.48517975056121015, -0.16670246142830333, 0.858376896087196, 9.58499132776346], [-0.843827457078729, -0.34662907503915136, 0.4096383008243585, -4.300178141998878], [0.22925068230949638, -0.9230701841196218, -0.30884550202815914, 51.77178750771007], [0.0, 0.0, 0.0, 1.0]]}, {"class": "AlphabetSoup", "pose": [[0.8405875754274647, -0.10131901060157314, 0.532115572845671, 0.2767308014757608], [-0.5380743538569396, -0.2692734803241066, 0.7987288732732151, -11.059651880432403], [0.06235820771941265, -0.9577192904591608, -0.2808650901864657, 58.48548914174601], [0.0, 0.0, 0.0, 1.0]]}, {"class": "Mayo", "pose": [[0.25817569380761063, 0.9518191285110162, -0.16548611562505788, -7.968703899896901], [0.9255710578129072, -0.29278206879703667, -0.23999355744424153, -15.328545312692905], [-0.2768818182187932, -0.09120863670899546, -0.9565654329958662, 62.266112493883405], [0.0, 0.0, 0.0, 1.0]]}, {"class": "SaladDressing", "pose": [[0.9516004983759982, -0.16316611400794656, 0.2604482817514434, 2.3928045414881085], [-0.3010989597748366, -0.3250684852034653, 0.8964763950237371, -1.4761170627913156], [-0.061611022687934454, -0.9315080728814334, -0.35846447008468313, 51.58739904227093], [0.0, 0.0, 0.0, 1.0]]}, {"class": "Mustard", "pose": [[-0.3368491387693104, -0.0404696187683045, 0.9406885055130122, -5.849198368922015], [-0.9117588635052539, -0.23534322573987915, -0.33661457396059946, 1.9845423074623336], [0.23500732252314904, -0.9710693912108712, 0.042376645535915025, 50.249724713251155], [0.0, 0.0, 0.0, 1.0]]}, {"class": "Cookies", "pose": [[0.7531545657948936, -0.6529983217736454, 0.07969559912748528, 10.125464355155977], [0.6136332139035305, 0.7410265462749247, 0.27264256269885545, 17.07369086786882], [-0.2370916741404825, -0.15643813428863163, 0.9588089655747811, 50.5198155442509], [0.0, 0.0, 0.0, 1.0]]}, {"class": "Parmesan", "pose": [[0.047827210251227256, -0.14919725817875315, 0.987650106489494, -5.441856767861619], [-0.9493216214256905, -0.31430274330738134, -0.001508352701265831, 13.557744979641829], [0.310646176831022, -0.9375254417368735, -0.1566683860559532, 49.96984485120121], [0.0, 0.0, 0.0, 1.0]]}, {"class": "CreamCheese", "pose": [[0.38671862922486633, -0.06432699798935074, 0.9199514856106823, -14.247077716317458], [-0.8997022965864401, -0.2453083960106459, 0.3610534570510162, 8.66158226775754], [0.20244634320205024, -0.9673085419790949, -0.15274045636773456, 54.31617437653693], [0.0, 0.0, 0.0, 1.0]]}, {"class": "Milk", "pose": [[0.4357508822982104, -0.09898427611436879, 0.8946078908637164, -4.555476849554041], [-0.8704479401160359, -0.2992280120275149, 0.39087467409712073, 21.653199387366882], [0.22900129911653147, -0.9490335603954139, -0.21654951054937147, 42.34104520158173], [0.0, 0.0, 0.0, 1.0]]}, {"class": "ChocolatePudding", "pose": [[0.8941525219244023, -0.10349602712115503, 0.4356372764623678, -14.685539440294082], [-0.4412677631835518, -0.36878566037854943, 0.8180953051807965, -5.341983441774456], [0.07598718181168017, -0.9237346477451676, -0.3754200754201309, 59.43123869869489], [0.0, 0.0, 0.0, 1.0]]}, {"class": "Yogurt", "pose": [[0.7377967714362572, -0.053351549188724035, 0.6729112370844903, 25.182008154598183], [-0.658024504820249, -0.2791488776389388, 0.6993423236539493, 14.820780326785288], [0.1505314315428054, -0.9587645716289582, -0.24106175262749704, 49.12502121509641], [0.0, 0.0, 0.0, 1.0]]}]}