{"camera": {"camera": "RealSense D415", "extrinsics": [[-0.8984576, -0.4270046, 0.10218134, 0.51779675], [-0.40467906, 0.7150852, -0.56998944, 0.024395432], [0.17031977, -0.55346197, -0.8152736, 0.11487328], [0.0, 0.0, 0.0, 1.0]], "height": 480, "intrinsics": [[603.75165, 0.0, 326.28275], [0.0, 603.20245, 245.73769], [0.0, 0.0, 1.0]], "width": 640}, "objects": [{"class": "ChocolatePudding", "pose": [[0.985992972416438, 0.10918552391869568, 0.12608071150020725, 1.649924720942031], [-0.027929371045075736, -0.6371775551481493, 0.7702107847083187, 12.957722337035335], [0.1644316509406198, -0.7629438327875476, -0.6252031276646854, 45.23652332552912], [0.0, 0.0, 0.0, 1.0]]}, {"class": "MacaroniAndCheese", "pose": [[0.12220282401615959, 0.8509015539366972, 0.5109138688771242, -1.8665574637008908], [-0.5372028203013627, 0.4895554842828755, -0.686839498792383, 1.833886087798233], [-0.8345535420413527, -0.1905306654416931, 0.5169317765952236, 47.63905735243393], [0.0, 0.0, 0.0, 1.0]]}, {"class": "Milk", "pose": [[-0.11381384283076255, 0.9840647782301196, 0.13661217927916175, -5.5806200036551346], [0.7939174558431847, 0.1727521660308533, -0.5829680110192018, -9.833283151530448], [-0.5972783474873066, 0.04210894562964958, -0.8009278512963001, 58.09649902361619], [0.0, 0.0, 0.0, 1.0]]}, {"class": "Ketchup", "pose": [[0.9457436634308706, 0.11959847473956971, 0.30210113210765294, -15.63355096034873], [-0.1719185500047449, -0.6047707909606802, 0.777622171750272, -1.2589720162693088], [0.275704353355424, -0.787368087708779, -0.5513969664951053, 46.39974273808845], [0.0, 0.0, 0.0, 1.0]]}, {"class": "OrangeJuice", "pose": [[-0.9176496708620769, -0.3863097495336028, -0.09318704353292968, 11.517356856937845], [0.27542661537183566, -0.7873163848802917, 0.5516094896540431, 4.044717287837907], [-0.2864597960930151, 0.4805180922715668, 0.8288806662501897, 51.52158690280601], [0.0, 0.0, 0.0, 1.0]]}]}