{"camera": {"camera": "RealSense D415", "extrinsics": [[-0.9463156, 0.046836186, 0.31983298, 0.61383724], [0.10574332, 0.97986144, 0.16938083, -0.0048896805], [-0.30545887, 0.19410792, -0.9322108, 0.16984583], [0.0, 0.0, 0.0, 1.0]], "height": 480, "intrinsics": [[603.75165, 0.0, 326.28275], [0.0, 603.20245, 245.73769], [0.0, 0.0, 1.0]], "width": 640}, "objects": [{"class": "ChocolatePudding", "pose": [[0.7706391876943421, 0.2867093331333117, 0.5691334872814465, 5.47466517703199], [-0.6137519646765721, 0.09352706317668673, 0.7839395282940939, 7.9295494970288285], [0.17153339519497857, -0.9534413483763935, 0.2480440436602933, 40.77402544611209], [0.0, 0.0, 0.0, 1.0]]}, {"class": "MacaroniAndCheese", "pose": [[0.3534209648705593, 0.9342039929705723, 0.04854324637770346, -1.2402885436493039], [0.19062375862224715, -0.02111780736398212, -0.9814359839406949, 1.838323461421037], [-0.9158363181016586, 0.3561135546552758, -0.18554496137875426, 33.04848898589673], [0.0, 0.0, 0.0, 1.0]]}, {"class": "Milk", "pose": [[0.3551716962467896, 0.870746008868075, 0.3400799610188486, -11.860341661824625], [0.8977624674069425, -0.4191171169749536, 0.13551149060790582, -9.795432172085755], [0.2605294314367947, 0.25718118113186555, -0.9305816533131851, 29.710018403748368], [0.0, 0.0, 0.0, 1.0]]}, {"class": "Ketchup", "pose": [[0.6523600886677133, 0.31422099370333134, 0.6897038549193619, -13.289060565789413], [-0.7483188114937256, 0.12273117042484032, 0.6518864823598823, 7.752932018868022], [0.12018825495387217, -0.9413831232156457, 0.315202406006301, 28.52341723401984], [0.0, 0.0, 0.0, 1.0]]}, {"class": "OrangeJuice", "pose": [[-0.5990649393088925, -0.7328947527247098, -0.32246923199043914, 9.087637411353755], [0.7996096082705288, -0.568602097297347, -0.1931737534534231, -6.132220581840371], [-0.041780647066363606, -0.37357312873875587, 0.9266592971914297, 38.423927770848785], [0.0, 0.0, 0.0, 1.0]]}]}