{"camera": {"camera": "RealSense D415", "extrinsics": [[-0.61083645, 0.788072, -0.07629841, 0.46508205], [0.7738998, 0.5739301, -0.26773748, -0.562929], [-0.16720645, -0.22259113, -0.96046615, 0.3313876], [0.0, 0.0, 0.0, 1.0]], "height": 480, "intrinsics": [[603.0301, 0.0, 326.28275], [0.0, 603.81976, 245.73769], [0.0, 0.0, 1.0]], "width": 640}, "objects": [{"class": "MacaroniAndCheese", "pose": [[0.059211367162236975, -0.0747924736026186, 0.9954397137862869, 41.24355532941615], [-0.9507704396765081, -0.3080903577398555, 0.033405917329590015, 13.899564108394102], [0.30418683534573, -0.9484126166022245, -0.08935289557504988, 42.3227736350965], [0.0, 0.0, 0.0, 1.0]]}, {"class": "OrangeJuice", "pose": [[-0.9942933305618291, -0.09581854917524603, 0.046900984274952914, 39.08349392991949], [-0.01655420959257111, -0.2957326248719852, -0.9551273347248803, -3.714327078227997], [0.10538903732397452, -0.9504530998723363, 0.2924587455190306, 46.16283659771878], [0.0, 0.0, 0.0, 1.0]]}, {"class": "TomatoSauce", "pose": [[0.601801521070398, -0.07734338113136101, -0.7948918508352397, 26.872264687339587], [0.7713871649278046, -0.20152226440905677, 0.6036146714085554, -11.747189501161087], [-0.20687396740173333, -0.9764255476318147, -0.06161471917452202, 55.17931408755759], [0.0, 0.0, 0.0, 1.0]]}, {"class": "Mushrooms", "pose": [[0.8689468762469962, -0.025740677926463482, -0.49423563980374524, 17.494940267764676], [0.4658417248106773, -0.29464538270530144, 0.8343714033231381, 7.387208416585289], [-0.16710149775814165, -0.9552599579333249, -0.24404008746880426, 52.904170547797094], [0.0, 0.0, 0.0, 1.0]]}, {"class": "Pineapple", "pose": [[0.13146985166612302, -0.12854447683821213, 0.9829507207734384, 25.638745329056277], [-0.9561834269400838, -0.27809534319537016, 0.09152205715416442, 28.966742239940725], [0.26158933612034035, -0.9519135327730556, -0.15947321852654134, 44.489939136092815], [0.0, 0.0, 0.0, 1.0]]}, {"class": "Cherries", "pose": [[0.5098974071777065, -0.058324364671472013, 0.8582558048337714, 13.590952667108368], [-0.8237541321571468, -0.3205709088594699, 0.4676146650337243, 36.6271876080004], [0.24785849982089136, -0.9454272231416834, -0.21150317228050147, 42.67639361453694], [0.0, 0.0, 0.0, 1.0]]}, {"class": "PeasAndCarrots", "pose": [[0.07031735692887457, -0.08781292210129871, 0.9936520940038895, 13.07462992166405], [-0.9648164402225956, -0.2589769133939696, 0.04538995277257483, 20.584539595340622], [0.25334709986312237, -0.9618835286429497, -0.10293389330977666, 43.87258656145534], [0.0, 0.0, 0.0, 1.0]]}, {"class": "BBQSauce", "pose": [[0.598033873907965, -0.06784880920824005, 0.7985938571260136, 15.569696245208315], [-0.7657316942762367, -0.342598131199946, 0.5443175044831061, -7.780527662902687], [0.23666545680580525, -0.9370288863488134, -0.2568392294381439, 51.467736961547736], [0.0, 0.0, 0.0, 1.0]]}, {"class": "Raisins", "pose": [[-0.048901685257227163, -0.7335801213466909, -0.6778413934215886, 7.558049393147686], [-0.2871128904483476, -0.6396854255444061, 0.7129998578485345, -19.083061096104025], [-0.956647733259197, 0.22948385615862377, -0.17933860791302442, 58.5243256432751], [0.0, 0.0, 0.0, 1.0]]}, {"class": "Ketchup", "pose": [[0.40126885937515977, -0.14421731242338293, 0.9045356782266131, 9.49073741522376], [-0.8803779615333945, -0.33329887275436776, 0.3374115574110293, 0.1918139958017151], [0.2528201149166426, -0.9317259824935606, -0.2607081608149588, 49.68953637028927], [0.0, 0.0, 0.0, 1.0]]}, {"class": "AlphabetSoup", "pose": [[0.7890581050744669, -0.07093355574073645, 0.6102096864013316, -0.6904298530046593], [-0.6050515456473251, -0.2616182295165271, 0.7519764503639622, -5.771172307208294], [0.106301617034061, -0.9625613774984396, -0.24935040172380607, 55.869717067491905], [0.0, 0.0, 0.0, 1.0]]}, {"class": "Mayo", "pose": [[0.34777019945552906, 0.9281766595255747, -0.13245414668612862, -9.450770303731382], [0.9008485902655727, -0.3699497580183494, -0.2271762460431509, -9.343822095044796], [-0.2598610315852244, -0.04031598489626003, -0.9648040877301882, 59.185795726409154], [0.0, 0.0, 0.0, 1.0]]}, {"class": "SaladDressing", "pose": [[0.9256721522662293, -0.1384740789885175, 0.35207402610648886, 2.574702238147375], [-0.3781727079138322, -0.31211434821355444, 0.8715331832098597, 3.595497359709088], [-0.010797383527972508, -0.9398987395577045, -0.34128263647944596, 49.12360921377865], [0.0, 0.0, 0.0, 1.0]]}, {"class": "Mustard", "pose": [[-0.4226598686497918, -0.006874781440717989, 0.9062623774077944, -5.271355507129904], [-0.8807032720738662, -0.2328106436424936, -0.4125057618660828, 7.717801133434465], [0.21382337846178465, -0.9724978203483039, 0.09234508279578418, 47.35099963063571], [0.0, 0.0, 0.0, 1.0]]}, {"class": "Cookies", "pose": [[0.8126413837781296, -0.5806468841225333, 0.049631655439881586, 11.847474743570336], [0.5494597886060478, 0.791794485395122, 0.266749857376595, 21.44743097697678], [-0.19418550600184445, -0.1895013644825826, 0.9624870306625536, 48.529205651614674], [0.0, 0.0, 0.0, 1.0]]}, {"class": "Parmesan", "pose": [[-0.04702521851008454, -0.12336444526998383, 0.9912466728110878, -3.9027169708202525], [-0.9495424432309227, -0.3025393975017212, -0.08269893753796628, 19.218220833555755], [0.31009324594590587, -0.9451196765994524, -0.10291276790977766, 47.126369946960175], [0.0, 0.0, 0.0, 1.0]]}, {"class": "CreamCheese", "pose": [[0.30016092155252555, -0.03163709741654271, 0.9533638545337975, -13.30220984417856], [-0.9280390413451657, -0.2407809798296343, 0.2841973087469188, 15.067207196529997], [0.2205606848302759, -0.9700637526299869, -0.10163346996045056, 50.975205945323495], [0.0, 0.0, 0.0, 1.0]]}, {"class": "Milk", "pose": [[0.3499119153165936, -0.07153519740510177, 0.9340473708241086, -1.943593875103683], [-0.9028583978964385, -0.29164920251338855, 0.3158916093041157, 27.201409525820942], [0.24981678179659522, -0.953846702398277, -0.1666376486040843, 39.57976975816232], [0.0, 0.0, 0.0, 1.0]]}, {"class": "ChocolatePudding", "pose": [[0.8495549953198773, -0.08309574366735349, 0.5209141303546642, -15.163213752116834], [-0.5129384405423766, -0.36056196524082645, 0.7790309867028338, 1.1550007589119504], [0.12308766797140015, -0.9290265022884583, -0.34894017555249845, 56.01932774161953], [0.0, 0.0, 0.0, 1.0]]}, {"class": "Yogurt", "pose": [[0.6721550439585805, -0.02395048298778983, 0.7400230368964423, 26.72227122900641], [-0.7160308759739441, -0.275393192854778, 0.641450252777875, 17.9659015152704], [0.1884342570909167, -0.9610333160050263, -0.202256170137156, 47.946129218667], [0.0, 0.0, 0.0, 1.0]]}]}