{"camera": {"camera": "RealSense D415", "extrinsics": [[-0.5062419, 0.8565684, -0.10004858, 0.4138624], [0.84576035, 0.47045282, -0.25172117, -0.5856611], [-0.16854826, -0.21204893, -0.96261454, 0.32888213], [0.0, 0.0, 0.0, 1.0]], "height": 480, "intrinsics": [[603.0301, 0.0, 326.28275], [0.0, 603.81976, 245.73769], [0.0, 0.0, 1.0]], "width": 640}, "objects": [{"class": "MacaroniAndCheese", "pose": [[-0.06467035083387025, -0.10378380838973428, 0.9924951917160219, 44.96061303309844], [-0.9519313247439387, -0.2919920100388692, -0.09256036554427165, 11.687071511159031], [0.29940691404179626, -0.9507731848574902, -0.07991181035692445, 42.41495378919571], [0.0, 0.0, 0.0, 1.0]]}, {"class": "OrangeJuice", "pose": [[-0.989383533112844, -0.12305467028532159, -0.07731630660081505, 40.54972165920028], [0.1090609679222314, -0.277061763064759, -0.9546425964455442, -5.527941405778602], [0.09605181604648957, -0.9529398672429559, 0.28754078790278603, 46.13630721928478], [0.0, 0.0, 0.0, 1.0]]}, {"class": "TomatoSauce", "pose": [[0.6966517035554586, -0.09254275338725702, -0.711415688236535, 27.330801768028834], [0.6898428466194577, -0.18583788350907784, 0.6997007433509073, -11.988658004307995], [-0.19696018936867454, -0.9782127469753021, -0.06562432562320929, 54.99391161848904], [0.0, 0.0, 0.0, 1.0]]}, {"class": "Mushrooms", "pose": [[0.9225518678296021, -0.05335891933431386, -0.38216608383248984, 20.4747273552725], [0.3527498464087775, -0.2848386892519755, 0.8913105346560075, 8.189146836617468], [-0.15641502447794553, -0.957089235482483, -0.2439561069039408, 52.7386808110386], [0.0, 0.0, 0.0, 1.0]]}, {"class": "Pineapple", "pose": [[0.006740364693432748, -0.15326791708300055, 0.9881617032738688, 31.368418251363977], [-0.9662672920172977, -0.25541511689806173, -0.033024849166734566, 28.599863593883267], [0.2574530689559689, -0.9546057449677737, -0.14981934325807902, 44.52118321271008], [0.0, 0.0, 0.0, 1.0]]}, {"class": "Cherries", "pose": [[0.39900745090176737, -0.08905893132671412, 0.9126125134010008, 20.40612640566112], [-0.8827793423956262, -0.30647087689356173, 0.35605650742629946, 37.73248083289226], [0.247979138493423, -0.9477046846534044, -0.20090351966219394, 42.638602477999825], [0.0, 0.0, 0.0, 1.0]]}, {"class": "PeasAndCarrots", "pose": [[-0.05492820378864012, -0.11034654779564225, 0.9923742089345203, 17.85084696683655], [-0.9670488504217728, -0.24156658018555388, -0.0803872530962706, 21.879378981317853], [0.24859488039844282, -0.9640898754701949, -0.09344166153358717, 43.740293154334765], [0.0, 0.0, 0.0, 1.0]]}, {"class": "BBQSauce", "pose": [[0.49388788217101554, -0.10137860840698763, 0.8635954934703926, 16.658841537222617], [-0.8363397054999326, -0.32715072446229015, 0.43989578619607905, -6.606145096918081], [0.23792986515333872, -0.939518410383992, -0.24636270511638375, 51.19969700470223], [0.0, 0.0, 0.0, 1.0]]}, {"class": "Raisins", "pose": [[-0.07536485790715886, -0.8109119198163264, -0.5802947830479855, 7.210951760249551], [-0.2744272011617434, -0.5426101750700539, 0.7938916244664349, -16.833548410563647], [-0.9586500450267373, 0.21908017300599641, -0.1816425490365738, 58.11827995221039], [0.0, 0.0, 0.0, 1.0]]}, {"class": "Ketchup", "pose": [[0.28403981265599204, -0.17600386896641623, 0.9425200590308288, 11.65618860534639], [-0.9252088244144787, -0.30827641985272614, 0.22125614661143753, 2.0796590563641804], [0.25161476128267707, -0.9348734431550774, -0.25040308273389766, 49.409661529747154], [0.0, 0.0, 0.0, 1.0]]}, {"class": "AlphabetSoup", "pose": [[0.7050037637816691, -0.0939315773654384, 0.7029556106665602, 0.7411204812635075], [-0.7005821842677639, -0.2463216556248125, 0.6697090766010554, -2.5726279614104897], [0.11024636378505379, -0.9646256066127602, -0.23946445455170376, 55.46156324918133], [0.0, 0.0, 0.0, 1.0]]}, {"class": "Mayo", "pose": [[0.4615953529971347, 0.8742186258971602, -0.15057079054785688, -8.43354589546359], [0.8506683838562186, -0.48435759410514345, -0.204355141763313, -5.021319294116699], [-0.25158115006863124, -0.033756415476155946, -0.9672473706342928, 58.67608843132706], [0.0, 0.0, 0.0, 1.0]]}, {"class": "SaladDressing", "pose": [[0.8704002850117107, -0.16754372117904692, 0.4629605642873763, 5.232738696064704], [-0.4923258663159977, -0.2879545137399445, 0.8213996844399031, 6.334382411945616], [-0.004308763923740787, -0.9428739926703793, -0.3331217722603467, 48.798524183228274], [0.0, 0.0, 0.0, 1.0]]}, {"class": "Mustard", "pose": [[-0.5328709421479797, -0.026645415983152478, 0.8457769325074342, -2.010237652171182], [-0.8209986687685268, -0.2258169758353953, -0.5243737994311325, 11.4249999639785], [0.2049629188446794, -0.9738053040021905, 0.0984554642997446, 46.97614910910698], [0.0, 0.0, 0.0, 1.0]]}, {"class": "Cookies", "pose": [[0.8775585657237575, -0.473809780658764, 0.07345266650864195, 16.696671799481383], [0.44294376073077385, 0.85978411240017, 0.25411042308198933, 22.870420410904202], [-0.18355341008559353, -0.1904613734689033, 0.9643820080843976, 48.390057524629746], [0.0, 0.0, 0.0, 1.0]]}, {"class": "Parmesan", "pose": [[-0.16994976876434847, -0.15129228216177668, 0.9737698702442487, 0.8056916740685205], [-0.9372826012314156, -0.28034783914298655, -0.2071386413533376, 22.660302524042365], [0.30433273527347704, -0.9479007329973492, -0.09415855393249646, 46.82850529463494], [0.0, 0.0, 0.0, 1.0]]}, {"class": "CreamCheese", "pose": [[0.1780361104197945, -0.05224054141174726, 0.982636305028404, -9.081469052144925], [-0.9595379375753026, -0.23059715624438062, 0.16159176993497576, 19.71654349265447], [0.21815148235485335, -0.9716459922157017, -0.09118137535787019, 50.56658630532686], [0.0, 0.0, 0.0, 1.0]]}, {"class": "Milk", "pose": [[0.23028216377713415, -0.09841725570561258, 0.9681343954047765, 3.8346495330255914], [-0.9409897600342438, -0.2760722955948808, 0.19576098012792667, 30.363908044381837], [0.24800881460280966, -0.9560848249678536, -0.15618412851536675, 39.34515621994174], [0.0, 0.0, 0.0, 1.0]]}, {"class": "ChocolatePudding", "pose": [[0.7765072151170462, -0.11885601268119313, 0.618797084560821, -12.73897923897606], [-0.6169479764924969, -0.34307338558040373, 0.7082907938362535, 6.13022845854757], [0.12810819850159144, -0.9317585331895297, -0.339726907912487, 55.515388788248444], [0.0, 0.0, 0.0, 1.0]]}, {"class": "Yogurt", "pose": [[0.5741804357556017, -0.049088276681141754, 0.8172559005772044, 31.01597973510592], [-0.7962176486861184, -0.26594330008337436, 0.543425817648085, 17.535401440729803], [0.190667893387371, -0.9627380534010086, -0.19178436229125967, 47.92577316421795], [0.0, 0.0, 0.0, 1.0]]}]}