{"camera": {"camera": "RealSense D415", "extrinsics": [[-0.4616628, 0.8804635, -0.10794224, 0.40804473], [0.872085, 0.42823693, -0.23681404, -0.58255005], [-0.16228126, -0.20346305, -0.96554005, 0.32686833], [0.0, 0.0, 0.0, 1.0]], "height": 480, "intrinsics": [[603.0301, 0.0, 326.28275], [0.0, 603.81976, 245.73769], [0.0, 0.0, 1.0]], "width": 640}, "objects": [{"class": "MacaroniAndCheese", "pose": [[-0.11456082590972519, -0.11378263370163726, 0.9868786192893494, 47.90481721401586], [-0.9502953095589658, -0.27695660917106146, -0.14224589051156414, 11.62751499513881], [0.2895076482387068, -0.954121898513274, -0.0763987074624404, 42.93686235192484], [0.0, 0.0, 0.0, 1.0]]}, {"class": "OrangeJuice", "pose": [[-0.9830110444269995, -0.13225702717287793, -0.12726918351895997, 42.60437430308131], [0.15840687373625018, -0.26104278218844523, -0.9522415451560348, -5.376017501108832], [0.09271791598031463, -0.9562242382340863, 0.27755834050361283, 46.464793968383525], [0.0, 0.0, 0.0, 1.0]]}, {"class": "TomatoSauce", "pose": [[0.7318550835018516, -0.09701298469345064, -0.6745196048514988, 29.029589626573397], [0.6553350463702177, -0.1712488396775109, 0.7356696568493126, -11.241249191899517], [-0.1868801849769337, -0.9804398814058854, -0.061753328048103344, 55.197613895895955], [0.0, 0.0, 0.0, 1.0]]}, {"class": "Mushrooms", "pose": [[0.9400885182732639, -0.0630280165948503, -0.33505391612477753, 23.22142536524731], [0.3067817795734777, -0.2723214219284207, 0.9119901397390999, 9.281037362914436], [-0.14872326538371838, -0.9601398635052805, -0.23667038461725048, 53.11515533364616], [0.0, 0.0, 0.0, 1.0]]}, {"class": "Pineapple", "pose": [[-0.043764815298901014, -0.1613198850962018, 0.9859313441564036, 35.18133664337428], [-0.9678397658111576, -0.23786870918954817, -0.08188221420938517, 29.189697294774774], [0.24773142824936864, -0.957807090349842, -0.14572149891594469, 45.15255995994238], [0.0, 0.0, 0.0, 1.0]]}, {"class": "Cherries", "pose": [[0.3522876818180706, -0.09982977195328914, 0.9305522476715934, 24.707927841750443], [-0.9043685736093122, -0.2921967849490959, 0.3110282206392196, 38.88735799148765], [0.24085448852054958, -0.9511335885250293, -0.1932202118108144, 43.313063879767704], [0.0, 0.0, 0.0, 1.0]]}, {"class": "PeasAndCarrots", "pose": [[-0.10534825479346861, -0.11770217328061656, 0.9874452001972785, 21.34308147220221], [-0.9653893559627318, -0.22613365677290093, -0.1299499625590934, 23.17506705025023], [0.23858996902682703, -0.9669590556301305, -0.08980562080336645, 44.243517519180934], [0.0, 0.0, 0.0, 1.0]]}, {"class": "BBQSauce", "pose": [[0.4494591125876974, -0.11322735273070474, 0.8860960176420675, 18.664656597663924], [-0.8627296322718487, -0.3123012104698744, 0.3977003490567562, -5.284635082284172], [0.23169829329881816, -0.9432113068863778, -0.23805119104369554, 51.41011298767858], [0.0, 0.0, 0.0, 1.0]]}, {"class": "Raisins", "pose": [[-0.08446706989109706, -0.8385769734374914, -0.5381951816024372, 8.673777405159623], [-0.260786787083593, -0.5026936360627671, 0.8241901431376989, -15.084646118023388], [-0.9616941364391127, 0.20997109339679912, -0.17622873202061473, 58.18294936915388], [0.0, 0.0, 0.0, 1.0]]}, {"class": "Ketchup", "pose": [[0.2352915615299985, -0.1868166740796853, 0.9538015994609313, 14.119859909478505], [-0.9409156672637099, -0.2896937324335688, 0.17537183521627742, 3.662089268293889], [0.24354794994389217, -0.9387103520039861, -0.2439412003575698, 49.68532064877134], [0.0, 0.0, 0.0, 1.0]]}, {"class": "AlphabetSoup", "pose": [[0.6678488766031112, -0.10154822621382258, 0.7373370433854791, 2.951993132531283], [-0.7366618922389062, -0.2317138669831026, 0.6353250919580157, -0.48700562884574916], [0.10633508268381332, -0.9674692182988459, -0.22955652887264683, 55.64113875606955], [0.0, 0.0, 0.0, 1.0]]}, {"class": "Mayo", "pose": [[0.5055699754212387, 0.8485721563741229, -0.15596273643018133, -6.351383185249116], [0.8284637851221687, -0.5279390411196687, -0.18689076409342337, -2.4962950203293754], [-0.24092909271052396, -0.03472310895044151, -0.9699213968686902, 58.78974368280989], [0.0, 0.0, 0.0, 1.0]]}, {"class": "SaladDressing", "pose": [[0.8442062690753078, -0.17729272144483615, 0.5058489359011088, 7.924571755362425], [-0.5359915284448427, -0.2697518377545624, 0.799966911543301, 8.24454513640478], [-0.005374620942060579, -0.9464677961521276, -0.3227535629700714, 49.08834970653414], [0.0, 0.0, 0.0, 1.0]]}, {"class": "Mustard", "pose": [[-0.575008786328575, -0.033260154506593656, 0.8174709398766347, 0.9594390421173771], [-0.7947420471231007, -0.2145767322624127, -0.5677516504660275, 13.715458859564277], [0.1942937279614302, -0.9761406818879396, 0.09695026844424097, 47.284970218042986], [0.0, 0.0, 0.0, 1.0]]}, {"class": "Cookies", "pose": [[0.8998831104294079, -0.4284497472545354, 0.08149405755678713, 20.2177284387596], [0.39941466425148864, 0.8846520104920872, 0.240538517526627, 24.177880190947466], [-0.17515252472378892, -0.18390662104457609, 0.9672124823078226, 48.89782073331425], [0.0, 0.0, 0.0, 1.0]]}, {"class": "Parmesan", "pose": [[-0.21898075481584045, -0.16065011119880793, 0.9624131392327031, 4.344647988564764], [-0.9303477613990395, -0.2629344644010471, -0.25557492519936215, 24.793507780880997], [0.294109701857317, -0.9513448692138284, -0.09188286677686808, 47.263142571951], [0.0, 0.0, 0.0, 1.0]]}, {"class": "CreamCheese", "pose": [[0.1278450288016471, -0.05907596423204114, 0.9900332109764869, -5.698112195195759], [-0.9694654220157626, -0.21806689178967575, 0.11217690636543665, 22.320991387407418], [0.20926649305221517, -0.9741441912306772, -0.08515085255222053, 50.92709514793743], [0.0, 0.0, 0.0, 1.0]]}, {"class": "Milk", "pose": [[0.180818564325742, -0.10758583050189924, 0.9776144514306472, 7.799278092281109], [-0.9538993506779372, -0.2612797063409911, 0.1476786238130106, 32.40590919380969], [0.23954267613324698, -0.9592487955609311, -0.14987025268223453, 39.871423184169885], [0.0, 0.0, 0.0, 1.0]]}, {"class": "ChocolatePudding", "pose": [[0.7434292862803443, -0.13153148645816418, 0.6557533409342677, -10.067460386322042], [-0.6569613159857679, -0.32738773672163807, 0.6791311590873007, 8.890784393187856], [0.12535847367264502, -0.9356905408703805, -0.3298007018145518, 55.722335114070795], [0.0, 0.0, 0.0, 1.0]]}, {"class": "Yogurt", "pose": [[0.5319254120350055, -0.05777245129151544, 0.8448181932693029, 34.248865403827864], [-0.8262900916516966, -0.2536136732085349, 0.5029163163992931, 18.12464044713149], [0.18520273223309353, -0.965578838451116, -0.18264033733543514, 48.44387999215093], [0.0, 0.0, 0.0, 1.0]]}]}