{"camera": {"camera": "RealSense D415", "extrinsics": [[-0.44061878, 0.890846, -0.11067257, 0.40549746], [0.8833624, 0.40833458, -0.2300734, -0.57975477], [-0.15976854, -0.19913864, -0.96685976, 0.3258543], [0.0, 0.0, 0.0, 1.0]], "height": 480, "intrinsics": [[603.0301, 0.0, 326.28275], [0.0, 603.81976, 245.73769], [0.0, 0.0, 1.0]], "width": 640}, "objects": [{"class": "MacaroniAndCheese", "pose": [[-0.13764549490820666, -0.11748548595125767, 0.9834891146543895, 49.25686330733463], [-0.9485795340142327, -0.2701165284861529, -0.1650272195176982, 11.676654381407614], [0.285044952574598, -0.9556329047071312, -0.07426396460338683, 43.1595189101196], [0.0, 0.0, 0.0, 1.0]]}, {"class": "OrangeJuice", "pose": [[-0.9792909093549149, -0.13557554612028386, -0.15036138623467202, 43.54905310098513], [0.18102289041901318, -0.2537648510448498, -0.9501758616237004, -5.212840966181453], [0.09066413719832532, -0.9577174422242843, 0.2730518724918637, 46.59855318987366], [0.0, 0.0, 0.0, 1.0]]}, {"class": "TomatoSauce", "pose": [[0.7475554145932085, -0.09816611468741744, -0.6569050740867816, 29.81529851761301], [0.6387829408230911, -0.16471930672349394, 0.7515477090642688, -10.795433535146726], [-0.1819814288688153, -0.981443317691667, -0.06042998999750529, 55.267836556672776], [0.0, 0.0, 0.0, 1.0]]}, {"class": "Mushrooms", "pose": [[0.9474486023531883, -0.06661896391251981, -0.3128945826754034, 24.495919773268245], [0.2852805431395754, -0.2666474113601082, 0.9206053574766733, 9.866192927150962], [-0.1447622627403492, -0.96148899889069, -0.23362962629839815, 53.25859062910361], [0.0, 0.0, 0.0, 1.0]]}, {"class": "Pineapple", "pose": [[-0.067159786727323, -0.1640824014346759, 0.9841577561080201, 36.942271881208704], [-0.9676004997119134, -0.22990884390999503, -0.10436115629407426, 29.52279745567593], [0.24339038797159687, -0.9592804164584334, -0.14332554422790963, 45.41618515904956], [0.0, 0.0, 0.0, 1.0]]}, {"class": "Cherries", "pose": [[0.33029012792774526, -0.10390246336431146, 0.9381432032593443, 26.704465716151827], [-0.9134081611697896, -0.2856924835785239, 0.28994032218539245, 39.4712677280552], [0.23789495206990133, -0.9526720892205746, -0.1892667223407763, 43.58973399832603], [0.0, 0.0, 0.0, 1.0]]}, {"class": "PeasAndCarrots", "pose": [[-0.1286421575476967, -0.12017527567588075, 0.9843825774256187, 22.96949485431555], [-0.9636670002287876, -0.2191610263194839, -0.15269057504133585, 23.838383787101513], [0.23408791229670523, -0.9682594553630989, -0.08761556027546502, 44.442349488155116], [0.0, 0.0, 0.0, 1.0]]}, {"class": "BBQSauce", "pose": [[0.4284371318288448, -0.11779055685332986, 0.8958610210896899, 19.60386148633841], [-0.8740211624613788, -0.3055109013523771, 0.3778229098643086, -4.581135494590716], [0.22919134569873853, -0.9448748606082166, -0.2338436119145974, 51.47741440440454], [0.0, 0.0, 0.0, 1.0]]}, {"class": "Raisins", "pose": [[-0.08777711086952747, -0.8507356127570063, -0.5182123660390225, 9.366428299402003], [-0.25460648878430725, -0.483780570595668, 0.837336222718728, -14.173050603482745], [-0.9630528225504218, 0.20543914448096504, -0.17413795932665277, 58.179600509024134], [0.0, 0.0, 0.0, 1.0]]}, {"class": "Ketchup", "pose": [[0.21246203124852878, -0.19084232140243002, 0.9583522598506686, 15.275075406450151], [-0.9472120082423743, -0.2812029537024389, 0.15399469070160768, 4.47705106314017], [0.2401027807088497, -0.9404808019776543, -0.24051304703321771, 49.77893487562077], [0.0, 0.0, 0.0, 1.0]]}, {"class": "AlphabetSoup", "pose": [[0.6500840472937135, -0.10415518995423545, 0.7526901010251328, 3.995830661816646], [-0.7525743999231246, -0.22511638882028404, 0.6188331265847646, 0.5655584111088796], [0.10498821498842635, -0.9687488489124318, -0.22472906449820473, 55.685443674357046], [0.0, 0.0, 0.0, 1.0]]}, {"class": "Mayo", "pose": [[0.5255487250479554, 0.8360582128024907, -0.15749654830305312, -5.361160056828385], [0.8174022965201007, -0.547545160066491, -0.1790190990515746, -1.238432647556842], [-0.2359068300078823, -0.03465475144336082, -0.9711575699874284, 58.799299001785286], [0.0, 0.0, 0.0, 1.0]]}, {"class": "SaladDressing", "pose": [[0.8314198999446551, -0.1808310619935418, 0.5253960766086002, 9.19067775960032], [-0.5556188238820251, -0.2614568629010934, 0.7892579336843473, 9.206088782994094], [-0.005353911142349246, -0.9481247103094949, -0.3178535501168308, 49.18464746171934], [0.0, 0.0, 0.0, 1.0]]}, {"class": "Mustard", "pose": [[-0.5940427161220614, -0.035459327929559976, 0.8036515711466696, 2.3609682966999834], [-0.7818612812109945, -0.209548784643995, -0.5871816569777522, 14.846564539423623], [0.18922524379061753, -0.9771550346575627, 0.09675668112133366, 47.38568972114898], [0.0, 0.0, 0.0, 1.0]]}, {"class": "Cookies", "pose": [[0.9095026012007054, -0.4070578402006443, 0.08431425420258896, 21.854509987653007], [0.3789435531887078, 0.8952395031071668, 0.23441004685584682, 24.847346804899995], [-0.17089985617054063, -0.18124621190360907, 0.9684746046321172, 49.09781869635914], [0.0, 0.0, 0.0, 1.0]]}, {"class": "Parmesan", "pose": [[-0.24158191599550383, -0.16401916319147297, 0.9564182412999621, 6.005019522009508], [-0.9262079923203891, -0.25501089974394003, -0.27768372380719647, 25.84214938009275], [0.2894425081618746, -0.9529255922492272, -0.09030980063801926, 47.42155948287543], [0.0, 0.0, 0.0, 1.0]]}, {"class": "CreamCheese", "pose": [[0.10447525791608453, -0.061355531070069795, 0.9926330538582124, -4.103499019281215], [-0.9730862092424384, -0.21244094701165459, 0.08928677342577272, 23.590196582124456], [0.20539766271102403, -0.9752457965722205, -0.0818990012571622, 51.046675065596105], [0.0, 0.0, 0.0, 1.0]]}, {"class": "Milk", "pose": [[0.1577114169033736, -0.1109080453447132, 0.9812372163638861, 9.658528973027213], [-0.958897034269618, -0.25456745364179995, 0.12534729238827616, 33.40305375734274], [0.23588903281142226, -0.9606741606469474, -0.14649754690925904, 40.07273454775113], [0.0, 0.0, 0.0, 1.0]]}, {"class": "ChocolatePudding", "pose": [[0.7274569339902234, -0.13646502866085053, 0.6724460316363973, -8.800362159198382], [-0.6747509874918373, -0.3201960303262748, 0.6649704215496328, 10.245734168834597], [0.12456936566754964, -0.9374709745927681, -0.32500869975913793, 55.77116273729676], [0.0, 0.0, 0.0, 1.0]]}, {"class": "Yogurt", "pose": [[0.5118691671152895, -0.06091053824012173, 0.8569012909369432, 35.741125414257255], [-0.8393269927489783, -0.24804493506345482, 0.4837395620849439, 18.4686434173857], [0.18308520052520386, -0.9668317530511727, -0.17809037207692408, 48.656663500366214], [0.0, 0.0, 0.0, 1.0]]}]}