{"camera": {"camera": "RealSense D415", "extrinsics": [[-0.42260066, 0.89943117, -0.11150025, 0.40309128], [0.8910701, 0.3898649, -0.23237771, -0.5757092], [-0.16553771, -0.19755751, -0.9662134, 0.3267688], [0.0, 0.0, 0.0, 1.0]], "height": 480, "intrinsics": [[603.0301, 0.0, 326.28275], [0.0, 603.81976, 245.73769], [0.0, 0.0, 1.0]], "width": 640}, "objects": [{"class": "MacaroniAndCheese", "pose": [[-0.15730191464627927, -0.11913968470601005, 0.980337663452513, 50.340510599165086], [-0.944357431478339, -0.27222673370506784, -0.18461212332546809, 11.94588984216648], [0.28886871975696826, -0.9548290027151592, -0.06968863703022217, 42.96419846714411], [0.0, 0.0, 0.0, 1.0]]}, {"class": "OrangeJuice", "pose": [[-0.9758887049430748, -0.13689754168443374, -0.1700011466198128, 44.28956483651868], [0.2005989479081166, -0.2555336484961325, -0.9457603320055473, -4.812258562338522], [0.08603122848774405, -0.9570588812074633, 0.27683387335727516, 46.45871058646656], [0.0, 0.0, 0.0, 1.0]]}, {"class": "TomatoSauce", "pose": [[0.7606238576730442, -0.09765928268564288, -0.6418053465426038, 30.416220234240292], [0.6231544384611707, -0.16735011314430215, 0.7639846035540045, -10.084083495509821], [-0.18201634726559526, -0.9810487676351236, -0.0664336711380954, 55.10024014483533], [0.0, 0.0, 0.0, 1.0]]}, {"class": "Mushrooms", "pose": [[0.9534030916302332, -0.06819308638627371, -0.293891713128819, 25.510741492724588], [0.26598090615764686, -0.2697824131960364, 0.9254575063721253, 10.66818931744412], [-0.14239658481924342, -0.960503634801097, -0.2390733108836733, 52.97536657705869], [0.0, 0.0, 0.0, 1.0]]}, {"class": "Pineapple", "pose": [[-0.08704552304291542, -0.16492491260900208, 0.9824576028134057, 38.36983574763088], [-0.9649504036383817, -0.2311312038237854, -0.12429430456752427, 30.040261419364477], [0.24757580700100307, -0.9588421277576062, -0.13902539924867452, 45.09097484385832], [0.0, 0.0, 0.0, 1.0]]}, {"class": "Cherries", "pose": [[0.3114087867592411, -0.1058760718836268, 0.9443595269485, 28.336105533673685], [-0.9185826942219159, -0.2880518434307283, 0.2706140395156861, 40.17878230846126], [0.2433729347252594, -0.9517439127674854, -0.18695776786332208, 43.17908762306369], [0.0, 0.0, 0.0, 1.0]]}, {"class": "PeasAndCarrots", "pose": [[-0.14840324591390278, -0.12078173831499382, 0.9815234788320619, 24.292048668611844], [-0.9598564538714298, -0.22128789058227435, -0.17235790220888017, 24.626242652210983], [0.2380169169369994, -0.9677001209974536, -0.08309326618027563, 44.089100771769374], [0.0, 0.0, 0.0, 1.0]]}, {"class": "BBQSauce", "pose": [[0.4103416655441717, -0.12017962239563783, 0.903978244807941, 20.343056902669122], [-0.8811675430981003, -0.3075576565183923, 0.35909892497501167, -3.6886742899257308], [0.23486904472498904, -0.9439095453749611, -0.23210206761507796, 51.24169446806892], [0.0, 0.0, 0.0, 1.0]]}, {"class": "Raisins", "pose": [[-0.08910493574671513, -0.8608323404385951, -0.5010270284998096, 9.894154779183351], [-0.25733665539487066, -0.46605208050998914, 0.8465065227470632, -13.04671292084954], [-0.9622048833363206, 0.20436049172136567, -0.17999616584339723, 57.94816486123126], [0.0, 0.0, 0.0, 1.0]]}, {"class": "Ketchup", "pose": [[0.19293284746971626, -0.19275672003645378, 0.9620924355043962, 16.199222655251376], [-0.950060544919703, -0.2818026692625289, 0.13406045499782332, 5.444555857443412], [0.24527914229523542, -0.9399107356664133, -0.23749951398922972, 49.48479246184269], [0.0, 0.0, 0.0, 1.0]]}, {"class": "AlphabetSoup", "pose": [[0.6347967524024071, -0.10487979402392526, 0.7655281857329754, 4.823138617484901], [-0.7646691410604995, -0.2275582420692887, 0.6029082352953602, 1.7824814550893242], [0.11096935413518366, -0.9680999727843858, -0.22465153671603588, 55.36543248820567], [0.0, 0.0, 0.0, 1.0]]}, {"class": "Mayo", "pose": [[0.5423689104560514, 0.8252839602143898, -0.15729730191689223, -4.5791623602703115], [0.8058356378591589, -0.5639783996735008, -0.18043635572874944, 0.17676045293135711], [-0.23762347345162466, -0.028892693128886725, -0.9709275796678811, 58.45123282850062], [0.0, 0.0, 0.0, 1.0]]}, {"class": "SaladDressing", "pose": [[0.8203772321108818, -0.1823312296612373, 0.5419747327422882, 10.211038428735792], [-0.5718225707065459, -0.26229248607502237, 0.7773169163153304, 10.289078183508426], [0.00042675916321195423, -0.9476064911854207, -0.3194398590518356, 48.84516383554365], [0.0, 0.0, 0.0, 1.0]]}, {"class": "Mustard", "pose": [[-0.6099753537423898, -0.03586046931482613, 0.7916086064300542, 3.5001301251692762], [-0.7691779256425209, -0.21337917235802964, -0.6023575653371542, 16.053826521262327], [0.19051357621929238, -0.9763111352405258, 0.1025729608263151, 46.99380355764168], [0.0, 0.0, 0.0, 1.0]]}, {"class": "Cookies", "pose": [[0.9174006443978275, -0.38873211356984044, 0.08522612712507384, 23.17943909437436], [0.360246269249477, 0.9021867755951075, 0.23723751061745674, 25.678610874786557], [-0.16911168772438578, -0.18693943734238347, 0.967706025429369, 48.73552023391387], [0.0, 0.0, 0.0, 1.0]]}, {"class": "Parmesan", "pose": [[-0.26079549986208983, -0.16537807582942196, 0.951123488561504, 7.358970410974036], [-0.9199332629115822, -0.2561996983905598, -0.29679032218768225, 26.97594304324159], [0.2927601305527149, -0.9523717200030211, -0.08532104493282515, 46.99323547705194], [0.0, 0.0, 0.0, 1.0]]}, {"class": "CreamCheese", "pose": [[0.08459161999507513, -0.06181546248629595, 0.9944964543078976, -2.805430891308319], [-0.9739757478943019, -0.21575439267393962, 0.06943539131068917, 24.939467135917248], [0.2102747737388764, -0.9744890813286966, -0.0784577447509354, 50.58943197828874], [0.0, 0.0, 0.0, 1.0]]}, {"class": "Milk", "pose": [[0.13797994213684195, -0.11223950169409257, 0.9840548363958891, 11.187878187344392], [-0.9606900706575692, -0.2568332635926214, 0.10540992298237467, 34.429370929000356], [0.2409068356546676, -0.959916169171094, -0.14326518247617268, 39.623940132638815], [0.0, 0.0, 0.0, 1.0]]}, {"class": "ChocolatePudding", "pose": [[0.7136063486871415, -0.13916642949993896, 0.686584863815398, -7.780973439778932], [-0.6882860951999378, -0.32183927332141354, 0.6501397713670488, 11.711831779555427], [0.13049234450560682, -0.936510689679527, -0.32545282907449263, 55.35699089731828], [0.0, 0.0, 0.0, 1.0]]}, {"class": "Yogurt", "pose": [[0.4946121574313263, -0.06210071779336138, 0.8668923841962405, 36.93985308462792], [-0.8483307710847703, -0.25132054254736785, 0.4660181077332157, 19.027034783886176], [0.1889277962369838, -0.965909708605429, -0.17698810819373043, 48.37757725971047], [0.0, 0.0, 0.0, 1.0]]}]}