{"camera": {"camera": "RealSense D415", "extrinsics": [[-0.4020414, 0.90869385, -0.112419724, 0.39871275], [0.90002996, 0.36964357, -0.2308889, -0.5713397], [-0.1682521, -0.19400801, -0.96646374, 0.32525557], [0.0, 0.0, 0.0, 1.0]], "height": 480, "intrinsics": [[603.0301, 0.0, 326.28275], [0.0, 603.81976, 245.73769], [0.0, 0.0, 1.0]], "width": 640}, "objects": [{"class": "MacaroniAndCheese", "pose": [[-0.17942935782590055, -0.12098911711306856, 0.9763026028714922, 51.394828036553506], [-0.9403327203949569, -0.27054677764374485, -0.2063463658755304, 12.154704147274153], [0.2891011695032336, -0.9550739012566738, -0.06522595556603847, 42.788687009241364], [0.0, 0.0, 0.0, 1.0]]}, {"class": "OrangeJuice", "pose": [[-0.9715717615066036, -0.1383631011201277, -0.19210413263290416, 44.95913779410225], [0.22224830052438097, -0.25346702538026344, -0.9414670289541404, -4.461607959822345], [0.08157219985499127, -0.9573976200390879, 0.27701234937018376, 46.27310424440394], [0.0, 0.0, 0.0, 1.0]]}, {"class": "TomatoSauce", "pose": [[0.7750204709353331, -0.09707781438087329, -0.6244351054108638, 30.935038124560716], [0.6059656831411564, -0.16619964160012216, 0.7779352650677942, -9.415706032315374], [-0.17930110722778067, -0.9813020212880754, -0.0699823142809401, 54.85910384062833], [0.0, 0.0, 0.0, 1.0]]}, {"class": "Mushrooms", "pose": [[0.9596689984650734, -0.06997671064067494, -0.27228423868490564, 26.499591817506175], [0.24465426453651554, -0.2692371122950814, 0.9314803674023054, 11.437795785646133], [-0.13849091324850157, -0.9605283522661754, -0.24125840874403617, 52.692557632169844], [0.0, 0.0, 0.0, 1.0]]}, {"class": "Pineapple", "pose": [[-0.10946747217772342, -0.16583520335537014, 0.9800589733002638, 39.81865418000861], [-0.9625204337586182, -0.22845195998630874, -0.14616471265106035, 30.51194492504323], [0.24813563177145742, -0.9593270937647972, -0.13461167766375343, 44.84548659933786], [0.0, 0.0, 0.0, 1.0]]}, {"class": "Cherries", "pose": [[0.28993040966624917, -0.10809272739581688, 0.950923947073665, 30.02029982527151], [-0.9249904605243933, -0.28665834669776596, 0.24943866351511235, 40.868071278528674], [0.24562778144567984, -0.9519154561675315, -0.18309567346257868, 42.87989331580649], [0.0, 0.0, 0.0, 1.0]]}, {"class": "PeasAndCarrots", "pose": [[-0.1706552324064837, -0.12144680919670178, 0.9778177220072746, 25.628914293513255], [-0.9560795253636523, -0.21959790730535014, -0.19413579509291443, 25.409865301781732], [0.23830387939003936, -0.9680018150120088, -0.07863724022623651, 43.7874251103759], [0.0, 0.0, 0.0, 1.0]]}, {"class": "BBQSauce", "pose": [[0.3897035826544232, -0.1228586224169216, 0.9127085569048817, 21.02282889119579], [-0.8897840157225737, -0.3058342771869216, 0.33874740871481185, -2.8029877644592416], [0.23751952671386997, -0.944124587077994, -0.22850231257847922, 50.95035531568538], [0.0, 0.0, 0.0, 1.0]]}, {"class": "Raisins", "pose": [[-0.09060023591755637, -0.8718215438817741, -0.48137181695498876, 10.340219462739014], [-0.2563332467747568, -0.4466593147761688, 0.857198185818441, -11.920189878510673], [-0.9623330731749435, 0.2010539187860855, -0.1830094160520407, 57.6202625956583], [0.0, 0.0, 0.0, 1.0]]}, {"class": "Ketchup", "pose": [[0.17077929864673286, -0.19486427547371746, 0.9658480100829001, 17.08993524363524], [-0.9538354580145635, -0.27847445923930975, 0.11247177972430988, 6.417858048757918], [0.2470472655531002, -0.9404679565071201, -0.23342609047692178, 49.166451970682644], [0.0, 0.0, 0.0, 1.0]]}, {"class": "AlphabetSoup", "pose": [[0.6172196372167756, -0.1056860321533116, 0.7796604487371062, 5.610103004929473], [-0.778416668666266, -0.22621921859500305, 0.5855701168345346, 3.0148624014436742], [0.11448760950572351, -0.9683260859771589, -0.22189467509407063, 55.000924322053194], [0.0, 0.0, 0.0, 1.0]]}, {"class": "Mayo", "pose": [[0.5611081178680152, 0.8127102237539674, -0.1570344088142921, -3.838768631199291], [0.793374518426486, -0.5821427442568974, -0.17795141322681743, 1.6210157531909242], [-0.2360393422906131, -0.024737092563474127, -0.9714286250115358, 58.04719709927084], [0.0, 0.0, 0.0, 1.0]]}, {"class": "SaladDressing", "pose": [[0.8075036510743602, -0.18397595834950245, 0.5604379836647628, 11.213335261003794], [-0.5898448875825297, -0.2592081501799836, 0.7647837276785221, 11.393082923527398], [0.004568297245325055, -0.9481371569883192, -0.3178287755186242, 48.495944368270266], [0.0, 0.0, 0.0, 1.0]]}, {"class": "Mustard", "pose": [[-0.6276808870597886, -0.036334620115309225, 0.7776223586575801, 4.639838088494718], [-0.7552795536490556, -0.21358054195567253, -0.6196258182051784, 17.30300853404092], [0.18859883848620354, -0.9762495699594402, 0.10661765156363906, 46.6096619214716], [0.0, 0.0, 0.0, 1.0]]}, {"class": "Cookies", "pose": [[0.9258792624706244, -0.36784231825656855, 0.08625342607542906, 24.51970443290759], [0.33966489686292284, 0.9103710822766778, 0.2363308211857291, 26.491594709070164], [-0.16545506118002218, -0.18951654835568954, 0.9678368503929482, 48.42791080461173], [0.0, 0.0, 0.0, 1.0]]}, {"class": "Parmesan", "pose": [[-0.28237262808788915, -0.1668714958550625, 0.944679647320242, 8.739563947220796], [-0.9136190141008015, -0.2534973185219637, -0.317866974101565, 28.137005735937105], [0.292516672861781, -0.9528342452976849, -0.08087623529286701, 46.61527973934344], [0.0, 0.0, 0.0, 1.0]]}, {"class": "CreamCheese", "pose": [[0.0620881604645712, -0.062343517586965914, 0.9961216689884198, -1.48297039632323], [-0.9753836611929627, -0.21537857617577555, 0.047315843553088446, 26.329930764682498], [0.21159342046990756, -0.9745385740308142, -0.07418126777775741, 50.16903578122624], [0.0, 0.0, 0.0, 1.0]]}, {"class": "Milk", "pose": [[0.11562399973578472, -0.11372770634955562, 0.9867609298998582, 12.76456810938259], [-0.9632503994785949, -0.2553153199649975, 0.08344316595341847, 35.49592131579304], [0.2424453753149016, -0.9601459148964051, -0.13906879752641751, 39.255501269586986], [0.0, 0.0, 0.0, 1.0]]}, {"class": "ChocolatePudding", "pose": [[0.6976158092373527, -0.14218900126748468, 0.7022211218013402, -6.770880696474613], [-0.7037762931877369, -0.31968407435087803, 0.6344296875164196, 13.22082091782959], [0.1342800046446353, -0.9367947822059033, -0.3230858782641428, 54.92773564308102], [0.0, 0.0, 0.0, 1.0]]}, {"class": "Yogurt", "pose": [[0.4748793759741407, -0.06345357444363446, 0.8777603633384231, 38.13087245259034], [-0.8588703746400606, -0.25092046507370647, 0.44652055543017005, 19.536611231881317], [0.19191472151700767, -0.9659257951742171, -0.17365530867608728, 48.13656734591607], [0.0, 0.0, 0.0, 1.0]]}]}