{"camera": {"camera": "RealSense D415", "extrinsics": [[-0.38145456, 0.91759694, -0.11184041, 0.39315215], [0.90766394, 0.3488919, -0.23328225, -0.56446224], [-0.17503887, -0.19050008, -0.96595603, 0.3246759], [0.0, 0.0, 0.0, 1.0]], "height": 480, "intrinsics": [[603.0301, 0.0, 326.28275], [0.0, 603.81976, 245.73769], [0.0, 0.0, 1.0]], "width": 640}, "objects": [{"class": "MacaroniAndCheese", "pose": [[-0.2014388389962537, -0.12133316856307715, 0.971957148398553, 52.27943811649966], [-0.9347529536710114, -0.2726871605601092, -0.22776884377888573, 12.62762468442774], [0.29267612978741886, -0.9544212675607693, -0.058486718333435904, 42.45642395325574], [0.0, 0.0, 0.0, 1.0]]}, {"class": "OrangeJuice", "pose": [[-0.9669766548783432, -0.13831902462379908, -0.2140655000698867, 45.4649879987877], [0.24364701412739204, -0.25524710899011255, -0.9356735883770471, -3.827587566066737], [0.07478182319216078, -0.9569308976975909, 0.28051899239231515, 45.98493049505058], [0.0, 0.0, 0.0, 1.0]]}, {"class": "TomatoSauce", "pose": [[0.7889975067931287, -0.09501417766366264, -0.6070051748460553, 31.28760623353159], [0.5881248743728329, -0.16901625251187152, 0.7909125467826214, -8.43334089745812], [-0.1777416106955132, -0.9810228283451384, -0.07747321623719933, 54.512927048446905], [0.0, 0.0, 0.0, 1.0]]}, {"class": "Mushrooms", "pose": [[0.9655294661765902, -0.0702738325921956, -0.2506281715416554, 27.317964767508286], [0.2231101547067158, -0.27251016669704914, 0.9359273935732815, 12.500111065453845], [-0.13406989184218157, -0.9595831257179595, -0.2474377862813968, 52.21767312279753], [0.0, 0.0, 0.0, 1.0]]}, {"class": "Pineapple", "pose": [[-0.1317401353793512, -0.16523063935328913, 0.977416704646434, 41.092444386390945], [-0.9586574126519835, -0.22965301876279715, -0.1680341461367997, 31.241427430265077], [0.2522310696032637, -0.9591445723102849, -0.1281450197064867, 44.35485710452195], [0.0, 0.0, 0.0, 1.0]]}, {"class": "Cherries", "pose": [[0.26838551293994056, -0.10880758420862514, 0.9571468894769538, 31.532443139233653], [-0.9297991697905548, -0.2890580777212955, 0.2278573011519458, 41.79726047647937], [0.2518784340360231, -0.951107942407347, -0.17874816222351605, 42.28086813514595], [0.0, 0.0, 0.0, 1.0]]}, {"class": "PeasAndCarrots", "pose": [[-0.19271627511141767, -0.12061152135320793, 0.9738138118741221, 26.801717346127308], [-0.9509426479341373, -0.22180632426504213, -0.215661895065932, 26.44256913457691], [0.242009353257446, -0.9676026020956929, -0.07194891586827948, 43.238834608391], [0.0, 0.0, 0.0, 1.0]]}, {"class": "BBQSauce", "pose": [[0.3689436890323051, -0.12403041632611034, 0.9211389971779341, 21.543774231111307], [-0.8968032070592772, -0.3078701002445746, 0.3177420767084203, -1.6273463418368106], [0.24418147356594447, -0.9433093021851434, -0.2248175649703719, 50.51362345152168], [0.0, 0.0, 0.0, 1.0]]}, {"class": "Raisins", "pose": [[-0.09060195494149981, -0.8824445977613035, -0.46160898996383326, 10.627779944535254], [-0.25917197035404116, -0.4266515279354203, 0.8664862270230033, -10.477226047703308], [-0.9615722304069244, 0.19814141925823248, -0.19004944836975327, 57.165681403865655], [0.0, 0.0, 0.0, 1.0]]}, {"class": "Ketchup", "pose": [[0.1486306972893519, -0.1954456496107719, 0.969386381090773, 17.822092759673303], [-0.9560493992141545, -0.2789391370816369, 0.09034667782376117, 7.667376844905361], [0.25274192806499496, -0.9402095208552735, -0.2283145720976823, 48.661281139147476], [0.0, 0.0, 0.0, 1.0]]}, {"class": "AlphabetSoup", "pose": [[0.5995251360187797, -0.1049964361803241, 0.7934389715938182, 6.237799061936444], [-0.7910126073205367, -0.22876896873631308, 0.5674185687221339, 4.543333063654675], [0.12193730118075945, -0.9678018838845817, -0.22020621533296694, 54.445093274453505], [0.0, 0.0, 0.0, 1.0]]}, {"class": "Mayo", "pose": [[0.5795294398783241, 0.8000235824668461, -0.15526731073857764, -3.2564401027922685], [0.7798332760701985, -0.5997247008913275, -0.17941672943684384, 3.3698634621989743], [-0.2366552257043159, -0.017105312393019677, -0.971443092299203, 57.44278457562903], [0.0, 0.0, 0.0, 1.0]]}, {"class": "SaladDressing", "pose": [[0.794482758322989, -0.18409815914396865, 0.5787098206355739, 12.058720650373001], [-0.6071640521852224, -0.2599521665225414, 0.7508506529141745, 12.765251816493828], [0.012206673638992529, -0.947909660698319, -0.31830526450960683, 47.93183944365825], [0.0, 0.0, 0.0, 1.0]]}, {"class": "Mustard", "pose": [[-0.6449864982038049, -0.0353428306349141, 0.7633762790591978, 5.625888513818839], [-0.7405457589289203, -0.2176754138902211, -0.6357746544550951, 18.806543776792527], [0.1886382930790283, -0.9753810909322421, 0.11422473890152667, 45.97796840851297], [0.0, 0.0, 0.0, 1.0]]}, {"class": "Cookies", "pose": [[0.9339637035554429, -0.34691753843155604, 0.08579081502323184, 25.689557913195628], [0.3186927809197891, 0.9171543700034912, 0.23929645024632953, 27.571509208000467], [-0.16169951813819644, -0.19615328717158123, 0.9671489662439384, 47.86735338848245], [0.0, 0.0, 0.0, 1.0]]}, {"class": "Parmesan", "pose": [[-0.30379652719115746, -0.16684714426170863, 0.9380137219097946, 9.959496054624816], [-0.9057991442365292, -0.25463692121119796, -0.3386561187751343, 29.549102097689794], [0.2953567083416931, -0.9525345417495426, -0.07377215431726579, 45.95420783957944], [0.0, 0.0, 0.0, 1.0]]}, {"class": "CreamCheese", "pose": [[0.03970351597254946, -0.06139401350687371, 0.9973236425041258, -0.3200908499271904], [-0.9754175523940116, -0.21890107945218534, 0.025356143707775534, 27.98182675413741], [0.21675849708967443, -0.9738136722833415, -0.06857590505797943, 49.45687125716759], [0.0, 0.0, 0.0, 1.0]]}, {"class": "Milk", "pose": [[0.09331157413467889, -0.11371410753126764, 0.9891218801814246, 14.185398055812543], [-0.9642907731187611, -0.2576423676341849, 0.061349273877185355, 36.7818270292972], [0.24786341612583526, -0.9595256601748289, -0.13369444099719024, 38.581957550868836], [0.0, 0.0, 0.0, 1.0]]}, {"class": "ChocolatePudding", "pose": [[0.6814058972586791, -0.1436984293657511, 0.7176606486018798, -5.918321105736391], [-0.7180317902824848, -0.32126078400906255, 0.6174316763245923, 15.014532925724467], [0.14183227576768673, -0.936024708147246, -0.3220889945798875, 54.24906156237904], [0.0, 0.0, 0.0, 1.0]]}, {"class": "Yogurt", "pose": [[0.4550307062609077, -0.06332408339933474, 0.8882213456082293, 39.148149755570785], [-0.8679723821525802, -0.25436660332858974, 0.426522675902272, 20.321995657364646], [0.1989246943146282, -0.9650324700819093, -0.17070813343394414, 47.69004793719424], [0.0, 0.0, 0.0, 1.0]]}]}