{"camera": {"camera": "RealSense D415", "extrinsics": [[-0.3592265, 0.9278242, -0.10049184, 0.3752511], [0.91470146, 0.32867762, -0.23514305, -0.5562793], [-0.18514198, -0.17638965, -0.9667519, 0.33012196], [0.0, 0.0, 0.0, 1.0]], "height": 480, "intrinsics": [[603.0301, 0.0, 326.28275], [0.0, 603.81976, 245.73769], [0.0, 0.0, 1.0]], "width": 640}, "objects": [{"class": "MacaroniAndCheese", "pose": [[-0.22600282688848136, -0.11100624635307964, 0.9677811780430995, 51.7740017930249], [-0.9290093838228968, -0.27428833851549334, -0.24840991999483372, 13.201519113323778], [0.29302611577657994, -0.9552191703919288, -0.04113588707467821, 42.93794959503977], [0.0, 0.0, 0.0, 1.0]]}, {"class": "OrangeJuice", "pose": [[-0.9627413026126935, -0.127575837042859, -0.238440061885375, 44.55560108726903], [0.26425167725163157, -0.2565062691465282, -0.9297180224060706, -3.091038363034271], [0.057448167610667705, -0.9580861565494362, 0.2806612796295194, 46.417657651988335], [0.0, 0.0, 0.0, 1.0]]}, {"class": "TomatoSauce", "pose": [[0.804104136045799, -0.08206280510039272, -0.5887973399044643, 30.142929793495437], [0.570615521038648, -0.17131219747284496, 0.8031500945497357, -7.359986693069681], [-0.1667768803352111, -0.9817932407786018, -0.09092652948333688, 54.723610335901775], [0.0, 0.0, 0.0, 1.0]]}, {"class": "Mushrooms", "pose": [[0.9721376506486495, -0.05987502190564915, -0.22663504364637937, 26.654915798575047], [0.20216634723920907, -0.27520770213063117, 0.9398880278843649, 13.641958386689879], [-0.1186474960482834, -0.959518547331875, -0.2554350371902321, 52.27663078114521], [0.0, 0.0, 0.0, 1.0]]}, {"class": "Pineapple", "pose": [[-0.1561542429295915, -0.1539005277996866, 0.9756692846572236, 40.951865044916005], [-0.9545523597420033, -0.2303620475305907, -0.18911143750951295, 32.05461592130763], [0.2538614961153154, -0.9608580016370704, -0.11093408266571596, 44.571540745054214], [0.0, 0.0, 0.0, 1.0]]}, {"class": "Cherries", "pose": [[0.24444060117060384, -0.09888625330589701, 0.9646089230729462, 31.652876695173436], [-0.9341149537845224, -0.29090419381282784, 0.20689132259878618, 42.79985148093528], [0.26015005679395664, -0.9516282893337495, -0.1634798951143421, 42.29351761256478], [0.0, 0.0, 0.0, 1.0]]}, {"class": "PeasAndCarrots", "pose": [[-0.21677371264561532, -0.10898999590516868, 0.970118761474029, 26.583847832603595], [-0.9456024993025439, -0.22349263281968007, -0.23640425676484658, 27.55239810340179], [0.24258006549249947, -0.9685929829238281, -0.054613867040817596, 43.23379878474872], [0.0, 0.0, 0.0, 1.0]]}, {"class": "BBQSauce", "pose": [[0.34578761697086036, -0.11463144166446577, 0.9312843978060718, 20.613417238225487], [-0.9032748296897125, -0.3093573730862077, 0.29730895377477823, -0.36836213838223886], [0.2540187278532322, -0.9440115417442512, -0.2105156150271184, 50.53268811649353], [0.0, 0.0, 0.0, 1.0]]}, {"class": "Raisins", "pose": [[-0.0798809430968286, -0.8944534756946593, -0.4399682804625565, 9.402929602286203], [-0.26145397143870946, -0.4071246291959529, 0.875152200105451, -8.95731272411886], [-0.9619048794549919, 0.18493940472649772, -0.201336903415296, 57.035309585429815], [0.0, 0.0, 0.0, 1.0]]}, {"class": "Ketchup", "pose": [[0.1241610497322333, -0.1854624410118724, 0.9747757638394494, 17.120296324370983], [-0.9578374728173837, -0.27891789613483214, 0.06893619594200137, 8.994283179305306], [0.25909730953463683, -0.942235976884132, -0.21227359061808138, 48.58001285143195], [0.0, 0.0, 0.0, 1.0]]}, {"class": "AlphabetSoup", "pose": [[0.5805708568705539, -0.09352412877750346, 0.8088206170434047, 5.3771345063458655], [-0.802896491919811, -0.230782856671234, 0.5496330708372205, 6.140063377286276], [0.1352579723414046, -0.9685002077515107, -0.20907596160282682, 54.17997572044572], [0.0, 0.0, 0.0, 1.0]]}, {"class": "Mayo", "pose": [[0.5997464381115535, 0.7873679585967079, -0.14267438737640087, -4.188772466777668], [0.7664235416741999, -0.6164822764422191, -0.18040114697147072, 5.179719558882512], [-0.22999827923135716, -0.0011540615819265402, -0.9731904176004067, 57.0216178402832], [0.0, 0.0, 0.0, 1.0]]}, {"class": "SaladDressing", "pose": [[0.7811797271147672, -0.17358914892303137, 0.5996875139491816, 11.478822824889146], [-0.6236739607467642, -0.2602078953471186, 0.7371042382959782, 14.208934577808208], [0.02809013104720274, -0.9498204062602144, -0.31153213254206524, 47.73262922559849], [0.0, 0.0, 0.0, 1.0]]}, {"class": "Mustard", "pose": [[-0.663544116964213, -0.023534483194023827, 0.7477669463198061, 5.208607484500144], [-0.7259809249496657, -0.2211897984099747, -0.6511733915916792, 20.37545296810348], [0.18072341318125282, -0.9749468392484778, 0.12968360645932023, 45.64586163443147], [0.0, 0.0, 0.0, 1.0]]}, {"class": "Cookies", "pose": [[0.9430640314741088, -0.32414707695605066, 0.07455855488220285, 25.418144401661586], [0.2982685565109788, 0.9233703102409753, 0.24170882191340962, 28.724902247561335], [-0.14719433269061138, -0.2057084082858296, 0.9674802366979128, 47.838249204792746], [0.0, 0.0, 0.0, 1.0]]}, {"class": "Parmesan", "pose": [[-0.32775750162082, -0.15615457210211664, 0.9317675905548319, 9.767667283707787], [-0.8978983539068993, -0.2552770039007707, -0.3586254502390389, 31.0243130719561], [0.29385981243980697, -0.9541747983394594, -0.05654196727624342, 45.65167032268419], [0.0, 0.0, 0.0, 1.0]]}, {"class": "CreamCheese", "pose": [[0.015469457234974353, -0.049628382497721, 0.9986479823286034, -0.6000938467201122], [-0.9750698864152599, -0.22186053405032863, 0.004078757833418301, 29.688996470791075], [0.22135812780214184, -0.9738146983625089, -0.051823177496577603, 48.98654288335626], [0.0, 0.0, 0.0, 1.0]]}, {"class": "Milk", "pose": [[0.06877014927007101, -0.10298680523524577, 0.9923026038372991, 14.268479978590662], [-0.9649354087967686, -0.2594297515277267, 0.039948430518632894, 38.13396025627155], [0.2533186343614604, -0.9602552080057059, -0.11721661230362052, 38.32253379196814], [0.0, 0.0, 0.0, 1.0]]}, {"class": "ChocolatePudding", "pose": [[0.6636272074554735, -0.13469718679031353, 0.7358367145373346, -6.550366059798246], [-0.7315661926627521, -0.32229927544515424, 0.6007779115687262, 16.8635624122795], [0.15623654407585313, -0.9370058635141418, -0.3124264445467529, 53.73612040149437], [0.0, 0.0, 0.0, 1.0]]}, {"class": "Yogurt", "pose": [[0.43321192132747915, -0.05245348065979851, 0.8997644895481814, 38.721881424899415], [-0.8764605072493099, -0.25723851112332774, 0.40699550839752774, 21.19331273342482], [0.21010573584499104, -0.9649233755443639, -0.1574121606162582, 47.91773812112462], [0.0, 0.0, 0.0, 1.0]]}]}