{"camera": {"camera": "RealSense D415", "extrinsics": [[-0.17277308, 0.98297703, -0.062494863, 0.21618861], [0.9573245, 0.15266205, -0.24540593, -0.56330615], [-0.2316878, -0.102227405, -0.9674039, 0.36746538], [0.0, 0.0, 0.0, 1.0]], "height": 480, "intrinsics": [[603.0301, 0.0, 326.28275], [0.0, 603.81976, 245.73769], [0.0, 0.0, 1.0]], "width": 640}, "objects": [{"class": "MacaroniAndCheese", "pose": [[-0.4122794158373072, -0.08077292156407491, 0.9074698034923216, 47.155845722172685], [-0.8638967300963809, -0.2816584641009082, -0.4175535149141606, 9.164306220682118], [0.2893235510876944, -0.9561089227635537, 0.04634254811243205, 46.61173469096787], [0.0, 0.0, 0.0, 1.0]]}, {"class": "OrangeJuice", "pose": [[-0.901002415364392, -0.09358896963636341, -0.42359860493334306, 36.86885619976377], [0.4327791803000966, -0.26132115630016534, -0.8627939631550463, -5.463182583495685], [-0.02994730276013994, -0.9607041096875681, 0.2759543329147735, 49.754267914152784], [0.0, 0.0, 0.0, 1.0]]}, {"class": "TomatoSauce", "pose": [[0.9043929409352582, -0.031736334352333494, -0.4255187884217286, 21.299092225651716], [0.4129092410046495, -0.1863955806176965, 0.8914946072227427, -6.8275898437348825], [-0.10760756337784835, -0.9819620752376739, -0.15547062830784789, 56.87175967522657], [0.0, 0.0, 0.0, 1.0]]}, {"class": "Mushrooms", "pose": [[0.9990053313487831, -0.030462235402582822, -0.03256418250970029, 21.852625176545708], [0.02227239648798843, -0.29178538618697003, 0.9562244596591711, 14.367337145832826], [-0.03863045773666002, -0.9559986217968945, -0.29081668457143833, 53.75658552135736], [0.0, 0.0, 0.0, 1.0]]}, {"class": "Pineapple", "pose": [[-0.34522112983823044, -0.1144733461763096, 0.9315139560736352, 39.802497386476], [-0.902719466909073, -0.2310236987259454, -0.36294021984130337, 29.683190845959917], [0.25674876526844725, -0.9661904229238095, -0.02358303099831046, 46.97249975071257], [0.0, 0.0, 0.0, 1.0]]}, {"class": "Cherries", "pose": [[0.050676131539951534, -0.07216815169500246, 0.9961042683397213, 32.80185397728857], [-0.9535525165152605, -0.30003458869947275, 0.02677372442195668, 41.82771768493511], [0.2969335199662487, -0.9511945280840869, -0.08402068573258098, 43.713341091718284], [0.0, 0.0, 0.0, 1.0]]}, {"class": "PeasAndCarrots", "pose": [[-0.4021286633973229, -0.06858307582624446, 0.9130109121012936, 25.01555225671297], [-0.8835245090861298, -0.2324988814503983, -0.40660632122053947, 27.76243069962655], [0.2401603106749764, -0.9701755813810883, 0.03289966011978657, 44.49129833972727], [0.0, 0.0, 0.0, 1.0]]}, {"class": "BBQSauce", "pose": [[0.15607398032969538, -0.0915379702158638, 0.9834946560629341, 13.552678320118117], [-0.941420944751589, -0.31513602470540564, 0.12006614511999127, 1.602744461099248], [0.2989439839278731, -0.9446216776120998, -0.13536026679298155, 51.75504373511187], [0.0, 0.0, 0.0, 1.0]]}, {"class": "Raisins", "pose": [[-0.047410161217900246, -0.9650538164689109, -0.2577274408432712, 0.49180654887162056], [-0.2747839817698787, -0.23546201718139417, 0.932229258452893, -4.63892389260735], [-0.9603364334374873, 0.11501648216358407, -0.2540180399320283, 57.42817204061018], [0.0, 0.0, 0.0, 1.0]]}, {"class": "Ketchup", "pose": [[-0.07142158066544149, -0.15565142958784314, 0.9852266826035775, 11.969103681989639], [-0.95555895574797, -0.2725596170606696, -0.11233132121390485, 11.367116229971908], [0.28601753013727876, -0.9494650702944183, -0.12926745109506727, 49.34189329557866], [0.0, 0.0, 0.0, 1.0]]}, {"class": "AlphabetSoup", "pose": [[0.41390926917947274, -0.054738602976213274, 0.9086709129619298, -0.5101170007206057], [-0.8883178427732289, -0.24241270574998, 0.3900352276266364, 10.830572709515074], [0.19892339771078776, -0.968627787867439, -0.14896211458574468, 53.96673561846558], [0.0, 0.0, 0.0, 1.0]]}, {"class": "Mayo", "pose": [[0.7443605611536094, 0.6612013581933892, -0.09348874132129784, -10.291027591709973], [0.6396968432890446, -0.7462080693035585, -0.18428633829005867, 11.678846805028165], [-0.19161240453665776, 0.07737104388322613, -0.9784162862318518, 55.99601633049449], [0.0, 0.0, 0.0, 1.0]]}, {"class": "SaladDressing", "pose": [[0.6514736601247132, -0.14003397593951947, 0.7456356895815944, 7.444260590542603], [-0.7512151307411244, -0.25651689987601095, 0.6081734094085889, 17.469825552713292], [0.1061032291317048, -0.9563417782734007, -0.2723096198527037, 47.920765715768844], [0.0, 0.0, 0.0, 1.0]]}, {"class": "Mustard", "pose": [[-0.795646560649445, 0.016123816278482087, 0.6055465291014944, 2.5744736299901954], [-0.5902195522603731, -0.2456202752377625, -0.7689678465383075, 24.579405234558905], [0.1363357817193181, -0.9692320282203266, 0.20494353188750294, 45.19400980672364], [0.0, 0.0, 0.0, 1.0]]}, {"class": "Cookies", "pose": [[0.9900876834649688, -0.13515842501228853, 0.03819168797929973, 23.710594901859857], [0.12101251823504952, 0.9589406358335196, 0.2564933056937099, 29.27496854845064], [-0.07129076302875001, -0.24932918852362365, 0.9657911803410497, 48.957158502613474], [0.0, 0.0, 0.0, 1.0]]}, {"class": "Parmesan", "pose": [[-0.5065126842494424, -0.12170263997983179, 0.8536002541868785, 8.957637621744109], [-0.8151991909729239, -0.25490739593992046, -0.5200696943874827, 34.24361458686145], [0.2808828530031545, -0.9592761422088066, 0.029901957217325147, 45.39785411378794], [0.0, 0.0, 0.0, 1.0]]}, {"class": "CreamCheese", "pose": [[-0.17802125108668143, -0.009670226160030007, 0.9839791393719114, -1.7167318612352682], [-0.9544534878234089, -0.2416084730769686, -0.17505391685768706, 34.881802253733184], [0.23943049715571815, -0.970325644132766, 0.03378168938535542, 47.856606348884725], [0.0, 0.0, 0.0, 1.0]]}, {"class": "Milk", "pose": [[-0.12653324624794718, -0.06983232168974428, 0.9895012937196777, 15.241553824692284], [-0.9528943106679792, -0.26863509213150166, -0.14081054101226687, 40.194558682724534], [0.27564788863624184, -0.9607073753011148, -0.032551523774683455, 38.35375762244116], [0.0, 0.0, 0.0, 1.0]]}, {"class": "ChocolatePudding", "pose": [[0.5064577722196751, -0.11410345966960674, 0.8546817836371904, -10.240129634508527], [-0.8322172324678643, -0.324069772734359, 0.44988137199877476, 23.48119201697164], [0.22564352014673011, -0.9391268349250967, -0.2590864931002597, 52.3101167731354], [0.0, 0.0, 0.0, 1.0]]}, {"class": "Yogurt", "pose": [[0.25015839831289616, -0.019518829742521164, 0.9680081698366744, 35.39306243192317], [-0.932026117229915, -0.2756086019653706, 0.23530236677962377, 19.507285906544304], [0.26219855316705215, -0.961071764999847, -0.08713783566747367, 50.31100387464963], [0.0, 0.0, 0.0, 1.0]]}]}