{"camera": {"camera": "RealSense D415", "extrinsics": [[-0.14631058, 0.98702073, -0.06620652, 0.20073527], [0.96142447, 0.12611918, -0.2444523, -0.5658603], [-0.23292957, -0.09941853, -0.96739846, 0.36761808], [0.0, 0.0, 0.0, 1.0]], "height": 480, "intrinsics": [[603.0301, 0.0, 326.28275], [0.0, 603.81976, 245.73769], [0.0, 0.0, 1.0]], "width": 640}, "objects": [{"class": "MacaroniAndCheese", "pose": [[-0.43618890631564505, -0.08548505937081835, 0.8957854614784209, 47.331330897135935], [-0.8522680482853733, -0.28019131404414976, -0.4417374841760369, 8.207638539591745], [0.288753237434936, -0.9561303187713553, 0.049360177303343536, 46.65307606547442], [0.0, 0.0, 0.0, 1.0]]}, {"class": "OrangeJuice", "pose": [[-0.8889598800708636, -0.09773656601904265, -0.44743485073447087, 36.64590120573536], [0.45679773141584284, -0.25952098850010613, -0.8508729003919367, -6.135627179799085], [-0.03295735823039199, -0.9607790980671099, 0.2753495650300001, 49.77612395121981], [0.0, 0.0, 0.0, 1.0]]}, {"class": "TomatoSauce", "pose": [[0.9154718295391545, -0.03383112317758112, -0.400957397723697, 21.02414994367423], [0.3883785572308831, -0.18630164588504103, 0.9024709394456466, -7.075368090842566], [-0.10523059852170102, -0.9819099767848506, -0.15741462553247754, 56.84829680157175], [0.0, 0.0, 0.0, 1.0]]}, {"class": "Mushrooms", "pose": [[0.999352882608139, -0.03546509478703283, -0.006007781547920552, 22.156007222225995], [-0.004600410178319694, -0.29166578078395555, 0.9565092326088637, 14.094418073904913], [-0.035674927382223186, -0.9558626210865867, -0.2916401804829717, 53.71864844055032], [0.0, 0.0, 0.0, 1.0]]}, {"class": "Pineapple", "pose": [[-0.37010172372520955, -0.11778327915957744, 0.9214943643943916, 40.53076788710599], [-0.8929052775018165, -0.22867815214268292, -0.38784851638511225, 28.916920431809068], [0.2564076768245434, -0.9663505875858768, -0.02053511247250077, 46.97634018147728], [0.0, 0.0, 0.0, 1.0]]}, {"class": "Cherries", "pose": [[0.02416682090857071, -0.07739155580088139, 0.9967078620250114, 33.86852650125384], [-0.9543195791037656, -0.2987877854654179, -6.095902858820182e-05, 41.24235115872317], [0.2978088407786347, -0.9511763559415943, -0.08107700017971448, 43.68712242191046], [0.0, 0.0, 0.0, 1.0]]}, {"class": "PeasAndCarrots", "pose": [[-0.42642387442053264, -0.07193762150350297, 0.9016583101714198, 25.704957271154154], [-0.8722027222456038, -0.2313887199423315, -0.43095437706435963, 27.391929791643765], [0.23963537213319736, -0.9701980685629141, 0.03592550466958127, 44.45261765533282], [0.0, 0.0, 0.0, 1.0]]}, {"class": "BBQSauce", "pose": [[0.12984611250329212, -0.09717936074456844, 0.986760461954998, 13.522128806918756], [-0.945021577632391, -0.3133579868682424, 0.09349327994670993, 1.5556798795449023], [0.30012364591409113, -0.944649669939755, -0.13252488050300654, 51.70213926095788], [0.0, 0.0, 0.0, 1.0]]}, {"class": "Raisins", "pose": [[-0.05193733748101666, -0.9713659589899903, -0.23184205195653568, 0.28160984471842787], [-0.274218959466407, -0.20935989146555375, 0.9386013006782021, -4.328161835430954], [-0.9602637801029631, 0.11232390918509588, -0.25549336146783386, 57.34113314121263], [0.0, 0.0, 0.0, 1.0]]}, {"class": "Ketchup", "pose": [[-0.0979079558800664, -0.16011143960298763, 0.9822313421227322, 12.208544818685967], [-0.953055051953959, -0.2690790042280916, -0.13886166119118584, 11.35702948018512], [0.2865311568645387, -0.9497162078714013, -0.1262500152816679, 49.2768549714856], [0.0, 0.0, 0.0, 1.0]]}, {"class": "AlphabetSoup", "pose": [[0.38930910201884145, -0.05836907524382399, 0.9192559624528098, -0.29419155547977804], [-0.8989469605517909, -0.24166951120939623, 0.3653631248314877, 11.159748280125958], [0.2008302306791623, -0.9686015439399842, -0.14655481305238713, 53.864955035502085], [0.0, 0.0, 0.0, 1.0]]}, {"class": "Mayo", "pose": [[0.761837848330934, 0.6406871834861924, -0.09551479535443898, -10.054738476869138], [0.6193119281068947, -0.7636327409285598, -0.18253157591654048, 12.272127988375924], [-0.1898838372780079, 0.07990601924099244, -0.97854953994983, 55.86447961642962], [0.0, 0.0, 0.0, 1.0]]}, {"class": "SaladDressing", "pose": [[0.6307436737033217, -0.1440484475977775, 0.7625041070004055, 7.853478983494642], [-0.7683525557309279, -0.2534673323422336, 0.5876977667621205, 17.577872663082662], [0.10861293876282697, -0.956558630827882, -0.27055288028105934, 47.83762546062774], [0.0, 0.0, 0.0, 1.0]]}, {"class": "Mustard", "pose": [[-0.8116128175752386, 0.012383091221995542, 0.5840645030850175, 3.1844976688411633], [-0.5685214985844471, -0.24677972377977606, -0.7847821844936295, 24.81338948688281], [0.13441721785069694, -0.9689925051057561, 0.2073296464583318, 45.09098092905196], [0.0, 0.0, 0.0, 1.0]]}, {"class": "Cookies", "pose": [[0.9931872576688405, -0.10861414148760676, 0.04221480590663836, 24.427914315790893], [0.09431610850115614, 0.9620148949277563, 0.2561870744874839, 28.94272684936041], [-0.06843678258255705, -0.2504601923805216, 0.9657049987076, 48.91342271934956], [0.0, 0.0, 0.0, 1.0]]}, {"class": "Parmesan", "pose": [[-0.5290547473737319, -0.12567190508464568, 0.8392304194428905, 9.824322552940554], [-0.8010641819972033, -0.2523532385041093, -0.5427835874985165, 34.30283502393156], [0.2799951365980246, -0.959439665715714, 0.03283743350444888, 45.306458481977174], [0.0, 0.0, 0.0, 1.0]]}, {"class": "CreamCheese", "pose": [[-0.2043013972608314, -0.013290538835522135, 0.9788178334191262, -0.8362687445632427], [-0.9491260007733728, -0.24207748799959655, -0.20139098286633983, 35.22956273923612], [0.2396263392464905, -0.9701659141605521, 0.03684239740752484, 47.73295422917812], [0.0, 0.0, 0.0, 1.0]]}, {"class": "Milk", "pose": [[-0.15289729025679355, -0.07418504639845697, 0.9854537269134285, 16.28660101490912], [-0.948919845610181, -0.2674703655626248, -0.16736407521647734, 40.0769267537479], [0.27599556377640555, -0.9607061132404798, -0.029500143465769322, 38.27656096124397], [0.0, 0.0, 0.0, 1.0]]}, {"class": "ChocolatePudding", "pose": [[0.48325182339673634, -0.11999281282859242, 0.8672193784837774, -9.675944593383981], [-0.8453298982795227, -0.3216778015780382, 0.4265451424723672, 24.06574448456379], [0.22778287409285655, -0.9392151900981426, -0.2568848665556107, 52.16976366760863], [0.0, 0.0, 0.0, 1.0]]}, {"class": "Yogurt", "pose": [[0.22425706703036213, -0.024076169926021667, 0.9742325986607151, 35.83974322499904], [-0.9381880565448718, -0.27579303334271693, 0.2091443923137764, 18.865930651867313], [0.2636511616715022, -0.9609154963433294, -0.08443648229827086, 50.3094563180169], [0.0, 0.0, 0.0, 1.0]]}]}