{"camera": {"camera": "RealSense D415", "extrinsics": [[-0.10348176, 0.99225867, -0.06866008, 0.17277095], [0.96708924, 0.08424393, -0.24008606, -0.5713069], [-0.23244329, -0.09124496, -0.9683204, 0.36624357], [0.0, 0.0, 0.0, 1.0]], "height": 480, "intrinsics": [[603.0301, 0.0, 326.28275], [0.0, 603.81976, 245.73769], [0.0, 0.0, 1.0]], "width": 640}, "objects": [{"class": "MacaroniAndCheese", "pose": [[-0.4742949161104294, -0.0895288077852194, 0.8758018696889572, 47.17874572734569], [-0.8333814782525701, -0.27499001013203256, -0.47943276531325113, 6.4337755901484055], [0.2837598009169948, -0.9572695807821071, 0.05581473886493405, 46.84660232956654], [0.0, 0.0, 0.0, 1.0]]}, {"class": "OrangeJuice", "pose": [[-0.8684767948169387, -0.10085392144073534, -0.4853622700796145, 35.86923989544798], [0.4941670400355633, -0.2538118484746151, -0.8314917032292942, -7.447265270664161], [-0.039331521178069095, -0.9619812868516822, 0.27026837619441046, 49.85872356576313], [0.0, 0.0, 0.0, 1.0]]}, {"class": "TomatoSauce", "pose": [[0.9319533197668914, -0.0337292951502798, -0.3610060030615207, 20.16474892854402], [0.3493119008103955, -0.18334217337532885, 0.9188943431303779, -7.732781743783418], [-0.09718126131966576, -0.9824703265153605, -0.15908431709910323, 56.80316588436561], [0.0, 0.0, 0.0, 1.0]]}, {"class": "Mushrooms", "pose": [[0.9985141435118114, -0.04004467469880937, 0.03695834219028781, 22.21935562244728], [-0.046969178854221756, -0.2885778211678586, 0.9563036692340652, 13.374174290380946], [-0.027629485294306082, -0.9566186416098266, -0.29002990543856955, 53.71923481373327], [0.0, 0.0, 0.0, 1.0]]}, {"class": "Pineapple", "pose": [[-0.409731225750034, -0.11952777466939102, 0.9043414308491415, 41.26074891064812], [-0.876742770706333, -0.22213817812211784, -0.4265872879699223, 27.412605442223146], [0.2518777809970053, -0.9676609459508293, -0.013778138601953092, 47.15075811128869], [0.0, 0.0, 0.0, 1.0]]}, {"class": "Cherries", "pose": [[-0.01877344907091515, -0.08227228481531505, 0.9964330477174886, 35.15450373948149], [-0.954895350115537, -0.2939201045618629, -0.042258879360838844, 40.01426367127604], [0.29634844460754384, -0.9522826293588648, -0.07304350198217215, 43.829217770605275], [0.0, 0.0, 0.0, 1.0]]}, {"class": "PeasAndCarrots", "pose": [[-0.46498597482151904, -0.0738087072365351, 0.8822359705757127, 26.404569089082248], [-0.853644892923783, -0.2267871208232618, -0.4688901460220775, 26.521824318420418], [0.23468792352776438, -0.9711435728696663, 0.04244642983727983, 44.505035592537325], [0.0, 0.0, 0.0, 1.0]]}, {"class": "BBQSauce", "pose": [[0.08718292330844238, -0.10271294425215492, 0.9908830298217677, 13.077813983619205], [-0.9500949804049479, -0.30764618161596946, 0.051704212296529814, 1.2160387012885132], [0.2995306958793812, -0.9459407181099567, -0.12440852072668017, 51.61161432125342], [0.0, 0.0, 0.0, 1.0]]}, {"class": "Raisins", "pose": [[-0.0557253901284608, -0.9802558441610835, -0.18971860927538653, -0.4458395362638812], [-0.27044142806347105, -0.16809187967650654, 0.9479485874226373, -4.108221551567337], [-0.9611223003326496, 0.10413255187900043, -0.25573481465026826, 57.13359053810875], [0.0, 0.0, 0.0, 1.0]]}, {"class": "Ketchup", "pose": [[-0.14058894408902953, -0.1636660233280544, 0.9764467069073597, 12.20109847870331], [-0.9484343694960248, -0.26072871831890243, -0.1802574620514366, 11.067652504896397], [0.28408972166571755, -0.9514378258271379, -0.1185708801139127, 49.192723366909924], [0.0, 0.0, 0.0, 1.0]]}, {"class": "AlphabetSoup", "pose": [[0.3491654561659947, -0.06070208837745116, 0.935092899400548, -0.3356038704496217], [-0.9149390009893537, -0.23763681839936782, 0.32621363771674877, 11.394953296056777], [0.20241066629137375, -0.9694554970353813, -0.13851325359375427, 53.67958820478959], [0.0, 0.0, 0.0, 1.0]]}, {"class": "Mayo", "pose": [[0.7889506141738138, 0.6070334108294223, -0.09522266722726297, -10.056071859641877], [0.586675431246659, -0.7902508889424642, -0.17696169449899665, 12.91790106428985], [-0.18267144097424173, 0.08374925809853746, -0.979600513679991, 55.602317898950695], [0.0, 0.0, 0.0, 1.0]]}, {"class": "SaladDressing", "pose": [[0.5966656980995356, -0.14689993641551036, 0.7889299355550071, 8.125785446638957], [-0.7945839680670019, -0.2458035578540399, 0.5551728551180778, 17.469739610922375], [0.1123669475884264, -0.9581236802878138, -0.2633868682056089, 47.729175473248944], [0.0, 0.0, 0.0, 1.0]]}, {"class": "Mustard", "pose": [[-0.8360731307509709, 0.00977031522044593, 0.5485309934717254, 3.79053036462742], [-0.5337413484300406, -0.2457452833030363, -0.8091535077679375, 24.90071485990445], [0.1268932006170124, -0.9692851769403454, 0.21067586805958113, 44.95747669280513], [0.0, 0.0, 0.0, 1.0]]}, {"class": "Cookies", "pose": [[0.9968181365225738, -0.06565306467848847, 0.045202517853536774, 25.158293692256372], [0.052165028195758224, 0.966103128284528, 0.2528310221767655, 28.119275146453337], [-0.060269399725142454, -0.24966856449594327, 0.9664539137181186, 48.95807258632457], [0.0, 0.0, 0.0, 1.0]]}, {"class": "Parmesan", "pose": [[-0.5648299425738139, -0.12846987368155954, 0.8151457644805746, 10.825108009923829], [-0.7782696078246428, -0.24546657030210622, -0.577964143198661, 34.09944198864622], [0.2743420049390014, -0.9608546301801791, 0.03866269479904012, 45.2428037668606], [0.0, 0.0, 0.0, 1.0]]}, {"class": "CreamCheese", "pose": [[-0.24633526506140832, -0.015670256917750737, 0.9690579807511897, 0.19408927797928688], [-0.9399277631240138, -0.23995583502036139, -0.2428105594308754, 35.47452252843968], [0.23633601929533596, -0.9706573027245274, 0.04438070113173499, 47.58491810592596], [0.0, 0.0, 0.0, 1.0]]}, {"class": "Milk", "pose": [[-0.19526585368034316, -0.07766233794957968, 0.9776705976314345, 17.583492544590225], [-0.9419540764347585, -0.26275390632953183, -0.20900448085932755, 39.60370482299518], [0.273118545081586, -0.9617322437420912, -0.021847463493136616, 38.275167191205654], [0.0, 0.0, 0.0, 1.0]]}, {"class": "ChocolatePudding", "pose": [[0.44507684989003443, -0.12590230481455278, 0.8865975395615877, -9.14713213297372], [-0.8653953546158714, -0.3149975670081462, 0.38970165949221036, 24.68989529086545], [0.23021174682232165, -0.9407045806512749, -0.2491533735442634, 51.931108695367556], [0.0, 0.0, 0.0, 1.0]]}, {"class": "Yogurt", "pose": [[0.18209197685963574, -0.02795174747172596, 0.982884124197222, 36.120494981976115], [-0.9472249958733776, -0.2731958782698801, 0.1677163966694739, 17.56521713339537], [0.2638319348382007, -0.9615522198766754, -0.07622334676155303, 50.42863836748486], [0.0, 0.0, 0.0, 1.0]]}]}