{"camera": {"camera": "RealSense D415", "extrinsics": [[-0.06614352, 0.995064, -0.07397695, 0.15063906], [0.9699278, 0.046714313, -0.23886777, -0.5734021], [-0.23423295, -0.087551855, -0.9682301, 0.36630088], [0.0, 0.0, 0.0, 1.0]], "height": 480, "intrinsics": [[603.0301, 0.0, 326.28275], [0.0, 603.81976, 245.73769], [0.0, 0.0, 1.0]], "width": 640}, "objects": [{"class": "MacaroniAndCheese", "pose": [[-0.5063838812513742, -0.09618576312136558, 0.8569268482782202, 47.29690341379047], [-0.814499582605624, -0.27294445103389, -0.511948969957173, 5.070595010898204], [0.28313562111739554, -0.9572092753459172, 0.05987144009496617, 46.87555793678023], [0.0, 0.0, 0.0, 1.0]]}, {"class": "OrangeJuice", "pose": [[-0.8491150901385298, -0.10668816627691424, -0.5173211366201786, 35.461844079936846], [0.526423378699102, -0.2513627612644429, -0.812216214972142, -8.370406605597713], [-0.04338144400348295, -0.9619949944413086, 0.2695990487351019, 49.86419258328883], [0.0, 0.0, 0.0, 1.0]]}, {"class": "TomatoSauce", "pose": [[0.9447967092689991, -0.03688273387777725, -0.3255745715111433, 19.731546959793405], [0.31385341810784695, -0.18350051368588408, 0.9315704936687185, -8.053966857970485], [-0.09410193823723667, -0.9823274364715605, -0.16179492843734566, 56.748627523308535], [0.0, 0.0, 0.0, 1.0]]}, {"class": "Mushrooms", "pose": [[0.9961375835207564, -0.04725068781571002, 0.07400842328315414, 22.59045296429232], [-0.08454025169133672, -0.2883830154446054, 0.9537757459183888, 12.955849675116038], [-0.02372375311749019, -0.9563485643848559, -0.2912637516579758, 53.64219747422732], [0.0, 0.0, 0.0, 1.0]]}, {"class": "Pineapple", "pose": [[-0.4433769902318643, -0.12413552363337248, 0.8876976826733808, 42.17125797654555], [-0.8603093201009445, -0.219018104480011, -0.460324814573982, 26.25764719959912], [0.2515645185403078, -0.9677920307658743, -0.009687326281387118, 47.12672807226926], [0.0, 0.0, 0.0, 1.0]]}, {"class": "Cherries", "pose": [[-0.05580747662545619, -0.08966550585541794, 0.9944071510859517, 36.55605968753542], [-0.9530424627195916, -0.29212618516590055, -0.07982698446597139, 39.07480206040754], [0.2976501016441634, -0.9521671910776468, -0.06915217508767275, 43.763583263710295], [0.0, 0.0, 0.0, 1.0]]}, {"class": "PeasAndCarrots", "pose": [[-0.49765813887738786, -0.07861086902266039, 0.8638036047615727, 27.30220766004208], [-0.835176573650366, -0.2253890609166195, -0.5016770408339398, 25.922141603326743], [0.23412914209717625, -0.9710922059223754, 0.04651277792704805, 44.42521181835549], [0.0, 0.0, 0.0, 1.0]]}, {"class": "BBQSauce", "pose": [[0.050241671214066655, -0.11063196695296827, 0.9925907020923715, 13.00601318031584], [-0.95222615836196, -0.30506357366891507, 0.014196852000197147, 1.1468664001507034], [0.30123265192517623, -0.9458841135203685, -0.12067352359465648, 51.51698285284141], [0.0, 0.0, 0.0, 1.0]]}, {"class": "Raisins", "pose": [[-0.062220803767368785, -0.9862731062759311, -0.1529506159969833, -0.7291887578144557], [-0.26967676550132214, -0.13093389343213976, 0.9540077300287366, -3.656155054905974], [-0.9609385945378235, 0.10060632300431258, -0.25782814313425517, 56.994608185527376], [0.0, 0.0, 0.0, 1.0]]}, {"class": "Ketchup", "pose": [[-0.1772463593771458, -0.1697554993147397, 0.9694156786737255, 12.509723824686972], [-0.94202322188072, -0.2558952468856817, -0.21704806682834346, 11.020640723678198], [0.2849139701956499, -0.9516830719165267, -0.11455708754899983, 49.080543284250226], [0.0, 0.0, 0.0, 1.0]]}, {"class": "AlphabetSoup", "pose": [[0.3137272434387211, -0.06592820549668904, 0.947221541120564, -0.022688810858831343], [-0.927103888736789, -0.23672141551207326, 0.2905879250454522, 11.826407215942004], [0.20506970252764242, -0.9693381309714135, -0.13538822342768472, 53.5187136123874], [0.0, 0.0, 0.0, 1.0]]}, {"class": "Mayo", "pose": [[0.8111501370762245, 0.576551148099374, -0.09810294727990558, -9.686188950571589], [0.5562924242618722, -0.8123923291638728, -0.1748068462036993, 13.716972292214734], [-0.18048314720606964, 0.08722069714235509, -0.9797031946755238, 55.40187131619649], [0.0, 0.0, 0.0, 1.0]]}, {"class": "SaladDressing", "pose": [[0.5659194670753835, -0.1524145682662383, 0.8102499094006853, 8.683728019671141], [-0.8162869834653658, -0.24162194575691096, 0.5246850361967599, 17.569168132721558], [0.11580454252463454, -0.9583259413172488, -0.26115256885947513, 47.59211674847402], [0.0, 0.0, 0.0, 1.0]]}, {"class": "Mustard", "pose": [[-0.8560362465817372, 0.004188095633539439, 0.5168987946510464, 4.641638545537255], [-0.5017116907666763, -0.24747478514414994, -0.8288797266920198, 25.153559037261253], [0.12444796571733527, -0.9688852638393431, 0.21394862803163128, 44.79306829654596], [0.0, 0.0, 0.0, 1.0]]}, {"class": "Cookies", "pose": [[0.9982960344419226, -0.028313753315625752, 0.05102272541918013, 26.10006154081867], [0.014535736767506321, 0.9674921050449315, 0.25248312871851264, 27.572397904088973], [-0.05651279530223536, -0.25131126304643064, 0.9662551004398207, 48.87111879645957], [0.0, 0.0, 0.0, 1.0]]}, {"class": "Parmesan", "pose": [[-0.5947450672947966, -0.1339746667830709, 0.7926720968391414, 12.016181767469467], [-0.7560361037111512, -0.24198279940783568, -0.6081560046000906, 34.08160049004822], [0.2732904981315118, -0.960986517733654, 0.042628423123654294, 45.09217215582614], [0.0, 0.0, 0.0, 1.0]]}, {"class": "CreamCheese", "pose": [[-0.2824161950894101, -0.021011274786028114, 0.959061822095727, 1.4356309481300484], [-0.9296205269457707, -0.24073463153225338, -0.27902061629427355, 35.85931956417694], [0.23674197193713947, -0.9703635036747031, 0.04845488161479424, 47.39142438285986], [0.0, 0.0, 0.0, 1.0]]}, {"class": "Milk", "pose": [[-0.23159882013895305, -0.0838505317682513, 0.9691909173898168, 19.003199135498324], [-0.9335081587166084, -0.26117047019307904, -0.24566744669123428, 39.316691278198824], [0.273723394438964, -0.9616439279221564, -0.01778834787413356, 38.14263680062565], [0.0, 0.0, 0.0, 1.0]]}, {"class": "ChocolatePudding", "pose": [[0.4113287183927702, -0.1341011460970619, 0.9015683709843105, -8.321109085438566], [-0.8811591557019637, -0.3115291462175, 0.355679806335325, 25.440610652602867], [0.23316777738282976, -0.9407265530731974, -0.24630531059277816, 51.71721935328725], [0.0, 0.0, 0.0, 1.0]]}, {"class": "Yogurt", "pose": [[0.14532600071805205, -0.03456902432820273, 0.9887797002319477, 36.651787333906285], [-0.9529849314247051, -0.2734746907733838, 0.13050404299862972, 16.615793968901137], [0.26589483914184076, -0.9612577920679382, -0.07268670992169068, 50.39901731883294], [0.0, 0.0, 0.0, 1.0]]}]}