{"camera": {"camera": "RealSense D415", "extrinsics": [[0.06547058, 0.99670583, -0.04786573, 0.04370628], [0.9729051, -0.07441964, -0.21890047, -0.58580863], [-0.22174151, -0.032237273, -0.9745724, 0.3582593], [0.0, 0.0, 0.0, 1.0]], "height": 480, "intrinsics": [[603.0301, 0.0, 326.28275], [0.0, 603.81976, 245.73769], [0.0, 0.0, 1.0]], "width": 640}, "objects": [{"class": "MacaroniAndCheese", "pose": [[-0.6167104249258435, -0.07463472475062308, 0.7836440429239704, 43.3197221978038], [-0.7491411550195988, -0.25010992505544444, -0.6133780241438616, -0.6764240475284233], [0.24177641700064068, -0.9653365400870721, 0.0983334703146646, 48.829341559938165], [0.0, 0.0, 0.0, 1.0]]}, {"class": "OrangeJuice", "pose": [[-0.7750716620425887, -0.08215127313119873, -0.626510305886904, 29.790071238847943], [0.6266331981107031, -0.22736236709456217, -0.7454107822621528, -12.597877845861666], [-0.08120843879218223, -0.970338845140542, 0.2277008078802662, 50.94797383687633], [0.0, 0.0, 0.0, 1.0]]}, {"class": "TomatoSauce", "pose": [[0.9797158434204225, -0.003585570630681759, -0.20035989168320983, 13.852569687356231], [0.19691001499087277, -0.16835113150272865, 0.9658594037312136, -10.426307665365547], [-0.0371939413571255, -0.9857205408823583, -0.16423023119386312, 56.96612835133583], [0.0, 0.0, 0.0, 1.0]]}, {"class": "Mushrooms", "pose": [[0.9782323048356087, -0.028064365864764344, 0.2056064821586653, 19.413087768397148], [-0.2054172550271615, -0.27142054770546753, 0.9402843627745469, 10.10497539357984], [0.029417365594777537, -0.9620515721978039, -0.27127722695108064, 54.361762330837934], [0.0, 0.0, 0.0, 1.0]]}, {"class": "Pineapple", "pose": [[-0.5580604997503107, -0.09518570293789373, 0.8243228960399518, 40.80023202255648], [-0.8020079918006591, -0.19307472493093508, -0.5652480667270638, 20.974906235813005], [0.2129594195936518, -0.9765560836114926, 0.03140770600967352, 49.14335211585269], [0.0, 0.0, 0.0, 1.0]]}, {"class": "Cherries", "pose": [[-0.18783957001844953, -0.07078730682460381, 0.9796456142344757, 36.982008550871335], [-0.9418411384946915, -0.2699913819364589, -0.20009989699404973, 34.41334470432598], [0.2786603798386557, -0.9602571342400175, -0.01595530251658786, 45.68644507408584], [0.0, 0.0, 0.0, 1.0]]}, {"class": "PeasAndCarrots", "pose": [[-0.6078186101607674, -0.05065931828587534, 0.7924583566182428, 26.17626055855027], [-0.7702667283975941, -0.20493011017115795, -0.6038980562370371, 22.48453986396205], [0.19299161103000864, -0.9774646961332323, 0.08553916479767149, 45.62768705036773], [0.0, 0.0, 0.0, 1.0]]}, {"class": "BBQSauce", "pose": [[-0.082847571397797, -0.09349028459028177, 0.9921672857748128, 8.599749920258253], [-0.9540250307585755, -0.2803281201587203, -0.10607747636679052, -0.42361756073709955], [0.2880495795852973, -0.9553406026599053, -0.065967533220653, 51.52440745782896], [0.0, 0.0, 0.0, 1.0]]}, {"class": "Raisins", "pose": [[-0.0403687647252254, -0.9989607673153048, -0.021161865712100353, -5.903473335554943], [-0.25098259213797053, -0.010362257367422538, 0.967936158702588, -3.5634672930142886], [-0.9671494461089819, 0.04438561474925045, -0.25030343370295927, 56.164132668446534], [0.0, 0.0, 0.0, 1.0]]}, {"class": "Ketchup", "pose": [[-0.3061298529093374, -0.14578155289000083, 0.9407615682816385, 9.444609310775624], [-0.9159438947581632, -0.22425039892637977, -0.33280412481604266, 9.459318460102562], [0.2594828311965877, -0.9635660096905719, -0.06487794781174433, 49.22489583363746], [0.0, 0.0, 0.0, 1.0]]}, {"class": "AlphabetSoup", "pose": [[0.18672753297384606, -0.039566347080486924, 0.9816146947602445, -3.126736604252045], [-0.9603864729942186, -0.21774349486454667, 0.17391273154045944, 11.74876747220801], [0.20685911369852972, -0.9752036828546569, -0.07865765605231212, 52.983577299793986], [0.0, 0.0, 0.0, 1.0]]}, {"class": "Mayo", "pose": [[0.8815871113422995, 0.46775156704670534, -0.06334597857426764, -12.579472249416751], [0.4546680052759503, -0.8775489207987094, -0.1522660232664337, 14.788305647474376], [-0.12681183178132904, 0.10543438150485474, -0.9863074030676359, 54.365880500901554], [0.0, 0.0, 0.0, 1.0]]}, {"class": "SaladDressing", "pose": [[0.4551344733179393, -0.1264889160054604, 0.8813927851340776, 6.532408011073887], [-0.880384306459069, -0.21214135413999227, 0.424169263457644, 16.44007037190045], [0.1333271534097753, -0.9690183462204953, -0.20791165835713504, 47.635852472213024], [0.0, 0.0, 0.0, 1.0]]}, {"class": "Mustard", "pose": [[-0.91628557927196, 0.028586710195216792, 0.3995042097143714, 3.605639042252615], [-0.3944851788075426, -0.23698896705757957, -0.8878162639038151, 24.487636088248543], [0.06929831330657986, -0.971091640616772, 0.22842660117893662, 44.74330017129954], [0.0, 0.0, 0.0, 1.0]]}, {"class": "Cookies", "pose": [[0.9942531409863288, 0.10362454609730064, 0.026883479052892553, 24.935337812078888], [-0.10704309952259593, 0.9660255519918869, 0.23523701452222667, 24.22736497473975], [-0.0015937700662534862, -0.23676281156374704, 0.9715661448334209, 50.02737583256538], [0.0, 0.0, 0.0, 1.0]]}, {"class": "Parmesan", "pose": [[-0.6966191773972089, -0.10810920962651592, 0.7092490372481349, 11.981680194317526], [-0.6802271006678408, -0.2147279534378773, -0.7008445211224593, 32.444293304691904], [0.22806330431477623, -0.9706720654075044, 0.07604481239129088, 45.58995632338852], [0.0, 0.0, 0.0, 1.0]]}, {"class": "CreamCheese", "pose": [[-0.4061360791440482, 0.004516274406453432, 0.9138014909399234, 1.583033175857617], [-0.8903278939032959, -0.22720608776426107, -0.39458038506563786, 35.47998762364336], [0.20583920239798176, -0.9738361992057977, 0.0962975737058883, 47.335698411206245], [0.0, 0.0, 0.0, 1.0]]}, {"class": "Milk", "pose": [[-0.35832890481965834, -0.060730596944786504, 0.9316180907037575, 19.932770048468008], [-0.9007451506012858, -0.23989041952620851, -0.3620922610962182, 36.85152312932162], [0.24547630558126624, -0.9688985148448471, 0.031256905776058316, 39.118702083151156], [0.0, 0.0, 0.0, 1.0]]}, {"class": "ChocolatePudding", "pose": [[0.2874517370664981, -0.1178238349353162, 0.9505204464605841, -9.59503487690576], [-0.926980889569706, -0.2839253777401412, 0.2451384415093631, 26.291442934024513], [0.24099371614865694, -0.9515796768917826, -0.19083524342338323, 50.951971710969936], [0.0, 0.0, 0.0, 1.0]]}, {"class": "Yogurt", "pose": [[0.013276380875226866, -0.013409418884621813, 0.9998219849338543, 33.97493219007187], [-0.9660652946868411, -0.25812819748346455, 0.009366179772397905, 12.049451380474318], [0.25795663323949175, -0.9660175823864404, -0.01638135272416455, 51.952144313908555], [0.0, 0.0, 0.0, 1.0]]}]}