{"camera": {"camera": "RealSense D415", "extrinsics": [[0.10035523, 0.99417925, -0.03919768, 0.024275802], [0.97118336, -0.10644158, -0.21324423, -0.5742459], [-0.21617524, -0.01666796, -0.9762123, 0.35684332], [0.0, 0.0, 0.0, 1.0]], "height": 480, "intrinsics": [[603.0301, 0.0, 326.28275], [0.0, 603.81976, 245.73769], [0.0, 0.0, 1.0]], "width": 640}, "objects": [{"class": "MacaroniAndCheese", "pose": [[-0.6443478597727029, -0.06710388902061855, 0.7617827475179209, 43.008274078066314], [-0.7298151594025988, -0.2436103537178227, -0.6387674628501137, -0.8621957541682712], [0.22844191457068838, -0.9675490284717171, 0.10799639391760824, 49.57488695448261], [0.0, 0.0, 0.0, 1.0]]}, {"class": "OrangeJuice", "pose": [[-0.7530644572685667, -0.07380185769064881, -0.6537945087957785, 29.069064895840597], [0.651668537866898, -0.22061157109465632, -0.7257125425276181, -12.349005281705017], [-0.09067571930207351, -0.9725656171427096, 0.21422905080628682, 51.422254237619114], [0.0, 0.0, 0.0, 1.0]]}, {"class": "TomatoSauce", "pose": [[0.9860250697286972, 0.006862440601636426, -0.16645575840690258, 13.114998695489122], [0.16531331015877113, -0.1641062484835429, 0.9724920008006989, -9.688470870427967], [-0.020642726895151686, -0.9864188255269656, -0.16294732400634987, 57.19522419214715], [0.0, 0.0, 0.0, 1.0]]}, {"class": "Mushrooms", "pose": [[0.9705029238740237, -0.021303500892209996, 0.24014638521745868, 19.375565105608654], [-0.23702573048861902, -0.2664273594628383, 0.9342565537069195, 10.662996168214821], [0.044078662159274404, -0.9636195716697235, -0.26361798983718676, 54.77473623054171], [0.0, 0.0, 0.0, 1.0]]}, {"class": "Pineapple", "pose": [[-0.5869759139464531, -0.08562262564302885, 0.8050640304696426, 41.183186833620425], [-0.7844302531308931, -0.18589561629920812, -0.5917026624429491, 20.857747788174162], [0.20032098089017197, -0.9788317758885524, 0.041951293836472836, 49.948578175824835], [0.0, 0.0, 0.0, 1.0]]}, {"class": "Cherries", "pose": [[-0.22256006337922046, -0.06398153554563019, 0.9728172654867745, 37.85622534313265], [-0.9364166324627347, -0.263626358193538, -0.23157088901910322, 34.426557301436176], [0.27127651498988287, -0.9625006831926606, -0.001240643823465957, 46.49323433877406], [0.0, 0.0, 0.0, 1.0]]}, {"class": "PeasAndCarrots", "pose": [[-0.635357184107917, -0.041492618815011914, 0.7711028867263036, 26.67397313201424], [-0.7510168007971321, -0.1991791907368742, -0.6295247873008504, 22.8533424650592], [0.1797082512283617, -0.9790843014647888, 0.095388295897058, 46.20695390470833], [0.0, 0.0, 0.0, 1.0]]}, {"class": "BBQSauce", "pose": [[-0.11818009808967213, -0.087082090952625, 0.9891664291625265, 8.275596619103636], [-0.9520237779185853, -0.2732444613703717, -0.13779779946130444, 0.5008836224323243], [0.2822839528600997, -0.9579949029749613, -0.050612130563408894, 51.71658425601691], [0.0, 0.0, 0.0, 1.0]]}, {"class": "Raisins", "pose": [[-0.032859111339727, -0.9993608545990278, 0.01407877226073359, -6.394114879320482], [-0.24558191587987757, 0.021727678774817096, 0.9691323302295517, -2.1878636650599526], [-0.9688187952169247, 0.02838730126824247, -0.24613889389859592, 56.10969128339887], [0.0, 0.0, 0.0, 1.0]]}, {"class": "Ketchup", "pose": [[-0.33963008950672535, -0.13739958045361259, 0.9304691334612508, 9.475460657197464], [-0.9066337567035669, -0.21547375745924655, -0.36274830665394603, 10.360715170159585], [0.2503331232580573, -0.9667949516063654, -0.051389696212410116, 49.47649198810517], [0.0, 0.0, 0.0, 1.0]]}, {"class": "AlphabetSoup", "pose": [[0.15232225128510896, -0.030856231384779765, 0.987849115745654, -3.074455054447186], [-0.9667563550916106, -0.21235335043863612, 0.14243681889105692, 13.039599446594075], [0.20537800082172514, -0.9767056894172741, -0.06217656284236587, 53.0445717959135], [0.0, 0.0, 0.0, 1.0]]}, {"class": "Mayo", "pose": [[0.8977105857822532, 0.43746678780780357, -0.05233129532996045, -12.445346405778942], [0.4264714757881032, -0.8926241022018837, -0.14609700693625463, 16.377183544650308], [-0.11062472874000022, 0.10883503178460756, -0.9878851943298556, 54.28983944697692], [0.0, 0.0, 0.0, 1.0]]}, {"class": "SaladDressing", "pose": [[0.4243173836436593, -0.11764140298196099, 0.8978392445051294, 6.815726081726433], [-0.8951647674324807, -0.20397193772942748, 0.39632755480131493, 17.438342304104857], [0.1365094867053634, -0.9718827145596096, -0.19185724147963407, 47.87340790717883], [0.0, 0.0, 0.0, 1.0]]}, {"class": "Mustard", "pose": [[-0.9295207732710977, 0.036566085438621554, 0.3669524549372876, 4.196805285131957], [-0.36496408990016566, -0.23380680961519001, -0.9011856810831189, 25.588030387632067], [0.05284311557590258, -0.9715952598498852, 0.2306735964560276, 44.97168639758565], [0.0, 0.0, 0.0, 1.0]]}, {"class": "Cookies", "pose": [[0.9901832895087522, 0.13850456337516878, 0.01880398450290014, 25.419185475488288], [-0.13909410883578915, 0.9631366518057037, 0.23026215877562095, 24.617293865558874], [0.013781585177912895, -0.23061724983147192, 0.9729469687082863, 50.594273769237944], [0.0, 0.0, 0.0, 1.0]]}, {"class": "Parmesan", "pose": [[-0.7217628268342929, -0.0993303681948437, 0.6849758758421735, 12.81021925062025], [-0.6583003950763704, -0.20714405114578593, -0.723693287826784, 33.26645381859794], [0.21377336580615586, -0.9732547871851582, 0.08411967202486957, 45.98864132418609], [0.0, 0.0, 0.0, 1.0]]}, {"class": "CreamCheese", "pose": [[-0.4378820362572676, 0.012870771461040197, 0.8989403296640404, 2.4880548269978946], [-0.8775812946880744, -0.22324039584160188, -0.42428155723107164, 36.629259462460176], [0.19521893983305533, -0.9746784712018591, 0.10904813265048328, 47.58218233017993], [0.0, 0.0, 0.0, 1.0]]}, {"class": "Milk", "pose": [[-0.3910798684676583, -0.05282205989968779, 0.9188397124627223, 21.002389465021515], [-0.8896996421980748, -0.23383077038760836, -0.39211957413637094, 37.44104883714059], [0.23556553787384532, -0.970841417865078, 0.044450766612312335, 39.665529666978834], [0.0, 0.0, 0.0, 1.0]]}, {"class": "ChocolatePudding", "pose": [[0.253508103688569, -0.11157633950832653, 0.9608768977124247, -9.037130794615056], [-0.9367617611078093, -0.27606925363934226, 0.2150888491985241, 27.791816339131426], [0.24126973916989386, -0.9546394867402715, -0.17450620403198747, 50.977131939167904], [0.0, 0.0, 0.0, 1.0]]}, {"class": "Yogurt", "pose": [[-0.02202206801061201, -0.006165796549005749, 0.9997384969104456, 34.02942454310448], [-0.9670391229832572, -0.25359915613063994, -0.02286581636270314, 12.145970291426256], [0.2536738130833587, -0.9672897734315471, -0.00037775519367509356, 52.6068467634129], [0.0, 0.0, 0.0, 1.0]]}]}