{"camera": {"camera": "RealSense D415", "extrinsics": [[0.097881444, 0.99490476, -0.024161713, 0.020150568], [0.97092587, -0.10079531, -0.21712512, -0.56580794], [-0.2184542, -0.0022067116, -0.9758447, 0.35946912], [0.0, 0.0, 0.0, 1.0]], "height": 480, "intrinsics": [[603.0301, 0.0, 326.28275], [0.0, 603.81976, 245.73769], [0.0, 0.0, 1.0]], "width": 640}, "objects": [{"class": "MacaroniAndCheese", "pose": [[-0.6433568584720096, -0.0520146457029196, 0.7637974302924867, 42.07278291657309], [-0.7326396845043522, -0.2476182149342259, -0.6339750644014036, 0.265283297583474], [0.2221061193257074, -0.9674604514778429, 0.12119890707419194, 50.192855196331266], [0.0, 0.0, 0.0, 1.0]]}, {"class": "OrangeJuice", "pose": [[-0.7553986954657659, -0.058771594578455794, -0.6526245442758822, 28.174359528269683], [0.6469908312838916, -0.22467722962822562, -0.7286446847962155, -11.294335224270913], [-0.10380628941680382, -0.9726592782696859, 0.2077455442723673, 51.8870136115102], [0.0, 0.0, 0.0, 1.0]]}, {"class": "TomatoSauce", "pose": [[0.9852625798736302, 0.02175812701681153, -0.16965941719062455, 12.12530160625256], [0.17089148819355965, -0.16776219787241267, 0.9709026800810807, -8.703785286609234], [-0.0073373837292889255, -0.9855873645273392, -0.16900810091732948, 57.423677977447205], [0.0, 0.0, 0.0, 1.0]]}, {"class": "Mushrooms", "pose": [[0.971113791516075, -0.006145471326181054, 0.2385378844993622, 18.30368352487029], [-0.23128448032624374, -0.270157068908609, 0.9346243722691704, 11.674060240447105], [0.05869901781192464, -0.9627966643834965, -0.26377459478035964, 55.013970628319456], [0.0, 0.0, 0.0, 1.0]]}, {"class": "Pineapple", "pose": [[-0.5852829738896673, -0.0706996827971602, 0.8077409736785841, 40.11911734253296], [-0.7870296553305273, -0.1900534366931711, -0.5869106258980484, 21.975642587975695], [0.19500832197999227, -0.9792248345179999, 0.05559232243177452, 50.45750251829506], [0.0, 0.0, 0.0, 1.0]]}, {"class": "Cherries", "pose": [[-0.22104973756787685, -0.04885030579748383, 0.9740383700741175, 36.76430242712375], [-0.9366547399051061, -0.26759689597642017, -0.22598643640204444, 35.51207968239376], [0.2716891381327753, -0.9622918359672435, 0.013396385448156009, 46.90352460559173], [0.0, 0.0, 0.0, 1.0]]}, {"class": "PeasAndCarrots", "pose": [[-0.6335568200018598, -0.026495704473059878, 0.773242406173891, 25.653209656615466], [-0.7539719814718978, -0.20308435372046352, -0.6247263932233827, 23.87388050543319], [0.1735859785621115, -0.9788027125665022, 0.10868848333981161, 46.503561846508646], [0.0, 0.0, 0.0, 1.0]]}, {"class": "BBQSauce", "pose": [[-0.11674899036187027, -0.07195726657723304, 0.990551316322481, 7.306078849915694], [-0.9516211312810897, -0.27733046591620886, -0.13230685974133904, 1.4370076282078648], [0.2842304879030449, -0.9580761947214907, -0.036097968724071894, 51.83819071135333], [0.0, 0.0, 0.0, 1.0]]}, {"class": "Raisins", "pose": [[-0.01774466749676086, -0.9997699681690124, 0.012050840416339586, -7.408824666064606], [-0.24939793830074625, 0.01609760694542088, 0.9682673212406686, -1.3194013396182758], [-0.9682385148279247, 0.014176094607289233, -0.24962621103785257, 56.03378599833112], [0.0, 0.0, 0.0, 1.0]]}, {"class": "Ketchup", "pose": [[-0.3379790236347336, -0.12247281927425838, 0.933150938141256, 8.481449612440345], [-0.9076230492391167, -0.21988292692080888, -0.3575919027316458, 11.295093782892174], [0.24897923266683283, -0.9678078018740861, -0.03684330093653144, 49.57752493314291], [0.0, 0.0, 0.0, 1.0]]}, {"class": "AlphabetSoup", "pose": [[0.15489430880813354, -0.01581931623419632, 0.9878044277916112, -4.132746635504525], [-0.9650891707103622, -0.21618823434286907, 0.1478702467364928, 13.915263298225355], [0.21121249205078607, -0.976223551738263, -0.04875334578100455, 52.95757942924146], [0.0, 0.0, 0.0, 1.0]]}, {"class": "Mayo", "pose": [[0.896747161431672, 0.440950775169316, -0.03751036621784473, -13.53915295299372], [0.43119917805468383, -0.8896840672466361, -0.1500986318827073, 17.20365293017062], [-0.09955845417558162, 0.11842610001487217, -0.9879592104581295, 54.05747961656111], [0.0, 0.0, 0.0, 1.0]]}, {"class": "SaladDressing", "pose": [[0.42742559825448084, -0.10271032015473056, 0.8981971015999168, 5.8044733371105055], [-0.8921963636158973, -0.20828705138399264, 0.4007520716564596, 18.351276855285036], [0.14592146715866453, -0.9726598209062596, -0.1806649570572024, 47.90990612183331], [0.0, 0.0, 0.0, 1.0]]}, {"class": "Mustard", "pose": [[-0.9280854480641987, 0.05164480062376739, 0.36876862785761283, 3.1805933066988645], [-0.37009250568461366, -0.23723504190778713, -0.8981932654433052, 26.474859901296675], [0.04109780166941084, -0.9700785387730158, 0.2392877510479121, 44.9402589916973], [0.0, 0.0, 0.0, 1.0]]}, {"class": "Cookies", "pose": [[0.9906638964588924, 0.13627652848208177, 0.003719848079640983, 24.326432839714524], [-0.13335581780848318, 0.9630441566920006, 0.23401335021454572, 25.647041374932268], [0.028308179772602648, -0.23232463340356388, 0.9722262803295719, 50.86591847890113], [0.0, 0.0, 0.0, 1.0]]}, {"class": "Parmesan", "pose": [[-0.7209618133345, -0.08436395641896266, 0.6878203775716069, 11.734949562119862], [-0.6616259465579651, -0.21135913614107138, -0.719429282397922, 34.206354958797604], [0.206070993891093, -0.9737607867656107, 0.09656450758933428, 46.049430801881755], [0.0, 0.0, 0.0, 1.0]]}, {"class": "CreamCheese", "pose": [[-0.4356045578994242, 0.02793580701382342, 0.8997045876595906, 1.3723074131183703], [-0.8793418899903286, -0.22681644242627796, -0.4187030115892857, 37.51581160366966], [0.192370972128624, -0.9735368075111843, 0.1233674267983051, 47.4840251186219], [0.0, 0.0, 0.0, 1.0]]}, {"class": "Milk", "pose": [[-0.38931006070798285, -0.037743479672561746, 0.9203331959707487, 19.99193721779791], [-0.8910400183630113, -0.23776923498686714, -0.3866698159024272, 38.404159946440956], [0.23342116811046623, -0.9705880941565013, 0.0589350341580501, 39.826792345992004], [0.0, 0.0, 0.0, 1.0]]}, {"class": "ChocolatePudding", "pose": [[0.25538976801937463, -0.09648010139773498, 0.9620123396595655, -10.14934470688379], [-0.9343799078557397, -0.2802831978945721, 0.2199445083063078, 28.62515661292171], [0.24841563004462527, -0.955056517359738, -0.1617304915278337, 50.74957000221354], [0.0, 0.0, 0.0, 1.0]]}, {"class": "Yogurt", "pose": [[-0.020111775528261287, 0.008969483889043057, 0.9997575456458647, 32.97809359131907], [-0.9661914983081139, -0.25725604496117815, -0.01712851098798632, 13.232978223425473], [0.2570400329819568, -0.9663016611339753, 0.013840145446067837, 53.04774947822168], [0.0, 0.0, 0.0, 1.0]]}]}