{"camera": {"camera": "RealSense D415", "extrinsics": [[-0.014818158, 0.9996031, 0.023960289, -0.052547], [0.96023214, 0.020908168, -0.2784189, -0.55062145], [-0.27880934, 0.018881785, -0.96016085, 0.38532048], [0.0, 0.0, 0.0, 1.0]], "height": 480, "intrinsics": [[603.0301, 0.0, 326.28275], [0.0, 603.81976, 245.73769], [0.0, 0.0, 1.0]], "width": 640}, "objects": [{"class": "MacaroniAndCheese", "pose": [[-0.5553137266505165, -0.00020090149298828292, 0.8316409623210385, 27.342268853005958], [-0.7902307989252153, -0.3114929407977552, -0.5277380462779161, 7.002170997429536], [0.2591562733077662, -0.9502484880365499, 0.1728175588684776, 49.690135372416364], [0.0, 0.0, 0.0, 1.0]]}, {"class": "OrangeJuice", "pose": [[-0.8252604942297025, -0.00955167956462214, -0.5646715396222816, 14.901632376058792], [0.5427290880366975, -0.2899090551115875, -0.7882879486515123, -6.033530301438822], [-0.156173929711899, -0.9570065763306604, 0.24443442515731562, 51.91772723572523], [0.0, 0.0, 0.0, 1.0]]}, {"class": "TomatoSauce", "pose": [[0.9574519434675268, 0.06381200381750093, -0.2814495864221726, -1.4622502469953578], [0.28856780885307826, -0.22453991764575276, 0.9307580020088067, -5.074810361208587], [-0.003803096139887865, -0.9723733487962488, -0.23340025422929989, 57.04042778278243], [0.0, 0.0, 0.0, 1.0]]}, {"class": "Mushrooms", "pose": [[0.9903334900885519, 0.0479315611758943, 0.13016224272202023, 2.271158690699967], [-0.10748416279914087, -0.3279587362041081, 0.9385575290416784, 15.714342453042917], [0.08767440019553882, -0.9434753368061235, -0.31963660624637796, 53.41987087977353], [0.0, 0.0, 0.0, 1.0]]}, {"class": "Pineapple", "pose": [[-0.49052532399638066, -0.025410133486798537, 0.8710564259636603, 22.784645353182004], [-0.838732515775884, -0.25746445591729517, -0.47983313156295976, 28.288693916056328], [0.23645865445519412, -0.965953653961402, 0.10498054484347691, 48.53318675318868], [0.0, 0.0, 0.0, 1.0]]}, {"class": "Cherries", "pose": [[-0.11273814558640041, 0.005228458928327009, 0.9936110100663791, 17.905446583156923], [-0.9379540543423524, -0.3305806294500977, -0.10468358324574771, 41.07108799220238], [0.32792118999496667, -0.9437633135219257, 0.04217312967017584, 44.06950222184937], [0.0, 0.0, 0.0, 1.0]]}, {"class": "PeasAndCarrots", "pose": [[-0.5419357057901395, 0.02002022409182696, 0.840181496460863, 8.287442331122], [-0.8131754042304307, -0.26497596115086636, -0.518202195279894, 28.16666409295473], [0.21225333638180033, -0.9640472033365116, 0.1598799005429542, 44.253508022792396], [0.0, 0.0, 0.0, 1.0]]}, {"class": "BBQSauce", "pose": [[-0.007700860546219102, -0.016627582940983092, 0.9998321288149069, -7.340791590378587], [-0.9393301912038835, -0.342770308501496, -0.01293525139756396, 4.039997443352894], [0.3429278230904216, -0.9392721234631004, -0.012979133228560336, 50.74588413427299], [0.0, 0.0, 0.0, 1.0]]}, {"class": "Raisins", "pose": [[0.03404295411317356, -0.9945062964836024, -0.09898671177422602, -21.70709886915537], [-0.3091397801308377, -0.10466519835755864, 0.945239549436797, -0.21915578489183352], [-0.9504071510744709, -0.0015780502504425802, -0.31100454756754353, 54.892933620253274], [0.0, 0.0, 0.0, 1.0]]}, {"class": "Ketchup", "pose": [[-0.23177442784315636, -0.07345930465717504, 0.9699919642633223, -7.310104110534388], [-0.9248078373044157, -0.292600146150099, -0.24313706373015004, 13.808930479368108], [0.30168043752242535, -0.9534091310876599, -0.00011848514378216884, 47.87517567609903], [0.0, 0.0, 0.0, 1.0]]}, {"class": "AlphabetSoup", "pose": [[0.2651525980126371, 0.032135672965147695, 0.9636708275486927, -20.220317287069104], [-0.9241813816027338, -0.2765004618136953, 0.26350765025274836, 15.080936874433082], [0.27492340761195944, -0.9604763776938644, -0.043615587842872845, 50.894512945331314], [0.0, 0.0, 0.0, 1.0]]}, {"class": "Mayo", "pose": [[0.840336549349562, 0.5420572327807724, 0.0029164696944870647, -29.976316435236544], [0.5299809343945225, -0.8204614703731294, -0.2143902937110726, 17.263626514978093], [-0.11381891763819066, 0.18170566779742467, -0.9767437616600069, 51.64291917814159], [0.0, 0.0, 0.0, 1.0]]}, {"class": "SaladDressing", "pose": [[0.5283215720485263, -0.05513247172976688, 0.8472524963948451, -10.778855595948082], [-0.822892411603702, -0.2790113488132351, 0.494975513924186, 20.370704703162858], [0.20910383251580866, -0.9587038972678972, -0.1927757667714589, 45.7193109185012], [0.0, 0.0, 0.0, 1.0]]}, {"class": "Mustard", "pose": [[-0.8774864598196653, 0.10148802862918323, 0.4687406089259494, -14.294265680893448], [-0.47687083432789623, -0.28877232369584693, -0.8301835734708117, 27.915789398563142], [0.05110558033792656, -0.9520035711416649, 0.30179047674772463, 42.19656537993257], [0.0, 0.0, 0.0, 1.0]]}, {"class": "Cookies", "pose": [[0.9986306045589624, 0.024546747194178174, -0.046199982884652296, 6.659751302337619], [-0.009975230175896731, 0.9562314202474065, 0.2924414111247139, 30.031980007636918], [0.05135639153696155, -0.29158006081850063, 0.9551668235680919, 48.473201274439646], [0.0, 0.0, 0.0, 1.0]]}, {"class": "Parmesan", "pose": [[-0.6405228906994428, -0.036529746638437624, 0.7670697945289708, -6.7594711772386695], [-0.730303072539799, -0.2798934578941508, -0.6231509349210937, 36.68320167896586], [0.23746132288786317, -0.9593358710420262, 0.15260038770645562, 42.93320433074281], [0.0, 0.0, 0.0, 1.0]]}, {"class": "CreamCheese", "pose": [[-0.330804152948089, 0.07678078166830626, 0.9405707785897129, -17.474531547958197], [-0.9121570499969552, -0.28154611040349165, -0.29782766339540606, 38.791273161647645], [0.24194656828666924, -0.9564708961901055, 0.16317277499441898, 44.00017709554105], [0.0, 0.0, 0.0, 1.0]]}, {"class": "Milk", "pose": [[-0.28436743902049927, 0.012847580374153851, 0.9586293156802626, 1.0693207183023974], [-0.9155800868549618, -0.3001953083440563, -0.26757409184920433, 41.460100649958754], [0.28433830938707744, -0.9537912754297324, 0.09712878251476499, 36.57616950643851], [0.0, 0.0, 0.0, 1.0]]}, {"class": "ChocolatePudding", "pose": [[0.3603651739044368, -0.040678162131017596, 0.931923974442456, -27.912586281839065], [-0.8792448650185452, -0.34848855381016547, 0.32478332535379334, 28.78566128065606], [0.31155323647140465, -0.9364299757181709, -0.1613491651184972, 47.65951182463324], [0.0, 0.0, 0.0, 1.0]]}, {"class": "Yogurt", "pose": [[0.09057087506470232, 0.061458623021835156, 0.9939918610453657, 16.691561974543642], [-0.9437038906806378, -0.3135583862430594, 0.10537608057298097, 18.920225752987296], [0.3181507296391443, -0.9475779933189702, 0.029599518094905544, 51.573566810347984], [0.0, 0.0, 0.0, 1.0]]}]}