{"camera": {"camera": "RealSense D415", "extrinsics": [[-0.047711425, 0.9986168, 0.022091897, -0.05289646], [0.9583405, 0.05200033, -0.28085476, -0.5586384], [-0.28161508, 0.007771579, -0.95949596, 0.3903417], [0.0, 0.0, 0.0, 1.0]], "height": 480, "intrinsics": [[603.0301, 0.0, 326.28275], [0.0, 603.81976, 245.73769], [0.0, 0.0, 1.0]], "width": 640}, "objects": [{"class": "MacaroniAndCheese", "pose": [[-0.5276104523874532, -0.0009195378453273701, 0.8494859297984962, 25.48244747040692], [-0.8061923146901484, -0.3146286181225305, -0.5010616178017758, 7.220831062815492], [0.2677333189622708, -0.9492143992775042, 0.16526005355505383, 49.63826345183623], [0.0, 0.0, 0.0, 1.0]]}, {"class": "OrangeJuice", "pose": [[-0.8433927475592352, -0.011010159991676, -0.5371847258489376, 13.478175900753369], [0.5163009274762019, -0.2933689430502385, -0.8045918070562759, -6.18708977808427], [-0.14873466045591857, -0.9559358918617464, 0.2531097837083221, 52.043717777514495], [0.0, 0.0, 0.0, 1.0]]}, {"class": "TomatoSauce", "pose": [[0.9479198671262365, 0.06011342015319273, -0.3127847217637483, -2.8505447579032346], [0.3181422049089638, -0.225806876455232, 0.920758791672653, -5.719237776098773], [-0.015278951397507174, -0.9723155955003172, -0.2331714553078597, 57.3438904396011], [0.0, 0.0, 0.0, 1.0]]}, {"class": "Mushrooms", "pose": [[0.9940964018466258, 0.047772766417912685, 0.0974170753427149, 0.19496107194040962], [-0.07637958196653175, -0.32956849784088865, 0.9410370476930239, 15.163184502746574], [0.07706157524394804, -0.9429222413306357, -0.3239739983459417, 53.61763742359624], [0.0, 0.0, 0.0, 1.0]]}, {"class": "Pineapple", "pose": [[-0.46159799624464193, -0.027966495720423673, 0.8866482644904959, 20.252931342166082], [-0.8527370907153697, -0.26146347529692643, -0.45219051918989345, 28.351455929458936], [0.24447231189011637, -0.9648081247209169, 0.09684297791236166, 48.465510450262265], [0.0, 0.0, 0.0, 1.0]]}, {"class": "Cherries", "pose": [[-0.07993051795290261, 0.005171213821882144, 0.9967870137553685, 14.93017410622612], [-0.9398642491431051, -0.3335160151251568, -0.07363573370984955, 40.96069929571122], [0.33206365179433617, -0.9427302446285198, 0.031518378749309, 44.01625358136425], [0.0, 0.0, 0.0, 1.0]]}, {"class": "PeasAndCarrots", "pose": [[-0.5140398653327334, 0.01769354963554308, 0.8575837773033951, 5.720550833354681], [-0.8288723089347547, -0.2675541409791824, -0.4913099200783018, 27.764575940299984], [0.22075706324439134, -0.9633803548852391, 0.15219921822476434, 44.346662811895825], [0.0, 0.0, 0.0, 1.0]]}, {"class": "BBQSauce", "pose": [[0.025256749641357407, -0.016244869263817976, 0.999548988676451, -9.078133656007834], [-0.9379265380042813, -0.34636285332615946, 0.018070516991882054, 3.1868580490384546], [0.34591309537678905, -0.937959949652269, -0.023984463189533182, 51.08634812589297], [0.0, 0.0, 0.0, 1.0]]}, {"class": "Raisins", "pose": [[0.03323082833083985, -0.9907297163442249, -0.13172061776690375, -23.25884321255919], [-0.3112138998890294, -0.13549846674594773, 0.9406306578390068, -1.5019615692094979], [-0.949758709908744, 0.00973532038434403, -0.3128315963402943, 55.40510004420057], [0.0, 0.0, 0.0, 1.0]]}, {"class": "Ketchup", "pose": [[-0.19959802954581488, -0.07476003391641926, 0.9770217724668171, -9.382559568562076], [-0.9305110820671199, -0.29803059638418006, -0.21290103384073175, 12.942061852619913], [0.30709887083199416, -0.9516242402955347, -0.010078690142345921, 48.18509309183061], [0.0, 0.0, 0.0, 1.0]]}, {"class": "AlphabetSoup", "pose": [[0.29674667288061374, 0.030199749966595194, 0.9544785839295705, -22.292249723713585], [-0.9145480028441803, -0.27868450641911735, 0.2931498879701967, 13.823018502217387], [0.2748514618815215, -0.959907760263664, -0.05507955034775812, 51.34290916725445], [0.0, 0.0, 0.0, 1.0]]}, {"class": "Mayo", "pose": [[0.8221593609417461, 0.5692562935734755, -0.0011123788946930974, -32.102606793047094], [0.5554211955315038, -0.802602883730842, -0.21756807445619358, 15.704308375512554], [-0.12474477116933706, 0.17825781191529572, -0.9760445101205196, 52.1922615685919], [0.0, 0.0, 0.0, 1.0]]}, {"class": "SaladDressing", "pose": [[0.5559035702104649, -0.056923531103254287, 0.8292954311811641, -13.077002014252775], [-0.805364509460189, -0.28389767798626925, 0.5203749376913136, 19.385485183298], [0.20581349028047086, -0.9571634201640361, -0.20366390327640335, 46.04727676388367], [0.0, 0.0, 0.0, 1.0]]}, {"class": "Mustard", "pose": [[-0.8616265266844688, 0.09998865332283333, 0.49759619940701116, -16.863606771860702], [-0.5037070744658084, -0.28876776364001255, -0.8141819957827167, 26.80557001383014], [0.0622807545978499, -0.9521635522753967, 0.29917497974320184, 42.540125607972676], [0.0, 0.0, 0.0, 1.0]]}, {"class": "Cookies", "pose": [[0.9989603380644698, -0.008383332280179723, -0.044810073175083426, 4.081949560727694], [0.021213956435381532, 0.9555198921709268, 0.2941626491574037, 29.59301420588025], [0.04035088534515339, -0.29480742535386445, 0.954704341242571, 48.57825705446541], [0.0, 0.0, 0.0, 1.0]]}, {"class": "Parmesan", "pose": [[-0.6148736942058165, -0.038310408968541154, 0.7876945046668232, -9.597382405377939], [-0.7490144616870986, -0.284203933789771, -0.5985026488189419, 35.8051978755597], [0.24679474451633246, -0.9579981358200127, 0.14605450018340135, 43.16618896494697], [0.0, 0.0, 0.0, 1.0]]}, {"class": "CreamCheese", "pose": [[-0.299621077155649, 0.07502129699872266, 0.9511040926547821, -20.360473009606512], [-0.9211475713100573, -0.28232765214295147, -0.26791455568206274, 37.583227761893035], [0.24842368415212876, -0.9563800949454061, 0.15369703420634095, 44.34491506548033], [0.0, 0.0, 0.0, 1.0]]}, {"class": "Milk", "pose": [[-0.25263915115348207, 0.011731881303926344, 0.9674894326086851, -1.9909222378371032], [-0.9229807096866269, -0.3029435861755614, -0.23734311361980812, 40.80089225958403], [0.2903102357774538, -0.9529362699638753, 0.08736374287712134, 36.70821473642208], [0.0, 0.0, 0.0, 1.0]]}, {"class": "ChocolatePudding", "pose": [[0.39091160577255596, -0.040073516747239815, 0.9195554413257456, -30.44177063382393], [-0.8665506263097325, -0.3528152506720821, 0.3530033588745158, 27.271040592463436], [0.3102871169213474, -0.9348344787530847, -0.1726452825489613, 48.15046443445031], [0.0, 0.0, 0.0, 1.0]]}, {"class": "Yogurt", "pose": [[0.12333984029696261, 0.0607999272361973, 0.9905001931284764, 14.487663384794516], [-0.9393323782116546, -0.3147693366924709, 0.1362897955193366, 18.808873156862095], [0.32006550965139635, -0.9472188860569842, 0.01828777208632932, 51.602158926289164], [0.0, 0.0, 0.0, 1.0]]}]}