{"camera": {"camera": "RealSense D415", "extrinsics": [[-0.12955461, 0.9913216, 0.022293115, -0.04578622], [0.95089793, 0.1305821, -0.2806091, -0.57920337], [-0.28108495, -0.015155725, -0.9595632, 0.39563626], [0.0, 0.0, 0.0, 1.0]], "height": 480, "intrinsics": [[603.0301, 0.0, 326.28275], [0.0, 603.81976, 245.73769], [0.0, 0.0, 1.0]], "width": 640}, "objects": [{"class": "MacaroniAndCheese", "pose": [[-0.4561414265752825, 0.0022574942722465873, 0.8899043944482403, 21.355891280001575], [-0.8446127189903871, -0.31606641393082757, -0.4321243109792262, 7.419887624364363], [0.28029335690706664, -0.9487343965740815, 0.14607772077236986, 49.417591596627844], [0.0, 0.0, 0.0, 1.0]]}, {"class": "OrangeJuice", "pose": [[-0.8846569441146298, -0.009629044026052856, -0.46614300522234603, 10.504460757094524], [0.4478373273276542, -0.2956850561678128, -0.8438081055819255, -6.8866606736671105], [-0.12970648201031232, -0.9552369647217337, 0.26589206725433817, 52.10650001518734], [0.0, 0.0, 0.0, 1.0]]}, {"class": "TomatoSauce", "pose": [[0.9192798135052047, 0.05555241656969947, -0.3896645763626954, -5.68520045645314], [0.39184130272233336, -0.22276700627268445, 0.8926563155167131, -7.694421636510795], [-0.037215163775929, -0.9732876311708849, -0.22655295246359392, 57.77926068815105], [0.0, 0.0, 0.0, 1.0]]}, {"class": "Mushrooms", "pose": [[0.9985214313366237, 0.05210717541968075, 0.015482958633754915, -4.381915092097681], [0.0024169731627088262, -0.32710561516074443, 0.944984718397996, 13.353827898995817], [0.05430508003084144, -0.9435500967884983, -0.3267479071215729, 53.970284275564396], [0.0, 0.0, 0.0, 1.0]]}, {"class": "Pineapple", "pose": [[-0.38721116863933064, -0.029246780687582807, 0.9215270290540524, 14.45072996961842], [-0.885865973878139, -0.265237633124761, -0.38064487062616403, 28.06952627700008], [0.25555627061899455, -0.9637394117794972, 0.0767942732584195, 48.350961730723945], [0.0, 0.0, 0.0, 1.0]]}, {"class": "Cherries", "pose": [[0.0020365014941568114, 0.00996515353320467, 0.9999482371370705, 8.050020074823399], [-0.9424170560652172, -0.3343987944700644, 0.005251850058276547, 40.20888295901528], [0.33443381972029623, -0.9423789957083599, 0.008710358779253052, 44.0164961417303], [0.0, 0.0, 0.0, 1.0]]}, {"class": "PeasAndCarrots", "pose": [[-0.44189887999600436, 0.016772043899993167, 0.8969080259304784, -0.08020865716431361], [-0.8662683167590667, -0.2677062511620739, -0.42179688204497473, 26.328657240588537], [0.23303347286480483, -0.9633546017766293, 0.13282821023950833, 44.566704240474266], [0.0, 0.0, 0.0, 1.0]]}, {"class": "BBQSauce", "pose": [[0.1070315973163559, -0.010256653486566677, 0.9942026789402558, -12.736848264983408], [-0.932158869012515, -0.3488821316745077, 0.09675300695204717, 0.6775243769731931], [0.345867190768824, -0.9371105007440667, -0.0469022112480785, 51.6601897391668], [0.0, 0.0, 0.0, 1.0]]}, {"class": "Raisins", "pose": [[0.03601084869903305, -0.9764765533200163, -0.2125951273407936, -26.40142042730477], [-0.30997148189652585, -0.21315509496564652, 0.9265433768236411, -5.103933544930062], [-0.9500636432398764, 0.03253278127901488, -0.3103557855286303, 56.305980954988286], [0.0, 0.0, 0.0, 1.0]]}, {"class": "Ketchup", "pose": [[-0.11853387496602082, -0.07269774897598846, 0.9902851540622912, -13.875778927698457], [-0.9425885336956887, -0.3053471657902811, -0.13524055502678298, 10.371170644026806], [0.31221244388107117, -0.9494620472924042, -0.03233005277128621, 48.760185660416504], [0.0, 0.0, 0.0, 1.0]]}, {"class": "AlphabetSoup", "pose": [[0.37414106917574436, 0.03019304213272434, 0.9268801266289045, -26.739375537839834], [-0.887626223342389, -0.27780745353667374, 0.3673455452691574, 10.239468280717057], [0.2685854970502616, -0.9601621870556326, -0.0771390108691892, 52.21250597236512], [0.0, 0.0, 0.0, 1.0]]}, {"class": "Mayo", "pose": [[0.7727341154391001, 0.6346995011918991, -0.006201499828067638, -36.645627148736416], [0.6181964773149161, -0.7547856007903828, -0.21938973428496408, 11.343610400172842], [-0.14392733089898857, 0.1656962036636588, -0.9756176060254411, 53.285260055921704], [0.0, 0.0, 0.0, 1.0]]}, {"class": "SaladDressing", "pose": [[0.6222378906301782, -0.05616240019384331, 0.7808109379647452, -18.114678307126603], [-0.7585231784189418, -0.28986584590194703, 0.5836269548397103, 16.497992596771482], [0.1935525494387977, -0.9554180281244069, -0.2229659700844067, 46.70333007235857], [0.0, 0.0, 0.0, 1.0]]}, {"class": "Mustard", "pose": [[-0.8175708015735473, 0.10071816942620024, 0.5669512883296366, -22.553676486669932], [-0.5699091411593732, -0.2823384529475475, -0.7716790861782313, 23.587784497155596], [0.08235001543144196, -0.954013034225711, 0.28823189823640744, 43.27896254115716], [0.0, 0.0, 0.0, 1.0]]}, {"class": "Cookies", "pose": [[0.994834844245747, -0.09043758732477651, -0.046093427408087896, -1.761012296700712], [0.09999921684581015, 0.9511538868350276, 0.2920727365290049, 28.03267864615595], [0.01742762177127178, -0.29517344291339326, 0.9552847419869737, 48.833529924097846], [0.0, 0.0, 0.0, 1.0]]}, {"class": "Parmesan", "pose": [[-0.5480970418727971, -0.03760698844201588, 0.835568833602249, -16.007504425300063], [-0.7945440019129012, -0.28870587069934467, -0.534180486804472, 33.133746027364865], [0.26132252851642074, -0.9566789774240594, 0.128358450908809, 43.73231474786989], [0.0, 0.0, 0.0, 1.0]]}, {"class": "CreamCheese", "pose": [[-0.22029546632784552, 0.0752310388038156, 0.9725276998074187, -26.847620029314932], [-0.9412843522100127, -0.2778970893497676, -0.19172120187971756, 34.060656282696634], [0.255839222155289, -0.9576604417132607, 0.13203330057076082, 45.15626352946806], [0.0, 0.0, 0.0, 1.0]]}, {"class": "Milk", "pose": [[-0.1723726125424169, 0.013859758793630852, 0.9849342709583699, -8.96796238872793], [-0.9393045265098298, -0.30342962312997007, -0.16011718683528864, 38.697565085462884], [0.2966390418475166, -0.9527530631146099, 0.06532152212390427, 37.09835696626945], [0.0, 0.0, 0.0, 1.0]]}, {"class": "ChocolatePudding", "pose": [[0.4650104699230512, -0.03342470649975587, 0.8846739401803126, -35.99480710995551], [-0.8322674497221973, -0.35718520359354566, 0.42396894426531334, 22.99525223176171], [0.3018214179541157, -0.9334353498491091, -0.19391312743418432, 49.19876011921151], [0.0, 0.0, 0.0, 1.0]]}, {"class": "Yogurt", "pose": [[0.20430516956687325, 0.06382519934354501, 0.9768242780530277, 9.529054195951968], [-0.9258919539940375, -0.31133619555631975, 0.21399510765509888, 18.1099244835063], [0.3177790401755812, -0.9481540709409081, -0.004512322942522643, 51.625287670984775], [0.0, 0.0, 0.0, 1.0]]}]}