{"camera": {"camera": "RealSense D415", "extrinsics": [[-0.23050115, 0.9729412, 0.01595451, -0.03241185], [0.93257475, 0.22555934, -0.2818286, -0.6029554], [-0.27780136, -0.050083045, -0.9593321, 0.40420762], [0.0, 0.0, 0.0, 1.0]], "height": 480, "intrinsics": [[603.0301, 0.0, 326.28275], [0.0, 603.81976, 245.73769], [0.0, 0.0, 1.0]], "width": 640}, "objects": [{"class": "MacaroniAndCheese", "pose": [[-0.36239585889001064, -0.00017351898385592574, 0.932024221654162, 16.585962831780925], [-0.8833101769982808, -0.31900058531318176, -0.343513928182394, 7.2897315683251085], [0.297375870666981, -0.9477545172133611, 0.11545125088737923, 49.26157192524858], [0.0, 0.0, 0.0, 1.0]]}, {"class": "OrangeJuice", "pose": [[-0.9277538931217916, -0.014192187125067025, -0.3729225576731419, 7.2674474935951725], [0.35973971121804055, -0.2998933774757602, -0.8835447715838319, -7.983911767856277], [-0.09929760315699176, -0.9538671672799263, 0.2833327335084685, 52.35061628727598], [0.0, 0.0, 0.0, 1.0]]}, {"class": "TomatoSauce", "pose": [[0.8752732459590917, 0.04297314021062284, -0.48171567602496634, -8.561581272242535], [0.47853644295692355, -0.22111462509444263, 0.8497712965296421, -10.322500796548784], [-0.06999701324000553, -0.9743005980964834, -0.21409994715331884, 58.58845843616538], [0.0, 0.0, 0.0, 1.0]]}, {"class": "Mushrooms", "pose": [[0.994897940467804, 0.05065934191774918, -0.08724481376502817, -9.430988459192077], [0.09902771754374086, -0.3251523520551961, 0.9404623970075762, 10.734439751846791], [0.01927538140325147, -0.9443037669692949, -0.32851009123631947, 54.70450966788428], [0.0, 0.0, 0.0, 1.0]]}, {"class": "Pineapple", "pose": [[-0.2907035566941297, -0.03694316377966318, 0.9560996721968084, 7.685250147709982], [-0.9178394078139172, -0.2715230225880562, -0.2895619635632909, 27.171199643065858], [0.2703004021009305, -0.9617226629387481, 0.04502484757125625, 48.40654199944266], [0.0, 0.0, 0.0, 1.0]]}, {"class": "Cherries", "pose": [[0.10469060727925054, 0.009485285420137646, 0.9944595740941466, -0.004996624926188742], [-0.9361786108021806, -0.336472381744021, 0.10176446371002795, 38.61493360418399], [0.33557345390381044, -0.941645577671687, -0.026345545565760124, 44.28080318867475], [0.0, 0.0, 0.0, 1.0]]}, {"class": "PeasAndCarrots", "pose": [[-0.3477779868981371, 0.009084355467774464, 0.9375328712713643, -6.732165526986175], [-0.9037207290992616, -0.2695374106162993, -0.3326236449032848, 24.01777394307033], [0.24967850316747367, -0.9629470834679779, 0.10194892927982892, 45.136459354770125], [0.0, 0.0, 0.0, 1.0]]}, {"class": "BBQSauce", "pose": [[0.20853698360063522, -0.00904740952994981, 0.9779726014828134, -16.59734076770204], [-0.9157806220556555, -0.35281363375838115, 0.1920115964616526, -2.700076147401531], [0.3433048705526073, -0.9356498885846449, -0.0818601034151527, 52.707688057027454], [0.0, 0.0, 0.0, 1.0]]}, {"class": "Raisins", "pose": [[0.032766467680109546, -0.9495935096263383, -0.31176668114282774, -29.469780029774956], [-0.3096834718994656, -0.306228619282363, 0.9001778941069898, -9.750432990382862], [-0.9502749770214902, 0.06705330919827537, -0.3041074587330976, 57.838179650371934], [0.0, 0.0, 0.0, 1.0]]}, {"class": "Ketchup", "pose": [[-0.01599796451916704, -0.07579356688136649, 0.9969951548278234, -18.76750214641499], [-0.9480927520623385, -0.31556819957903653, -0.03920339239774542, 6.8241524375794675], [0.31759133437866743, -0.9458710689515994, -0.06681085190799717, 49.8348086145358], [0.0, 0.0, 0.0, 1.0]]}, {"class": "AlphabetSoup", "pose": [[0.46724825063862696, 0.023521216210913215, 0.8838131946642427, -31.43048442739579], [-0.8460575877102957, -0.2782806456748906, 0.4546938548020925, 5.4685846804150895], [0.2566430768740958, -0.9602117790755849, -0.11012581487477502, 53.736000288363115], [0.0, 0.0, 0.0, 1.0]]}, {"class": "Mayo", "pose": [[0.7039267440663152, 0.7100220521336436, -0.018861677328319122, -41.35380043834351], [0.6891700300316276, -0.6891969311094808, -0.22372376031540242, 5.616846842567913], [-0.17184819342901506, 0.1444862596408854, -0.9744700836223278, 55.15359355523587], [0.0, 0.0, 0.0, 1.0]]}, {"class": "SaladDressing", "pose": [[0.6989549841250904, -0.061048147077473004, 0.7125552556150394, -23.647368908227108], [-0.693983592229827, -0.298592732065489, 0.6551558708793179, 12.503215230840969], [0.17276779276684912, -0.9524261312371494, -0.251069271325353, 47.91855781583066], [0.0, 0.0, 0.0, 1.0]]}, {"class": "Mustard", "pose": [[-0.755330525952606, 0.09432502051134128, 0.6485202583336988, -28.866812032793852], [-0.64573591835643, -0.2759547789110219, -0.7119509427023274, 19.114757848599485], [0.11180745474528324, -0.9565311136878232, 0.26934614587042227, 44.641201257309774], [0.0, 0.0, 0.0, 1.0]]}, {"class": "Cookies", "pose": [[0.9805223291022265, -0.19210492380053487, -0.040885190265509075, -8.42050544509721], [0.19561762216349296, 0.9365355213736043, 0.2909209930183042, 25.572452179603477], [-0.017596891453825047, -0.2932524030642129, 0.9558731098806796, 49.457000426318345], [0.0, 0.0, 0.0, 1.0]]}, {"class": "Parmesan", "pose": [[-0.4593617361121608, -0.04274665044169056, 0.8872200728520231, -23.261731346729892], [-0.8424420134022719, -0.29565374812118894, -0.45042244210385823, 29.249970644664813], [0.28156397961693846, -0.9543383128922147, 0.09980047401214875, 44.85051626151923], [0.0, 0.0, 0.0, 1.0]]}, {"class": "CreamCheese", "pose": [[-0.11930598275642793, 0.06841678631954223, 0.9904974327214293, -34.084655213917394], [-0.9568897961254621, -0.27401149917613393, -0.09633108254558945, 29.1334268568469], [0.2648170228878591, -0.9592897708818034, 0.09815856842418488, 46.65208131783791], [0.0, 0.0, 0.0, 1.0]]}, {"class": "Milk", "pose": [[-0.07041043337765963, 0.01000699066693248, 0.9974678788857684, -17.02734825596893], [-0.9500955462004317, -0.30532292223782054, -0.06400333835391674, 35.43468929478396], [0.30390932835596496, -0.9521963037050368, 0.03100554842971353, 37.96557938190535], [0.0, 0.0, 0.0, 1.0]]}, {"class": "ChocolatePudding", "pose": [[0.5534436663049644, -0.031163211340644346, 0.8323033707040773, -41.97404633843571], [-0.7820267397130052, -0.3632956266355347, 0.5064094461160118, 17.25682857147669], [0.2865908510590446, -0.9311526046991428, -0.2254341046425536, 51.029283944426815], [0.0, 0.0, 0.0, 1.0]]}, {"class": "Yogurt", "pose": [[0.30371544338446144, 0.06063202093403228, 0.9508315444318969, 3.8655265217037043], [-0.9002932636893569, -0.3083484037745101, 0.30723502781984624, 16.799240533304182], [0.31181568308770696, -0.9493392671246986, -0.03906354259948836, 51.86630348221697], [0.0, 0.0, 0.0, 1.0]]}]}