{"camera": {"camera": "RealSense D415", "extrinsics": [[-0.26234138, 0.9649738, -0.0016153108, -0.010498925], [0.92373896, 0.2506463, -0.28962517, -0.60004735], [-0.27907583, -0.07747279, -0.9571388, 0.41069058], [0.0, 0.0, 0.0, 1.0]], "height": 480, "intrinsics": [[603.0301, 0.0, 326.28275], [0.0, 603.81976, 245.73769], [0.0, 0.0, 1.0]], "width": 640}, "objects": [{"class": "MacaroniAndCheese", "pose": [[-0.3309413362942924, -0.016443492998826293, 0.9435080926794511, 17.200623670814245], [-0.8899287420819094, -0.3271069060332672, -0.3178488653400666, 8.153150593132496], [0.31385453644053796, -0.944844302913629, 0.09361968592692677, 48.845028702689625], [0.0, 0.0, 0.0, 1.0]]}, {"class": "OrangeJuice", "pose": [[-0.9392497330647323, -0.031119068011204176, -0.3418210350838754, 8.3745328220934], [0.33432098811475375, -0.3084290586247654, -0.8905621751780884, -7.333086977903058], [-0.07771410119732836, -0.9507382363703902, 0.30009564602658334, 52.30012171655372], [0.0, 0.0, 0.0, 1.0]]}, {"class": "TomatoSauce", "pose": [[0.8601400577667216, 0.023382647808283794, -0.5095217466295313, -7.218659167937434], [0.5007827572505001, -0.22835326793008107, 0.8349080250077595, -10.033274276490173], [-0.09682856139688918, -0.9732975440733391, -0.20812542560754546, 58.970894768609504], [0.0, 0.0, 0.0, 1.0]]}, {"class": "Mushrooms", "pose": [[0.9920835543411974, 0.03460746865260833, -0.1207171147810632, -8.747660079155613], [0.12534306279338633, -0.33188842351328723, 0.9349541090896127, 10.958990715423479], [-0.007708184243064012, -0.9426836516188726, -0.33359884479998575, 54.94316487651864], [0.0, 0.0, 0.0, 1.0]]}, {"class": "Pineapple", "pose": [[-0.25908900401083956, -0.05481222143381561, 0.9642969386366582, 7.756131512364572], [-0.9227926899485289, -0.2807365842639783, -0.2638950867095977, 27.785291350732876], [0.2851780844336582, -0.9582184863500633, 0.022155472494285452, 48.06584040592207], [0.0, 0.0, 0.0, 1.0]]}, {"class": "Cherries", "pose": [[0.13822148387313063, -0.006168259444318724, 0.9903821744423745, -0.34016998486265054], [-0.9301514945585124, -0.34426475585582306, 0.12767133665082805, 38.98641711045758], [0.34016616002627303, -0.9388523858471118, -0.05332216750908799, 44.05269387848918], [0.0, 0.0, 0.0, 1.0]]}, {"class": "PeasAndCarrots", "pose": [[-0.31703680246828114, -0.008901248294585025, 0.9483715048130441, -6.652953587182772], [-0.9103606070008314, -0.27755089703313157, -0.3069349441384889, 24.225228057397132], [0.2659534440569698, -0.960669735772884, 0.0798905297891932, 45.20163819883985], [0.0, 0.0, 0.0, 1.0]]}, {"class": "BBQSauce", "pose": [[0.24165635078186573, -0.024097949900639633, 0.9700626652022286, -15.60462646524449], [-0.9069609717871494, -0.3610354900842447, 0.21696812141569685, -2.676313521193363], [0.34499855892759956, -0.9322407072844534, -0.10910238496645197, 53.24298638663323], [0.0, 0.0, 0.0, 1.0]]}, {"class": "Raisins", "pose": [[0.01616062057027182, -0.9390585020509019, -0.3433774039603786, -28.147134185123136], [-0.31694824947990397, -0.33052280802712214, 0.8889873315641815, -10.018249228194842], [-0.9483051791230404, 0.09446624555262861, -0.30297440169973244, 58.766632767162164], [0.0, 0.0, 0.0, 1.0]]}, {"class": "Ketchup", "pose": [[0.01746340126459129, -0.09205307652631389, 0.9956009934708694, -18.101027000501606], [-0.9453936744405627, -0.32564984545503817, -0.013526774892585977, 6.7622070158314], [0.32546247927512445, -0.9409986650358999, -0.09271331819348186, 50.352264086430864], [0.0, 0.0, 0.0, 1.0]]}, {"class": "AlphabetSoup", "pose": [[0.4960761464968184, 0.005829034446883258, 0.8682594984888754, -30.61744017057641], [-0.8312073563742592, -0.28588705334302233, 0.4768258786981604, 5.107718343365397], [0.25100358933780503, -0.9582456302056052, -0.13697657725721987, 54.59609160117306], [0.0, 0.0, 0.0, 1.0]]}, {"class": "Mayo", "pose": [[0.6806640415573643, 0.731591579425534, -0.03834450320862404, -40.50081622350937], [0.7059416914256975, -0.6689903095511253, -0.23259038928947165, 5.007039215394904], [-0.19581324025102373, 0.1312469459606952, -0.9718186489793695, 56.27314500741305], [0.0, 0.0, 0.0, 1.0]]}, {"class": "SaladDressing", "pose": [[0.7213973486840206, -0.07793946768514597, 0.6881216332673253, -23.178241471766345], [-0.67382100406277, -0.30834967603676694, 0.6714802505866982, 12.294019589461813], [0.15984728401663992, -0.9480748886729565, -0.27495985824473906, 48.51983003750161], [0.0, 0.0, 0.0, 1.0]]}, {"class": "Mustard", "pose": [[-0.7347519338156846, 0.0766181153801541, 0.673995057572068, -28.65506823037794], [-0.6643982463658299, -0.2816665553925988, -0.6922708407519359, 18.737204779264783], [0.13680134678197875, -0.9564484743019851, 0.25786000060060543, 45.32829716557952], [0.0, 0.0, 0.0, 1.0]]}, {"class": "Cookies", "pose": [[0.9741921694388039, -0.22448013939332356, -0.02362967422414238, -8.268618646980737], [0.22119752627581113, 0.9285747353061702, 0.2980278686241444, 25.77236348346579], [-0.04495938469415013, -0.29556323665080386, 0.9542646903528, 49.55256808781235], [0.0, 0.0, 0.0, 1.0]]}, {"class": "Parmesan", "pose": [[-0.4293373011764332, -0.059778556891675744, 0.9011637384162516, -23.317385142306772], [-0.8517656693528515, -0.3049467114686912, -0.42603138714469474, 29.01786861836092], [0.30027443518841207, -0.9504915065517823, 0.08000769919767317, 45.30908158889593], [0.0, 0.0, 0.0, 1.0]]}, {"class": "CreamCheese", "pose": [[-0.0869169569965018, 0.05060426134497537, 0.9949295094638957, -34.08269654892606], [-0.9573644061721827, -0.2804298761599635, -0.06937199368337586, 28.6321391942137], [0.2754974254821313, -0.9585397034519393, 0.07282086132894161, 47.395753471152894], [0.0, 0.0, 0.0, 1.0]]}, {"class": "Milk", "pose": [[-0.03721530692075539, -0.0067489556783881565, 0.999284519048461, -17.43115121039188], [-0.9489465854859622, -0.3132050862416095, -0.037455934149782016, 35.3045578216143], [0.3132337689701198, -0.949661570489082, 0.005251656756289652, 38.21327813389291], [0.0, 0.0, 0.0, 1.0]]}, {"class": "ChocolatePudding", "pose": [[0.5812941558263801, -0.04580287008354555, 0.8124033967039248, -41.537186682384885], [-0.7646725298954015, -0.37205652744168477, 0.526165237893491, 16.590435071281796], [0.2781601175352024, -0.9270793445838359, -0.2512984485517354, 52.07377877064437], [0.0, 0.0, 0.0, 1.0]]}, {"class": "Yogurt", "pose": [[0.3355359882934223, 0.0439958556963768, 0.9409994913512805, 4.30461271589251], [-0.8892476793232601, -0.31487214168070304, 0.33180430130984734, 17.346802478761646], [0.31089253868964695, -0.9481139005950238, -0.06652768800504759, 51.70764449557388], [0.0, 0.0, 0.0, 1.0]]}]}