{"camera": {"camera": "RealSense D415", "extrinsics": [[-0.37721577, 0.92567986, -0.028723838, 0.070895016], [0.87694734, 0.34704113, -0.33245423, -0.58737177], [-0.29777786, -0.15059628, -0.94268185, 0.43237], [0.0, 0.0, 0.0, 1.0]], "height": 480, "intrinsics": [[603.0301, 0.0, 326.28275], [0.0, 603.81976, 245.73769], [0.0, 0.0, 1.0]], "width": 640}, "objects": [{"class": "MacaroniAndCheese", "pose": [[-0.2130084559545352, -0.038634506326688516, 0.976286231328512, 18.304870277028147], [-0.9042521731519709, -0.37067603598967724, -0.21196063042622912, 11.252086928389604], [0.3700749086491856, -0.9279583167799473, 0.04402182686211549, 47.07925578562037], [0.0, 0.0, 0.0, 1.0]]}, {"class": "OrangeJuice", "pose": [[-0.9728706191809494, -0.05557564084358712, -0.22457546470656625, 11.432243958651556], [0.22951270019120415, -0.3539433680421478, -0.9066686483096725, -4.900037884555397], [-0.029098339053136576, -0.9336141751865455, 0.3570964232362842, 51.72005070206034], [0.0, 0.0, 0.0, 1.0]]}, {"class": "TomatoSauce", "pose": [[0.7934329787046038, -0.011529983585362771, -0.6085484373912532, -3.341126560346827], [0.5835649465250667, -0.269709142275936, 0.7659692924117428, -8.914443968986435], [-0.17296267542074356, -0.9628727980263391, -0.2072676643021901, 59.502718273986034], [0.0, 0.0, 0.0, 1.0]]}, {"class": "Mushrooms", "pose": [[0.9703856696547615, 0.012670290866905307, -0.24122841608504247, -7.373693381623244], [0.22867840999583297, -0.36994618290345943, 0.9004698949519101, 11.589330348182191], [-0.0778322902552427, -0.9289667749719247, -0.3618879143117916, 54.75200200153949], [0.0, 0.0, 0.0, 1.0]]}, {"class": "Pineapple", "pose": [[-0.13990979473191661, -0.08253600886550339, 0.9867183435243803, 6.763425481787786], [-0.9306625949249292, -0.3292801073888333, -0.15950476620891882, 29.72212166946495], [0.3380716168374218, -0.940618098945998, -0.030743629538522943, 46.14149289894755], [0.0, 0.0, 0.0, 1.0]]}, {"class": "Cherries", "pose": [[0.25847905795944925, -0.026218012902225748, 0.9656610302092158, -2.726201983597995], [-0.8935490115864874, -0.3863578951936728, 0.22868704788879504, 39.808673383236496], [0.36709506123118, -0.921976235081065, -0.12329247705547096, 42.22625199402123], [0.0, 0.0, 0.0, 1.0]]}, {"class": "PeasAndCarrots", "pose": [[-0.19992692650629174, -0.03747433022569272, 0.9790939339515673, -7.324143160916299], [-0.9253143958756986, -0.321392498752848, -0.20124650478544967, 24.53415037124197], [0.3222150303981612, -0.9462042716410036, 0.02957951059239494, 44.37378549326987], [0.0, 0.0, 0.0, 1.0]]}, {"class": "BBQSauce", "pose": [[0.35890144747459374, -0.041792222615675986, 0.9324393781894657, -12.807265351645453], [-0.8593895645160654, -0.40459810189451006, 0.31264992803776165, -2.756863514868857], [0.36419688753467744, -0.9135391464750214, -0.18112661842148042, 54.0497674118242], [0.0, 0.0, 0.0, 1.0]]}, {"class": "Raisins", "pose": [[-0.007592220585135841, -0.8902920696507943, -0.45532671980937156, -24.12176138135402], [-0.35731096652058175, -0.4228636972419974, 0.832775595173587, -11.114122025599855], [-0.9339546114531514, 0.16901582466038717, -0.3149006695655246, 60.67302887016267], [0.0, 0.0, 0.0, 1.0]]}, {"class": "Ketchup", "pose": [[0.13940554737009997, -0.11358180932778714, 0.9836998011696148, -16.481239879334268], [-0.922098103106254, -0.3770159875961925, 0.08714389538276401, 6.221127522515824], [0.3609726061282893, -0.9192160293572669, -0.1572916588082943, 50.95597465309757], [0.0, 0.0, 0.0, 1.0]]}, {"class": "AlphabetSoup", "pose": [[0.5974244784373356, -0.02180879849407065, 0.8016285933903511, -28.462854118801427], [-0.7617125043870688, -0.3280082026918655, 0.5587528118810662, 3.456580407506238], [0.25075505531374725, -0.9444230945667177, -0.21257214685061082, 56.07517326360216], [0.0, 0.0, 0.0, 1.0]]}, {"class": "Mayo", "pose": [[0.5871226537540228, 0.8062689892705998, -0.07223115157789857, -38.15648942613986], [0.7638367410181811, -0.5813395718129654, -0.2803529212845985, 2.3933525289093094], [-0.2680306858221395, 0.10942877859948377, -0.9571754754510753, 58.40041363139319], [0.0, 0.0, 0.0, 1.0]]}, {"class": "SaladDressing", "pose": [[0.7984219267014872, -0.1018797524772853, 0.5934163596214066, -22.229091112997644], [-0.5858798873289573, -0.3586735848440118, 0.7267035450005181, 11.09579758396012], [0.13880642958642259, -0.9278867205174647, -0.34606214171138056, 49.24230300753593], [0.0, 0.0, 0.0, 1.0]]}, {"class": "Mustard", "pose": [[-0.6488860109542733, 0.04808598092654596, 0.7593646792517107, -28.554964804064685], [-0.7310177487209069, -0.31627353306001665, -0.6046355336055916, 16.770356133652665], [0.21109244895373228, -0.9474485597529742, 0.24037720680169497, 46.163527678925945], [0.0, 0.0, 0.0, 1.0]]}, {"class": "Cookies", "pose": [[0.9399955808595596, -0.3411768327476763, 0.00259029527904244, -8.828948044633142], [0.32027429509653493, 0.8849720489965074, 0.33800720932120126, 26.103436592257356], [-0.11761254395210012, -0.31689569997667394, 0.9411399480281674, 48.756420962098105], [0.0, 0.0, 0.0, 1.0]]}, {"class": "Parmesan", "pose": [[-0.31559800549190536, -0.08437479523300263, 0.9451342897852083, -24.37121350189349], [-0.877343095480416, -0.35349236316307464, -0.32451851589083874, 27.544072132374065], [0.3614789375752864, -0.9316244053535992, 0.037535875799668966, 45.384715491343115], [0.0, 0.0, 0.0, 1.0]]}, {"class": "CreamCheese", "pose": [[0.034076667651130876, 0.02201204206175175, 0.9991768029707944, -34.8841359393952], [-0.9473145287703931, -0.31788340360980055, 0.03931094564805136, 26.123849971739553], [0.3184870512705529, -0.947874251011196, 0.010019948902414193, 48.187632082593176], [0.0, 0.0, 0.0, 1.0]]}, {"class": "Milk", "pose": [[0.08478747123231661, -0.030812019422487322, 0.9959225557491944, -19.643383248189057], [-0.9319581339767558, -0.35606973321152263, 0.0683257401204309, 34.07854754489076], [0.3525126389512547, -0.9339512571732121, -0.05890573433250811, 37.67310809282144], [0.0, 0.0, 0.0, 1.0]]}, {"class": "ChocolatePudding", "pose": [[0.6764478220949691, -0.06182260064135803, 0.7338912337000504, -40.6935086916127], [-0.6853767749771845, -0.417592223295517, 0.5965529620433934, 13.594810222398735], [0.2695868450118356, -0.9065289229676059, -0.3248511070518461, 53.82060076825499], [0.0, 0.0, 0.0, 1.0]]}, {"class": "Yogurt", "pose": [[0.44805752220166717, 0.019814864903896386, 0.8937851312235018, 4.689464137065554], [-0.8334915481674008, -0.3523069656581981, 0.42564265087040776, 19.15911731238822], [0.32332080283780107, -0.9356747065698107, -0.14133824277551732, 50.414594402095325], [0.0, 0.0, 0.0, 1.0]]}]}