{"camera": {"camera": "RealSense D415", "extrinsics": [[-0.44011202, 0.89779776, -0.01614367, 0.10226383], [0.84196055, 0.40635777, -0.35493073, -0.57921356], [-0.3120959, -0.16980162, -0.9347532, 0.4353899], [0.0, 0.0, 0.0, 1.0]], "height": 480, "intrinsics": [[603.0301, 0.0, 326.28275], [0.0, 603.81976, 245.73769], [0.0, 0.0, 1.0]], "width": 640}, "objects": [{"class": "MacaroniAndCheese", "pose": [[-0.1459839366555476, -0.023229236734735044, 0.9890142316368267, 16.62652339441279], [-0.9081332453243355, -0.39339978433101036, -0.14328529932083273, 12.74245679126178], [0.39240636563280534, -0.9190740137667955, 0.03633482072578419, 45.7088917351747], [0.0, 0.0, 0.0, 1.0]]}, {"class": "OrangeJuice", "pose": [[-0.9866531467203881, -0.04134635067553832, -0.1574995394706989, 10.936818005329615], [0.16136451264215004, -0.3780039858370969, -0.911632897238512, -3.7345663632155413], [-0.0218427744531085, -0.9248802609113689, 0.37963062830656424, 50.7878759754377], [0.0, 0.0, 0.0, 1.0]]}, {"class": "TomatoSauce", "pose": [[0.7493030008922278, -0.003545729676462397, -0.6622178631204988, -3.437218625205793], [0.6326616985791361, -0.2916259761470805, 0.7174214408307605, -8.577667936528016], [-0.19566368684819632, -0.9565258716243812, -0.2162729671732513, 58.842023934374744], [0.0, 0.0, 0.0, 1.0]]}, {"class": "Mushrooms", "pose": [[0.9513684841034519, 0.0278885459563249, -0.3067903095602159, -8.927581484638553], [0.29302902557348715, -0.389167435067413, 0.8733170994724416, 11.487347049353536], [-0.0950372313234431, -0.9207447874306066, -0.3784137667282606, 53.69549599826343], [0.0, 0.0, 0.0, 1.0]]}, {"class": "Pineapple", "pose": [[-0.07159558033138279, -0.07002044677360936, 0.9949729983730957, 3.8282122002845393], [-0.9301743652256462, -0.35541780515269034, -0.09194505225386153, 30.349275997327762], [0.36006912765013094, -0.9320811942902794, -0.0396848627490295, 44.513202551152425], [0.0, 0.0, 0.0, 1.0]]}, {"class": "Cherries", "pose": [[0.3235787510017956, -0.009694608443122919, 0.9461516073273685, -6.377669251038568], [-0.8651103048467829, -0.4080512099895269, 0.2916820684417262, 39.66816429041048], [0.38325054537667896, -0.9129075828794667, -0.1404235819133524, 40.49835940497222], [0.0, 0.0, 0.0, 1.0]]}, {"class": "PeasAndCarrots", "pose": [[-0.13201054579819843, -0.02567517815893973, 0.9909157676641753, -9.886418622477914], [-0.9293259869716894, -0.3445794976824937, -0.13273371196660197, 24.166296778360707], [0.34485719366457224, -0.9384059801678637, 0.021627531775905724, 43.03702226757221], [0.0, 0.0, 0.0, 1.0]]}, {"class": "BBQSauce", "pose": [[0.42136592510080806, -0.023878484433618393, 0.9065763248210317, -13.365530699703324], [-0.8242020192868992, -0.4271230065517246, 0.3718292985417806, -3.2106924408266124], [0.37834086817176227, -0.9038781927622254, -0.19965574844632872, 53.375540297907385], [0.0, 0.0, 0.0, 1.0]]}, {"class": "Raisins", "pose": [[0.006748359488098816, -0.8570597212604237, -0.5151729335069295, -24.002262835689937], [-0.37807153988372644, -0.4791307925067064, 0.7921462320672226, -12.173736918962419], [-0.9257518016895492, 0.18942650990087373, -0.3272632224724564, 60.3219752587019], [0.0, 0.0, 0.0, 1.0]]}, {"class": "Ketchup", "pose": [[0.20669902352399883, -0.09745891272820563, 0.9735385619403953, -17.684382918293444], [-0.9019097765199748, -0.40467761355075915, 0.15097961016311673, 5.421003347848052], [0.3792549319143564, -0.9092512444787342, -0.1715455881106805, 50.132808902090666], [0.0, 0.0, 0.0, 1.0]]}, {"class": "AlphabetSoup", "pose": [[0.6513086876089891, -0.009571660755335476, 0.758752551452944, -29.389232488020923], [-0.7129545933433903, -0.35006043006356413, 0.6075800372878696, 1.9560279827510851], [0.25979368765093497, -0.9366782299425642, -0.23482153047819548, 55.46182810208594], [0.0, 0.0, 0.0, 1.0]]}, {"class": "Mayo", "pose": [[0.5300034594052744, 0.8456295883947017, -0.06330078854769482, -38.96004223860321], [0.7961208281007187, -0.5219009573861827, -0.3062859388219879, 0.281860468011097], [-0.29204116591123663, 0.11193753592904958, -0.9498325974776118, 57.93175316626134], [0.0, 0.0, 0.0, 1.0]]}, {"class": "SaladDressing", "pose": [[0.8384402490342033, -0.08714735793887211, 0.5379808029889623, -23.773571291199303], [-0.5263027587744635, -0.38577540162606244, 0.7577485098521107, 9.84885506480837], [0.14150398310460785, -0.9184675889853813, -0.36931548642947626, 48.38558674778515], [0.0, 0.0, 0.0, 1.0]]}, {"class": "Mustard", "pose": [[-0.5945110143140376, 0.059308810431207004, 0.8018972355891004, -30.50968318231422], [-0.7689252607901105, -0.33361978478133963, -0.5453914567517252, 15.003804794946285], [0.2351822379331928, -0.9408402241618391, 0.24394467677644616, 45.26349805305146], [0.0, 0.0, 0.0, 1.0]]}, {"class": "Cookies", "pose": [[0.9142908831839048, -0.4049266684215394, -0.010326263057768062, -11.447336581861423], [0.38139325361086995, 0.8520084601862782, 0.3586374610209813, 25.727378178707816], [-0.13642378426333923, -0.3318373126323607, 0.933419823444912, 47.40293013986886], [0.0, 0.0, 0.0, 1.0]]}, {"class": "Parmesan", "pose": [[-0.2502748588862616, -0.07008416984203648, 0.9656349008439605, -27.08833596495266], [-0.888542849827147, -0.37948903121212313, -0.2578366494259322, 26.019232458472363], [0.384518091412271, -0.92253797611135, 0.03270378841613513, 44.196716227271104], [0.0, 0.0, 0.0, 1.0]]}, {"class": "CreamCheese", "pose": [[0.10289780413171863, 0.03340503671307483, 0.9941308782086898, -37.44650360834038], [-0.9352648470802742, -0.33702770301443635, 0.10812979142299614, 23.94351087112091], [0.3386617046939434, -0.9409019373429882, -0.00343683658814606, 47.162295223691956], [0.0, 0.0, 0.0, 1.0]]}, {"class": "Milk", "pose": [[0.15280138156192316, -0.016500275440660316, 0.9881191913347604, -22.90840697539972], [-0.9156908233584046, -0.37842988098983654, 0.13528192698095337, 32.686757320310335], [0.37170161692423453, -0.9254828985620374, -0.07293373850864768, 36.28514585353318], [0.0, 0.0, 0.0, 1.0]]}, {"class": "ChocolatePudding", "pose": [[0.7250788741562423, -0.04288548373754012, 0.6873292654309314, -42.31462177850266], [-0.630959207152307, -0.44130120274652207, 0.6380781973556685, 11.175662689112087], [0.27595493352866496, -0.8963337089624392, -0.3470371372152492, 53.140545116786974], [0.0, 0.0, 0.0, 1.0]]}, {"class": "Yogurt", "pose": [[0.5080641285984289, 0.033724020819706046, 0.8606588111628101, 2.535630635339227], [-0.7931691591527316, -0.3712353940622608, 0.482770158295685, 19.76828628332472], [0.33578795029372716, -0.9279261816805601, -0.161862508188282, 49.04196237496695], [0.0, 0.0, 0.0, 1.0]]}]}