{"camera": {"camera": "RealSense D415", "extrinsics": [[-0.58695555, 0.80937445, 0.01990371, 0.17969994], [0.7366919, 0.5441204, -0.40151966, -0.5601874], [-0.3358098, -0.2210113, -0.9156341, 0.44548705], [0.0, 0.0, 0.0, 1.0]], "height": 480, "intrinsics": [[603.0301, 0.0, 326.28275], [0.0, 603.81976, 245.73769], [0.0, 0.0, 1.0]], "width": 640}, "objects": [{"class": "MacaroniAndCheese", "pose": [[0.023436612407300238, 0.019983116659544827, 0.9995255882543115, 12.151086037176652], [-0.8976256144785618, -0.43974757619169136, 0.029839027497250377, 14.714253262062726], [0.4401352394593913, -0.8978990957251805, 0.007631197272895289, 43.12444166862534], [0.0, 0.0, 0.0, 1.0]]}, {"class": "OrangeJuice", "pose": [[-0.9999234639721918, -0.0006673547431558653, 0.012354034287813969, 9.526566923501491], [-0.010879740912500753, -0.4280014496732291, -0.9037125828557188, -2.1996000967844265], [0.005890607975092471, -0.903777825423029, 0.4279614390353335, 49.1820466366382], [0.0, 0.0, 0.0, 1.0]]}, {"class": "TomatoSauce", "pose": [[0.6234493157661608, 0.02080594858318815, -0.7815868886451142, -3.573539379946969], [0.7400486852539438, -0.3382379781677939, 0.5813114962525179, -8.992280915223228], [-0.25226761643862555, -0.9408306043534893, -0.22627168160889394, 57.96752065523296], [0.0, 0.0, 0.0, 1.0]]}, {"class": "Mushrooms", "pose": [[0.8836866930171816, 0.06954186695287608, -0.46288417412215704, -12.577847920743334], [0.4457293076782635, -0.4269428686100042, 0.7867942636523099, 9.538996807234202], [-0.142909928738553, -0.9016006614865009, -0.40828060174950204, 52.072622360907395], [0.0, 0.0, 0.0, 1.0]]}, {"class": "Pineapple", "pose": [[0.09960496542487249, -0.03299007204901618, 0.9944800185708089, -3.5181039790635973], [-0.9083228219859059, -0.41105751348433534, 0.077339600232351, 29.78844421460486], [0.40623705508339125, -0.9110123067465928, -0.07090897209320794, 41.55225845504372], [0.0, 0.0, 0.0, 1.0]]}, {"class": "Cherries", "pose": [[0.4781318395632634, 0.03600287697210422, 0.8775498493950451, -15.2826421742641], [-0.7755964429415656, -0.45152476063386066, 0.44110723223201526, 37.00151774438768], [0.4121166374297213, -0.8915319531122631, -0.18796463503367386, 37.467179778226196], [0.0, 0.0, 0.0, 1.0]]}, {"class": "PeasAndCarrots", "pose": [[0.03955759429509212, 0.008635092041607962, 0.9991799804072866, -15.996707801749832], [-0.9186112787371642, -0.3931565263275132, 0.03976564446128883, 21.284871919322878], [0.3931775186998961, -0.919431033126839, -0.0076200001442320335, 40.8644103597496], [0.0, 0.0, 0.0, 1.0]]}, {"class": "BBQSauce", "pose": [[0.5672345672402261, 0.025568980532354214, 0.8231592642314238, -14.42301513223433], [-0.718909036415844, -0.47223266570273903, 0.5100648477393789, -5.696987332332393], [0.4017645567334532, -0.8811030458480528, -0.24948489701773505, 52.61138729391247], [0.0, 0.0, 0.0, 1.0]]}, {"class": "Raisins", "pose": [[0.046677537626291836, -0.7561852505992497, -0.6526906430959322, -23.16309912545766], [-0.41990121851248596, -0.6077236987132344, 0.6740585396020876, -15.963736511866744], [-0.906368696341553, 0.24260218274733777, -0.3458901812833525, 60.353091434823014], [0.0, 0.0, 0.0, 1.0]]}, {"class": "Ketchup", "pose": [[0.36927948150508105, -0.050897289476976394, 0.9279235592390794, -20.25142696529177], [-0.831973668092842, -0.46299878491314017, 0.30569917053463086, 1.8861973120578246], [0.4140682402725669, -0.8848964003306962, -0.21332112733915048, 49.1186965863303], [0.0, 0.0, 0.0, 1.0]]}, {"class": "AlphabetSoup", "pose": [[0.7712566629177405, 0.025483183580447804, 0.6360139688617552, -31.034812612942503], [-0.5764724736517656, -0.3957076239058393, 0.7149090890463441, -3.239223355572385], [0.26989376638089785, -0.9180229440335635, -0.29050177174429004, 55.02264896679823], [0.0, 0.0, 0.0, 1.0]]}, {"class": "Mayo", "pose": [[0.37672328598739885, 0.9256520887343027, -0.035323897638348895, -40.10318305420777], [0.8583158739075206, -0.3631524625372195, -0.3625109538317239, -6.389838789592184], [-0.34838697593477524, 0.1062472893824604, -0.9313098725922493, 57.910908210453805], [0.0, 0.0, 0.0, 1.0]]}, {"class": "SaladDressing", "pose": [[0.9201344206998531, -0.04425215608275902, 0.3890943277060959, -27.057832334658638], [-0.36714367624987676, -0.44312889945209916, 0.8178278190160576, 5.110250524326165], [0.13622833058598394, -0.8953650501509389, -0.4239850459672513, 47.38226449817828], [0.0, 0.0, 0.0, 1.0]]}, {"class": "Mustard", "pose": [[-0.44647236958958, 0.09036025039272823, 0.8902232583288954, -34.663886570698956], [-0.8455883441322901, -0.3679901749436076, -0.3867345672538845, 8.866329690279073], [0.2926479715432358, -0.9254287074021164, 0.24070505303704723, 44.2620153226646], [0.0, 0.0, 0.0, 1.0]]}, {"class": "Cookies", "pose": [[0.8308236508073679, -0.5545777881748128, -0.046642678417236384, -17.684225028286754], [0.524144027961188, 0.7515398078400082, 0.40057583212281794, 22.785685784612664], [-0.18709660542449785, -0.3572553811618624, 0.9150756816566654, 45.204276129705626], [0.0, 0.0, 0.0, 1.0]]}, {"class": "Parmesan", "pose": [[-0.08284522485852844, -0.02864476430247991, 0.9961506650722474, -33.222630276178364], [-0.8965783362050472, -0.4342458131504997, -0.08705115108667004, 20.23193625057358], [0.4350678196025674, -0.9003388794209686, 0.010292950944796578, 42.55056829408378], [0.0, 0.0, 0.0, 1.0]]}, {"class": "CreamCheese", "pose": [[0.2717177525555918, 0.06543957671351999, 0.960149533183962, -42.98361115821078], [-0.8846687139963783, -0.3757699053206805, 0.2759679090541984, 16.578059650445642], [0.3788545382943051, -0.9243996314160307, -0.04421097761423335, 45.98092521628355], [0.0, 0.0, 0.0, 1.0]]}, {"class": "Milk", "pose": [[0.31837893369674714, 0.023854614978576678, 0.9476633438357904, -30.47083910778828], [-0.8551368719493405, -0.4242095853614759, 0.29797181077512325, 27.08639965766203], [0.4091158944183067, -0.9052498145468321, -0.11466040505390045, 34.186082797543484], [0.0, 0.0, 0.0, 1.0]]}, {"class": "ChocolatePudding", "pose": [[0.8302010106998856, 0.00950216553730513, 0.557383164448546, -45.41405500115804], [-0.4823443748949052, -0.4890281693108817, 0.7267705248041875, 3.50157597756946], [0.27948199420461506, -0.872216257886857, -0.4014083515363729, 52.73033320739155], [0.0, 0.0, 0.0, 1.0]]}, {"class": "Yogurt", "pose": [[0.6460986371138425, 0.07200205234873308, 0.7598501542441709, -2.844145085620381], [-0.6758270154209601, -0.4086840034366393, 0.6133802023693471, 19.397315419807825], [0.35470326363158117, -0.9098313728413653, -0.21538922455078935, 46.622563827633186], [0.0, 0.0, 0.0, 1.0]]}]}