{"camera": {"camera": "RealSense D415", "extrinsics": [[-0.64131224, 0.7672797, 0.0006831998, 0.22057052], [0.6966242, 0.5826293, -0.41863802, -0.5600282], [-0.32161048, -0.26800177, -0.90815294, 0.44987592], [0.0, 0.0, 0.0, 1.0]], "height": 480, "intrinsics": [[603.0301, 0.0, 326.28275], [0.0, 603.81976, 245.73769], [0.0, 0.0, 1.0]], "width": 640}, "objects": [{"class": "MacaroniAndCheese", "pose": [[0.09282864612787653, 0.0036746225097854038, 0.9956753280444322, 12.281979436994472], [-0.8857594402884088, -0.4564313213081793, 0.08426549995653891, 14.264987317546352], [0.45476701537168107, -0.8897510947346253, -0.03911507567987811, 42.552924419251944], [0.0, 0.0, 0.0, 1.0]]}, {"class": "OrangeJuice", "pose": [[-0.9965087476377551, -0.01783744462059776, 0.08156077929832567, 10.871858737777654], [-0.06508109312765717, -0.4459485213238186, -0.8926894080588715, -2.63800199874229], [0.05229521326590843, -0.8948808893225001, 0.44323068778212593, 49.03070222605795], [0.0, 0.0, 0.0, 1.0]]}, {"class": "TomatoSauce", "pose": [[0.5695955190237028, -0.0030497623251431187, -0.8219194990549832, -1.4229837328530448], [0.767477703426503, -0.35593380797360635, 0.5331876880599211, -9.949986120177524], [-0.2941750087294387, -0.934506224774438, -0.20039764992094994, 58.53383795548226], [0.0, 0.0, 0.0, 1.0]]}, {"class": "Mushrooms", "pose": [[0.8503636013783663, 0.05223272795663976, -0.5235967024819133, -11.694045620276789], [0.4900534081284159, -0.44103129493926635, 0.7518903282261371, 7.939074868807139], [-0.1916492376698425, -0.895970536914799, -0.40063375379284766, 52.726737059402126], [0.0, 0.0, 0.0, 1.0]]}, {"class": "Pineapple", "pose": [[0.16786303994869384, -0.051340318719662825, 0.9844725444428898, -4.250846224583816], [-0.8929980907951618, -0.43093898549564286, 0.1297921886334939, 28.429728464625768], [0.41758399203127083, -0.900919433701513, -0.11818553877334546, 41.43386318678141], [0.0, 0.0, 0.0, 1.0]]}, {"class": "Cherries", "pose": [[0.5383602656779889, 0.02059154774697846, 0.8424631931244351, -16.56826118583354], [-0.7398037071199046, -0.467186714089829, 0.4841766833746587, 34.90703097913931], [0.4035575257435145, -0.8839189030160131, -0.23628104939608047, 37.766916777940054], [0.0, 0.0, 0.0, 1.0]]}, {"class": "PeasAndCarrots", "pose": [[0.1079472006609783, -0.011190066423689823, 0.9940936593459416, -16.2590511639835], [-0.9068017152087885, -0.4109797097081305, 0.09384209671950225, 19.24819674179399], [0.4075021890092517, -0.9115758463538679, -0.054511285931196314, 41.47761846830112], [0.0, 0.0, 0.0, 1.0]]}, {"class": "BBQSauce", "pose": [[0.623637580208208, 0.011798888634128155, 0.7816245735952556, -12.66867922847667], [-0.6785832660231973, -0.48821161472716784, 0.5487933872896761, -7.360317391869165], [0.388073316358202, -0.8726455584819647, -0.2964605680177783, 53.62606917711169], [0.0, 0.0, 0.0, 1.0]]}, {"class": "Raisins", "pose": [[0.028822432737664872, -0.7097381772659882, -0.7038757037795423, -20.46986370630151], [-0.4353424296321603, -0.642789308492797, 0.6303164962647015, -17.925070072085127], [-0.8998034786655837, 0.2882596862198004, -0.32750586418986355, 61.94813035569828], [0.0, 0.0, 0.0, 1.0]]}, {"class": "Ketchup", "pose": [[0.43298718041137724, -0.0651538360879975, 0.8990423229811457, -19.058785087361336], [-0.8019609962834089, -0.4832271456480111, 0.3512123257562134, -0.1787145067288387], [0.41155879127298933, -0.8730673332605206, -0.26148198965942615, 50.26971905371621], [0.0, 0.0, 0.0, 1.0]]}, {"class": "AlphabetSoup", "pose": [[0.813318122708202, 0.0058195799690974465, 0.5817901537773739, -29.265012571388404], [-0.5280188301053717, -0.4125818459814448, 0.7422751154624466, -5.759766618464024], [0.2443557578645398, -0.9109019793526355, -0.33248742172730383, 56.757613566896026], [0.0, 0.0, 0.0, 1.0]]}, {"class": "Mayo", "pose": [[0.3126257421659796, 0.9481485985329922, -0.05726604320191681, -38.00584212087428], [0.8701546956798095, -0.3100429318879758, -0.3830198396777591, -9.338327907003425], [-0.3809146259764398, 0.06991152487201599, -0.921963374762941, 60.11850042447905], [0.0, 0.0, 0.0, 1.0]]}, {"class": "SaladDressing", "pose": [[0.9442192498429474, -0.060095795873663344, 0.32378777434184214, -26.10432651115192], [-0.31370909683789056, -0.46324556888878066, 0.8288486937192793, 2.63418878394559], [0.10018290943800409, -0.8841900829367134, -0.456257953234656, 48.791615230141105], [0.0, 0.0, 0.0, 1.0]]}, {"class": "Mustard", "pose": [[-0.38541700621855385, 0.06866605380905329, 0.9201840705210729, -34.039351261580656], [-0.8623884714696086, -0.38153818652337024, -0.3327382576663841, 5.906229255202189], [0.3282375090369717, -0.921799136091906, 0.20626809825659653, 45.95872287581674], [0.0, 0.0, 0.0, 1.0]]}, {"class": "Cookies", "pose": [[0.7913090173590112, -0.6108054408816515, -0.027327123972301286, -17.829190077895348], [0.5645516328310772, 0.7127644123348514, 0.41623113529721417, 20.744245416797646], [-0.23475842625509108, -0.3447949908515954, 0.9088481355995913, 45.86294568535501], [0.0, 0.0, 0.0, 1.0]]}, {"class": "Parmesan", "pose": [[-0.013469049973924544, -0.04524339423973617, 0.9988851982281939, -33.30678678146225], [-0.8905943394421577, -0.45363186429902436, -0.03255558109246593, 17.295658153316918], [0.45459904633018766, -0.8900400166808707, -0.034183530820734984, 43.97692193433589], [0.0, 0.0, 0.0, 1.0]]}, {"class": "CreamCheese", "pose": [[0.3369943519894233, 0.044285032030985855, 0.940464598979757, -42.686187310857825], [-0.860595026678043, -0.39063786872615436, 0.32676944041356987, 13.188223579709746], [0.3818520461553187, -0.9194786315252861, -0.0935312729110298, 47.9203644150323], [0.0, 0.0, 0.0, 1.0]]}, {"class": "Milk", "pose": [[0.3832720349406836, 0.006346144124222769, 0.9236137141446593, -31.318294031035844], [-0.8279533557534492, -0.440860762704322, 0.34660502047497227, 24.115617586108627], [0.4093846173116666, -0.8975531061828034, -0.16371528544138503, 35.37141880425708], [0.0, 0.0, 0.0, 1.0]]}, {"class": "ChocolatePudding", "pose": [[0.8673464241286185, -0.0028980591743957263, 0.4976964949376583, -44.08343131054468], [-0.4306488295303824, -0.5056686476469248, 0.7475565637629915, 0.14092699950192245], [0.2495030266029658, -0.8627229483862531, -0.43983791564696034, 55.01062091520056], [0.0, 0.0, 0.0, 1.0]]}, {"class": "Yogurt", "pose": [[0.6977961320514807, 0.05330651834469949, 0.7143101514502427, -2.7757346235053633], [-0.6322585155827263, -0.42283930454204854, 0.6491965061686742, 18.1973361099678], [0.336644783229518, -0.9046355073178194, -0.2613521127160719, 46.65497020901859], [0.0, 0.0, 0.0, 1.0]]}]}