{"camera": {"camera": "RealSense D415", "extrinsics": [[-0.69502056, 0.7188163, -0.01579963, 0.28239807], [0.65164304, 0.62048095, -0.4363081, -0.5430994], [-0.30382198, -0.31353882, -0.8996586, 0.45507935], [0.0, 0.0, 0.0, 1.0]], "height": 480, "intrinsics": [[603.0301, 0.0, 326.28275], [0.0, 603.81976, 245.73769], [0.0, 0.0, 1.0]], "width": 640}, "objects": [{"class": "MacaroniAndCheese", "pose": [[0.165181119676972, -0.009763748138779562, 0.9862149724231353, 14.253258740560945], [-0.869454598765183, -0.4734822260337716, 0.14093738735051048, 15.210123491650606], [0.46557913835490056, -0.8807492709908782, -0.08669945063338531, 42.285844413742126], [0.0, 0.0, 0.0, 1.0]]}, {"class": "OrangeJuice", "pose": [[-0.987577046736599, -0.0320644955233158, 0.15382961286069843, 14.133068553943845], [-0.12156889321630983, -0.4643687358548904, -0.8772586541036228, -1.6106857448148326], [0.09956250883387395, -0.8850613386202928, 0.4547018153435769, 49.12009961001916], [0.0, 0.0, 0.0, 1.0]]}, {"class": "TomatoSauce", "pose": [[0.5096324945157593, -0.02439818212489109, -0.8600462511688952, 2.7314790274600655], [0.7930064426981396, -0.37447488169711696, 0.48053034207444734, -9.426918782681625], [-0.33378975058725374, -0.9269160229467575, -0.17149663544762256, 59.3106896943034], [0.0, 0.0, 0.0, 1.0]]}, {"class": "Mushrooms", "pose": [[0.8105638393896568, 0.03747463904866068, -0.5844501848824171, -8.824958737047162], [0.5344434301138105, -0.45542746897418096, 0.7120085008965581, 7.715685450652265], [-0.23949238200356265, -0.8894838371890726, -0.38918107547007996, 53.67016424170369], [0.0, 0.0, 0.0, 1.0]]}, {"class": "Pineapple", "pose": [[0.23875245749258828, -0.06663009641795442, 0.9687919277118305, -3.1168607260436465], [-0.8730941826019818, -0.45144954960262135, 0.1841193018321971, 28.368500258091057], [0.4250927509505777, -0.8898054635623799, -0.1659590228526117, 41.683671941565144], [0.0, 0.0, 0.0, 1.0]]}, {"class": "Cherries", "pose": [[0.5985952620005991, 0.008002289813976509, 0.8010117231196976, -15.946774028854554], [-0.6990306163082167, -0.48311944436097354, 0.5272114042593411, 34.04600221803682], [0.3912032000303275, -0.8755179000310306, -0.2835991364120674, 38.47743328488005], [0.0, 0.0, 0.0, 1.0]]}, {"class": "PeasAndCarrots", "pose": [[0.17935649743490337, -0.02824496368767623, 0.9833786522805892, -14.550616294594288], [-0.890544948999697, -0.42942113820194944, 0.15009078823658584, 18.51015159680689], [0.41804423000219876, -0.90266258008587, -0.1021728703569423, 42.44632623565522], [0.0, 0.0, 0.0, 1.0]]}, {"class": "BBQSauce", "pose": [[0.6793407754473111, 0.0009789502880881385, 0.7338223609144137, -8.857387557743207], [-0.6333052684527369, -0.504384001048226, 0.5869593523180306, -7.592971802339809], [0.37070282777320557, -0.8634789228870037, -0.3420286104600583, 54.88428395788515], [0.0, 0.0, 0.0, 1.0]]}, {"class": "Raisins", "pose": [[0.013621190927762324, -0.6569824607695215, -0.7537828694696861, -15.640006674965356], [-0.45118233030703897, -0.676784600648571, 0.5817191538712405, -18.419819804068304], [-0.8923278507215306, 0.3321697705021161, -0.3056374609789354, 63.74456813965041], [0.0, 0.0, 0.0, 1.0]]}, {"class": "Ketchup", "pose": [[0.4975258741036551, -0.07607388313473956, 0.8641069805349431, -15.803635848605941], [-0.7670065659654456, -0.5038713612319965, 0.39725891296875615, -0.8631108285181655], [0.4051776935722525, -0.8604222500686375, -0.30903817786914, 51.701113972930756], [0.0, 0.0, 0.0, 1.0]]}, {"class": "AlphabetSoup", "pose": [[0.8531531185819075, -0.011157529966606586, 0.5215413413009851, -25.360432547531538], [-0.4749736574860267, -0.43002205049496517, 0.7677767420412398, -6.892207075719914], [0.21570776441229675, -0.902749450501945, -0.3721741489586165, 58.75275522250137], [0.0, 0.0, 0.0, 1.0]]}, {"class": "Mayo", "pose": [[0.2434144349867712, 0.96691613906262, -0.0763066036940925, -33.71494752278606], [0.8788503397679172, -0.2531580700154293, -0.40439230545707383, -10.901466334307152], [-0.41033103815529526, 0.03137283635622886, -0.9113968353180452, 62.57789448201954], [0.0, 0.0, 0.0, 1.0]]}, {"class": "SaladDressing", "pose": [[0.9645821800576251, -0.07270677606226685, 0.2535646811701726, -23.061899145533875], [-0.2564281440506595, -0.48386124632747024, 0.8367335095944047, 1.506605039278608], [0.06185392063528582, -0.8721192866595743, -0.48536795269241295, 50.50155780446646], [0.0, 0.0, 0.0, 1.0]]}, {"class": "Mustard", "pose": [[-0.31884421935024926, 0.04919925366920457, 0.9465293984511757, -31.29544958336023], [-0.8763847318025573, -0.39562143837601416, -0.2746516779443772, 4.255515757765027], [0.3609546274328188, -0.9170949415763704, 0.16925906839001065, 47.98197669525681], [0.0, 0.0, 0.0, 1.0]]}, {"class": "Cookies", "pose": [[0.7453451564677839, -0.6665946164813252, -0.010598109036482634, -16.005976959832065], [0.6045052465369634, 0.6690462547841903, 0.43237782170867695, 20.001831294147898], [-0.2811300743080023, -0.3286772960813382, 0.9016302587660985, 46.872544568942494], [0.0, 0.0, 0.0, 1.0]]}, {"class": "Parmesan", "pose": [[0.05945245644883309, -0.058724658178440435, 0.9965023456324853, -31.32367225454284], [-0.88043607595865, -0.4735251909429188, 0.024622642628568597, 15.625517005747302], [0.47042296163274416, -0.8788204240719696, -0.07985553559413554, 45.76712699608963], [0.0, 0.0, 0.0, 1.0]]}, {"class": "CreamCheese", "pose": [[0.403898384536927, 0.025524906212807136, 0.9144477453842345, -40.25757987274611], [-0.8316910709109478, -0.4060678262587718, 0.3786805353876614, 11.063288117036196], [0.38099355582264344, -0.9134864102810498, -0.14278128664445472, 50.21305584459489], [0.0, 0.0, 0.0, 1.0]]}, {"class": "Milk", "pose": [[0.44937628879177094, -0.008367243735135779, 0.8933034452027105, -30.130557951985143], [-0.7958716373257695, -0.457945303703288, 0.3960738574477114, 22.37242866478164], [0.4057700318249804, -0.8889410073108778, -0.21244899142208518, 36.95938612684774], [0.0, 0.0, 0.0, 1.0]]}, {"class": "ChocolatePudding", "pose": [[0.9015449990646388, -0.012203134516144937, 0.43251335595162954, -40.56374956379129], [-0.37455523363277876, -0.5224566523817393, 0.7659944439598556, -1.8958719610013608], [0.21662192706251837, -0.852578536455648, -0.4755888844929525, 57.59021104368224], [0.0, 0.0, 0.0, 1.0]]}, {"class": "Yogurt", "pose": [[0.748247482420967, 0.03708476783231906, 0.6623824650098515, -0.8084998000757238], [-0.5838232329908642, -0.4373841047613805, 0.683992428583232, 18.34711297755417], [0.31508123218517387, -0.8985098154808139, -0.3056205748500756, 47.01105779749082], [0.0, 0.0, 0.0, 1.0]]}]}