{"camera": {"camera": "RealSense D415", "extrinsics": [[-0.7594031, 0.65059763, 0.005449394, 0.34906343], [0.5779337, 0.67838657, -0.4536346, -0.5054954], [-0.29883036, -0.34134212, -0.8911711, 0.45626202], [0.0, 0.0, 0.0, 1.0]], "height": 480, "intrinsics": [[603.0301, 0.0, 326.28275], [0.0, 603.81976, 245.73769], [0.0, 0.0, 1.0]], "width": 640}, "objects": [{"class": "MacaroniAndCheese", "pose": [[0.25592308732428015, 0.015347994922973295, 0.9665753329603385, 14.41026152894738], [-0.8408908095473683, -0.489702824804013, 0.23042111564621448, 17.288277598514632], [0.47687111450574504, -0.8717543260833629, -0.11242025359890515, 41.50480729967387], [0.0, 0.0, 0.0, 1.0]]}, {"class": "OrangeJuice", "pose": [[-0.9694622650162033, -0.007796355415916452, 0.24511669754020443, 16.013493618518478], [-0.2110124278980403, -0.48279302933729873, -0.8499322013159588, 0.6681963286791381], [0.12496698833644071, -0.8756997946017623, 0.466404438095095, 48.636683790995846], [0.0, 0.0, 0.0, 1.0]]}, {"class": "TomatoSauce", "pose": [[0.4257987659434917, -0.009489244762024075, -0.9047681620260443, 5.618371248038489], [0.8302461327821731, -0.39342348207386896, 0.39485367351846534, -7.972272668412978], [-0.3597038544267491, -0.9193083969933247, -0.1596408050667476, 59.23015283164146], [0.0, 0.0, 0.0, 1.0]]}, {"class": "Mushrooms", "pose": [[0.7515866330530102, 0.06048809698057942, -0.6568552237752571, -7.61152402563619], [0.6027521859452911, -0.4675041139873489, 0.6466295743940117, 7.904402991981685], [-0.26796908917325984, -0.8819189937220485, -0.38782912999695357, 53.561228567832075], [0.0, 0.0, 0.0, 1.0]]}, {"class": "Pineapple", "pose": [[0.32861069243158664, -0.04351430256389705, 0.9434625483574567, -4.123682487513225], [-0.8384651134932549, -0.47324557998399575, 0.27021283318572853, 28.75731182318374], [0.434731303501468, -0.8798551865847037, -0.19199875705369032, 41.079710439376704], [0.0, 0.0, 0.0, 1.0]]}, {"class": "Cherries", "pose": [[0.6697648938574055, 0.03404767802371758, 0.7417922919783586, -17.495409529182776], [-0.6323532729372586, -0.4975380449801816, 0.5937889631348318, 33.150642386347904], [0.3892869766740669, -0.8667737146492025, -0.3117033135843084, 38.077007127988814], [0.0, 0.0, 0.0, 1.0]]}, {"class": "PeasAndCarrots", "pose": [[0.27096814860194424, -0.007648265981373748, 0.9625579610246078, -14.565615836528046], [-0.8615077010142601, -0.44799747956920627, 0.2389620056215395, 17.894083581190845], [0.4293958409974386, -0.8940021141608558, -0.12798206876072832, 42.2862528088155], [0.0, 0.0, 0.0, 1.0]]}, {"class": "BBQSauce", "pose": [[0.7435404878021675, 0.0293090550341276, 0.668048339682886, -6.18510960140522], [-0.5598134143896148, -0.5191213600228892, 0.6458498706164885, -7.313652573264057], [0.36572737027417695, -0.8541978805355908, -0.3695800993493763, 55.04657631174991], [0.0, 0.0, 0.0, 1.0]]}, {"class": "Raisins", "pose": [[0.036285733223392874, -0.5833755854597477, -0.8113916031825029, -11.730015250999749], [-0.4655560435400885, -0.7283066476741231, 0.5028191504058723, -18.547284822731697], [-0.8842742416203773, 0.3595030549152814, -0.29802113587384654, 64.25465536639103], [0.0, 0.0, 0.0, 1.0]]}, {"class": "Ketchup", "pose": [[0.575827500082311, -0.04736861415157016, 0.8161978720895144, -13.798333587701439], [-0.7091555922023511, -0.5257261255658331, 0.4697983478936196, -1.3243600134399902], [0.4068427995427679, -0.8493340250091336, -0.33631923634582506, 51.909514120948494], [0.0, 0.0, 0.0, 1.0]]}, {"class": "AlphabetSoup", "pose": [[0.8983523308588194, 0.009414455529859101, 0.439174816592138, -22.592922587864788], [-0.3890876038991602, -0.4470060869244577, 0.8054790472025938, -8.076247179428636], [0.20389693959290212, -0.8944813822982148, -0.39790585954566465, 59.290247666600784], [0.0, 0.0, 0.0, 1.0]]}, {"class": "Mayo", "pose": [[0.15110985228585092, 0.9868128349104776, -0.05801985228548875, -30.450199144111682], [0.8893904353299441, -0.16134014840354372, -0.42773135353237585, -12.769480381966158], [-0.43145166473193386, 0.013032118643069355, -0.9020419076727904, 63.38176752119428], [0.0, 0.0, 0.0, 1.0]]}, {"class": "SaladDressing", "pose": [[0.9854610978228181, -0.04614448909546466, 0.16351505332873822, -21.270912126302594], [-0.1642083778230305, -0.5057252666653381, 0.8469224663727521, 0.3348680064346077], [0.04361288523501606, -0.8614596151165567, -0.5059498256536538, 50.839745479087995], [0.0, 0.0, 0.0, 1.0]]}, {"class": "Mustard", "pose": [[-0.22749946737303772, 0.06596055510653355, 0.9715416920421676, -29.778562374215063], [-0.894939536043229, -0.407425355729382, -0.18190081658261142, 2.2545709461182284], [0.38383238831298194, -0.9108533333234569, 0.15171974548407138, 48.46681956253623], [0.0, 0.0, 0.0, 1.0]]}, {"class": "Cookies", "pose": [[0.6792059599244531, -0.7332794424174678, -0.03131429692910145, -16.05715928637937], [0.6655965544824316, 0.5974122639578657, 0.44730293344863675, 19.331211053979825], [-0.30929045803214106, -0.32465346771702647, 0.8938341662656604, 46.71847053799738], [0.0, 0.0, 0.0, 1.0]]}, {"class": "Parmesan", "pose": [[0.15181655963037338, -0.0333403274092435, 0.9878462515246879, -30.918720083902233], [-0.8615725260918363, -0.4942669223657298, 0.11572852922570609, 13.526374879781422], [0.48440123954449166, -0.8686706265419467, -0.10376299930723276, 46.05232926506699], [0.0, 0.0, 0.0, 1.0]]}, {"class": "CreamCheese", "pose": [[0.4881565328831997, 0.043451793275132905, 0.871673793873468, -39.287423172552565], [-0.7827449437926722, -0.4199574536301566, 0.45928878806845064, 8.24103558356769], [0.38602277989454564, -0.9065030011736348, -0.17099327641732687, 50.78782443741691], [0.0, 0.0, 0.0, 1.0]]}, {"class": "Milk", "pose": [[0.5306139912773516, 0.015105648375246642, 0.8474790106598611, -30.554625218111823], [-0.7423617956111583, -0.47426885304251565, 0.47325270225178534, 20.179115879695264], [0.409081637559648, -0.8802504728181577, -0.2404397995947787, 37.100842937193605], [0.0, 0.0, 0.0, 1.0]]}, {"class": "ChocolatePudding", "pose": [[0.937145807908235, 0.018116698007947015, 0.34846747600664946, -38.21872965279883], [-0.284600692598038, -0.5381233895973325, 0.7933635762239767, -4.541496292851593], [0.20189160655723007, -0.842671366740584, -0.499143992442609, 58.39839356080321], [0.0, 0.0, 0.0, 1.0]]}, {"class": "Yogurt", "pose": [[0.8062848508541743, 0.05821493555448397, 0.5886559457124197, -0.7721443156628649], [-0.5052419232959049, -0.44975798720309346, 0.7365109996661148, 19.10204838999794], [0.30762861842245914, -0.8912512496031714, -0.33322037981270697, 46.52772418021968], [0.0, 0.0, 0.0, 1.0]]}]}