{"camera": {"camera": "RealSense D415", "extrinsics": [[-0.80739576, 0.58821976, 0.045930825, 0.39516506], [0.50578433, 0.730121, -0.45946223, -0.47028694], [-0.3037998, -0.34773675, -0.8870089, 0.45923933], [0.0, 0.0, 0.0, 1.0]], "height": 480, "intrinsics": [[603.0301, 0.0, 326.28275], [0.0, 603.81976, 245.73769], [0.0, 0.0, 1.0]], "width": 640}, "objects": [{"class": "MacaroniAndCheese", "pose": [[0.32905872686929033, 0.05897110710315882, 0.9424663500291077, 13.104526442175029], [-0.8105976175104417, -0.4943359026495953, 0.3139483650921579, 18.69093702276134], [0.484408785098016, -0.8672683782350992, -0.11486368026355896, 41.19296747068809], [0.0, 0.0, 0.0, 1.0]]}, {"class": "OrangeJuice", "pose": [[-0.9470635726185432, 0.035308205009035594, 0.3190986966708559, 16.16781903129602], [-0.2947576419331932, -0.4895356928272246, -0.8206538832395693, 2.343253209922469], [0.1272343619879157, -0.8712681287108426, 0.47402873439549714, 48.47517706159854], [0.0, 0.0, 0.0, 1.0]]}, {"class": "TomatoSauce", "pose": [[0.35088252615588145, 0.02573946520729364, -0.93606569796586, 6.57268818482149], [0.8613364692466897, -0.4010661572397815, 0.3118420792141411, -7.0857778796384165], [-0.36739757400341394, -0.9156874053413079, -0.16289743498925027, 59.15060144182156], [0.0, 0.0, 0.0, 1.0]]}, {"class": "Mushrooms", "pose": [[0.6954681446315827, 0.10197617430519208, -0.7112840345570675, -8.006648764739044], [0.6643824261487137, -0.468326346791475, 0.5824658640913926, 7.506753241211267], [-0.27371537153680375, -0.8776510156411939, -0.39345719734021084, 53.34227731038668], [0.0, 0.0, 0.0, 1.0]]}, {"class": "Pineapple", "pose": [[0.4012658044539327, -0.00111216891884016, 0.9159610119405918, -6.37069481221228], [-0.802137951838477, -0.48322189774735547, 0.3508152816851773, 28.471995134125844], [0.4422222049372107, -0.8754972169392056, -0.19479250653590474, 40.67028459236048], [0.0, 0.0, 0.0, 1.0]]}, {"class": "Cherries", "pose": [[0.722880236409129, 0.07828811498407473, 0.6865239930259684, -20.077167577468863], [-0.5670913753087017, -0.5004414441492706, 0.6541909439409183, 31.638340338135578], [0.3947803984992354, -0.862223490945221, -0.31736267051022826, 37.63259974458149], [0.0, 0.0, 0.0, 1.0]]}, {"class": "PeasAndCarrots", "pose": [[0.34588872570160767, 0.03238729827224281, 0.9377164339405294, -15.811775117330933], [-0.8302344416622645, -0.45503122419803116, 0.32195871627993544, 16.739492311303355], [0.43711758140452783, -0.8898863187252963, -0.13050109494928255, 41.97941148906557], [0.0, 0.0, 0.0, 1.0]]}, {"class": "BBQSauce", "pose": [[0.7899635688884693, 0.07547081667534519, 0.6084913917208292, -5.2409478617453376], [-0.48852988068384207, -0.5222439338669226, 0.6989992040941598, -7.511441247526101], [0.3705349472738135, -0.8494500857167907, -0.37568388405000347, 54.965500723637106], [0.0, 0.0, 0.0, 1.0]]}, {"class": "Raisins", "pose": [[0.07769739875213559, -0.516855252965252, -0.8525396294884919, -9.774966748270348], [-0.4685473072837295, -0.773734754934177, 0.42637777609784966, -19.10712998873052], [-0.8800150839270293, 0.3663266544977848, -0.3022882900076134, 64.27742084390616], [0.0, 0.0, 0.0, 1.0]]}, {"class": "Ketchup", "pose": [[0.6360935945077262, -0.00032472163099971584, 0.77161187893986, -13.352521092546294], [-0.6517357081540947, -0.5355579313583723, 0.5370459263247926, -2.2475232918752197], [0.4130684313142157, -0.8444984421382516, -0.34087655872477113, 51.77684707469579], [0.0, 0.0, 0.0, 1.0]]}, {"class": "AlphabetSoup", "pose": [[0.9291456156753055, 0.049295749539978125, 0.36641289836419216, -21.518949077766564], [-0.3062636039359873, -0.4525394797638535, 0.8375026461243178, -9.683152067420092], [0.20710160856877685, -0.8903807949618111, -0.4053775273763475, 59.22190419666977], [0.0, 0.0, 0.0, 1.0]]}, {"class": "Mayo", "pose": [[0.07207180936846692, 0.9972073602974953, -0.019575316136778747, -28.932301015456037], [0.8953069864979792, -0.07333201854493301, -0.43937213508603995, -15.015315087314619], [-0.43958057078794527, 0.01414043282340748, -0.898091836036646, 63.35881299932523], [0.0, 0.0, 0.0, 1.0]]}, {"class": "SaladDressing", "pose": [[0.9961009991639501, -0.0008684401937782371, 0.08821623101906238, -20.942063672026283], [-0.07603028917171432, -0.5156382809300293, 0.8534263978071118, -1.2652946346970395], [0.04474651906616039, -0.8568059458743511, -0.5136937766375834, 50.6947457000087], [0.0, 0.0, 0.0, 1.0]]}, {"class": "Mustard", "pose": [[-0.14765056133827134, 0.10212802607015045, 0.9837526295601486, -29.58507837932159], [-0.9080213469068075, -0.4082646708852855, -0.09390021392153408, -0.12699176761081787], [0.39204154876653313, -0.9071327527201792, 0.15301493062251073, 48.307547835223644], [0.0, 0.0, 0.0, 1.0]]}, {"class": "Cookies", "pose": [[0.617832727717111, -0.7830852313249728, -0.07113577989553246, -17.42650206106486], [0.7202025700384994, 0.5272607197002774, 0.4508929470252529, 18.079363540344012], [-0.3155804601180288, -0.32980856105660533, 0.8897388730722215, 46.398912951146514], [0.0, 0.0, 0.0, 1.0]]}, {"class": "Parmesan", "pose": [[0.2271852141005591, 0.010875652679086483, 0.9737908691356092, -31.71631861370426], [-0.8403337777332875, -0.5031587652328926, 0.20166917730740322, 10.97743002561839], [0.4921646416960544, -0.8641255668389132, -0.10517103313120227, 45.79101984586341], [0.0, 0.0, 0.0, 1.0]]}, {"class": "CreamCheese", "pose": [[0.5552817197554604, 0.08081354349107478, 0.8277266704853927, -39.58702668227198], [-0.7329747483992358, -0.422697758845498, 0.5329865673561615, 5.016142432039966], [0.39295070046669445, -0.9026603923262653, -0.1754820194164953, 50.577450420853594], [0.0, 0.0, 0.0, 1.0]]}, {"class": "Milk", "pose": [[0.5939921571669495, 0.05736884500029843, 0.8024227009416445, -31.937906093646813], [-0.6887877624275621, -0.4790617159488296, 0.5441243872022534, 17.554620595362163], [0.4156257422605953, -0.8759045052497045, -0.24504390640038845, 36.7792444687037], [0.0, 0.0, 0.0, 1.0]]}, {"class": "ChocolatePudding", "pose": [[0.9585496602420802, 0.06599729568889144, 0.27717677382952444, -37.39569401856943], [-0.19877848681031351, -0.5420555178413272, 0.8164943275156323, -7.552089721884048], [0.20413160583699308, -0.8377470941072287, -0.5064682318010352, 58.30361266541475], [0.0, 0.0, 0.0, 1.0]]}, {"class": "Yogurt", "pose": [[0.8476628446025437, 0.09814698760784377, 0.5213779136507674, -2.1810050249872317], [-0.429155106177374, -0.45093631927458233, 0.7826125407294534, 19.2008281727485], [0.3119192750778953, -0.8871435145915347, -0.34012163465945805, 46.20469813821453], [0.0, 0.0, 0.0, 1.0]]}]}