{"camera": {"camera": "RealSense D415", "extrinsics": [[-0.84892255, 0.52130586, 0.08700968, 0.4355511], [0.43133536, 0.7785082, -0.45593295, -0.4357824], [-0.30541828, -0.3495214, -0.8857508, 0.45912462], [0.0, 0.0, 0.0, 1.0]], "height": 480, "intrinsics": [[603.0301, 0.0, 326.28275], [0.0, 603.81976, 245.73769], [0.0, 0.0, 1.0]], "width": 640}, "objects": [{"class": "MacaroniAndCheese", "pose": [[0.3994195494413203, 0.10308205044260003, 0.9109545047154098, 11.41843361011921], [-0.7769094242649778, -0.4894592852197491, 0.3960321664907702, 19.525682920080623], [0.48669892857021074, -0.8659120987091047, -0.11541415082056405, 40.99577925397428], [0.0, 0.0, 0.0, 1.0]]}, {"class": "OrangeJuice", "pose": [[-0.9172432850778518, 0.07908876725937522, 0.3903968725971525, 15.916194274556656], [-0.3772922233382357, -0.4867883795550149, -0.787837403296919, 3.5337400122421423], [0.1277315316820547, -0.869932241917666, 0.4763429292621935, 48.32305962342002], [0.0, 0.0, 0.0, 1.0]]}, {"class": "TomatoSauce", "pose": [[0.2732725874865004, 0.06173217049078194, -0.9599537631134064, 7.189676045663212], [0.888093360813181, -0.39963541509199957, 0.2271163573561761, -6.681071621048512], [-0.3696110967126005, -0.9145932056110109, -0.16403335456216508, 59.020879798685954], [0.0, 0.0, 0.0, 1.0]]}, {"class": "Mushrooms", "pose": [[0.6339234222956133, 0.14361530951523677, -0.759944559029483, -8.623776330467475], [0.7227427487123771, -0.45976402901196745, 0.5160039526062756, 6.544703515673611], [-0.2752890619111839, -0.8763513782429591, -0.3952521096914665, 53.168592867139466], [0.0, 0.0, 0.0, 1.0]]}, {"class": "Pineapple", "pose": [[0.47061446884323466, 0.04225415897038513, 0.881326615407569, -8.84757679241694], [-0.7621881839701142, -0.48374249874537373, 0.43018889969275226, 27.538614770408053], [0.4445123935700448, -0.8741898239150181, -0.19545055563463615, 40.440562468041946], [0.0, 0.0, 0.0, 1.0]]}, {"class": "Cherries", "pose": [[0.7701300601913229, 0.12286183083718802, 0.6259430135193604, -22.779260483314808], [-0.4996576644030827, -0.4938132170885359, 0.7116817036617322, 29.46814242099426], [0.39653745025628934, -0.8608446665317961, -0.31891150280262626, 37.390026260108264], [0.0, 0.0, 0.0, 1.0]]}, {"class": "PeasAndCarrots", "pose": [[0.41795174787198064, 0.07312799377006138, 0.905521191490613, -17.21107805760686], [-0.7951011676860205, -0.4527288694975215, 0.4035477991053408, 15.018171082133536], [0.43946620854401514, -0.8886444335373408, -0.13107462860095276, 41.77838655939634], [0.0, 0.0, 0.0, 1.0]]}, {"class": "BBQSauce", "pose": [[0.8299911764992118, 0.12198318248292711, 0.544274512893494, -4.53727329881567], [-0.41551827866320445, -0.5157456263285465, 0.7492336960619739, -8.164464663976522], [0.37210111442406235, -0.848013335563314, -0.37737803237998047, 54.833224945896966], [0.0, 0.0, 0.0, 1.0]]}, {"class": "Raisins", "pose": [[0.11945322133958072, -0.4463631681411766, -0.8868431909301799, -8.029636147248736], [-0.46214476552994493, -0.8155678191405318, 0.3482405352203677, -20.09191430809755], [-0.8787224836533316, 0.3682514423982608, -0.3037066147872796, 64.17498820079331], [0.0, 0.0, 0.0, 1.0]]}, {"class": "Ketchup", "pose": [[0.6911864022931264, 0.047665290487076996, 0.7211028862988431, -13.082168352253538], [-0.5916200825171081, -0.535719536678094, 0.6024868283031574, -3.64958872670913], [0.41502660903820404, -0.8430496252289824, -0.34208226958343046, 51.62781887665736], [0.0, 0.0, 0.0, 1.0]]}, {"class": "AlphabetSoup", "pose": [[0.952541536324194, 0.08974891907132121, 0.29087754874401867, -20.560713619754008], [-0.22205632429019717, -0.44874792104938865, 0.8656306455362575, -11.760689813272213], [0.20822012794441466, -0.8891403125045992, -0.40752167914095516, 59.0903518337122], [0.0, 0.0, 0.0, 1.0]]}, {"class": "Mayo", "pose": [[-0.007412679394568134, 0.9997727894426965, 0.01998541805461882, -27.473970813284115], [0.8969976292194345, 0.015481524802785746, -0.4417643012506034, -17.71860964047441], [-0.4419733000501596, 0.014652246655793991, -0.8969085514602576, 63.23930699327921], [0.0, 0.0, 0.0, 1.0]]}, {"class": "SaladDressing", "pose": [[0.9988932914210092, 0.045362992658489434, 0.012425236892055764, -20.728329827631846], [0.01277718039894933, -0.5159595302438889, 0.8565177342626935, -3.3475695437692634], [0.04526515693557983, -0.8554110313404288, -0.5159680891300642, 50.54068079785278], [0.0, 0.0, 0.0, 1.0]]}, {"class": "Mustard", "pose": [[-0.0667134587144885, 0.13845341314128742, 0.9881194067907653, -29.436934902896255], [-0.9164947150743565, -0.40000446613955515, -0.005829803094722322, -2.987044311805598], [0.3944449865100225, -0.9059951057193034, 0.1535775276582003, 48.14769805809482], [0.0, 0.0, 0.0, 1.0]]}, {"class": "Cookies", "pose": [[0.5516643203400073, -0.8265992007054642, -0.11135633936844176, -18.940770389457533], [0.771342182704602, 0.4548149208496698, 0.4451682235379647, 16.22123138380025], [-0.31732913015613556, -0.33147727245847636, 0.8884959633952576, 46.19374635870346], [0.0, 0.0, 0.0, 1.0]]}, {"class": "Parmesan", "pose": [[0.3005821910626787, 0.05595746114250794, 0.9521129682023551, -32.543705107710316], [-0.815547205359235, -0.5025066614325249, 0.28700162602608825, 7.877724664309693], [0.49450296729066234, -0.8627606192354166, -0.10540856326256953, 45.60053024923448], [0.0, 0.0, 0.0, 1.0]]}, {"class": "CreamCheese", "pose": [[0.617913021310977, 0.11850122870973241, 0.7772650462675393, -39.85704937766303], [-0.6797626871531867, -0.41625999169178873, 0.6038629238212687, 1.254309461000852], [0.39510283241824856, -0.9014905064802837, -0.17665971389320367, 50.40055926168028], [0.0, 0.0, 0.0, 1.0]]}, {"class": "Milk", "pose": [[0.6525373706399968, 0.1001355603210344, 0.7511110735025059, -33.34304847463154], [-0.6322548802442538, -0.4744105605790018, 0.61252633307751, 14.385303914107494], [0.4176706862293265, -0.8745899335700119, -0.2462593793839209, 36.57096194837762], [0.0, 0.0, 0.0, 1.0]]}, {"class": "ChocolatePudding", "pose": [[0.9722937525963313, 0.11429850141879944, 0.20391347796606074, -36.56341669527721], [-0.11239433732398926, -0.5362884732537733, 0.8365179667452319, -11.049295018026156], [0.20496921824170783, -0.8362598842635722, -0.5085833869845612, 58.16131294800264], [0.0, 0.0, 0.0, 1.0]]}, {"class": "Yogurt", "pose": [[0.8822267581018725, 0.1382634081002592, 0.4500657424534947, -3.8548163897682786], [-0.35141400869677214, -0.44280770049589013, 0.8248816019091136, 18.690548266577935], [0.3133435273447654, -0.885891994932423, -0.3420690619708537, 46.001303553706165], [0.0, 0.0, 0.0, 1.0]]}]}