{"camera": {"camera": "RealSense D415", "extrinsics": [[-0.88551474, 0.4488994, 0.11980401, 0.4849988], [0.3427516, 0.80525064, -0.4838313, -0.36632913], [-0.3136638, -0.3873767, -0.8669223, 0.46603915], [0.0, 0.0, 0.0, 1.0]], "height": 480, "intrinsics": [[603.0301, 0.0, 326.28275], [0.0, 603.81976, 245.73769], [0.0, 0.0, 1.0]], "width": 640}, "objects": [{"class": "MacaroniAndCheese", "pose": [[0.46918174452169253, 0.13888266158849907, 0.8721124566913655, 10.953042431106885], [-0.7180003189757228, -0.5149658134216862, 0.4682796103048059, 23.181023505958265], [0.5141439486978031, -0.8458852554218108, -0.14189473397962726, 39.42251998382177], [0.0, 0.0, 0.0, 1.0]]}, {"class": "OrangeJuice", "pose": [[-0.8799179030784702, 0.11471869647510252, 0.4610684815942343, 16.88103909989528], [-0.4496500246680314, -0.514558473465674, -0.7300989475202878, 7.964604460785179], [0.15349066564658198, -0.8497465775524232, 0.5043524069051833, 47.35854764652953], [0.0, 0.0, 0.0, 1.0]]}, {"class": "TomatoSauce", "pose": [[0.19212098575692904, 0.08950503599301078, -0.977281134352983, 9.157235466605101], [0.8919637818046412, -0.4312120814342879, 0.13585578104517684, -2.5054236508514185], [-0.4092555838539832, -0.8978001041050182, -0.1626801186595892, 58.568329462273596], [0.0, 0.0, 0.0, 1.0]]}, {"class": "Mushrooms", "pose": [[0.5664952100495713, 0.17659651962239076, -0.804920422431139, -7.791216475618584], [0.7626600498671209, -0.4823372538287036, 0.4309297650141888, 9.03908182978721], [-0.3121423523976463, -0.8580002838096051, -0.4079248039480322, 52.34659219043435], [0.0, 0.0, 0.0, 1.0]]}, {"class": "Pineapple", "pose": [[0.5385081075657628, 0.07772814233955418, 0.8390276480384634, -9.937469749960643], [-0.6989637246394556, -0.5149015082721476, 0.496312591908291, 29.375627393779315], [0.4705939895219172, -0.8537182326687375, -0.2229494496260374, 38.7592600863058], [0.0, 0.0, 0.0, 1.0]]}, {"class": "Cherries", "pose": [[0.8136526496710214, 0.159003642317502, 0.5591844486496975, -24.006569425159313], [-0.4137220675551067, -0.5173692653433791, 0.749108226203329, 29.958666319301475], [0.40841573434391926, -0.8408608287398589, -0.3551754995561688, 35.78585070069244], [0.0, 0.0, 0.0, 1.0]]}, {"class": "PeasAndCarrots", "pose": [[0.48887635581682665, 0.1056748637469345, 0.8659288493253364, -17.168415477087436], [-0.7365036602772916, -0.481968669639136, 0.4746246942100191, 16.24517209885822], [0.46750640592306053, -0.869792543474131, -0.15779313226958425, 40.70964328515579], [0.0, 0.0, 0.0, 1.0]]}, {"class": "BBQSauce", "pose": [[0.8657739553637638, 0.160134183128788, 0.4741229184568452, -2.4267454548537906], [-0.32582138958996154, -0.5387311419916269, 0.7769229171568997, -5.176419419298978], [0.3798366547749422, -0.8271190064338352, -0.414244186125805, 54.5764101335687], [0.0, 0.0, 0.0, 1.0]]}, {"class": "Raisins", "pose": [[0.15271667887901327, -0.37087629400141725, -0.9160395355761186, -4.797337947180674], [-0.48690265049318193, -0.8348440643172103, 0.2568291994430435, -16.954733382558135], [-0.8600020172139035, 0.4067999083225162, -0.30807522755091626, 64.44458025472272], [0.0, 0.0, 0.0, 1.0]]}, {"class": "Ketchup", "pose": [[0.7431590597667848, 0.08787754916794603, 0.663319069858056, -11.356027269688457], [-0.5113162448451958, -0.564845637211586, 0.6476921678930232, -1.559564347454101], [0.4315904270468645, -0.82050411118508, -0.3748368814079358, 51.280921181180005], [0.0, 0.0, 0.0, 1.0]]}, {"class": "AlphabetSoup", "pose": [[0.9697851034261354, 0.12188170895362074, 0.2113332496174643, -18.043935966410245], [-0.12958776615082251, -0.47658607602402525, 0.8695244467371696, -9.964727533432882], [0.206697586038852, -0.8706380444999356, -0.44639162654420295, 59.15703065033835], [0.0, 0.0, 0.0, 1.0]]}, {"class": "Mayo", "pose": [[-0.08880334482963755, 0.9947055479726089, 0.05171923218835249, -24.380912205070466], [0.8734174989835636, 0.10272536933737828, -0.47601408743157436, -16.318305688969296], [-0.4788066551976629, 0.0029008392676207768, -0.8779155727766249, 63.62676642036011], [0.0, 0.0, 0.0, 1.0]]}, {"class": "SaladDressing", "pose": [[0.99429261317825, 0.08377096106583425, -0.06606561632079275, -19.00730612852641], [0.10125595992573631, -0.5459019173690892, 0.831708102438463, -1.9681026986391736], [0.033607638819761365, -0.8336507509221818, -0.5512684762922535, 50.26706691208865], [0.0, 0.0, 0.0, 1.0]]}, {"class": "Mustard", "pose": [[0.016305870205176515, 0.16602862813555513, 0.9859861324759344, -27.731767272624435], [-0.9012674294678777, -0.4245618557301074, 0.08639613248803861, -2.465929975031944], [0.43295625885195216, -0.8900459327263179, 0.14271333648962325, 47.95793399192893], [0.0, 0.0, 0.0, 1.0]]}, {"class": "Cookies", "pose": [[0.48000520333682034, -0.8655158058975094, -0.1430993875239663, -18.9634453105819], [0.8021161682499471, 0.3669518606030377, 0.4711220915023081, 17.479919906220566], [-0.35525296821315605, -0.3409233440332814, 0.8703830093255762, 45.09003796057551], [0.0, 0.0, 0.0, 1.0]]}, {"class": "Parmesan", "pose": [[0.37414634657842705, 0.09309841114109345, 0.9226847985003285, -31.79195427937663], [-0.7646972234718924, -0.531904948056612, 0.3637517328024568, 7.970647203516035], [0.5246452448856278, -0.8416708752241013, -0.1278181742638136, 44.99550017325906], [0.0, 0.0, 0.0, 1.0]]}, {"class": "CreamCheese", "pose": [[0.6776956789664736, 0.1476022576218021, 0.7203764158089098, -38.46467683498977], [-0.6062461936164499, -0.44228052207382657, 0.6609489639822347, 0.9476063916876554], [0.416165956142123, -0.8846476996601781, -0.2102482468131633, 50.14783759649612], [0.0, 0.0, 0.0, 1.0]]}, {"class": "Milk", "pose": [[0.7082171344478205, 0.13457211230822652, 0.6930504146611501, -33.22222020963295], [-0.555000530201755, -0.5006109793556353, 0.6643516382864433, 13.995493942464599], [0.4363517915388296, -0.8551485486435676, -0.27985363072040587, 35.71238708157022], [0.0, 0.0, 0.0, 1.0]]}, {"class": "ChocolatePudding", "pose": [[0.9798854670234778, 0.15435569627152848, 0.12648648442930324, -34.054245820006585], [-0.018863036367098497, -0.5593458491103143, 0.8287197641009857, -10.683727567459306], [0.19866728940382414, -0.8144363653487667, -0.5451831763473323, 58.376819238465785], [0.0, 0.0, 0.0, 1.0]]}, {"class": "Yogurt", "pose": [[0.911788860322545, 0.1697171917571223, 0.3739481103206197, -4.151768387514204], [-0.25997937413128913, -0.4663289069729897, 0.8455460460656166, 21.23770924046948], [0.31788647745274184, -0.868178246433223, -0.38107046687792556, 44.627625474180185], [0.0, 0.0, 0.0, 1.0]]}]}