{"camera": {"camera": "RealSense D415", "extrinsics": [[-0.90576553, 0.41427812, 0.089232236, 0.52261335], [0.30728215, 0.78704876, -0.534913, -0.3203768], [-0.29183286, -0.45708632, -0.84018195, 0.47343048], [0.0, 0.0, 0.0, 1.0]], "height": 480, "intrinsics": [[603.0301, 0.0, 326.28275], [0.0, 603.81976, 245.73769], [0.0, 0.0, 1.0]], "width": 640}, "objects": [{"class": "MacaroniAndCheese", "pose": [[0.5067531261671635, 0.10988350992474882, 0.8550595565884129, 13.232019834304765], [-0.6763478648953408, -0.5643415793535802, 0.4733626508229273, 26.559401859448016], [0.5345603995580335, -0.8181957326329492, -0.21166239539454054, 38.279997418163546], [0.0, 0.0, 0.0, 1.0]]}, {"class": "OrangeJuice", "pose": [[-0.8626916877456038, 0.08556346537812864, 0.49843947198619304, 19.824409922683916], [-0.4541815042253761, -0.5645899155800169, -0.6891715607704736, 11.972090684079333], [0.22244600619329516, -0.8209245897011812, 0.5259283598087917, 46.84806856117794], [0.0, 0.0, 0.0, 1.0]]}, {"class": "TomatoSauce", "pose": [[0.15507728054981387, 0.056489308182552926, -0.9862859408229867, 12.838765239385907], [0.8678177343331838, -0.4848515476179726, 0.10868030400752658, 2.091992720895608], [-0.4720629879437949, -0.8727702993607951, -0.12421186443257422, 59.035040785167716], [0.0, 0.0, 0.0, 1.0]]}, {"class": "Mushrooms", "pose": [[0.5360582453380337, 0.14633539131773768, -0.8314009097900611, -4.607208626822934], [0.7512597642123935, -0.5318926374957964, 0.39076724604704455, 12.93352473273891], [-0.3850329507541361, -0.8340720802651267, -0.39506131050045135, 52.92481959245525], [0.0, 0.0, 0.0, 1.0]]}, {"class": "Pineapple", "pose": [[0.5735951404349321, 0.04844306754485661, 0.817705231744926, -7.786679268329976], [-0.6588846435792549, -0.5658135097328493, 0.4957077267797231, 32.341967377411216], [0.4866822575645361, -0.8231089863094792, -0.29262949975529706, 38.22786619252238], [0.0, 0.0, 0.0, 1.0]]}, {"class": "Cherries", "pose": [[0.8398001063127939, 0.13025950328873043, 0.527037195259254, -21.9871342891647], [-0.3734155308445247, -0.5660817249045973, 0.734923379532196, 32.4972256684496], [0.3940768639868304, -0.8139926307131711, -0.42675457784717746, 35.89470956869752], [0.0, 0.0, 0.0, 1.0]]}, {"class": "PeasAndCarrots", "pose": [[0.524635511871615, 0.07495095597914299, 0.848021164728671, -14.65521168804812], [-0.6973882228322348, -0.5334754207081068, 0.4785955431103543, 19.237119100094613], [0.4882696290904112, -0.8424882140818437, -0.2276102496366694, 41.32393536205085], [0.0, 0.0, 0.0, 1.0]]}, {"class": "BBQSauce", "pose": [[0.888772372513245, 0.13245223648701307, 0.4387938432265412, 1.1383179536724963], [-0.28659222866294176, -0.5865210836649452, 0.7575341342912528, -1.0210282010301608], [0.3576989154746423, -0.799030339742725, -0.4833239589938216, 55.769022403857825], [0.0, 0.0, 0.0, 1.0]]}, {"class": "Raisins", "pose": [[0.12248474204356435, -0.33486288470902337, -0.9342720687024849, -0.5367927748369805], [-0.5369822565536012, -0.8140312683022478, 0.22136666890641735, -12.198826074274901], [-0.8346541825367214, 0.47457348696235446, -0.27952182087435706, 66.44516531459027], [0.0, 0.0, 0.0, 1.0]]}, {"class": "Ketchup", "pose": [[0.772423020279985, 0.06111656935105553, 0.6321609009097698, -8.004519128342702], [-0.47056404087445597, -0.6134044839367768, 0.6342747624271734, 2.2295439541784754], [0.4265350141589075, -0.7874006390121737, -0.44504849474888497, 52.684177760929806], [0.0, 0.0, 0.0, 1.0]]}, {"class": "AlphabetSoup", "pose": [[0.980710451693926, 0.09099026826383287, 0.17299636691653375, -14.151180069151703], [-0.09980442015244978, -0.5278795067347917, 0.8434348557045491, -5.780513705038848], [0.1680655831084216, -0.8444312040097618, -0.5086157181680657, 61.37126801810635], [0.0, 0.0, 0.0, 1.0]]}, {"class": "Mayo", "pose": [[-0.1283362477899822, 0.9915173683110313, 0.02056885479318156, -20.146046350479708], [0.8401573084680634, 0.11971838374408429, -0.5289643252160685, -11.950049294092285], [-0.5269397799141813, -0.05060424124009472, -0.848394793955665, 66.51929415590749], [0.0, 0.0, 0.0, 1.0]]}, {"class": "SaladDressing", "pose": [[0.9925550928050468, 0.05602754210939559, -0.10814464489142787, -15.684793179614221], [0.12016294745741771, -0.5953919744124465, 0.7943987126081475, 1.6275621182178845], [-0.01988026402718567, -0.8014794903920177, -0.597691767453533, 52.061380762158926], [0.0, 0.0, 0.0, 1.0]]}, {"class": "Mustard", "pose": [[0.05436740426082876, 0.13314115212360803, 0.9896047599480748, -24.49502479388044], [-0.8720536230869159, -0.4764210152948983, 0.11200690325265272, 0.8372044105697696], [0.4863812270940088, -0.869077965014001, 0.09020443423810452, 50.203614157832], [0.0, 0.0, 0.0, 1.0]]}, {"class": "Cookies", "pose": [[0.4468934047641213, -0.8875379281654489, -0.11208332968314731, -16.270021826144475], [0.7864598004209727, 0.33007130929857675, 0.5220478568384447, 20.712148110104323], [-0.42634178624292246, -0.3214487608066408, 0.845519617027089, 45.700151782365], [0.0, 0.0, 0.0, 1.0]]}, {"class": "Parmesan", "pose": [[0.41325970347324814, 0.0646917306515947, 0.9083123688562501, -28.896136693727293], [-0.723917648106064, -0.5817656610995282, 0.37079914516608686, 10.997334061445363], [0.5524125749996168, -0.8107797219061299, -0.1935888344576676, 46.7999019871424], [0.0, 0.0, 0.0, 1.0]]}, {"class": "CreamCheese", "pose": [[0.7082305278789873, 0.11534284693335847, 0.6964951607788158, -35.18133239684953], [-0.5673787245306856, -0.49408073302246663, 0.6587607030901302, 4.196629444641803], [0.4201081597154777, -0.8617310003380241, -0.2844799896222425, 52.68561736738842], [0.0, 0.0, 0.0, 1.0]]}, {"class": "Milk", "pose": [[0.7386207426942103, 0.10486235800642288, 0.6659153446812397, -30.874750359013248], [-0.5144573605487768, -0.5506692581759188, 0.6573408887381463, 16.405222651828044], [0.4356294101034105, -0.8281106899489711, -0.35278853374757013, 37.241635072406325], [0.0, 0.0, 0.0, 1.0]]}, {"class": "ChocolatePudding", "pose": [[0.9882088153621226, 0.1276807589864661, 0.08450398198888567, -30.16282688162636], [0.010359182359933949, -0.6063992678260545, 0.7950928669348917, -6.820802902733392], [0.15276119720844095, -0.7848424124301642, -0.600571770546044, 61.396918456258746], [0.0, 0.0, 0.0, 1.0]]}, {"class": "Yogurt", "pose": [[0.9305438263667776, 0.13867329186077368, 0.33890687110461504, -1.573837356090091], [-0.22397017983576414, -0.5166713780591402, 0.8263704359236788, 24.686714043127868], [0.289698972472258, -0.8448789646816198, -0.44972668109152514, 44.305321092397676], [0.0, 0.0, 0.0, 1.0]]}]}