{"camera": {"camera": "RealSense D415", "extrinsics": [[-0.9176829, 0.38397795, 0.10207368, 0.53813076], [0.27638808, 0.8015129, -0.53027046, -0.30568615], [-0.2854255, -0.45840818, -0.8416616, 0.47169745], [0.0, 0.0, 0.0, 1.0]], "height": 480, "intrinsics": [[603.0301, 0.0, 326.28275], [0.0, 603.81976, 245.73769], [0.0, 0.0, 1.0]], "width": 640}, "objects": [{"class": "MacaroniAndCheese", "pose": [[0.5331899865937672, 0.12386778089881886, 0.8368782656907173, 12.733911522025693], [-0.6593199544871831, -0.559004311677583, 0.5028036416457228, 26.66511474545533], [0.5300996753168933, -0.8198603806417714, -0.21638699346406615, 38.46071982107119], [0.0, 0.0, 0.0, 1.0]]}, {"class": "OrangeJuice", "pose": [[-0.8450946374781932, 0.09955332676071679, 0.5252658463774662, 19.87978011866034], [-0.48391245691340645, -0.5600847658055409, -0.6724090377648797, 12.300336628752873], [0.2272528336501314, -0.822431931337073, 0.5214996724569629, 46.96076836875325], [0.0, 0.0, 0.0, 1.0]]}, {"class": "TomatoSauce", "pose": [[0.1220612040023514, 0.0674166762184646, -0.9902303140074623, 13.317764365817103], [0.8733427024280569, -0.48131592316767574, 0.07488411802392006, 2.167630271300686], [-0.47156513458084826, -0.8739508318101484, -0.11762783634694433, 59.17576224047105], [0.0, 0.0, 0.0, 1.0]]}, {"class": "Mushrooms", "pose": [[0.507384991111068, 0.15907797381193736, -0.8469089027618445, -4.530194413188438], [0.7698252417279093, -0.5252972944977016, 0.3625354803371252, 12.411925480762815], [-0.38720751525831115, -0.8359168848685768, -0.388990156914879, 53.197431798234426], [0.0, 0.0, 0.0, 1.0]]}, {"class": "Pineapple", "pose": [[0.5990776449758344, 0.06248344746193814, 0.7982492183633135, -8.471052290690384], [-0.6394968088858782, -0.5625809087307025, 0.5239720197375284, 31.72151488572811], [0.48181929574390864, -0.8243777237898658, -0.29707166681702696, 38.55480445777463], [0.0, 0.0, 0.0, 1.0]]}, {"class": "Cherries", "pose": [[0.8546999876054192, 0.14431860044498646, 0.4986582931096782, -22.683402762311367], [-0.34490373257815454, -0.5600489994034364, 0.7532507274687327, 31.391828992180358], [0.38798112340150337, -0.8157924682822411, -0.42889781654333275, 36.31403199154701], [0.0, 0.0, 0.0, 1.0]]}, {"class": "PeasAndCarrots", "pose": [[0.5514820878050601, 0.08773664526128466, 0.8295600089460865, -14.864605669733121], [-0.6796636306440768, -0.529321404496993, 0.5078152467505817, 18.383596789989813], [0.48365782190874246, -0.8438727509527096, -0.23227985699057588, 41.672794030978636], [0.0, 0.0, 0.0, 1.0]]}, {"class": "BBQSauce", "pose": [[0.9004195234087077, 0.14731050177490648, 0.4093217786356191, 1.7101502718616657], [-0.25639333818603427, -0.5804232241268013, 0.7728980928553156, -1.3410292322075246], [0.35143583018606056, -0.8008798852672268, -0.48485493407137265, 55.98031952875607], [0.0, 0.0, 0.0, 1.0]]}, {"class": "Raisins", "pose": [[0.1354131013669282, -0.30356938970164976, -0.9431378150347483, 0.49015058553082413], [-0.5312032321412475, -0.8257745521919465, 0.18952477417528077, -12.58578111885308], [-0.8363530991836042, 0.47533367790399567, -0.273077696990808, 66.64785671676933], [0.0, 0.0, 0.0, 1.0]]}, {"class": "Ketchup", "pose": [[0.7909162427777919, 0.0770187856123986, 0.6070581719301817, -7.559007954315044], [-0.4443602797948665, -0.609761270966689, 0.6563042427723789, 1.5978166714733066], [0.42070826971290803, -0.7888342006282669, -0.44804597551132785, 52.96041021234903], [0.0, 0.0, 0.0, 1.0]]}, {"class": "AlphabetSoup", "pose": [[0.9846398364461026, 0.10356104886024711, 0.1405685675267394, -13.36972755933159], [-0.06627083710319358, -0.5231743201673695, 0.8496451799300471, -6.631869568284984], [0.16153198182999884, -0.8459100586185974, -0.5082751538601084, 61.67337798610437], [0.0, 0.0, 0.0, 1.0]]}, {"class": "Mayo", "pose": [[-0.16058662038223254, 0.9864634339700689, 0.03319414599524264, -19.11516060102101], [0.8360343927578775, 0.15382066327238103, -0.5266743040890841, -13.011609715737677], [-0.52465083612458, -0.05682541069215032, -0.8494188679980039, 66.84954281552625], [0.0, 0.0, 0.0, 1.0]]}, {"class": "SaladDressing", "pose": [[0.9876861287754536, 0.07122157263280987, -0.13929687415885997, -15.217954751208607], [0.1542546860117775, -0.5919133803713802, 0.7911031329049603, 0.7330045926641104], [-0.02610808788948962, -0.8028487607683432, -0.5956108423602221, 52.38638470553748], [0.0, 0.0, 0.0, 1.0]]}, {"class": "Mustard", "pose": [[0.08749444426418218, 0.14375588336218442, 0.985737789047281, -24.007765779991463], [-0.8703948610025143, -0.47025991275102624, 0.1458373248215996, -0.35708254347129875], [0.4845178907219733, -0.8707410306508435, 0.08397923296268062, 50.584419134803696], [0.0, 0.0, 0.0, 1.0]]}, {"class": "Cookies", "pose": [[0.4167945300187312, -0.9004435696115163, -0.12443358962071271, -16.500522441118047], [0.8019999089961162, 0.29983487465149367, 0.5166191235564677, 19.79567270901463], [-0.4278768029134227, -0.315119710991453, 0.8471251676882308, 46.061918179292185], [0.0, 0.0, 0.0, 1.0]]}, {"class": "Parmesan", "pose": [[0.4415059441549139, 0.07935118894129875, 0.8937426422766465, -28.777730005559544], [-0.7101034232678224, -0.5779832733875842, 0.40210519625938934, 9.650767767321023], [0.5484757679582904, -0.8121815178144451, -0.19883549617900337, 47.22679215772304], [0.0, 0.0, 0.0, 1.0]]}, {"class": "CreamCheese", "pose": [[0.7300494140148878, 0.12662363686563427, 0.6715611127943618, -34.78679243889783], [-0.5433155094935535, -0.48853222713510736, 0.6827478634938984, 2.6291447913370236], [0.41453121405033344, -0.8633092154298613, -0.28785606053963486, 53.14142630059406], [0.0, 0.0, 0.0, 1.0]]}, {"class": "Milk", "pose": [[0.7587031304250312, 0.11831483769199473, 0.6406022007449994, -31.003545272380585], [-0.48940362936591847, -0.5454979327131642, 0.6803794660925916, 15.001708302539601], [0.4299461127466633, -0.82971904550327, -0.3559672542815401, 37.69086955302327], [0.0, 0.0, 0.0, 1.0]]}, {"class": "ChocolatePudding", "pose": [[0.9882462511314293, 0.14331810218331417, 0.05319106358600068, -29.335635940243353], [0.044108244727017375, -0.6004749421301094, 0.7984262217213636, -8.22220884449896], [0.1463688063002211, -0.7866955327920919, -0.5997385694490369, 61.80104553755037], [0.0, 0.0, 0.0, 1.0]]}, {"class": "Yogurt", "pose": [[0.9395679052124908, 0.15082661813564455, 0.30734915534378315, -1.959099923344898], [-0.19227017907002752, -0.5103323809166793, 0.8382083059357032, 24.27536056724515], [0.2832743126190688, -0.8466476707809365, -0.4504924259396278, 44.57867651504757], [0.0, 0.0, 0.0, 1.0]]}]}