{"camera": {"camera": "RealSense D415", "extrinsics": [[-0.9346485, 0.33441463, 0.120826624, 0.56737626], [0.2222844, 0.8147451, -0.5355185, -0.2761339], [-0.2775281, -0.4736637, -0.83583546, 0.46716213], [0.0, 0.0, 0.0, 1.0]], "height": 480, "intrinsics": [[603.0301, 0.0, 326.28275], [0.0, 603.81976, 245.73769], [0.0, 0.0, 1.0]], "width": 640}, "objects": [{"class": "MacaroniAndCheese", "pose": [[0.574448541097938, 0.14440572391762244, 0.805702122085791, 12.508308024512344], [-0.6220796673951735, -0.5627255249524478, 0.5443867496926313, 27.18434637783613], [0.5320016798943592, -0.8139330843262941, -0.23342498859739733, 37.770819126708254], [0.0, 0.0, 0.0, 1.0]]}, {"class": "OrangeJuice", "pose": [[-0.8148046893142523, 0.12015735043394549, 0.5671468755194423, 20.524089963728738], [-0.5258205344872147, -0.5651574868296656, -0.6356963448474122, 13.346569089758725], [0.24414371121063566, -0.8161858376560521, 0.5236741402427791, 46.368741294765165], [0.0, 0.0, 0.0, 1.0]]}, {"class": "TomatoSauce", "pose": [[0.0688437686044357, 0.08318182113728265, -0.9941535943504387, 14.666915132490372], [0.872086373890727, -0.4889642125729926, 0.019478643623351787, 3.042582490043233], [-0.48448523328961535, -0.8683287848795734, -0.10620385372906029, 58.79690395297591], [0.0, 0.0, 0.0, 1.0]]}, {"class": "Mushrooms", "pose": [[0.4601918157693058, 0.1775400067426409, -0.8698868246548169, -3.78070207204918], [0.7907772363019143, -0.5273845156890007, 0.31070403508578515, 12.221107544950193], [-0.40360242763684523, -0.830870154647527, -0.3830926062907876, 52.90829160771893], [0.0, 0.0, 0.0, 1.0]]}, {"class": "Pineapple", "pose": [[0.6385879466877136, 0.08325762320712421, 0.7650317977223813, -8.93758246065114], [-0.5993827232640582, -0.5696855732963592, 0.5623155349898887, 31.084923852522344], [0.48264460112623025, -0.8176347663476287, -0.31389115364468245, 38.06375913208051], [0.0, 0.0, 0.0, 1.0]]}, {"class": "Cherries", "pose": [[0.8766955218035029, 0.16492958965925475, 0.45188852774526267, -23.136404979437753], [-0.2926915592232896, -0.5626041290055558, 0.7731806434758589, 29.954603625329206], [0.38175469069410156, -0.8101079678961428, -0.44495900368153124, 36.00548757169434], [0.0, 0.0, 0.0, 1.0]]}, {"class": "PeasAndCarrots", "pose": [[0.5932711459781211, 0.10643414821407321, 0.7979355666011021, -14.559477780449804], [-0.6420407765236484, -0.5353784286947147, 0.5487746729120209, 17.46438824092281], [0.4856058223220852, -0.8378793502870544, -0.24928950672354006, 41.436404264139654], [0.0, 0.0, 0.0, 1.0]]}, {"class": "BBQSauce", "pose": [[0.9171024922995914, 0.16920003465596942, 0.360963178030071, 3.230357168746145], [-0.20234600166582567, -0.5825786196843418, 0.7871837839773816, -1.133740794259469], [0.3434809284946517, -0.7949676692220793, -0.5000473328846974, 55.7932861130741], [0.0, 0.0, 0.0, 1.0]]}, {"class": "Raisins", "pose": [[0.15422766933470905, -0.2526123406097286, -0.9551967757412739, 2.7491509858672547], [-0.534569750602778, -0.834377556610408, 0.13434782106805218, -12.27986640764532], [-0.8309326706313475, 0.48989912749849907, -0.2637229990476647, 66.62202171324499], [0.0, 0.0, 0.0, 1.0]]}, {"class": "Ketchup", "pose": [[0.8188023520202571, 0.10075379897559099, 0.5651649576197637, -6.219776279774781], [-0.39499780008172175, -0.6155140711295116, 0.6819965017744442, 1.2565056771472405], [0.416580693220784, -0.7816592577662395, -0.4641868258116031, 52.851235099688786], [0.0, 0.0, 0.0, 1.0]]}, {"class": "AlphabetSoup", "pose": [[0.9886207102346574, 0.12187590970019527, 0.0881782452373588, -11.471514382973035], [-0.01057620995313047, -0.528411459825627, 0.848922573129247, -7.15502887546876], [0.15005758758609405, -0.8401950292725251, -0.5211095006489623, 61.74355413543735], [0.0, 0.0, 0.0, 1.0]]}, {"class": "Mayo", "pose": [[-0.21196377750620146, 0.9759055273369346, 0.05176685949320157, -16.800287994513084], [0.8187860336098285, 0.20625768858049598, -0.5357679155448936, -13.764760488526798], [-0.5335361517635974, -0.0711774193897592, -0.8427769741772342, 67.07453775882708], [0.0, 0.0, 0.0, 1.0]]}, {"class": "SaladDressing", "pose": [[0.9774645561900716, 0.09383029141072664, -0.18910041461930394, -13.826618297187022], [0.20718100785693944, -0.5982016081990845, 0.7741000763414357, -0.02994927633254707], [-0.040486146600074456, -0.7958334044097393, -0.604160692888995, 52.384479078448265], [0.0, 0.0, 0.0, 1.0]]}, {"class": "Mustard", "pose": [[0.14037981728989865, 0.15883967150610043, 0.9772735106697394, -22.564792198137063], [-0.8576075647235383, -0.4737440094001529, 0.2001897618431945, -1.6195522426010966], [0.4947755169469812, -0.8662197570979142, 0.06971799420599463, 50.70709135540446], [0.0, 0.0, 0.0, 1.0]]}, {"class": "Cookies", "pose": [[0.36751356625978393, -0.91906016557843, -0.14234549401098517, -16.217921439097584], [0.8174309948853586, 0.2462191917533507, 0.520752091184916, 18.846138600166096], [-0.4435542902993308, -0.3077410514421889, 0.8417571593323937, 45.82672590053727], [0.0, 0.0, 0.0, 1.0]]}, {"class": "Parmesan", "pose": [[0.4858834090519515, 0.10108016769586949, 0.8681590646361396, -27.910937384914337], [-0.6774990202880498, -0.583981450012753, 0.44716977291643867, 8.067812288962124], [0.5521887524533452, -0.8054492914180857, -0.2152651831837893, 47.278245974595364], [0.0, 0.0, 0.0, 1.0]]}, {"class": "CreamCheese", "pose": [[0.7633360787549219, 0.14281474730865898, 0.6300174821586244, -33.45934183214716], [-0.49718206561116973, -0.49281370044799383, 0.714104132844623, 0.8131012831870343], [0.4124658174520428, -0.8583348414069863, -0.30517753510619255, 53.35930614266792], [0.0, 0.0, 0.0, 1.0]]}, {"class": "Milk", "pose": [[0.7891964232725234, 0.13801105996126467, 0.59843295516331, -30.536501876274524], [-0.44158902940725114, -0.5496772151513936, 0.7091220984505946, 13.158212804454033], [0.42681162277771184, -0.8238980530730686, -0.3728591091515556, 37.70145768206693], [0.0, 0.0, 0.0, 1.0]]}, {"class": "ChocolatePudding", "pose": [[0.9860428540026454, 0.1664708814817278, 0.0026428568409137213, -27.32475474031517], [0.0996164249141974, -0.6026196691304974, 0.7917866913031362, -9.606394042199252], [0.1334020502663716, -0.7804723407788817, -0.6107920241267806, 62.09182832830974], [0.0, 0.0, 0.0, 1.0]]}, {"class": "Yogurt", "pose": [[0.9519017352830125, 0.1683615504512911, 0.2560029759555422, -1.9599908612109251], [-0.1371417504814662, -0.5130382247826742, 0.8473393549500253, 24.08643169719202], [0.2739986569281148, -0.8416924994220841, -0.46527255548895413, 44.10297225521077], [0.0, 0.0, 0.0, 1.0]]}]}