{"camera": {"camera": "RealSense D415", "extrinsics": [[-0.84601605, -0.529033, 0.0661883, 0.6346819], [-0.42613104, 0.59634656, -0.68028164, 0.06257239], [0.3204203, -0.6037341, -0.72995615, 0.12917088], [0.0, 0.0, 0.0, 1.0]], "height": 480, "intrinsics": [[607.7151, 0.0, 326.28275], [0.0, 609.8564, 245.73769], [0.0, 0.0, 1.0]], "width": 640}, "objects": [{"class": "Cookies", "pose": [[-0.993969286175019, 0.10539146166793338, 0.030293778395173967, -8.053904365099761], [-0.0941705849974923, -0.6788151907306754, -0.7282457310112859, -1.8349291097222276], [-0.05618699266081108, -0.7267066565405388, 0.6846462368518696, 57.70819145513442], [0.0, 0.0, 0.0, 1.0]]}, {"class": "Mustard", "pose": [[0.7176251761505249, 0.09453928620625124, -0.6899829309336392, 1.9981486039526875], [0.5433792331713915, -0.6957035498198257, 0.46982505968479155, 4.935697349953406], [-0.4356066645863761, -0.7120806710488299, -0.5506250667437872, 53.70703747375538], [0.0, 0.0, 0.0, 1.0]]}, {"class": "AlphabetSoup", "pose": [[0.9057372778063185, 0.08386313659838791, -0.4154599535131095, 9.217052931790025], [0.3493842662127031, -0.7026469643084494, 0.6198531157078959, 6.370454324491762], [-0.23993886370598896, -0.7065792283600572, -0.6657140138029283, 58.77079738681748], [0.0, 0.0, 0.0, 1.0]]}, {"class": "GranolaBars", "pose": [[0.9071435538375852, 0.09936332198455337, -0.40892238632330363, 9.221984372270597], [0.36012828261873164, -0.6860209113337118, 0.6322048214404894, -2.24140417263828], [-0.2177113523210814, -0.7207650293044604, -0.6581029950108769, 63.52569877948528], [0.0, 0.0, 0.0, 1.0]]}, {"class": "Milk", "pose": [[-0.4005975997508527, -0.9089493271103266, -0.11546730654507793, -12.520619712989955], [0.6228013306131035, -0.3625578179735046, 0.6933039291641819, 8.830353733635082], [-0.6720417194351479, 0.2058227133096588, 0.7113346262234954, 53.69770112046951], [0.0, 0.0, 0.0, 1.0]]}]}