{"camera": {"camera": "RealSense D415", "extrinsics": [[-0.9492374, 0.28735423, 0.12796816, 0.5982536], [0.17297901, 0.81662834, -0.5506327, -0.24157804], [-0.26272908, -0.5005454, -0.8248804, 0.46260133], [0.0, 0.0, 0.0, 1.0]], "height": 480, "intrinsics": [[603.0301, 0.0, 326.28275], [0.0, 603.81976, 245.73769], [0.0, 0.0, 1.0]], "width": 640}, "objects": [{"class": "MacaroniAndCheese", "pose": [[0.6128221073204556, 0.15319965869926247, 0.775228280433354, 12.980293601703096], [-0.5819402738147283, -0.5761882489533091, 0.5738925341747683, 28.354222568576333], [0.5345975887552514, -0.8028305572346015, -0.2639478543023838, 36.928941740071295], [0.0, 0.0, 0.0, 1.0]]}, {"class": "OrangeJuice", "pose": [[-0.7849443045518214, 0.1290458809230196, 0.6059781817841028, 21.78965247764027], [-0.5554871062495336, -0.5797626796705956, -0.5960782929722129, 15.113272044376469], [0.2744020938478714, -0.8045012952123242, 0.526764759847294, 45.68870919269463], [0.0, 0.0, 0.0, 1.0]]}, {"class": "TomatoSauce", "pose": [[0.01928821094147322, 0.0875940969995618, -0.9959694756966311, 16.660803434129885], [0.8616975051577096, -0.5066562848075726, -0.027871849076620176, 4.8760766411998056], [-0.5070556296702604, -0.8576867843520151, -0.08525211839585971, 58.4884195982843], [0.0, 0.0, 0.0, 1.0]]}, {"class": "Mushrooms", "pose": [[0.415491091192849, 0.18434304279227476, -0.8907214789951852, -2.300698039992255], [0.8001194039385816, -0.5398376235527955, 0.26150392145973095, 13.064610311860969], [-0.43263855745879315, -0.8213360565607437, -0.3717941851570607, 52.774838487636785], [0.0, 0.0, 0.0, 1.0]]}, {"class": "Pineapple", "pose": [[0.6748459393588195, 0.09236798662848893, 0.7321550864448192, -8.61017500224721], [-0.5576494226325086, -0.5859778857181619, 0.5879260669402921, 31.294416957562603], [0.4833322600714299, -0.8050453477932601, -0.34393585113223385, 37.587285426358605], [0.0, 0.0, 0.0, 1.0]]}, {"class": "Cherries", "pose": [[0.8966765458653184, 0.17377049606318554, 0.40715469323453046, -22.782001525040897], [-0.2432438250428208, -0.5750485121064801, 0.7811220593502903, 29.47593145600739], [0.3698696840586006, -0.7994516621540069, -0.4733639318927534, 35.86301961499765], [0.0, 0.0, 0.0, 1.0]]}, {"class": "PeasAndCarrots", "pose": [[0.631582704034745, 0.11354552526359155, 0.7669489286039102, -13.537898415906046], [-0.602209513630431, -0.5511908123636068, 0.5775226500838969, 17.525416709839565], [0.4883103401286942, -0.8266172266775681, -0.2797443969173801, 41.41241282412593], [0.0, 0.0, 0.0, 1.0]]}, {"class": "BBQSauce", "pose": [[0.9321512346000214, 0.1792510963092909, 0.3145839756495656, 5.3668786183116435], [-0.15217792036629438, -0.5944197837393173, 0.7896246086294899, 0.115598065999159], [0.3285360288546729, -0.7839222555031309, -0.5268110955500757, 55.834489061607684], [0.0, 0.0, 0.0, 1.0]]}, {"class": "Raisins", "pose": [[0.16138460119321135, -0.2044310942040472, -0.9654858339976577, 5.612995806811128], [-0.54806129665359, -0.8321500339310164, 0.08458816371083996, -10.761969810567953], [-0.8207214884029335, 0.5154942134145887, -0.24633698409522142, 66.94066428136506], [0.0, 0.0, 0.0, 1.0]]}, {"class": "Ketchup", "pose": [[0.8442102251618736, 0.11265636880350421, 0.5240396890790396, -4.240014233187884], [-0.34712704436266917, -0.6300453518769894, 0.6946550877602615, 2.00367523067122], [0.40842610860483997, -0.7683432426288134, -0.4927846696478386, 53.03864719498207], [0.0, 0.0, 0.0, 1.0]]}, {"class": "AlphabetSoup", "pose": [[0.9909325148199727, 0.12860461135925239, 0.03890452980835744, -8.922139087788562], [0.03762903882590351, -0.5435988642318507, 0.8385012531558073, -6.406309243694921], [0.12898359531536596, -0.8294341838927584, -0.543509081849657, 62.24505060440374], [0.0, 0.0, 0.0, 1.0]]}, {"class": "Mayo", "pose": [[-0.2597501761622351, 0.96388009838107, 0.05886390539622073, -13.835569144966332], [0.7946164857888874, 0.2479786638340705, -0.5541581399714038, -13.110893303644772], [-0.548739021421254, -0.09716844103307729, -0.8303274870556961, 67.84955942745073], [0.0, 0.0, 0.0, 1.0]]}, {"class": "SaladDressing", "pose": [[0.9660204636643454, 0.10466655637986574, -0.23632463516783941, -11.788519777378937], [0.24975104660120234, -0.6134270868840406, 0.7492206918522355, 0.3656193991500467], [-0.06654957932263716, -0.7827848118306472, -0.6187237244381534, 52.767160576879924], [0.0, 0.0, 0.0, 1.0]]}, {"class": "Mustard", "pose": [[0.18922822527434635, 0.16251000376776165, 0.9683920357297622, -20.47785048122882], [-0.8375849728136338, -0.4880066882733282, 0.24556242957395125, -1.6567424739297454], [0.5124881691536144, -0.8575779294683671, 0.043771299840266426, 51.31742686327072], [0.0, 0.0, 0.0, 1.0]]}, {"class": "Cookies", "pose": [[0.3209035245717749, -0.9353707045602845, -0.14866919787809849, -15.16759843537634], [0.8215618831275366, 0.19681349033246037, 0.535070596759033, 18.94250715537814], [-0.47122927842775225, -0.2938470019840806, 0.8316230287220335, 45.80223311226958], [0.0, 0.0, 0.0, 1.0]]}, {"class": "Parmesan", "pose": [[0.5272945221533731, 0.11106583675861206, 0.8423923220460071, -26.3271161722485], [-0.6407479910990866, -0.5991449195108847, 0.48007020177028126, 7.690574777287351], [0.5580345024573677, -0.7928995427745783, -0.24476062685490096, 47.76819758809279], [0.0, 0.0, 0.0, 1.0]]}, {"class": "CreamCheese", "pose": [[0.7933690099778656, 0.14753150476559024, 0.5905929448768008, -31.415337236745767], [-0.451769571132415, -0.5075698242329806, 0.7336737349993623, 0.35108199769152415], [0.40800716916968643, -0.8488858955691695, -0.3360399403839526, 54.14289464973101], [0.0, 0.0, 0.0, 1.0]]}, {"class": "Milk", "pose": [[0.8169650824363137, 0.1460174107046206, 0.5578950862669916, -29.375663338322987], [-0.39472503427078276, -0.5636977045351568, 0.7255598297333601, 12.41285818479671], [0.4204285669867078, -0.8129721708731656, -0.4028846296033852, 38.1283306876354], [0.0, 0.0, 0.0, 1.0]]}, {"class": "ChocolatePudding", "pose": [[0.9830147751259777, 0.177730657063548, -0.045757216411088784, -24.63732258016392], [0.1471357774657493, -0.6141881131349495, 0.7753218982940298, -9.557156745832499], [0.10969493737618777, -0.7688853710761598, -0.6299065503568693, 62.99395694079766], [0.0, 0.0, 0.0, 1.0]]}, {"class": "Yogurt", "pose": [[0.9625310682587187, 0.1743040465393437, 0.2077305933815431, -1.2004107636867989], [-0.08726502232024146, -0.5261975802707509, 0.8458728886172152, 24.77198971510471], [0.25674641504134593, -0.8323065184959522, -0.49127089569395893, 43.644603728588116], [0.0, 0.0, 0.0, 1.0]]}]}