{"camera": {"camera": "RealSense D415", "extrinsics": [[-0.97687185, 0.18618493, 0.10515, 0.6800627], [0.09352939, 0.81427616, -0.5728932, -0.20294183], [-0.19228521, -0.5498087, -0.8128572, 0.4338418], [0.0, 0.0, 0.0, 1.0]], "height": 480, "intrinsics": [[603.0301, 0.0, 326.28275], [0.0, 603.81976, 245.73769], [0.0, 0.0, 1.0]], "width": 640}, "objects": [{"class": "MacaroniAndCheese", "pose": [[0.6938566427755636, 0.133840299563218, 0.7075660452922142, 16.785451297061236], [-0.5142959355115102, -0.5956566398989426, 0.6170032069697119, 28.294064717243668], [0.504046321642579, -0.792010071340319, -0.3444668349774982, 35.991313978345254], [0.0, 0.0, 0.0, 1.0]]}, {"class": "OrangeJuice", "pose": [[-0.7178013744852288, 0.10996494594992468, 0.6875091798738083, 27.20700744293524], [-0.5989364928723908, -0.6010228776783488, -0.5291943663373814, 16.08555505826163], [0.35501595540406, -0.7916307362934386, 0.4972770823488404, 44.47686521727672], [0.0, 0.0, 0.0, 1.0]]}, {"class": "TomatoSauce", "pose": [[-0.08420925313668813, 0.05920058818825605, -0.9946879244294371, 23.85580946883397], [0.8396568867230736, -0.5332949838982468, -0.10282447217348235, 6.031789730682196], [-0.5365493908582811, -0.8438552962722551, -0.004799790433139082, 57.990900737312415], [0.0, 0.0, 0.0, 1.0]]}, {"class": "Mushrooms", "pose": [[0.3200291529065635, 0.16066427407485143, -0.9336853363351699, 3.952385525712643], [0.8097798230861115, -0.5579387557425741, 0.1815518722385437, 12.59834281898713], [-0.49177038006073703, -0.8141813969865997, -0.30865934938244255, 53.52214971475588], [0.0, 0.0, 0.0, 1.0]]}, {"class": "Pineapple", "pose": [[0.7497722611746279, 0.07392167231330825, 0.6575538895762846, -4.850176367015346], [-0.48770061957160815, -0.6098757454725658, 0.6246597314570695, 29.698666681872155], [0.44720207359218844, -0.7890419334764456, -0.42121631076671884, 38.261383187969486], [0.0, 0.0, 0.0, 1.0]]}, {"class": "Cherries", "pose": [[0.9380919845306473, 0.1544666002802742, 0.3100378572345905, -18.936582740813034], [-0.16300363470879423, -0.5929053543683677, 0.7886020258554425, 26.79785159734948], [0.30563577298866984, -0.7903184938850085, -0.5310211863553796, 37.73310313200011], [0.0, 0.0, 0.0, 1.0]]}, {"class": "PeasAndCarrots", "pose": [[0.7104747289928749, 0.09071894821251891, 0.6978507769280827, -8.425661970885878], [-0.5350180116620474, -0.5745564742833229, 0.619387346017478, 15.776894358657112], [0.45714486669968873, -0.8134217486821794, -0.35967162452197576, 42.94108449321256], [0.0, 0.0, 0.0, 1.0]]}, {"class": "BBQSauce", "pose": [[0.963376349907533, 0.16255670723096582, 0.21326345288042206, 12.779562143099653], [-0.07136804111714642, -0.611189028853677, 0.78826053628624, 0.36833107715351365], [0.2584813082785124, -0.7746117091574029, -0.5772037432070287, 56.40969050130773], [0.0, 0.0, 0.0, 1.0]]}, {"class": "Raisins", "pose": [[0.13850062502091698, -0.10143096055172186, -0.9851544610221187, 14.690360946235625], [-0.5677601057377525, -0.8231793349474092, 0.004933984035595207, -10.005649525263285], [-0.8114592105913683, 0.5586480831924353, -0.17159929066629834, 67.831537242185], [0.0, 0.0, 0.0, 1.0]]}, {"class": "Ketchup", "pose": [[0.8966599432869536, 0.10020679514037832, 0.4312302392849351, 2.8722075717783846], [-0.2687466790938779, -0.6508512632104188, 0.7100478540237137, 1.4463281152714835], [0.3518183654020215, -0.7525631164822573, -0.5566620530821982, 54.32253781544889], [0.0, 0.0, 0.0, 1.0]]}, {"class": "AlphabetSoup", "pose": [[0.9923049971740246, 0.10490704171726935, -0.06576686204313921, -0.44726311316652945], [0.11395364121580524, -0.566021603684108, 0.8164767058323199, -6.899552558828748], [0.04842867107751738, -0.8176882460699111, -0.5736206446094, 64.15795368185479], [0.0, 0.0, 0.0, 1.0]]}, {"class": "Mayo", "pose": [[-0.35981858968792585, 0.932316264372634, 0.036289677081222896, -4.40067396392676], [0.7510591902550596, 0.312502272366195, -0.5815948089947542, -13.708036081969354], [-0.5535709382877837, -0.1820129563060622, -0.8126687811680942, 70.36431062866613], [0.0, 0.0, 0.0, 1.0]]}, {"class": "SaladDressing", "pose": [[0.9366608223220195, 0.08991140710271964, -0.3385002478008816, -4.531068026334195], [0.3156599032652725, -0.6354476460891206, 0.7046738351185043, -0.7397964174967797], [-0.15174099808955277, -0.7668912831569483, -0.6235803694649162, 54.70885274062104], [0.0, 0.0, 0.0, 1.0]]}, {"class": "Mustard", "pose": [[0.2901370557455875, 0.13229773407041193, 0.9477962720988767, -13.130236947070738], [-0.8004162835083055, -0.5093186649767142, 0.316114488676739, -3.4385509370775114], [0.5245515987371457, -0.8503480572939149, -0.041878987381446554, 54.025359687625496], [0.0, 0.0, 0.0, 1.0]]}, {"class": "Cookies", "pose": [[0.22142099898056514, -0.9672560838175196, -0.12404992740769367, -9.815223300620602], [0.8227895853887092, 0.11702200061025217, 0.5561683638066045, 17.249402260812534], [-0.523440706927009, -0.22521433452142287, 0.8217593186104739, 47.39478313146566], [0.0, 0.0, 0.0, 1.0]]}, {"class": "Parmesan", "pose": [[0.6150206000838396, 0.09442901793939461, 0.7828363794592877, -19.917609991283392], [-0.5781049035078069, -0.6211628455661834, 0.5291044690593883, 5.3129719060194365], [0.5362317073445338, -0.7779716522353373, -0.32743810441350757, 50.63040747371592], [0.0, 0.0, 0.0, 1.0]]}, {"class": "CreamCheese", "pose": [[0.8539101833369653, 0.1195363593455457, 0.5065061031707859, -23.938201937256498], [-0.3767047372052453, -0.529540717099886, 0.7600528068830041, -2.109697638233507], [0.35906955688744463, -0.8398200395849825, -0.4071503435998297, 57.63995384030648], [0.0, 0.0, 0.0, 1.0]]}, {"class": "Milk", "pose": [[0.8740545072331644, 0.12498661937539854, 0.4694752797793622, -24.041577338661725], [-0.3176561696051721, -0.5841348487646989, 0.7469144099029543, 9.410422817470753], [0.3675911811348996, -0.8019755823921373, -0.47086297015582673, 41.10547004764044], [0.0, 0.0, 0.0, 1.0]]}, {"class": "ChocolatePudding", "pose": [[0.9747582192448296, 0.16367802476895607, -0.15184167143373975, -15.778683961914663], [0.22173859127203407, -0.6303916317572715, 0.743934464251633, -11.139196664903613], [0.026045978813624023, -0.758825347087648, -0.6507731920341185, 66.26239021282207], [0.0, 0.0, 0.0, 1.0]]}, {"class": "Yogurt", "pose": [[0.9832156697747642, 0.14882068757721378, 0.10554299891426924, 3.4697375318128443], [-0.007393467691947966, -0.5455102555544247, 0.8380715942392392, 23.975958199739956], [0.1822971646145699, -0.8247854116671329, -0.5352539736796834, 43.933015596395144], [0.0, 0.0, 0.0, 1.0]]}]}