{"camera": {"camera": "RealSense D415", "extrinsics": [[-0.98049176, 0.17052259, 0.097764686, 0.6953319], [0.084061235, 0.81337255, -0.5756377, -0.2006165], [-0.17767835, -0.55618984, -0.81183946, 0.42602462], [0.0, 0.0, 0.0, 1.0]], "height": 480, "intrinsics": [[603.0301, 0.0, 326.28275], [0.0, 603.81976, 245.73769], [0.0, 0.0, 1.0]], "width": 640}, "objects": [{"class": "MacaroniAndCheese", "pose": [[0.7060224994790838, 0.12697138519901424, 0.6967140659364186, 17.7766544864297], [-0.5058775397541156, -0.5980529498387073, 0.6216273894647388, 28.04023896209218], [0.49560080212732216, -0.7913349364197831, -0.3580068681863938, 35.782368164594814], [0.0, 0.0, 0.0, 1.0]]}, {"class": "OrangeJuice", "pose": [[-0.7069463706633806, 0.10315312561581791, 0.6997044045775797, 28.434678540755048], [-0.6036035734394122, -0.6036271196783565, -0.5208618376222088, 15.962552621187251], [0.36863202969884673, -0.7905654803403714, 0.4889956056148991, 44.16074010961379], [0.0, 0.0, 0.0, 1.0]]}, {"class": "TomatoSauce", "pose": [[-0.09985117716925845, 0.05099698453272201, -0.9936946422770893, 25.379999068745292], [0.8364349385720987, -0.5365864171044539, -0.11158690732384746, 5.941281040319854], [-0.5388936502273969, -0.8423030176129276, 0.01092312231595479, 57.768859249958794], [0.0, 0.0, 0.0, 1.0]]}, {"class": "Mushrooms", "pose": [[0.30527431128796806, 0.15311748769391986, -0.9398737265897286, 5.353083862867458], [0.8103172138902855, -0.560201910805394, 0.1719298094405742, 12.312189089998718], [-0.5001936018156566, -0.8140816294550782, -0.2950889961059573, 53.57722002688112], [0.0, 0.0, 0.0, 1.0]]}, {"class": "Pineapple", "pose": [[0.7608233899236555, 0.06723357324836089, 0.6454668140788025, -3.8332780995493865], [-0.4790504419429807, -0.612784683915638, 0.6284947355418726, 29.2648689279978], [0.43778813283308415, -0.7873846735454227, -0.43401265068274986, 38.37805823568076], [0.0, 0.0, 0.0, 1.0]]}, {"class": "Cherries", "pose": [[0.944069035979012, 0.14759597826987572, 0.2948712848141062, -17.89986440664677], [-0.15335748867637705, -0.595112751743475, 0.7888740842177444, 26.23794067095526], [0.2919163115109742, -0.7899723313935586, -0.5391925788091202, 38.07887413144496], [0.0, 0.0, 0.0, 1.0]]}, {"class": "PeasAndCarrots", "pose": [[0.7221035175477816, 0.08334198701374562, 0.6867463980607604, -7.213194059957962], [-0.5266658089794104, -0.5774303433401283, 0.6238568358312415, 15.33362692289015], [0.4485416849678179, -0.8121750789053076, -0.37307110902315516, 43.17348196868658], [0.0, 0.0, 0.0, 1.0]]}, {"class": "BBQSauce", "pose": [[0.9678154976237533, 0.15608731126925868, 0.19740796823768128, 14.331459769223232], [-0.06171855119408838, -0.6132529597169082, 0.7874716853374224, 0.17352202563430674], [0.24397536604023778, -0.7743110500446531, -0.5838822423063227, 56.382864324432404], [0.0, 0.0, 0.0, 1.0]]}, {"class": "Raisins", "pose": [[0.13108601211486828, -0.0855676547006244, -0.9876713147604115, 16.508758614101104], [-0.5702052685474708, -0.8214898976453588, -0.004508565018513963, -10.131199673886508], [-0.8109762357389272, 0.5637664036072693, -0.15647696816727352, 67.81970251899709], [0.0, 0.0, 0.0, 1.0]]}, {"class": "Ketchup", "pose": [[0.9042875518702647, 0.09443617975803317, 0.4163481999347382, 4.3841477594558365], [-0.2592495816187298, -0.6533611683779907, 0.711272708219191, 1.1548642935049869], [0.33919563160031163, -0.7511331678542784, -0.5663438372480439, 54.44329953768894], [0.0, 0.0, 0.0, 1.0]]}, {"class": "AlphabetSoup", "pose": [[0.991881454034495, 0.0973869102651364, -0.08177385251491634, 1.2897352855695154], [0.12289301573452367, -0.5687905497710504, 0.813249435626009, -7.175058831421052], [0.03268765953739991, -0.8166964840534832, -0.5761409759642357, 64.36524451645371], [0.0, 0.0, 0.0, 1.0]]}, {"class": "Mayo", "pose": [[-0.37489293090125064, 0.9266145719954216, 0.028995127689254937, -2.5077039900981646], [0.7453409132312643, 0.31985635509065447, -0.5849434695275327, -13.989740009455678], [-0.5512914266087684, -0.19767991600028856, -0.8105556539153644, 70.6615401433182], [0.0, 0.0, 0.0, 1.0]]}, {"class": "SaladDressing", "pose": [[0.9313939506032667, 0.08378653843580672, -0.3542387850875305, -2.992683423765008], [0.3231897155487525, -0.6381139958090372, 0.6988268480012361, -1.0944881795457522], [-0.1674924427574213, -0.7653694463489411, -0.6214144724344968, 54.95285325548336], [0.0, 0.0, 0.0, 1.0]]}, {"class": "Mustard", "pose": [[0.3052153530962639, 0.12377083010358196, 0.9442056777807992, -11.577057723341266], [-0.7954402391487752, -0.5119981089267407, 0.32424186924205645, -3.8718260103473208], [0.5235632139703735, -0.8500228030433015, -0.057817381640805895, 54.413354704204245], [0.0, 0.0, 0.0, 1.0]]}, {"class": "Cookies", "pose": [[0.20608141630980986, -0.9715898303810001, -0.11637716036948967, -8.547397341147578], [0.8223152950205517, 0.10748746783626975, 0.5587879984436054, 16.814101803856136], [-0.5304036558961571, -0.2108545475476584, 0.8211043636023613, 47.641444380976075], [0.0, 0.0, 0.0, 1.0]]}, {"class": "Parmesan", "pose": [[0.6282569819993571, 0.088007217661531, 0.7730122161468341, -18.492894939697035], [-0.5702301448965728, -0.6238405719719734, 0.5344722162882896, 4.804149535082458], [0.5292738049141104, -0.7765807851298926, -0.3417478279889372, 51.08440274687549], [0.0, 0.0, 0.0, 1.0]]}, {"class": "CreamCheese", "pose": [[0.8626121213873591, 0.1113518303060948, 0.4934582961373622, -22.33976519952341], [-0.3675452366473718, -0.5322834875657161, 0.7626170829806452, -2.621625093703428], [0.3475785183695863, -0.8392110022065773, -0.418227356446004, 58.18752691740035], [0.0, 0.0, 0.0, 1.0]]}, {"class": "Milk", "pose": [[0.8823605323314566, 0.11786441782018153, 0.45557421140727766, -22.79835672724373], [-0.3082836896225602, -0.5866548943132298, 0.7488639589820274, 8.821818030143572], [0.355529263338426, -0.8012141160179885, -0.48130545139227915, 41.60590190902575], [0.0, 0.0, 0.0, 1.0]]}, {"class": "ChocolatePudding", "pose": [[0.9730396434862493, 0.15762030628992785, -0.16837364209675582, -13.96949893219398], [0.230416600439929, -0.6323729611581967, 0.7396030392101705, -11.539722721831213], [0.010101523135318157, -0.758459174840391, -0.651642305001107, 66.7234603777098], [0.0, 0.0, 0.0, 1.0]]}, {"class": "Yogurt", "pose": [[0.9859184107962646, 0.14100327160513515, 0.08990526543712643, 4.622878956544573], [0.00208081240764136, -0.5479263830895917, 0.8365239842976907, 23.641388860874066], [0.16721409161107523, -0.8245573371262639, -0.5405041162602774, 43.94650950792558], [0.0, 0.0, 0.0, 1.0]]}]}