{"camera": {"camera": "RealSense D415", "extrinsics": [[-0.98246115, 0.16986305, 0.076919824, 0.70739913], [0.0952834, 0.81191367, -0.575949, -0.21062979], [-0.16028471, -0.55851835, -0.81385875, 0.4156917], [0.0, 0.0, 0.0, 1.0]], "height": 480, "intrinsics": [[603.0301, 0.0, 326.28275], [0.0, 603.81976, 245.73769], [0.0, 0.0, 1.0]], "width": 640}, "objects": [{"class": "MacaroniAndCheese", "pose": [[0.70889477890432, 0.10622857664636094, 0.6972687586283193, 19.41784092401908], [-0.5142715980971634, -0.5987114017915107, 0.6140597971640624, 27.626109827411028], [0.4826934424825847, -0.793889264925463, -0.36979303297202565, 35.698722637416274], [0.0, 0.0, 0.0, 1.0]]}, {"class": "OrangeJuice", "pose": [[-0.7071077801085152, 0.08236614336265283, 0.7022922792902987, 30.084873749981405], [-0.5959315696843367, -0.6040172016992517, -0.5291775109003614, 15.421158513308301], [0.38061029198573204, -0.7927036375050753, 0.47618983644654383, 43.87886235728717], [0.0, 0.0, 0.0, 1.0]]}, {"class": "TomatoSauce", "pose": [[-0.09988576789302742, 0.03006618880722589, -0.9945445678682411, 27.15769269033748], [0.838008976704611, -0.5363442400449048, -0.10037860763570906, 5.422340458283734], [-0.5364362380629728, -0.8434636307883038, 0.028377414337657565, 57.53144832430288], [0.0, 0.0, 0.0, 1.0]]}, {"class": "Mushrooms", "pose": [[0.3055384337115245, 0.13239531087910622, -0.9429304253207265, 7.133205722712566], [0.807286135453412, -0.5611366300172936, 0.18279724203407685, 12.022690310057591], [-0.5049112877735268, -0.8170662032689145, -0.2783297011977498, 53.69856854325188], [0.0, 0.0, 0.0, 1.0]]}, {"class": "Pineapple", "pose": [[0.7629669323856416, 0.04640712508963399, 0.6447696322254577, -2.1277294779886713], [-0.4880107531816722, -0.6127718762976071, 0.6215755675181435, 29.092060784432626], [0.423942223272671, -0.7888960802427847, -0.4448774859648709, 38.67629172263926], [0.0, 0.0, 0.0, 1.0]]}, {"class": "Cherries", "pose": [[0.9472786631123347, 0.12690589619569373, 0.294207524948069, -16.23070266749297], [-0.1642704945633546, -0.5960053548848651, 0.7859980122762468, 26.22431014642914], [0.2750970377691556, -0.7928887238325487, -0.5437362440044405, 38.62320130412382], [0.0, 0.0, 0.0, 1.0]]}, {"class": "PeasAndCarrots", "pose": [[0.7239073261746988, 0.06247411739415574, 0.687062739187343, -5.579697861841348], [-0.5351962133180537, -0.577578493099782, 0.6164155670457541, 15.195386279904252], [0.4353426706086291, -0.8139410828483304, -0.384677377048957, 43.52044096757989], [0.0, 0.0, 0.0, 1.0]]}, {"class": "BBQSauce", "pose": [[0.9712095173581361, 0.1354666908287773, 0.1959614474381995, 16.0219702597434], [-0.07286077108069051, -0.6142547654619838, 0.7857368801847787, -0.21910578054963048], [0.22681142461322368, -0.7773930007021801, -0.5866998480811234, 56.336449410008214], [0.0, 0.0, 0.0, 1.0]]}, {"class": "Raisins", "pose": [[0.11031043728094769, -0.08488480886638895, -0.9902657302278997, 18.284117372450858], [-0.5708936652995928, -0.8209960417714511, 0.0067805644411641375, -10.558366462531938], [-0.8135797731124935, 0.5645884484604233, -0.13902463185171288, 67.72554802194315], [0.0, 0.0, 0.0, 1.0]]}, {"class": "Ketchup", "pose": [[0.9071436144363771, 0.07378482341495385, 0.41430218733929336, 6.053714058919257], [-0.26975093087473084, -0.6536863795726576, 0.7070562963379525, 0.8762070317742926], [0.3229937148394353, -0.7531599683423019, -0.573083880313409, 54.57346232642399], [0.0, 0.0, 0.0, 1.0]]}, {"class": "AlphabetSoup", "pose": [[0.9936287727763072, 0.076533808875474, -0.08273135937028665, 3.040894021885887], [0.11166389976191918, -0.5690935101773505, 0.8146556351623162, -7.427495253191093], [0.015266822907862377, -0.8187033465893656, -0.5740137332990406, 64.54238620262316], [0.0, 0.0, 0.0, 1.0]]}, {"class": "Mayo", "pose": [[-0.3761149678914498, 0.9265377693046172, 0.008082870358388429, -0.7216351419601641], [0.7500354588864204, 0.3095651850530167, -0.584479478128927, -14.20474969316702], [-0.5440444730660368, -0.21376902944875414, -0.8113682425317527, 70.8997410357721], [0.0, 0.0, 0.0, 1.0]]}, {"class": "SaladDressing", "pose": [[0.9318862464136364, 0.06305864732437079, -0.35722775725847117, -1.3379216385028259], [0.31281634067654296, -0.6383067930127689, 0.703356544532875, -1.2902464065275758], [-0.18366818173365745, -0.767194932973273, -0.6145550792671203, 55.211485453862686], [0.0, 0.0, 0.0, 1.0]]}, {"class": "Mustard", "pose": [[0.30539759014384815, 0.1029656724073539, 0.9466416545098918, -9.961304912083957], [-0.7993196599133694, -0.5125713963950178, 0.3136219039087868, -3.9700519303619397], [0.5175137119950354, -0.8524486193162466, -0.07423557730074021, 54.821545966300036], [0.0, 0.0, 0.0, 1.0]]}, {"class": "Cookies", "pose": [[0.20596995568095036, -0.9738817342940583, -0.09555513998930965, -6.81807107837038], [0.8204306756275687, 0.11863854351491755, 0.5593017577477153, 16.686665094312307], [-0.5333572269416438, -0.19359572472454767, 0.82343838594744, 48.012334866087194], [0.0, 0.0, 0.0, 1.0]]}, {"class": "Parmesan", "pose": [[0.6310132976587489, 0.06724188710575504, 0.7728523705142405, -16.8363324324181], [-0.5777740040230817, -0.6240714789743017, 0.5260342604276819, 4.7864905748946445], [0.5176866452577057, -0.7784685846009729, -0.3549467730877535, 51.621508045369765], [0.0, 0.0, 0.0, 1.0]]}, {"class": "CreamCheese", "pose": [[0.8644017707955161, 0.09051094545750278, 0.4945880985336783, -20.64095331815046], [-0.37757724118791386, -0.5327254114589826, 0.7573896729296733, -2.602010647842021], [0.3320316979285181, -0.8414341448893661, -0.4263139019539906, 58.78599147879291], [0.0, 0.0, 0.0, 1.0]]}, {"class": "Milk", "pose": [[0.8849555786979306, 0.09707810897582092, 0.45544429330301456, -21.26265703798662], [-0.31854969388504556, -0.5872021420198216, 0.7441235049847651, 8.86129088109995], [0.3396759608801834, -0.8035978489148012, -0.48872359308085084, 42.22340763541768], [0.0, 0.0, 0.0, 1.0]]}, {"class": "ChocolatePudding", "pose": [[0.9756073927445409, 0.13706296720706704, -0.17147594016591935, -12.222702927649964], [0.21941417788617837, -0.633405576869782, 0.7420612154468965, -11.621910671891394], [-0.0069047009039259035, -0.7615846229444672, -0.6480287021530678, 67.16635259019685], [0.0, 0.0, 0.0, 1.0]]}, {"class": "Yogurt", "pose": [[0.9886751810125184, 0.12023764471687667, 0.08980164283571963, 6.3612677531893365], [-0.009198367799116166, -0.5487154705003784, 0.8359585971811729, 23.368357336974707], [0.1497892428922531, -0.8273175068681838, -0.5413953612263467, 44.0905247538527], [0.0, 0.0, 0.0, 1.0]]}]}