{"camera": {"camera": "RealSense D415", "extrinsics": [[-0.98109937, 0.18932459, 0.04000271, 0.7197168], [0.13174586, 0.8049573, -0.57852125, -0.23549837], [-0.14172877, -0.56231666, -0.8146858, 0.40178603], [0.0, 0.0, 0.0, 1.0]], "height": 480, "intrinsics": [[603.0301, 0.0, 326.28275], [0.0, 603.81976, 245.73769], [0.0, 0.0, 1.0]], "width": 640}, "objects": [{"class": "MacaroniAndCheese", "pose": [[0.6982999984840371, 0.06881787534683932, 0.7124894506402419, 22.39396384298129], [-0.5402233801819893, -0.6023555696431317, 0.5876449602540426, 27.01406580292233], [0.4696124546309694, -0.7952558820115273, -0.3834478562760252, 35.240340729351004], [0.0, 0.0, 0.0, 1.0]]}, {"class": "OrangeJuice", "pose": [[-0.7214405804130096, 0.04480138095444553, 0.6910255641592473, 32.75283047415506], [-0.5691617928018938, -0.6067697968379869, -0.5548742193930547, 14.42182225465819], [0.3944342970994742, -0.7936140757468015, 0.46324757738095906, 43.22723022211451], [0.0, 0.0, 0.0, 1.0]]}, {"class": "TomatoSauce", "pose": [[-0.07879988409569043, -0.005898283679682152, -0.9968730077797457, 29.715130723187617], [0.8410728226882098, -0.5372048127861463, -0.06330583023722103, 4.5406578499154024], [-0.5351515696078877, -0.8434312333551126, 0.04729255806601217, 56.94119538646702], [0.0, 0.0, 0.0, 1.0]]}, {"class": "Mushrooms", "pose": [[0.32572583625673573, 0.09591995044937487, -0.9405860129856982, 9.880927016772622], [0.7952927150856997, -0.5657833875908528, 0.21771262651753823, 11.880883630894996], [-0.5112849431335131, -0.8189557784981751, -0.26057469886875645, 53.48271322068686], [0.0, 0.0, 0.0, 1.0]]}, {"class": "Pineapple", "pose": [[0.7521879682110763, 0.00862027711628006, 0.6588922191258779, 0.9781464048278621], [-0.516000221673338, -0.6141801366935163, 0.5970985371038268, 29.28094970472039], [0.4098256590195161, -0.7891188146900142, -0.45753082892039243, 38.62420207348662], [0.0, 0.0, 0.0, 1.0]]}, {"class": "Cherries", "pose": [[0.9455582466383645, 0.08959678357087314, 0.31287701051951383, -13.220199757829187], [-0.19936090292823294, -0.6004205081806187, 0.7744356498942291, 26.93984201587926], [0.25724471080829914, -0.7946494063476935, -0.5498704517007138, 38.840629060467414], [0.0, 0.0, 0.0, 1.0]]}, {"class": "PeasAndCarrots", "pose": [[0.7116235562701909, 0.025507429626997622, 0.7020977783178671, -2.8958422318141164], [-0.5616983751019832, -0.579612210707293, 0.5903767887494639, 15.52296712322962], [0.4220034308155451, -0.814493158559834, -0.3981382083401089, 43.54452475129999], [0.0, 0.0, 0.0, 1.0]]}, {"class": "BBQSauce", "pose": [[0.9719526905425595, 0.09776511979438864, 0.21389238841615013, 18.35663828710612], [-0.10891122755222571, -0.618973686974981, 0.7778239205842155, -0.6827677871728471], [0.20843780387615757, -0.7793032831706946, -0.5909654039415503, 55.962049921471525], [0.0, 0.0, 0.0, 1.0]]}, {"class": "Raisins", "pose": [[0.07355752763754678, -0.10464315853142125, -0.9917858159018567, 20.44817084198658], [-0.5747115894026537, -0.8171939669862395, 0.04359749321805895, -11.097498872559246], [-0.8150435119393307, 0.5667838638791517, -0.12025040204904187, 67.31493805371846], [0.0, 0.0, 0.0, 1.0]]}, {"class": "Ketchup", "pose": [[0.9024430260673016, 0.03512983095023229, 0.4293745274275038, 8.40438851507318], [-0.303268767834478, -0.6560800346592478, 0.6910768225494242, 0.7823934191749204], [0.30598145982495883, -0.7538732919403316, -0.5814210521159083, 54.38725193658803], [0.0, 0.0, 0.0, 1.0]]}, {"class": "AlphabetSoup", "pose": [[0.9972051294263685, 0.03978016809747884, -0.06324138831152165, 5.274338539419898], [0.0746232431530017, -0.5716567957732469, 0.8170924130812394, -7.402137469363676], [-0.0036482932957503057, -0.81952797023429, -0.5730275995629073, 64.41841589806066], [0.0, 0.0, 0.0, 1.0]]}, {"class": "Mayo", "pose": [[-0.3582045303072898, 0.9331912710738152, -0.02904429690426481, 1.383540492112001], [0.7634355791709296, 0.2748527188202588, -0.5844845861957262, -14.033871299276651], [-0.5374529973041853, -0.2315384658183166, -0.8108848552269197, 70.8515773665418], [0.0, 0.0, 0.0, 1.0]]}, {"class": "SaladDressing", "pose": [[0.9392266408927218, 0.024718955164851463, -0.3424066229158323, 0.9507144177141158], [0.2779066911019826, -0.6403139396371372, 0.7160768546981856, -1.1074877900428355], [-0.20154705311253823, -0.767715499135062, -0.6082694564669423, 55.16697151613774], [0.0, 0.0, 0.0, 1.0]]}, {"class": "Mustard", "pose": [[0.28521280803671556, 0.06765150572922925, 0.9560737069013416, -7.7722142050354766], [-0.8100583698939098, -0.516161670579988, 0.27817746004345584, -3.4646798109169543], [0.5123077150114318, -0.8538152293463337, -0.09241424769573489, 54.94267259983422], [0.0, 0.0, 0.0, 1.0]]}, {"class": "Cookies", "pose": [[0.2261937840124355, -0.9722902712488801, -0.059059339926942296, -3.9925157173427706], [0.8121285250979344, 0.15476118666090513, 0.5625800973309415, 17.059887557829374], [-0.5378510479394962, -0.17521589302617088, 0.8246306294108661, 48.057813439733245], [0.0, 0.0, 0.0, 1.0]]}, {"class": "Parmesan", "pose": [[0.6187879326926563, 0.029214286043042492, 0.7850146654481278, -14.376228802093427], [-0.6007797468385552, -0.6262456207105384, 0.4968704563734941, 5.541139143717045], [0.5061276990825898, -0.7790783028281011, -0.3699618685553741, 51.866066930105056], [0.0, 0.0, 0.0, 1.0]]}, {"class": "CreamCheese", "pose": [[0.8558993719332949, 0.054666849523583846, 0.5142448889498569, -18.316515040647474], [-0.40942912378370133, -0.5358369088276504, 0.7384082419793744, -1.6997440126307883], [0.3159178381951555, -0.8425499314325083, -0.4362402623031386, 59.10752227532301], [0.0, 0.0, 0.0, 1.0]]}, {"class": "Milk", "pose": [[0.8787756020178313, 0.05991940142913339, 0.47345866953121124, -18.825303489688107], [-0.3512060613853586, -0.5905151613061497, 0.7265991183596948, 9.776526372076798], [0.323121899791636, -0.8047990797591236, -0.4978862450349944, 42.550066150467295], [0.0, 0.0, 0.0, 1.0]]}, {"class": "ChocolatePudding", "pose": [[0.9827867247694727, 0.09894741025559788, -0.15601175835267939, -10.082212454791629], [0.18296639524821012, -0.6381685035831726, 0.7478398166262744, -11.025453944527886], [-0.025564975542956222, -0.7635119017451977, -0.6452875652141873, 67.33451372800891], [0.0, 0.0, 0.0, 1.0]]}, {"class": "Yogurt", "pose": [[0.9903107965879506, 0.08404052751371872, 0.11055189288404658, 9.34950019803571], [-0.04595300456923154, -0.5529199085379763, 0.8319663624214295, 23.246124250799866], [0.13104523223064124, -0.8289854096243774, -0.5437006268532847, 43.88149146273516], [0.0, 0.0, 0.0, 1.0]]}]}