{"camera": {"camera": "RealSense D415", "extrinsics": [[-0.834719, -0.5496971, 0.032821987, 0.6320941], [-0.43308237, 0.61848885, -0.6556761, 0.040436], [0.3401232, -0.56152, -0.75432855, 0.10292401], [0.0, 0.0, 0.0, 1.0]], "height": 480, "intrinsics": [[607.7151, 0.0, 326.28275], [0.0, 609.8564, 245.73769], [0.0, 0.0, 1.0]], "width": 640}, "objects": [{"class": "Cookies", "pose": [[-0.9959369323907582, 0.07213205716312594, 0.05391325323163505, -6.486181305082672], [-0.0880521730152623, -0.654484359198478, -0.7509307539626945, -5.246253498154943], [-0.018880853697645937, -0.7526268576057161, 0.6581765637225057, 57.65651255705965], [0.0, 0.0, 0.0, 1.0]]}, {"class": "Mustard", "pose": [[0.7024278279819038, 0.06178664842956231, -0.7090681225361789, 3.433291406664385], [0.5546685434844656, -0.6718082247711552, 0.49093428771453945, 1.6125005483524628], [-0.4460245952379785, -0.7381436949983675, -0.5061679646484211, 53.478483210642324], [0.0, 0.0, 0.0, 1.0]]}, {"class": "AlphabetSoup", "pose": [[0.8972191801135163, 0.05130332732081349, -0.438595208919065, 10.858990935763146], [0.35342773798557064, -0.6788873882503125, 0.6435842656188889, 2.8461637473785117], [-0.26473870507665537, -0.7324478668545669, -0.6272428579377383, 58.289911287831295], [0.0, 0.0, 0.0, 1.0]]}, {"class": "GranolaBars", "pose": [[0.8995831695569821, 0.0663092170049489, -0.43168652357297405, 11.008365671334264], [0.363413821179257, -0.6618599921408858, 0.6556460205280666, -5.920346359213256], [-0.2422406276602582, -0.7466889813341547, -0.6194958481897177, 62.75076357831073], [0.0, 0.0, 0.0, 1.0]]}, {"class": "Milk", "pose": [[-0.4239848175385434, -0.9018818605113569, -0.08274073979544001, -11.052086453374145], [0.6466806405619551, -0.3654354348824952, 0.6695230025247474, 5.566286002061061], [-0.6340671019715082, 0.2303607158283436, 0.738168621156357, 54.188755667054764], [0.0, 0.0, 0.0, 1.0]]}]}