{"camera": {"camera": "RealSense D415", "extrinsics": [[-0.98324233, 0.1811742, -0.02025911, 0.774895], [0.16224422, 0.8189572, -0.5504415, -0.28353488], [-0.08313446, -0.54450434, -0.83462787, 0.33057818], [0.0, 0.0, 0.0, 1.0]], "height": 480, "intrinsics": [[603.0301, 0.0, 326.28275], [0.0, 603.81976, 245.73769], [0.0, 0.0, 1.0]], "width": 640}, "objects": [{"class": "MacaroniAndCheese", "pose": [[0.7072206493551626, 0.008883732394732826, 0.7069370902544795, 29.15377632896271], [-0.5744352211368879, -0.5756878914177695, 0.5819000113736871, 23.631560634788844], [0.41214457344404865, -0.8176212635214306, -0.4020352311224947, 32.55089856260248], [0.0, 0.0, 0.0, 1.0]]}, {"class": "OrangeJuice", "pose": [[-0.7147606944219901, -0.015123360035034755, 0.6992055855352651, 39.57177763781799], [-0.5635857899559656, -0.5795274859533286, -0.5886585981947798, 10.500399069320821], [0.4141113464217519, -0.8148123567189596, 0.40570016409699966, 39.529361558217296], [0.0, 0.0, 0.0, 1.0]]}, {"class": "TomatoSauce", "pose": [[-0.08397555680160054, -0.06646917022476077, -0.9942484460247178, 37.003131375830755], [0.8610963921572538, -0.5069562606824525, -0.038837456314110994, 0.22716175922248838], [-0.5014589833897015, -0.85940514338267, 0.09980828898773061, 53.04973499172498], [0.0, 0.0, 0.0, 1.0]]}, {"class": "Mushrooms", "pose": [[0.31980689160530473, 0.03568102597227676, -0.9468106640825223, 17.224623397626935], [0.8039454944958654, -0.5390282112502066, 0.25123738615206176, 8.200280101288138], [-0.5013932500633231, -0.841531610758429, -0.201070544662157, 50.93415945086086], [0.0, 0.0, 0.0, 1.0]]}, {"class": "Pineapple", "pose": [[0.7584602176827465, -0.051202459266422064, 0.6497048741627076, 8.023787432846996], [-0.549547537636234, -0.5861423165793695, 0.5953441722543706, 26.3375823113238], [0.3503364413822459, -0.8085885805770746, -0.47270381027177116, 37.17988752395181], [0.0, 0.0, 0.0, 1.0]]}, {"class": "Cherries", "pose": [[0.9521081457306225, 0.029711131859194998, 0.3043145488308262, -6.202188193523817], [-0.23291646056130952, -0.5743192818850752, 0.7847976042897444, 24.36238583932701], [0.19809094610444913, -0.8180920550924013, -0.539893853930205, 38.09688036962086], [0.0, 0.0, 0.0, 1.0]]}, {"class": "PeasAndCarrots", "pose": [[0.717347823510301, -0.03474772536650405, 0.6958481966923237, 4.037081206099391], [-0.594568344275466, -0.5511591478956567, 0.5854161532796871, 12.521508028763362], [0.3631812263163346, -0.83367630981707, -0.41603270826538746, 41.840539999345296], [0.0, 0.0, 0.0, 1.0]]}, {"class": "BBQSauce", "pose": [[0.978353441128836, 0.03817289511636089, 0.2033897526004521, 25.466451995313143], [-0.1415318358936627, -0.5936064895659697, 0.7922121368787901, -4.659920083262653], [0.15097451571167375, -0.8038495908937664, -0.575354271619694, 52.52086197315743], [0.0, 0.0, 0.0, 1.0]]}, {"class": "Raisins", "pose": [[0.013321025129560042, -0.09675125735616234, -0.9952194540113086, 27.875138243267273], [-0.5475003371158383, -0.8335530825131203, 0.07370640633783267, -15.517527646824862], [-0.8366994270228308, 0.5439011425544441, -0.06407513552940067, 63.385472830267744], [0.0, 0.0, 0.0, 1.0]]}, {"class": "Ketchup", "pose": [[0.9087921463187015, -0.024013405836901036, 0.41655756898972407, 15.48867010146009], [-0.337306712613583, -0.6299313730796288, 0.6995789031125446, -2.880699051680619], [0.24560341704793345, -0.7762794731047582, -0.5805765653348857, 51.54505249183331], [0.0, 0.0, 0.0, 1.0]]}, {"class": "AlphabetSoup", "pose": [[0.9972530361078082, -0.020550286452977164, -0.07116238369762458, 12.676581464347258], [0.04860469985015925, -0.5434079786287438, 0.8380604672453046, -11.327352693517312], [-0.05589258191892993, -0.839217167844293, -0.5409164182452901, 61.4523323000284], [0.0, 0.0, 0.0, 1.0]]}, {"class": "Mayo", "pose": [[-0.3651625618573149, 0.926666253005754, -0.08914020479641466, 8.954437263143156], [0.7909200995483393, 0.2583086693650199, -0.554726979969099, -18.07661804384387], [-0.49102108877178013, -0.2730682977292295, -0.8272436172023999, 67.86301241832588], [0.0, 0.0, 0.0, 1.0]]}, {"class": "SaladDressing", "pose": [[0.9343949957268948, -0.03471046712076244, -0.35454363988917253, 8.037930953771522], [0.2601500740167694, -0.6134226865645822, 0.7456772367729081, -4.60121686522037], [-0.2433679102550937, -0.7889916287548793, -0.5641491620646671, 52.66896312412668], [0.0, 0.0, 0.0, 1.0]]}, {"class": "Mustard", "pose": [[0.28964223453465676, 0.0069735415155609045, 0.9571095876886674, -0.7470051141037048], [-0.8347077861961817, -0.48749227664391054, 0.2561526629186709, -6.720197486061466], [0.468369827236922, -0.8730994507972254, -0.13537747595931252, 52.844936250793076], [0.0, 0.0, 0.0, 1.0]]}, {"class": "Cookies", "pose": [[0.21949676030402285, -0.9756123338598797, 0.0013279267994047589, 3.229135033173136], [0.8242994644363258, 0.18618159921597183, 0.5346651287373135, 13.927347259991969], [-0.5218731295397933, -0.11626266232559457, 0.8450629781612614, 46.45632058139007], [0.0, 0.0, 0.0, 1.0]]}, {"class": "Parmesan", "pose": [[0.6281301480625614, -0.030442646673066273, 0.7775125590699559, -7.252532754059415], [-0.6341351483253523, -0.5990868754429521, 0.488843046564747, 2.5575819046561032], [0.450915899588436, -0.8001050933062692, -0.39560927467539514, 50.439900424403596], [0.0, 0.0, 0.0, 1.0]]}, {"class": "CreamCheese", "pose": [[0.8598964529009449, -0.005930256096704393, 0.5104340696936974, -10.997508985513937], [-0.44249688254958036, -0.5072042395251102, 0.7395541651467985, -4.827303272897895], [0.2545085862813353, -0.8618054840243602, -0.4387672438321825, 57.63945126937454], [0.0, 0.0, 0.0, 1.0]]}, {"class": "Milk", "pose": [[0.8847506105911302, -0.00018165744176416588, 0.4660647392930133, -12.077586345411484], [-0.3851803862773902, -0.563291450455554, 0.7309848197570165, 7.231971133539522], [0.2623975018731161, -0.8262582578661788, -0.49844242331905236, 41.5298173761253], [0.0, 0.0, 0.0, 1.0]]}, {"class": "ChocolatePudding", "pose": [[0.9847139759772077, 0.039667602624965465, -0.16960213433272223, -2.5956503206891246], [0.15798978182852155, -0.6133676644047502, 0.7738341759994558, -14.64792577903476], [-0.07333231104183445, -0.7888007279380631, -0.6102587900285577, 65.08392082057895], [0.0, 0.0, 0.0, 1.0]]}, {"class": "Yogurt", "pose": [[0.9942638832198404, 0.023642613441586427, 0.10430903368032249, 16.49434490694305], [-0.07639967955023737, -0.5255146730664296, 0.8473472795736251, 19.90526058313683], [0.07484943984108626, -0.8504559692014503, -0.5206939723585929, 41.76384483021476], [0.0, 0.0, 0.0, 1.0]]}]}