{"camera": {"camera": "RealSense D415", "extrinsics": [[-0.9939543, 0.10939869, -0.009315768, 0.7979656], [0.09735231, 0.8389054, -0.5355, -0.28786838], [-0.05076795, -0.53316945, -0.84448385, 0.30958325], [0.0, 0.0, 0.0, 1.0]], "height": 480, "intrinsics": [[603.0301, 0.0, 326.28275], [0.0, 603.81976, 245.73769], [0.0, 0.0, 1.0]], "width": 640}, "objects": [{"class": "MacaroniAndCheese", "pose": [[0.7562506185851139, 0.021953019101182355, 0.6539136710598499, 28.11615145645292], [-0.5329745692398649, -0.559034507728659, 0.6351524131715148, 19.83761167657833], [0.3795038092434849, -0.8288537467421143, -0.41106977076417706, 32.91863767246782], [0.0, 0.0, 0.0, 1.0]]}, {"class": "OrangeJuice", "pose": [[-0.6625624679128839, -0.0016472987111838023, 0.7490048630530627, 39.595087626389756], [-0.6176241455590961, -0.5645264679494278, -0.5475859220728568, 7.312210986468876], [0.4237350865874523, -0.8254133529918752, 0.3730166273134509, 39.32250135859823], [0.0, 0.0, 0.0, 1.0]]}, {"class": "TomatoSauce", "pose": [[-0.15651356916055062, -0.0590591107180751, -0.9859084878764428, 38.13392263911079], [0.8623748900853123, -0.49477680322543766, -0.10726380650437672, -3.351127409480098], [-0.4814697246024527, -0.8670109481082732, 0.1283703677119634, 52.70517918734119], [0.0, 0.0, 0.0, 1.0]]}, {"class": "Mushrooms", "pose": [[0.24998645023401214, 0.04550133949659685, -0.9671796240411635, 17.81288535398142], [0.8324611024152027, -0.5202359778927635, 0.19069111284238416, 3.313224412779836], [-0.49448491390243, -0.8528095935460805, -0.16793003969970352, 51.334955031401094], [0.0, 0.0, 0.0, 1.0]]}, {"class": "Pineapple", "pose": [[0.8037899989449165, -0.03699712923626089, 0.5937616292599243, 7.005755339925557], [-0.5035993301020354, -0.573658437401892, 0.6459905356611988, 21.035904403613042], [0.31671656425889166, -0.8182586756904416, -0.479732622130533, 38.223521836765194], [0.0, 0.0, 0.0, 1.0]]}, {"class": "Cherries", "pose": [[0.9711518273146259, 0.0426187383445175, 0.234622662593317, -7.022194106523827], [-0.1720054589809545, -0.5562629108377973, 0.8130103051944991, 18.094242582308723], [0.16516135805744211, -0.829912806345081, -0.5328850634273036, 39.52118189356025], [0.0, 0.0, 0.0, 1.0]]}, {"class": "PeasAndCarrots", "pose": [[0.7661802512681647, -0.02368826452405355, 0.6421889994756106, 4.0928744620514435], [-0.5515010650995407, -0.5372053988821998, 0.6381669020337334, 6.902037523824323], [0.3298703213654962, -0.8431187784518691, -0.4246602496807575, 42.72333976859414], [0.0, 0.0, 0.0, 1.0]]}, {"class": "BBQSauce", "pose": [[0.9897924383753902, 0.05278035922795291, 0.13238272157523126, 26.937202533059235], [-0.07823498572552046, -0.5751910786501532, 0.8142693475105435, -8.991209384790592], [0.119122790672261, -0.816314587848699, -0.5651904860865352, 52.4202500744984], [0.0, 0.0, 0.0, 1.0]]}, {"class": "Raisins", "pose": [[0.023914334431027317, -0.02425046033305194, -0.9994198527842786, 30.39695007951662], [-0.5302750240685079, -0.8477890790712469, 0.007882671001112253, -19.85580984561511], [-0.847488378448038, 0.5297788552929715, -0.03313372956448297, 62.99000839873411], [0.0, 0.0, 0.0, 1.0]]}, {"class": "Ketchup", "pose": [[0.936364128600752, -0.00597107663891589, 0.3509794684458336, 16.837804768189002], [-0.279902956771568, -0.6160964326820138, 0.7362605385816033, -7.868450734533516], [0.21184092721108563, -0.7876481346410312, -0.5785618970427627, 51.77562521874781], [0.0, 0.0, 0.0, 1.0]]}, {"class": "AlphabetSoup", "pose": [[0.9896093636125072, -0.010215719099323284, -0.14341885821162328, 14.900883052037983], [0.11642136004477897, -0.5284206928945461, 0.8409623644917849, -16.661146740159282], [-0.08437651892473595, -0.8489212324579662, -0.5217407165355794, 61.59116546084801], [0.0, 0.0, 0.0, 1.0]]}, {"class": "Mayo", "pose": [[-0.4319516921233168, 0.8985609303131313, -0.07749846800805878, 11.83557624637006], [0.7733088033660811, 0.3247768209120935, -0.5445305973774064, -23.758913551399463], [-0.4641241966856294, -0.29514114467802455, -0.8351529595971824, 67.97312157962723], [0.0, 0.0, 0.0, 1.0]]}, {"class": "SaladDressing", "pose": [[0.9070622566187496, -0.0181298921703357, -0.4206059818697149, 9.556279462872652], [0.3265997407227379, -0.6001175472456326, 0.7301996980916715, -10.105034950801286], [-0.2656514568489571, -0.7997063761777868, -0.5384227396103248, 53.084804959635846], [0.0, 0.0, 0.0, 1.0]]}, {"class": "Mustard", "pose": [[0.3588499583015072, 0.012468306931860565, 0.9333119902295552, 0.94143173312351], [-0.8216529978715115, -0.4701850287145607, 0.3221993949511508, -12.811661223591289], [0.44284658811731653, -0.882479816167562, -0.15848124369964672, 53.47815099192239], [0.0, 0.0, 0.0, 1.0]]}, {"class": "Cookies", "pose": [[0.14796047837458334, -0.988959350470186, -0.00819282086612666, 3.335901857137513], [0.8464008570012899, 0.12233819388249773, 0.5183039801414717, 8.167457605915567], [-0.5115792500749606, -0.08362291749334196, 0.8551572426855252, 47.38813307984419], [0.0, 0.0, 0.0, 1.0]]}, {"class": "Parmesan", "pose": [[0.6825413797567419, -0.015170237050770507, 0.7306895039512882, -6.238113162545478], [-0.5985339562442835, -0.5853305832681346, 0.5469417443923923, -3.9497805768236747], [0.41939766451030963, -0.8106528376216782, -0.4085922258365758, 51.452197388440524], [0.0, 0.0, 0.0, 1.0]]}, {"class": "CreamCheese", "pose": [[0.8948743810774726, 0.001259242456920185, 0.44631634381528007, -9.259566672506326], [-0.3882803988663721, -0.49091800439436545, 0.7798960860672833, -11.697314468370132], [0.22008680241670858, -0.871204897886524, -0.43882098452032775, 58.61051073708061], [0.0, 0.0, 0.0, 1.0]]}, {"class": "Milk", "pose": [[0.9160908955408704, 0.011820794528842278, 0.40079641001489286, -11.635996798144099], [-0.3295757820768768, -0.5471215205628835, 0.7694399949643992, 0.5493040607941868], [0.22837972918419647, -0.8369697482943396, -0.4973171733338105, 42.78376453731293], [0.0, 0.0, 0.0, 1.0]]}, {"class": "ChocolatePudding", "pose": [[0.9692874702436829, 0.05605009499983671, -0.2394581575893862, 0.0027355157530162266], [0.22501342271507352, -0.5950741334636241, 0.7715282208228066, -21.06384874574305], [-0.0992511153887121, -0.8017139221277527, -0.5894099034759258, 65.60577913830659], [0.0, 0.0, 0.0, 1.0]]}, {"class": "Yogurt", "pose": [[0.9989783417983087, 0.032320902227949165, 0.0315856653256652, 16.02288933042628], [-0.010826837586329721, -0.507402974801952, 0.8616409118626214, 15.105406493860313], [0.043875676470438635, -0.8611025650481567, -0.5065346272828879, 42.42569530082355], [0.0, 0.0, 0.0, 1.0]]}]}