{"camera": {"camera": "RealSense D415", "extrinsics": [[-0.9956591, 0.09296586, -0.004509192, 0.79954505], [0.08132731, 0.84540594, -0.52789646, -0.29064462], [-0.04526425, -0.52597165, -0.84929675, 0.30820063], [0.0, 0.0, 0.0, 1.0]], "height": 480, "intrinsics": [[603.0301, 0.0, 326.28275], [0.0, 603.81976, 245.73769], [0.0, 0.0, 1.0]], "width": 640}, "objects": [{"class": "MacaroniAndCheese", "pose": [[0.766763769487046, 0.027218737749539673, 0.6413520907803079, 27.487591465586647], [-0.5237929717013912, -0.5510505118006043, 0.6496032105340492, 18.677261492289908], [0.3710987671801329, -0.8340278724034345, -0.408268567081416, 33.464955283545045], [0.0, 0.0, 0.0, 1.0]]}, {"class": "OrangeJuice", "pose": [[-0.6502286168442136, 0.0037291462689549803, 0.7597294791805161, 39.202484645756165], [-0.6323362849622792, -0.5569637285046618, -0.5384629074930912, 6.286178886413668], [0.4211337385053966, -0.83052845671245, 0.3645118196964668, 39.70061601624641], [0.0, 0.0, 0.0, 1.0]]}, {"class": "TomatoSauce", "pose": [[-0.17304729730576462, -0.05502602357951744, -0.983375214175716, 37.98184174764664], [0.8639964001495384, -0.48780030139253583, -0.12474438418470124, -4.520892466888343], [-0.47282652425729227, -0.8712192712082196, 0.131954800023786, 52.991782214983644], [0.0, 0.0, 0.0, 1.0]]}, {"class": "Mushrooms", "pose": [[0.2338245649541017, 0.050007684935226004, -0.9709919394631338, 17.547118715393083], [0.84094111121624, -0.5116513849331337, 0.17615613148008002, 1.8180150463196099], [-0.48800019314850523, -0.8577366189472697, -0.16169017848667838, 51.77687043352455], [0.0, 0.0, 0.0, 1.0]]}, {"class": "Pineapple", "pose": [[0.8135099881473087, -0.03143027840296871, 0.5807010237764452, 6.385922475857475], [-0.49306562703824786, -0.5667446771787084, 0.6600657794633857, 19.47744084528195], [0.30836315613545734, -0.8232937679778146, -0.47654962528806805, 38.87843962291125], [0.0, 0.0, 0.0, 1.0]]}, {"class": "Cherries", "pose": [[0.9746415063469109, 0.047830524430022524, 0.21860058844730212, -7.585123837629526], [-0.15738287712190785, -0.5479274015388834, 0.8215876505445434, 16.292108539487728], [0.15907421838207442, -0.835157363243265, -0.5265050631112816, 40.21417498587668], [0.0, 0.0, 0.0, 1.0]]}, {"class": "PeasAndCarrots", "pose": [[0.7767603990440516, -0.018844841398202628, 0.629514254533238, 3.7285910753914298], [-0.5417012989701475, -0.5298520702084002, 0.6525462139079158, 5.257005324316949], [0.3212522939022387, -0.8478806951187956, -0.4217763629253613, 43.26218670762725], [0.0, 0.0, 0.0, 1.0]]}, {"class": "BBQSauce", "pose": [[0.991509279807495, 0.058368559538593094, 0.11620026481876185, 26.878619445358463], [-0.06290256310798073, -0.5668072119398929, 0.8214456323719795, -10.342894948230224], [0.11380974558491018, -0.8217802106576301, -0.558323057912289, 52.707185757249356], [0.0, 0.0, 0.0, 1.0]]}, {"class": "Raisins", "pose": [[0.028615258141422146, -0.0076996638116636216, -0.9995608657853812, 30.568015721914527], [-0.5220945842645667, -0.8528464968194772, -0.008376923061615913, -21.2441378924567], [-0.8524074310946562, 0.5221050047116822, -0.028424378352903377, 63.16091472239871], [0.0, 0.0, 0.0, 1.0]]}, {"class": "Ketchup", "pose": [[0.9418655607808558, 0.0004390825899807827, 0.3359897540883904, 16.75907532714972], [-0.2662610430508074, -0.6089387888396208, 0.7471938726298936, -9.381818909234049], [0.20492527022915466, -0.793217108335201, -0.5734215399520464, 52.11971225377688], [0.0, 0.0, 0.0, 1.0]]}, {"class": "AlphabetSoup", "pose": [[0.9871348937972902, -0.005547249255001024, -0.15979352835596716, 15.014749994404653], [0.13356244771389572, -0.5207930646816243, 0.8431700488251584, -18.29409812816638], [-0.08789662818273922, -0.8536649393226421, -0.5133520857467134, 61.86325424199467], [0.0, 0.0, 0.0, 1.0]]}, {"class": "Mayo", "pose": [[-0.4468897250473867, 0.891647420873134, -0.07248787987169175, 12.097753790507204], [0.7702252437322672, 0.34228455362699234, -0.5381397896100658, -25.499291871117958], [-0.4550194607654227, -0.29632112173183517, -0.8397327509127274, 68.19413742944202], [0.0, 0.0, 0.0, 1.0]]}, {"class": "SaladDressing", "pose": [[0.9002585890663671, -0.012039738372408992, -0.43518910802442157, 9.521858014370387], [0.34398043013387547, -0.5930547977953258, 0.7279859513702757, -11.750526246866928], [-0.2668557345918648, -0.8050720917212033, -0.5297612234414755, 53.442128129105136], [0.0, 0.0, 0.0, 1.0]]}, {"class": "Mustard", "pose": [[0.3744958246560071, 0.016010336480205997, 0.927090388620194, 0.954897409226596], [-0.8195789333648268, -0.4618874621434146, 0.33904338836631925, -14.602973113386088], [0.433639613815028, -0.8867940319392528, -0.1598531828347608, 53.85064113766389], [0.0, 0.0, 0.0, 1.0]]}, {"class": "Cookies", "pose": [[0.1315014692133024, -0.9912351344533968, -0.012661518504193482, 2.9731583321442434], [0.8533430715851957, 0.10668960043458126, 0.5103165745224013, 6.467332234844708], [-0.5044928486254738, -0.07791200001282175, 0.8598934211603679, 47.94182575306182], [0.0, 0.0, 0.0, 1.0]]}, {"class": "Parmesan", "pose": [[0.6943398907426171, -0.009377305087889407, 0.7195861480766238, -6.379733828011702], [-0.5909238806889082, -0.5781221137599137, 0.5626578567024153, -5.843245215960777], [0.410732438811728, -0.8158963831593304, -0.4069545004916631, 51.939192496669136], [0.0, 0.0, 0.0, 1.0]]}, {"class": "CreamCheese", "pose": [[0.9022124324354235, 0.005199548514812177, 0.4312606331270379, -9.238427575056951], [-0.37538138585200687, -0.48290475696899254, 0.7911332920236462, -13.704407721125769], [0.21237134439036384, -0.875657453078087, -0.4337308459929436, 59.040242381205374], [0.0, 0.0, 0.0, 1.0]]}, {"class": "Milk", "pose": [[0.9224953991964921, 0.016852277907977383, 0.38564009311993297, -11.892680769583263], [-0.3164109642218741, -0.5392338856323972, 0.7804556317956814, -1.355745674246317], [0.22110265721002487, -0.8419874315643281, -0.4921085143314408, 43.33742505161729], [0.0, 0.0, 0.0, 1.0]]}, {"class": "ChocolatePudding", "pose": [[0.9649502388605059, 0.06203631026887817, -0.2549952449796055, 0.2107901508744514], [0.2419333956612745, -0.586765022319539, 0.7727710628263595, -22.979279753480668], [-0.1016824182670715, -0.8073774364824002, -0.5812076829237494, 65.90646578466861], [0.0, 0.0, 0.0, 1.0]]}, {"class": "Yogurt", "pose": [[0.9992195166204911, 0.03657741237087069, 0.014916190528954196, 15.519850141198754], [0.00532850067772719, -0.49896380539251234, 0.8666064867541526, 13.659272906902576], [0.03914086439242089, -0.8658505812276409, -0.49876925881362794, 42.98429672525946], [0.0, 0.0, 0.0, 1.0]]}]}