{"camera": {"camera": "RealSense D415", "extrinsics": [[-0.9975153, 0.07044493, 0.0008640055, 0.80398375], [0.059456084, 0.84836316, -0.5260655, -0.29110783], [-0.03779164, -0.5247071, -0.8504436, 0.30794314], [0.0, 0.0, 0.0, 1.0]], "height": 480, "intrinsics": [[603.0301, 0.0, 326.28275], [0.0, 603.81976, 245.73769], [0.0, 0.0, 1.0]], "width": 640}, "objects": [{"class": "MacaroniAndCheese", "pose": [[0.7808278915751674, 0.033205855182363596, 0.6238631245282393, 26.91350088527412], [-0.5075496844333636, -0.5485468735118186, 0.6644469133087917, 17.457098720816056], [0.36428172740290987, -0.8354601799428691, -0.4114671162277776, 33.93200851986954], [0.0, 0.0, 0.0, 1.0]]}, {"class": "OrangeJuice", "pose": [[-0.633022826569729, 0.009878625988555066, 0.774070111176306, 38.94410101935904], [-0.6474071670352042, -0.5549838403222185, -0.5223571118174146, 5.31406316775897], [0.42443627023083275, -0.8318024784097949, 0.35771296642766964, 40.05348427061936], [0.0, 0.0, 0.0, 1.0]]}, {"class": "TomatoSauce", "pose": [[-0.19551449014839634, -0.050683867900640486, -0.9793902454603569, 38.05973445353763], [0.8609726547087367, -0.48704622849648016, -0.14667008680957294, -5.545447847432109], [-0.46957457103233435, -0.8719043164207557, 0.13886202567037667, 53.32852850688978], [0.0, 0.0, 0.0, 1.0]]}, {"class": "Mushrooms", "pose": [[0.21164367802005934, 0.05494618140764917, -0.975801154912777, 17.481949276035913], [0.8469238505213125, -0.5086047996591926, 0.15505226343192866, 0.34403976269383185], [-0.4877776722186531, -0.8592450707353044, -0.1541782339652908, 52.27764892346944], [0.0, 0.0, 0.0, 1.0]]}, {"class": "Pineapple", "pose": [[0.8264225679512232, -0.025002580781752447, 0.5624950074102065, 5.839774448260737], [-0.47566642244682705, -0.5655527486284279, 0.6737147751749589, 17.780459766685674], [0.3012760206130131, -0.8243330470788882, -0.4792784825379132, 39.50157039009975], [0.0, 0.0, 0.0, 1.0]]}, {"class": "Cherries", "pose": [[0.9790169539118044, 0.0537349697118547, 0.1965664778378241, -8.047501408415913], [-0.13619761866504174, -0.544967789544179, 0.8273212025826975, 14.285113181989983], [0.15157848951802652, -0.8367333355913984, -0.5262141803031793, 40.932229283269365], [0.0, 0.0, 0.0, 1.0]]}, {"class": "PeasAndCarrots", "pose": [[0.790849120524329, -0.013414270272294346, 0.6118641590624588, 3.528680758622982], [-0.5251275674445188, -0.5283396332982755, 0.6671568968463315, 3.4956406098422876], [0.3143226966072199, -0.848927149508089, -0.42488117650969265, 43.87217977878495], [0.0, 0.0, 0.0, 1.0]]}, {"class": "BBQSauce", "pose": [[0.9934656641668927, 0.0647845588982356, 0.09396253655606901, 27.08565104077607], [-0.04127267757253786, -0.5636390462886319, 0.8249894828410947, -11.61016686338066], [0.10640753930213799, -0.8234767745517014, -0.5572822572810086, 53.11190057609977], [0.0, 0.0, 0.0, 1.0]]}, {"class": "Raisins", "pose": [[0.03382881009983108, 0.014933674428155318, -0.9993160762249117, 31.091172972963438], [-0.5195282904513708, -0.8539141746759857, -0.03034786519154542, -22.449577967322572], [-0.85378333495229, 0.5201996569825433, -0.021128434859491035, 63.51344700040509], [0.0, 0.0, 0.0, 1.0]]}, {"class": "Ketchup", "pose": [[0.9489858220215054, 0.008009126575878404, 0.3152170470008085, 16.94334010023939], [-0.24586878767116913, -0.6070977944425922, 0.7556327563344698, -10.871145394530487], [0.19741954984954155, -0.7945867676919383, -0.5741580504292387, 52.60068684517458], [0.0, 0.0, 0.0, 1.0]]}, {"class": "AlphabetSoup", "pose": [[0.9832792076254613, -0.0003624125115704039, -0.18210406841931684, 15.467564578227577], [0.15547543879131664, -0.518977465958551, 0.8405294955999265, -19.840349861318323], [-0.09481253326853491, -0.8547878538294349, -0.5102434569962591, 62.33636728681873], [0.0, 0.0, 0.0, 1.0]]}, {"class": "Mayo", "pose": [[-0.46708640256023054, 0.8816847735304199, -0.06680026866865652, 12.756695458847311], [0.7611504403923767, 0.36248348875558245, -0.537825048397386, -27.121500213431432], [-0.44997820921389453, -0.30205584070177677, -0.840405828904834, 68.67196593279054], [0.0, 0.0, 0.0, 1.0]]}, {"class": "SaladDressing", "pose": [[0.8904733046238114, -0.0049035244355891535, -0.4550090904879912, 9.769990971326436], [0.3643062848131795, -0.5914676307167938, 0.7193379093815783, -13.401605583041645], [-0.2726504595563386, -0.8063138396816805, -0.5248997959307327, 53.97061595207595], [0.0, 0.0, 0.0, 1.0]]}, {"class": "Mustard", "pose": [[0.3956416513708201, 0.01964782980334064, 0.9181947885448057, 1.2711807275039066], [-0.8120424668136434, -0.4595408674795048, 0.3597350113916849, -16.443060242294774], [0.42901609253146794, -0.8879392861093993, -0.16585865506262765, 54.43529533489071], [0.0, 0.0, 0.0, 1.0]]}, {"class": "Cookies", "pose": [[0.10895352603514095, -0.993891659161701, -0.017564801153456662, 2.7812621892792766], [0.8571022387097067, 0.08497890015436789, 0.5080889628214139, 4.67909576559718], [-0.503492796771782, -0.07041292221309517, 0.8611254849967933, 48.5599715535959], [0.0, 0.0, 0.0, 1.0]]}, {"class": "Parmesan", "pose": [[0.7101941675595107, -0.002650459509361977, 0.7040008825669846, -6.268500119804676], [-0.5763446080202823, -0.5764569683513929, 0.5792446043414184, -7.843104284025842], [0.40429098708619465, -0.817123216272359, -0.41092398824625465, 52.59756499165884], [0.0, 0.0, 0.0, 1.0]]}, {"class": "CreamCheese", "pose": [[0.9118018077832385, 0.009384933001338658, 0.41052333622101234, -8.9009606213734], [-0.35585223142241373, -0.4808149244400455, 0.8013652432199575, -15.780410480242606], [0.20490653011164447, -0.8767718924772893, -0.4350683157919243, 59.70138405642595], [0.0, 0.0, 0.0, 1.0]]}, {"class": "Milk", "pose": [[0.9308446888849721, 0.022523279903030168, 0.36472029044639076, -11.942165221552138], [-0.2964676893222378, -0.5369447746194658, 0.7898083776526824, -3.459987154709787], [0.2136237498157272, -0.8433166816438746, -0.49313481412535964, 44.04663200112522], [0.0, 0.0, 0.0, 1.0]]}, {"class": "ChocolatePudding", "pose": [[0.9586119289080814, 0.0689970166067727, -0.27622926108712953, 0.8005798667909625], [0.263360027465197, -0.5835416547642911, 0.7681931321627792, -24.85927891029114], [-0.10818825938952502, -0.8091468093350901, -0.5775610949499018, 66.47709474692152], [0.0, 0.0, 0.0, 1.0]]}, {"class": "Yogurt", "pose": [[0.9991209031755558, 0.04118029828829221, -0.00785029278423396, 15.129637150206388], [0.027269942188199656, -0.49619916904393985, 0.867780381264023, 12.15635104619438], [0.031840147122029115, -0.8672315640646984, -0.4968859992470764, 43.52719179641748], [0.0, 0.0, 0.0, 1.0]]}]}