{"camera": {"camera": "RealSense D415", "extrinsics": [[-0.99882454, 0.048079874, 0.0061572962, 0.8072993], [0.037608583, 0.8488238, -0.5273365, -0.28835842], [-0.03058073, -0.526485, -0.84963423, 0.30698726], [0.0, 0.0, 0.0, 1.0]], "height": 480, "intrinsics": [[603.0301, 0.0, 326.28275], [0.0, 603.81976, 245.73769], [0.0, 0.0, 1.0]], "width": 640}, "objects": [{"class": "MacaroniAndCheese", "pose": [[0.7943569863252941, 0.03909060698889986, 0.6061921855452387, 26.2652148078095], [-0.4897803906387536, -0.5490816958764083, 0.6772182523439169, 16.558824066713605], [0.35932184683100443, -0.8348540491444688, -0.41702098176620345, 34.157609229839295], [0.0, 0.0, 0.0, 1.0]]}, {"class": "OrangeJuice", "pose": [[-0.6156270897173313, 0.015936755579427146, 0.7878764936983754, 38.60236694677862], [-0.6603609025422119, -0.5560201378437851, -0.5047426926804625, 4.691451433104854], [0.43003114877914556, -0.8310160620839286, 0.3528250102450419, 40.20915902682225], [0.0, 0.0, 0.0, 1.0]]}, {"class": "TomatoSauce", "pose": [[-0.2176828979284786, -0.04638524751480194, -0.9749167286784711, 38.05204587045264], [0.8557176129500437, -0.48948731474314366, -0.16777853468528584, -6.162657966090304], [-0.46942682614895176, -0.8707758807079861, 0.14624565868826359, 53.506650899606576], [0.0, 0.0, 0.0, 1.0]]}, {"class": "Mushrooms", "pose": [[0.18954159580491742, 0.05977976835176339, -0.9800512363393107, 17.343455441869903], [0.8505279195070485, -0.5087143154715101, 0.13346199639551032, -0.7254320125707758], [-0.49058766522470854, -0.8588574875519709, -0.14726687007433806, 52.59751365331318], [0.0, 0.0, 0.0, 1.0]]}, {"class": "Pineapple", "pose": [[0.8387845085455968, -0.01865002597662215, 0.5441440873975106, 5.230573528705662], [-0.457014578132, -0.5673353460610999, 0.6850316646645419, 16.431455249712528], [0.2959362652601133, -0.8232756850964649, -0.48439534003647156, 39.880736395749516], [0.0, 0.0, 0.0, 1.0]]}, {"class": "Cherries", "pose": [[0.9828355367260998, 0.05952685672634493, 0.17461650601039078, -8.566278669177773], [-0.11454601301505879, -0.5450575498480031, 0.8305369223367229, 12.636244026255794], [0.1446152836680591, -0.8362827795551118, -0.5288832617557383, 41.41823768795875], [0.0, 0.0, 0.0, 1.0]]}, {"class": "PeasAndCarrots", "pose": [[0.8043955451287693, -0.008056494101216997, 0.5940395298079633, 3.263848454621976], [-0.5072185289889495, -0.5299191810485051, 0.6796433818670502, 2.1068958430811024], [0.3093173430576067, -0.848009916709373, -0.430350943605976, 44.28963881127616], [0.0, 0.0, 0.0, 1.0]]}, {"class": "BBQSauce", "pose": [[0.9948786466268288, 0.07107777340223893, 0.07186439806211693, 27.211722400338733], [-0.019403677667233738, -0.5634611110353587, 0.8259147502934551, -12.46578947849615], [0.09919697176668599, -0.8230793380908421, -0.5591961518255208, 53.37946184388361], [0.0, 0.0, 0.0, 1.0]]}, {"class": "Raisins", "pose": [[0.03894629640954443, 0.03736449522799086, -0.9985425096544532, 31.528627872768983], [-0.5200869740164569, -0.8525176380774431, -0.05218541303634654, -23.197868065195053], [-0.8532249335921835, 0.5213612780899435, -0.01376962676475704, 63.767724043929086], [0.0, 0.0, 0.0, 1.0]]}, {"class": "Ketchup", "pose": [[0.9555410148642394, 0.015476759144051918, 0.2944518669210526, 17.05223808775369], [-0.22477000782921844, -0.6081004500519308, 0.7613753261930699, -11.949147696813212], [0.1908399102006926, -0.7937092617999962, -0.577586104943413, 52.94136665997418], [0.0, 0.0, 0.0, 1.0]]}, {"class": "AlphabetSoup", "pose": [[0.9789331950784306, 0.004744788835561521, -0.20412581817868608, 15.843610774796979], [0.1767399887688703, -0.5202841625220789, 0.8355043193827246, -20.932203175938508], [-0.10223911066720816, -0.8539800580085848, -0.5101619321253191, 62.70107577217867], [0.0, 0.0, 0.0, 1.0]]}, {"class": "Mayo", "pose": [[-0.48686040713305995, 0.8713360797299695, -0.06115916302334084, 13.338593920594445], [0.7500249964619311, 0.38113616356997243, -0.5405532634347464, -28.260224973012075], [-0.44769350674328134, -0.3090448230680518, -0.8390839013894535, 69.06729487671859], [0.0, 0.0, 0.0, 1.0]]}, {"class": "SaladDressing", "pose": [[0.8802966369737024, 0.002140819180191455, -0.47441891922719964, 9.946022106865671], [0.38319928488211924, -0.59277536752236, 0.7083613292897029, -14.63327621723173], [-0.27970731843004154, -0.8053650460306405, -0.5226384322501993, 54.367557956175474], [0.0, 0.0, 0.0, 1.0]]}, {"class": "Mustard", "pose": [[0.4163932049772448, 0.023210423406742082, 0.9088883529833217, 1.5192614613477318], [-0.8024989817527746, -0.4604802797239737, 0.3794119099074281, -17.85871153615232], [0.42733138631890116, -0.8873664622304138, -0.1731144713524914, 54.898993177482616], [0.0, 0.0, 0.0, 1.0]]}, {"class": "Cookies", "pose": [[0.08654194195997278, -0.9959967579108032, -0.022383333255826213, 2.524926687154272], [0.8584365377180602, 0.06315005957033541, 0.5090175653112597, 3.2815599608239596], [-0.5055662334145667, -0.06326603715516922, 0.8604650860958242, 48.98098726454179], [0.0, 0.0, 0.0, 1.0]]}, {"class": "Parmesan", "pose": [[0.7255355773464368, 0.00398678812419395, 0.688173157439101, -6.2195957819074055], [-0.5600337750352339, -0.5777371249157843, 0.593786229566112, -9.428425527690937], [0.3999504135469416, -0.8162132036497065, -0.4169360204008758, 53.10354013634853], [0.0, 0.0, 0.0, 1.0]]}, {"class": "CreamCheese", "pose": [[0.9208229943905146, 0.013496120579493747, 0.38974726532160275, -8.62630197624048], [-0.33552616553850484, -0.481954631614188, 0.80940844226705, -17.409455770360523], [0.19876434057770237, -0.8760922567067332, -0.43926651007039236, 60.23837216978178], [0.0, 0.0, 0.0, 1.0]]}, {"class": "Milk", "pose": [[0.9386275874106124, 0.028100298446308028, 0.3437858177319684, -12.049743963906746], [-0.2757257332120792, -0.5377285988483828, 0.796758040520287, -5.184419807142026], [0.2072525747979496, -0.8426496263036023, -0.49697882223111456, 44.587765337217014], [0.0, 0.0, 0.0, 1.0]]}, {"class": "ChocolatePudding", "pose": [[0.9518192533037424, 0.07582807557162148, -0.297136795247722, 1.3202627276791334], [0.2840381124608961, -0.5832431593533378, 0.7610189674677622, -26.26313680211994], [-0.11559636357018549, -0.8087506378732606, -0.5766800314603839, 66.95656894031109], [0.0, 0.0, 0.0, 1.0]]}, {"class": "Yogurt", "pose": [[0.998492611000876, 0.045688476114789156, -0.030415982996396456, 14.670102149251674], [0.04912180133571781, -0.49662538748471313, 0.8665739288991464, 11.018143129257963], [0.024487101087930105, -0.8667617000833168, -0.49812097864393695, 43.846732603349516], [0.0, 0.0, 0.0, 1.0]]}]}