{"camera": {"camera": "RealSense D415", "extrinsics": [[-0.99957615, 0.026339527, 0.012397247, 0.81000423], [0.015737595, 0.8471897, -0.53105736, -0.28382677], [-0.02449062, -0.5306372, -0.84724516, 0.30555394], [0.0, 0.0, 0.0, 1.0]], "height": 480, "intrinsics": [[603.0301, 0.0, 326.28275], [0.0, 603.81976, 245.73769], [0.0, 0.0, 1.0]], "width": 640}, "objects": [{"class": "MacaroniAndCheese", "pose": [[0.8070333338454071, 0.045886724437659614, 0.5887202760785548, 25.58263211839291], [-0.47070144222465005, -0.5520117526952094, 0.6882755440967866, 15.832710025087804], [0.3565632242971771, -0.8325727889304249, -0.4238929331467417, 34.148765798536], [0.0, 0.0, 0.0, 1.0]]}, {"class": "OrangeJuice", "pose": [[-0.5984395538261131, 0.022913540782095943, 0.800840200632116, 38.21232887810592], [-0.6715664918220003, -0.5594339282492773, -0.48583142592179257, 4.264915582831364], [0.4368850565183523, -0.8285581848977178, 0.3501753591991969, 40.17686557422597], [0.0, 0.0, 0.0, 1.0]]}, {"class": "TomatoSauce", "pose": [[-0.23915337862007877, -0.04108629870808876, -0.9701121246723674, 37.98047964392947], [0.8485707473758778, -0.4944591808512629, -0.1882494424894173, -6.536101701652475], [-0.47194637281196755, -0.8682292601016598, 0.1531162096359767, 53.52685141870449], [0.0, 0.0, 0.0, 1.0]]}, {"class": "Mushrooms", "pose": [[0.1679493026427216, 0.06554365035284886, -0.9836142630744563, 17.153204067965355], [0.8521376908311787, -0.5113170892380549, 0.111428172136846, -1.5547690143022541], [-0.4956353698843215, -0.8568890693708858, -0.14172756779350015, 52.7227722322499], [0.0, 0.0, 0.0, 1.0]]}, {"class": "Pineapple", "pose": [[0.8503451655162623, -0.011370284299915155, 0.5261024358443122, 4.591447598452603], [-0.437275026561938, -0.5714620780790471, 0.6944218400155361, 15.27484417831796], [0.29275182052278714, -0.820549710377912, -0.4909119523291837, 40.004144013756346], [0.0, 0.0, 0.0, 1.0]]}, {"class": "Cherries", "pose": [[0.9859696481774658, 0.0662213126581959, 0.1532271108710482, -9.109757274133113], [-0.0924687656789559, -0.5475509422221535, 0.8316474857012259, 11.18778778925299], [0.13897244151185442, -0.8341478995441778, -0.5337452039565336, 41.64536444697307], [0.0, 0.0, 0.0, 1.0]]}, {"class": "PeasAndCarrots", "pose": [[0.8171406025427328, -0.0017466536608057516, 0.5764357221411164, 2.964299278650273], [-0.4881515366331436, -0.5339408448851695, 0.6903733039984553, 0.931745462998862], [0.306576736185415, -0.8455200402818229, -0.4371573708312115, 44.490493849862766], [0.0, 0.0, 0.0, 1.0]]}, {"class": "BBQSauce", "pose": [[0.9956580755181877, 0.07825139248017134, 0.05041500881281542, 27.279383456377882], [0.0026988532711366984, -0.5656368573915104, 0.8246500525550279, -13.073979891671838], [0.09304660674092245, -0.8209334204309079, -0.5633920914904171, 53.4963245933314], [0.0, 0.0, 0.0, 1.0]]}, {"class": "Raisins", "pose": [[0.044997863624061135, 0.05913178259401316, -0.9972354694051869, 31.892915204527494], [-0.5231135127630853, -0.8490487716551527, -0.0739491956904941, -23.660810386011118], [-0.8510742969994887, 0.5249949034383468, -0.007272751261993884, 63.90610498666107], [0.0, 0.0, 0.0, 1.0]]}, {"class": "Ketchup", "pose": [[0.9613670540146027, 0.02381766443250807, 0.27423723890005125, 17.108550785750197], [-0.20304215368671552, -0.611336366339315, 0.7648802379752223, -12.780426656313773], [0.18586886203565003, -0.7910123798851258, -0.5828826481843271, 53.11956751022555], [0.0, 0.0, 0.0, 1.0]]}, {"class": "AlphabetSoup", "pose": [[0.9742038492595392, 0.010804752160150212, -0.22541090102724418, 16.156007833998597], [0.19750242630189593, -0.5240578651720205, 0.8284661688831585, -21.741761177999937], [-0.10917697874512373, -0.8516141296290272, -0.5126731532746894, 62.92747973433022], [0.0, 0.0, 0.0, 1.0]]}, {"class": "Mayo", "pose": [[-0.5058267120466994, 0.8609086394244222, -0.05454914140180942, 13.850444492969693], [0.7371532836975483, 0.3985384236519056, -0.5456850819242772, -29.092577266390673], [-0.4480450732369366, -0.316233164196632, -0.8362130104050199, 69.34259022461191], [0.0, 0.0, 0.0, 1.0]]}, {"class": "SaladDressing", "pose": [[0.8700029147530102, 0.010079589655957477, -0.4929434927827865, 10.071390911131406], [0.4009334794544655, -0.5963597219014583, 0.695418920201256, -15.611717527352262], [-0.2869621016086404, -0.8026540365317046, -0.5228759417300106, 54.60248389194389], [0.0, 0.0, 0.0, 1.0]]}, {"class": "Mustard", "pose": [[0.43639447167050066, 0.027757671328470176, 0.8993271560789793, 1.7202920148310819], [-0.7912420179919989, -0.46402386798300277, 0.3982687112161487, -19.017091788288504], [0.4283642777881744, -0.8853876964526252, -0.18053440958903733, 55.20141386749388], [0.0, 0.0, 0.0, 1.0]]}, {"class": "Cookies", "pose": [[0.06471146191208978, -0.9975067744445059, -0.028153481450364788, 2.2289241857479047], [0.857734490645709, 0.04118092652448217, 0.5124409451586199, 2.112056848031141], [-0.5100039254249223, -0.05730901946305617, 0.8582608419936706, 49.18098207837572], [0.0, 0.0, 0.0, 1.0]]}, {"class": "Parmesan", "pose": [[0.7400097143211428, 0.011530761406094193, 0.6724973019536918, -6.21120494182067], [-0.542243311575761, -0.5813359458080525, 0.6066471433960093, -10.765585690090532], [0.3979419606760264, -0.8135819425140165, -0.423941764053474, 53.41611851860563], [0.0, 0.0, 0.0, 1.0]]}, {"class": "CreamCheese", "pose": [[0.9291182412158082, 0.018582939005419477, 0.3693154818054941, -8.399524898841426], [-0.3144886362006703, -0.4856512498077734, 0.8156223444024328, -18.763505784578733], [0.19451518931949438, -0.8739551192510081, -0.4453833081956379, 60.602177319237626], [0.0, 0.0, 0.0, 1.0]]}, {"class": "Milk", "pose": [[0.9456686157541876, 0.03460396750235303, 0.3232853097403497, -12.184781817530688], [-0.2542760479332228, -0.5409370015126952, 0.8017049951632115, -6.68934324701243], [0.20261916355905438, -0.840350962916915, -0.5027481817406948, 44.91780921388688], [0.0, 0.0, 0.0, 1.0]]}, {"class": "ChocolatePudding", "pose": [[0.9446783210264976, 0.08351955256029323, -0.31718655552520536, 1.7786923785334974], [0.3041217858231018, -0.5852435117248346, 0.7516648314238731, -27.367207906285834], [-0.12285265800053198, -0.8065448114967159, -0.5782669729720544, 67.29815973911806], [0.0, 0.0, 0.0, 1.0]]}, {"class": "Yogurt", "pose": [[0.9973183837841401, 0.05114401306738182, -0.052347761908340236, 14.170879490052391], [0.07093552774457818, -0.49957462591056073, 0.8633616805705763, 10.086725461245639], [0.018004172410172284, -0.86475979080537, -0.5018628842048479, 43.93551461308063], [0.0, 0.0, 0.0, 1.0]]}]}