{"camera": {"camera": "RealSense D415", "extrinsics": [[-0.9989761, -0.022206279, 0.039415203, 0.8092098], [-0.040140837, 0.8369195, -0.54585207, -0.2710925], [-0.02086601, -0.54687536, -0.836954, 0.31064484], [0.0, 0.0, 0.0, 1.0]], "height": 480, "intrinsics": [[603.0301, 0.0, 326.28275], [0.0, 603.81976, 245.73769], [0.0, 0.0, 1.0]], "width": 640}, "objects": [{"class": "MacaroniAndCheese", "pose": [[0.8329135318124967, 0.07405713314358416, 0.5484255007651836, 23.146528328114048], [-0.41827937543507226, -0.5646310517318712, 0.7115013891960261, 14.02928915005689], [0.3623498233774635, -0.8220142320544973, -0.4393122646915416, 34.02719725260132], [0.0, 0.0, 0.0, 1.0]]}, {"class": "OrangeJuice", "pose": [[-0.5590194750101557, 0.05154254898937098, 0.8275509244381295, 36.4155602021362], [-0.6951081521526442, -0.5732354749302168, -0.43385001373116483, 3.297787585847706], [0.4520198046353203, -0.8177680221487527, 0.35627744284279006, 40.22629113211653], [0.0, 0.0, 0.0, 1.0]]}, {"class": "TomatoSauce", "pose": [[-0.28719844851338155, -0.016075652718041605, -0.9577361666432753, 36.82126962564451], [0.8247254845018054, -0.5126861004289016, -0.23870677611316524, -7.239098096838031], [-0.48718064896612695, -0.8584256611385409, 0.16050064698324817, 53.78163329406876], [0.0, 0.0, 0.0, 1.0]]}, {"class": "Mushrooms", "pose": [[0.11901039207588177, 0.09135712667674148, -0.9886811125528139, 15.74755065454001], [0.8503816523162169, -0.5233881027480276, 0.05400024655340239, -3.4357596339028182], [-0.5125306180046786, -0.847182889417551, -0.1399770538199252, 52.96395044444082], [0.0, 0.0, 0.0, 1.0]]}, {"class": "Pineapple", "pose": [[0.8741223149693542, 0.018001658504697086, 0.4853720831476124, 2.235402051925661], [-0.38374599603319964, -0.5869872601691342, 0.7128709941144249, 12.422774862233165], [0.29774009218703695, -0.8093960587433434, -0.5061905922727442, 39.97449917348713], [0.0, 0.0, 0.0, 1.0]]}, {"class": "Cherries", "pose": [[0.9899733917982592, 0.09410841408392526, 0.10533864564068526, -11.213276283733887], [-0.034996343642842806, -0.5590818589789036, 0.8283735982118166, 7.615466415181027], [0.1368498578555874, -0.8237543091351961, -0.5501827084672282, 41.74748637249468], [0.0, 0.0, 0.0, 1.0]]}, {"class": "PeasAndCarrots", "pose": [[0.8438303937535635, 0.0254579942157642, 0.5360056878836024, 1.4191288202025532], [-0.43610683423982616, -0.5494807831397738, 0.712658252889481, -1.8989265875573647], [0.31266767681105356, -0.8351184591806172, -0.45256617319857984, 44.74125910117018], [0.0, 0.0, 0.0, 1.0]]}, {"class": "BBQSauce", "pose": [[0.9942371798806818, 0.10716080442208299, 0.0029887244570931753, 26.49923458529988], [0.059655211692469706, -0.5762143895167255, 0.8151185928157112, -14.3591495146523], [0.08907091737940202, -0.8102429389977274, -0.579286465914538, 53.918392968369076], [0.0, 0.0, 0.0, 1.0]]}, {"class": "Raisins", "pose": [[0.0715139543084528, 0.10763267042319478, -0.9916152998678951, 31.722572577141158], [-0.536189917072806, -0.8341493820500778, -0.12921017211116922, -24.470681202223783], [-0.8410625464922953, 0.5409344512113409, -0.0019417751711842456, 64.5109779715337], [0.0, 0.0, 0.0, 1.0]]}, {"class": "Ketchup", "pose": [[0.9716757266172079, 0.0554312867900175, 0.2297250423508052, 16.326743018794744], [-0.14583459175929195, -0.6242717534888615, 0.7674745187720636, -14.636866078499756], [0.185952960483236, -0.7792382400056127, -0.5985059063290101, 53.57598421976214], [0.0, 0.0, 0.0, 1.0]]}, {"class": "AlphabetSoup", "pose": [[0.9614337807063824, 0.03742445916895894, -0.2724783211705078, 15.900719519764749], [0.24902085430603485, -0.5390374159939934, 0.8046287128864336, -23.445716191275174], [-0.11676320878683132, -0.8414500310392655, -0.5275682481424145, 63.55750046152134], [0.0, 0.0, 0.0, 1.0]]}, {"class": "Mayo", "pose": [[-0.5472120378280217, 0.8365716723261241, -0.026585015571384842, 14.024749422504811], [0.6991886721882508, 0.43942658896492887, -0.5639499631317886, -30.787442692490625], [-0.46010239961865895, -0.32718814412137476, -0.8253809776835159, 70.1213067755608], [0.0, 0.0, 0.0, 1.0]]}, {"class": "SaladDressing", "pose": [[0.8456026254942572, 0.04085048700427888, -0.532247477968743, 9.461719203182694], [0.4428878302891038, -0.6103073207955838, 0.6567917716348114, -17.824443208470125], [-0.298004261828814, -0.7911107987715662, -0.5341696566720285, 55.140486601949725], [0.0, 0.0, 0.0, 1.0]]}, {"class": "Mustard", "pose": [[0.480830878955961, 0.050924943738555196, 0.8753332258534569, 1.3141031533069558], [-0.7574116778602515, -0.4788212929269724, 0.44391193608950075, -21.675015465995788], [0.4417343743411625, -0.8764341944207775, -0.19166090755722595, 55.83732883861272], [0.0, 0.0, 0.0, 1.0]]}, {"class": "Cookies", "pose": [[0.015580450529241173, -0.9984148482688334, -0.05408309026842469, 0.6328113178112216], [0.849971270681245, -0.015261842678548644, 0.5266080159821265, -0.6706146991721229], [-0.5265986643703544, -0.05417386911565771, 0.8483861719162047, 49.41111429043027], [0.0, 0.0, 0.0, 1.0]]}, {"class": "Parmesan", "pose": [[0.7700796397508528, 0.04143491214475316, 0.6366006886833444, -7.067927088079395], [-0.4926103137763268, -0.5954405276662504, 0.6346540349637694, -13.911691971030166], [0.40535468629323124, -0.8023302371243352, -0.4381253553566131, 53.92535215252317], [0.0, 0.0, 0.0, 1.0]]}, {"class": "CreamCheese", "pose": [[0.9456828802486693, 0.04299659675746812, 0.3222345776095625, -8.788741589741933], [-0.25870829038372195, -0.5006984361282375, 0.8260576153438316, -21.877991746718454], [0.196860018817985, -0.8645533225443219, -0.4623783554393434, 61.27190101987774], [0.0, 0.0, 0.0, 1.0]]}, {"class": "Milk", "pose": [[0.9588910828138623, 0.0621553133702734, 0.27688363739169747, -13.282637061184655], [-0.19752572950744776, -0.5543509913346857, 0.8085039591188586, -10.337883181137677], [0.20374354051597401, -0.8299589004562116, -0.5192849423599398, 45.3739833687762], [0.0, 0.0, 0.0, 1.0]]}, {"class": "ChocolatePudding", "pose": [[0.9260010207557474, 0.11354941349494325, -0.36003969307511474, 1.8700945179901507], [0.35355606631486486, -0.5952169314438768, 0.7216058479644973, -29.773397645987792], [-0.13236379228503234, -0.7955019904448342, -0.5913175693317979, 68.09156069464595], [0.0, 0.0, 0.0, 1.0]]}, {"class": "Yogurt", "pose": [[0.9918958776132226, 0.07630593790853762, -0.10158696840219052, 12.099035667053792], [0.1264139764570599, -0.5126159497281607, 0.8492611388511053, 7.8503893665266276], [0.012728574568207368, -0.855220656097129, -0.5181077792163435, 43.96696563702929], [0.0, 0.0, 0.0, 1.0]]}]}