{"camera": {"camera": "RealSense D415", "extrinsics": [[-0.9982039, -0.033068877, 0.049955077, 0.80648565], [-0.055079676, 0.83457005, -0.5481415, -0.2664573], [-0.023564588, -0.54990846, -0.83489245, 0.3148097], [0.0, 0.0, 0.0, 1.0]], "height": 480, "intrinsics": [[603.0301, 0.0, 326.28275], [0.0, 603.81976, 245.73769], [0.0, 0.0, 1.0]], "width": 640}, "objects": [{"class": "MacaroniAndCheese", "pose": [[0.8379902567206459, 0.08482909441885537, 0.5390514406378206, 22.26021122335822], [-0.4045593074057282, -0.5663501445845655, 0.7180385730423151, 13.638404700343203], [0.3662023869598983, -0.8197875333202933, -0.4402774459460865, 34.13305181164141], [0.0, 0.0, 0.0, 1.0]]}, {"class": "OrangeJuice", "pose": [[-0.5499248678392078, 0.06243278633145656, 0.8328774748996912, 35.669396083977546], [-0.701760311609955, -0.5752737860907281, -0.4202292802056295, 3.1274497707644344], [0.4528964349877669, -0.8155748160737197, 0.3601701764069248, 40.40797927199729], [0.0, 0.0, 0.0, 1.0]]}, {"class": "TomatoSauce", "pose": [[-0.2980221824471998, -0.0059605615445889664, -0.9545403876986308, 36.1925285541157], [0.8186426160730949, -0.515880841104712, -0.25237142624771003, -7.354548323437172], [-0.490924764360739, -0.8566396472963574, 0.1586234781759506, 54.001797904453355], [0.0, 0.0, 0.0, 1.0]]}, {"class": "Mushrooms", "pose": [[0.10783183684422494, 0.10158651416291702, -0.9889654070670997, 15.067020937683251], [0.8502533489723972, -0.5249429107905984, 0.03878523982291038, -3.8682193500431423], [-0.5152102582885458, -0.8450533575063195, -0.14297982421605213, 53.11065838934495], [0.0, 0.0, 0.0, 1.0]]}, {"class": "Pineapple", "pose": [[0.8788677907497793, 0.02907605362646448, 0.47617863324647336, 1.3581527169383878], [-0.3696435100762667, -0.5894938268762339, 0.7182345128086746, 11.74169737270775], [0.30158776082528765, -0.8072494505549495, -0.5073392991977145, 40.026523686012204], [0.0, 0.0, 0.0, 1.0]]}, {"class": "Cherries", "pose": [[0.9899839082436713, 0.10480056923376745, 0.09459811509343302, -12.022608323340178], [-0.01977530823553223, -0.5605092403154549, 0.8279120971222638, 6.74098914657808], [0.13978876931330703, -0.8214902877692274, -0.5528225976622237, 41.77833079794881], [0.0, 0.0, 0.0, 1.0]]}, {"class": "PeasAndCarrots", "pose": [[0.849314985077587, 0.03604813065893628, 0.5266542411022842, 0.7412038006288313], [-0.4223966978804544, -0.5519711007447913, 0.7189638693414836, -2.5737354482935126], [0.3166151930427357, -0.8330837268175934, -0.45357065718312245, 44.84183220677826], [0.0, 0.0, 0.0, 1.0]]}, {"class": "BBQSauce", "pose": [[0.9929776503367286, 0.11806717105493308, -0.007458573805048285, 25.977194982429275], [0.07476081192225267, -0.5773980144504565, 0.8130328811097396, -14.626935062425812], [0.09168592531581483, -0.8078810177535513, -0.5821700521873138, 54.1345108053661], [0.0, 0.0, 0.0, 1.0]]}, {"class": "Raisins", "pose": [[0.0819183194702654, 0.118461469359834, -0.9895738327606701, 31.31965902061565], [-0.5380171039834276, -0.830549512052342, -0.14396254966867666, -24.622323531294697], [-0.8389440045074787, 0.5442007529295838, -0.004302931923224519, 64.7777941162447], [0.0, 0.0, 0.0, 1.0]]}, {"class": "Ketchup", "pose": [[0.9731948458391529, 0.06696863791299752, 0.22001612404674223, 15.81099390171713], [-0.13070047766088497, -0.6261108658386195, 0.7687019452780349, -15.0572443355386], [0.18923339418514099, -0.7768529165323823, -0.6005749628577679, 53.76415812382286], [0.0, 0.0, 0.0, 1.0]]}, {"class": "AlphabetSoup", "pose": [[0.9579574441009693, 0.04787621647933652, -0.28288779482248533, 15.487137229917746], [0.2628929762070733, -0.5413730694496496, 0.79862544073668, -23.836343542633927], [-0.11491264773469036, -0.8394183259484717, -0.5311986209166726, 63.77567822828802], [0.0, 0.0, 0.0, 1.0]]}, {"class": "Mayo", "pose": [[-0.5562169773084404, 0.8308869212691655, -0.015801882485181034, 13.70157756755238], [0.6893451772243976, 0.4506786467490448, -0.5671790686001358, -31.18207932148705], [-0.4641400470859554, -0.32636753438705823, -0.8234429346351001, 70.36018336953175], [0.0, 0.0, 0.0, 1.0]]}, {"class": "SaladDressing", "pose": [[0.8397808047930686, 0.05221618088003489, -0.5404088929947172, 8.989641787942205], [0.45437642806953044, -0.6124068134541024, 0.6469158123789923, -18.34114217783372], [-0.2971705735657676, -0.788816475666985, -0.5380132297018507, 55.320450443255794], [0.0, 0.0, 0.0, 1.0]]}, {"class": "Mustard", "pose": [[0.4907627351411018, 0.060580766762379244, 0.869184681047517, 0.8982205254050357], [-0.7486140105433566, -0.4810859171505181, 0.4562165224910652, -22.310097452671695], [0.4457904046524142, -0.8745778195818046, -0.1907473984794557, 56.00780062949175], [0.0, 0.0, 0.0, 1.0]]}, {"class": "Cookies", "pose": [[0.0044606248445807, -0.997916302522936, -0.06436813852608457, -0.07682364781846918], [0.8482539940937884, -0.030312237954659583, 0.5287215161030601, -1.340868043763005], [-0.5295708982063203, -0.056958960468471743, 0.8463512025197387, 49.5050350844621], [0.0, 0.0, 0.0, 1.0]]}, {"class": "Parmesan", "pose": [[0.776144686885709, 0.05261189340108589, 0.6283562007048257, -7.59279075509296], [-0.47966580113028695, -0.5975724703110957, 0.6425169054651703, -14.679168665505408], [0.40929235598352537, -0.8000869931079276, -0.4385665151425456, 54.04439972179662], [0.0, 0.0, 0.0, 1.0]]}, {"class": "CreamCheese", "pose": [[0.9488524178604839, 0.052944340268821374, 0.3112492365069839, -9.216189511859497], [-0.24390957791688017, -0.5030367848456182, 0.8291334167362922, -22.644345554287167], [0.20046772003048777, -0.8626418398555307, -0.4643939779624093, 61.41430124700873], [0.0, 0.0, 0.0, 1.0]]}, {"class": "Milk", "pose": [[0.9611290522851214, 0.07279873704886655, 0.2663294764196421, -13.83517566227539], [-0.1825133822351396, -0.5562763581289568, 0.8107068462447313, -11.228325318612578], [0.20717120914121204, -0.8278025231685687, -0.5213665602529813, 45.46273601845985], [0.0, 0.0, 0.0, 1.0]]}, {"class": "ChocolatePudding", "pose": [[0.9210189499181111, 0.12469501127444052, -0.369019443020788, 1.5391134856382327], [0.3668337284910154, -0.5962514556819405, 0.7140849592973867, -30.356210648824984], [-0.13098552357317644, -0.7930544880112772, -0.5949011590766466, 68.2922799860055], [0.0, 0.0, 0.0, 1.0]]}, {"class": "Yogurt", "pose": [[0.9898647231151793, 0.08640009888795137, -0.11270738270684387, 11.277103880429918], [0.14120874855289833, -0.5144242961561596, 0.8458296783115189, 7.330695943701509], [0.01510035906969006, -0.853172152415822, -0.5214108503947973, 44.063261888631686], [0.0, 0.0, 0.0, 1.0]]}]}