{"camera": {"camera": "RealSense D415", "extrinsics": [[-0.99735665, -0.040154263, 0.06055891, 0.8011545], [-0.067023836, 0.8302794, -0.5533027, -0.26309174], [-0.028063359, -0.555899, -0.830776, 0.32118014], [0.0, 0.0, 0.0, 1.0]], "height": 480, "intrinsics": [[603.0301, 0.0, 326.28275], [0.0, 603.81976, 245.73769], [0.0, 0.0, 1.0]], "width": 640}, "objects": [{"class": "MacaroniAndCheese", "pose": [[0.8408619039603062, 0.09556926309734497, 0.5327455519466131, 21.244430694691786], [-0.3920822696052864, -0.5709929067455467, 0.7212756877296923, 13.300232360696384], [0.3731256965680061, -0.8153733381940799, -0.44265512128004925, 34.20190480790178], [0.0, 0.0, 0.0, 1.0]]}, {"class": "OrangeJuice", "pose": [[-0.5438725246428746, 0.0732588714125393, 0.8359640323587897, 34.74502972538694], [-0.7050396332134442, -0.5801508600074107, -0.4078530601005882, 2.9921940614089095], [0.4551063499132158, -0.811207853924495, 0.36717849946920267, 40.61589547387371], [0.0, 0.0, 0.0, 1.0]]}, {"class": "TomatoSauce", "pose": [[-0.30519196188993764, 0.004376286966414219, -0.9522808216118736, 35.32386434950595], [0.8116351552291906, -0.5218563955524222, -0.26251533406570227, -7.388166632733132], [-0.4981026326213308, -0.8530221648290136, 0.15571440575200024, 54.28523713930178], [0.0, 0.0, 0.0, 1.0]]}, {"class": "Mushrooms", "pose": [[0.10037762653146873, 0.11196359524929984, -0.9886296243439106, 14.163475610482612], [0.8478659594061426, -0.5295673069000224, 0.02611141025413331, -4.157782319597326], [-0.5206223480761752, -0.8408464086873372, -0.14808683315483798, 53.266300245537956], [0.0, 0.0, 0.0, 1.0]]}, {"class": "Pineapple", "pose": [[0.8816466264978187, 0.0400308340860024, 0.47020932254371195, 0.3370785680151034], [-0.3571361891859858, -0.5947055395899798, 0.7202632067218232, 11.197876899912035], [0.3084688086552733, -0.8029463987809963, -0.5100236242018573, 40.006150123553766], [0.0, 0.0, 0.0, 1.0]]}, {"class": "Cherries", "pose": [[0.9894401323084798, 0.11547881923713949, 0.08759518014477403, -12.992437481275621], [-0.007113416226618496, -0.564928586521114, 0.8251091532902439, 6.051829746957099], [0.1447676557163331, -0.8170192153075322, -0.5581415144470373, 41.72744768026996], [0.0, 0.0, 0.0, 1.0]]}, {"class": "PeasAndCarrots", "pose": [[0.8526424755896472, 0.046689181738920275, 0.5204046289461038, -0.13525851820520574], [-0.41012890629927223, -0.5572835666192814, 0.721962138893972, -3.090029624592505], [0.323720749051015, -0.8290085711032552, -0.45601500868256795, 44.91858754712823], [0.0, 0.0, 0.0, 1.0]]}, {"class": "BBQSauce", "pose": [[0.9915601145336339, 0.12887542768507748, -0.014131953320799123, 25.19431781648335], [0.08711486007368645, -0.5815645551289653, 0.8088224111475247, -14.779558188330617], [0.09601870016976782, -0.8032271512985036, -0.5878831304835804, 54.418912813972064], [0.0, 0.0, 0.0, 1.0]]}, {"class": "Raisins", "pose": [[0.09242051665671032, 0.1255209527353862, -0.9877767901833537, 30.60104567471434], [-0.5428300303567897, -0.8252906977150789, -0.15566260247826333, -24.63696036910272], [-0.8347419177884192, 0.5505812729158613, -0.008137264517816968, 65.15800459793637], [0.0, 0.0, 0.0, 1.0]]}, {"class": "Ketchup", "pose": [[0.9737122163856016, 0.0782001149105161, 0.21393763200765586, 15.035856263051684], [-0.11788275563456917, -0.6306604963689741, 0.7670534646594988, -15.332430941897115], [0.19490567951897073, -0.7721088956744544, -0.6048633331457566, 54.00183158340964], [0.0, 0.0, 0.0, 1.0]]}, {"class": "AlphabetSoup", "pose": [[0.9553561995963425, 0.05842306320164259, -0.28962273094250074, 14.7655519499436], [0.2733800294313307, -0.5465909043257542, 0.7915186455283162, -24.044949722259968], [-0.11206218405171364, -0.8353593194890822, -0.5381606606961054, 64.07292592550104], [0.0, 0.0, 0.0, 1.0]]}, {"class": "Mayo", "pose": [[-0.5619768296796964, 0.8271377367388155, -0.00502554130108336, 13.033845333035233], [0.6794875651244342, 0.45817816989771976, -0.5730352841430839, -31.3653153040787], [-0.47167647637537347, -0.32544730986691917, -0.819515327865848, 70.69993110305961], [0.0, 0.0, 0.0, 1.0]]}, {"class": "SaladDressing", "pose": [[0.8358420572623293, 0.06334707398355179, -0.5453028995235778, 8.245975373171078], [0.46218353001422835, -0.6172150559680423, 0.6367354102548834, -18.685742341930766], [-0.296233799751359, -0.7842402623887328, -0.5451722381100261, 55.547694414948026], [0.0, 0.0, 0.0, 1.0]]}, {"class": "Mustard", "pose": [[0.4973169879999898, 0.07059183458193376, 0.8646922313960022, 0.1985182962515819], [-0.7396511654493678, -0.48640377078278346, 0.4651102542625596, -22.7450813781428], [0.4534225069656982, -0.8708778474120955, -0.18968349305194745, 56.22323156803326], [0.0, 0.0, 0.0, 1.0]]}, {"class": "Cookies", "pose": [[-0.002890133497969011, -0.9971944520122608, -0.07479920256227145, -0.9909402499488795], [0.8445465066415855, -0.04248741792488486, 0.5337940059986348, -1.8345271198729667], [-0.5354743946105828, -0.06162867731093328, 0.8422998879982742, 49.56897619199217], [0.0, 0.0, 0.0, 1.0]]}, {"class": "Parmesan", "pose": [[0.7796911185075173, 0.0636242096863442, 0.6229235654250899, -8.371861645487776], [-0.46761243293530685, -0.6024557634464914, 0.6468274028339623, -15.22876608516936], [0.4164377488488237, -0.7956123923233612, -0.4399778914761437, 54.16486519218833], [0.0, 0.0, 0.0, 1.0]]}, {"class": "CreamCheese", "pose": [[0.9506486008457603, 0.06315504269843544, 0.3037741381213681, -9.93803704020928], [-0.23129055268609924, -0.5083597840815285, 0.8295028834001981, -23.161141534022057], [0.20681383690206773, -0.8588258451213056, -0.46866430106217044, 61.58237287054514], [0.0, 0.0, 0.0, 1.0]]}, {"class": "Milk", "pose": [[0.962168095333491, 0.08346118517180683, 0.2593585078451469, -14.611652464803647], [-0.16970858569440958, -0.5611178097610127, 0.810151728328162, -11.911591454125423], [0.21314689562885528, -0.8235175153723404, -0.5257255227124893, 45.52877813183559], [0.0, 0.0, 0.0, 1.0]]}, {"class": "ChocolatePudding", "pose": [[0.9172770900681684, 0.1356508877003328, -0.3744350750154237, 0.8729439816750117], [0.3767631915837403, -0.6002349287296764, 0.7055264355096941, -30.697495402205487], [-0.12904369594706508, -0.78823659633096, -0.6016899660235954, 68.56678716057895], [0.0, 0.0, 0.0, 1.0]]}, {"class": "Yogurt", "pose": [[0.9880463397117819, 0.0966949972405349, -0.12006063797275023, 10.287057310711056], [0.1529875362205647, -0.5192854077816742, 0.8407957554773227, 6.932455599219034], [0.01895501994628185, -0.8491129516480918, -0.5278711254036084, 44.122201325703735], [0.0, 0.0, 0.0, 1.0]]}]}