{"camera": {"camera": "RealSense D415", "extrinsics": [[-0.99635303, -0.044958163, 0.07252187, 0.79510576], [-0.07791354, 0.82587266, -0.55844766, -0.259486], [-0.034787055, -0.5620614, -0.8263636, 0.32759982], [0.0, 0.0, 0.0, 1.0]], "height": 480, "intrinsics": [[603.0301, 0.0, 326.28275], [0.0, 603.81976, 245.73769], [0.0, 0.0, 1.0]], "width": 640}, "objects": [{"class": "MacaroniAndCheese", "pose": [[0.8422546670095721, 0.1076057574603534, 0.5282311144781289, 20.206444365328014], [-0.38040776467527593, -0.5756526058650523, 0.7238190645487744, 13.040730107008958], [0.38196467539452683, -0.8105832052692004, -0.44391195058833555, 34.137168606430386], [0.0, 0.0, 0.0, 1.0]]}, {"class": "OrangeJuice", "pose": [[-0.5396213234341513, 0.08536459977052951, 0.8375689499032413, 33.769154911127345], [-0.7076161690810459, -0.585019832105688, -0.39627160075738965, 2.9234387715311727], [0.45616680276092036, -0.8065139409250314, 0.3760945053325434, 40.72157393268353], [0.0, 0.0, 0.0, 1.0]]}, {"class": "TomatoSauce", "pose": [[-0.31019637118750076, 0.016170568325374148, -0.9505349848706108, 34.359016782475415], [0.8047933621351859, -0.5277629548577795, -0.2716135784743854, -7.3537693512091575], [-0.5060492170028881, -0.849237790517609, 0.1506961542854199, 54.468169051956124], [0.0, 0.0, 0.0, 1.0]]}, {"class": "Mushrooms", "pose": [[0.09511685469948228, 0.12374235849134751, -0.987745233401763, 13.173347270203761], [0.8452131408211232, -0.5342336280794113, 0.014463937262330955, -4.357785985461026], [-0.5258968302440689, -0.8362310135011594, -0.15540328756799768, 53.27353503859956], [0.0, 0.0, 0.0, 1.0]]}, {"class": "Pineapple", "pose": [[0.8831346818127616, 0.05223443407807993, 0.4662024572187947, -0.7190662261914893], [-0.3454816020369464, -0.5998716536554648, 0.7216623102694021, 10.75509071733191], [0.3173572263771938, -0.7983893918487109, -0.5117213456936276, 39.805094636446434], [0.0, 0.0, 0.0, 1.0]]}, {"class": "Cherries", "pose": [[0.988377087773868, 0.12746092120134003, 0.08285215368944818, -14.005092843049438], [0.004517855665649213, -0.5693867984602816, 0.822057352614805, 5.478590493879648], [0.15195510925581135, -0.8121283400224192, -0.563344627996363, 41.46663125748054], [0.0, 0.0, 0.0, 1.0]]}, {"class": "PeasAndCarrots", "pose": [[0.8545873707037751, 0.05868290146837777, 0.5159813720956313, -1.0746828794700902], [-0.3986738530816375, -0.5625645456990273, 0.7242791720463992, -3.502174723067955], [0.33277558971166465, -0.8246681162930769, -0.45736513930399336, 44.81541709054048], [0.0, 0.0, 0.0, 1.0]]}, {"class": "BBQSauce", "pose": [[0.9898466905850263, 0.14093336835693865, -0.01847561263584709, 24.308244801107403], [0.0984184362909754, -0.5857807501544646, 0.8044717225703109, -14.852265882033446], [0.10255425991025703, -0.7981220168815177, -0.5937034914265863, 54.58122920071173], [0.0, 0.0, 0.0, 1.0]]}, {"class": "Raisins", "pose": [[0.10429795346391216, 0.130303260552741, -0.9859731389005436, 29.7413934431357], [-0.5476619734744226, -0.8200060812706735, -0.16630218807322353, -24.5753716156507], [-0.8301736868348744, 0.5573248869711698, -0.014162832994897536, 65.4288683046667], [0.0, 0.0, 0.0, 1.0]]}, {"class": "Ketchup", "pose": [[0.9734671296064726, 0.0905593450551133, 0.2101446788280656, 14.159577582259853], [-0.10605862589399397, -0.6351974629862489, 0.7650331882722726, -15.5169877401795], [0.20276425997670908, -0.7670223268647562, -0.6087391647955219, 54.09474882013462], [0.0, 0.0, 0.0, 1.0]]}, {"class": "AlphabetSoup", "pose": [[0.9531756290115702, 0.07034799437375766, -0.2941214262627165, 13.90882093294289], [0.2828172260182373, -0.5517915449599435, 0.7845639144434285, -24.16089350650067], [-0.10710118650966585, -0.8310098086378019, -0.545849795809124, 64.22529634199007], [0.0, 0.0, 0.0, 1.0]]}, {"class": "Mayo", "pose": [[-0.5657419078602852, 0.8245520739302208, 0.007071386625183334, 12.207051785936784], [0.6700880548093562, 0.46472484558639876, -0.578802941393043, -31.452646605165825], [-0.48053934624066036, -0.3227145739277627, -0.8154368193049035, 70.89148500336981], [0.0, 0.0, 0.0, 1.0]]}, {"class": "SaladDressing", "pose": [[0.8329997613264705, 0.07565252920965324, -0.5480767518286584, 7.39478195624248], [0.4690286011014016, -0.6219977251878235, 0.6270016184020285, -18.931986822907596], [-0.29346818094677896, -0.7793558783708886, -0.5536070875715071, 55.615338243221004], [0.0, 0.0, 0.0, 1.0]]}, {"class": "Mustard", "pose": [[0.5018629026139866, 0.0821324027250998, 0.8610388660468782, -0.6135977931615577], [-0.7310685863903539, -0.4917285166341281, 0.4730135475763223, -23.072562666613837], [0.46224703101991793, -0.866866412499161, -0.18673583208099886, 56.26158417538099], [0.0, 0.0, 0.0, 1.0]]}, {"class": "Cookies", "pose": [[-0.007998472586087818, -0.9962078714501471, -0.0866367978279597, -1.9776258052325968], [0.8406818764807976, -0.05361335111542679, 0.5388688332123368, -2.2232633263526536], [-0.5414701749175431, -0.06852386510207682, 0.8379227263746423, 49.4504652182751], [0.0, 0.0, 0.0, 1.0]]}, {"class": "Parmesan", "pose": [[0.7815792647736018, 0.07585506010823571, 0.6191767891101526, -9.248479447271285], [-0.4562833856179486, -0.6073166154424054, 0.6503629977830313, -15.66326342206732], [0.4253696273334353, -0.7908303213322675, -0.44005459751330145, 54.088019996321805], [0.0, 0.0, 0.0, 1.0]]}, {"class": "CreamCheese", "pose": [[0.951529184193956, 0.0748426786170323, 0.29831328922030953, -10.783965697229414], [-0.2196207741702047, -0.5136777726707712, 0.8293985107809176, -23.55964359525315], [0.2153112917477261, -0.8547126800034849, -0.47234229968960434, 61.55021550677348], [0.0, 0.0, 0.0, 1.0]]}, {"class": "Milk", "pose": [[0.9623441216697576, 0.09545269706184606, 0.2545242769405483, -15.460148564744769], [-0.15787579097001395, -0.5659654461915129, 0.8091714136149161, -12.47399976697879], [0.22128952367739538, -0.8188845764197844, -0.5295837639139802, 45.383745511701576], [0.0, 0.0, 0.0, 1.0]]}, {"class": "ChocolatePudding", "pose": [[0.9141199903984185, 0.14779819343393252, -0.3775451901593867, 0.05560208431790725], [0.38566406517999824, -0.60427153500125, 0.6972224674268594, -30.930318208544488], [-0.12509155048172685, -0.7829506138148854, -0.6093770639873543, 68.66589548354915], [0.0, 0.0, 0.0, 1.0]]}, {"class": "Yogurt", "pose": [[0.9861922934439411, 0.1084255924500724, -0.12517461681369876, 9.245582320512913], [0.16370627770543203, -0.5241744605791546, 0.8357280764609448, 6.625680837059567], [0.02500099157730489, -0.8446804561847643, -0.5346866775491289, 44.023094527769906], [0.0, 0.0, 0.0, 1.0]]}]}