{"camera": {"camera": "RealSense D415", "extrinsics": [[-0.9956282, -0.084336124, 0.04014847, 0.82132506], [-0.09238596, 0.8258373, -0.55628914, -0.27515432], [0.013759162, -0.5575663, -0.8300184, 0.27160424], [0.0, 0.0, 0.0, 1.0]], "height": 480, "intrinsics": [[603.0301, 0.0, 326.28275], [0.0, 603.81976, 245.73769], [0.0, 0.0, 1.0]], "width": 640}, "objects": [{"class": "MacaroniAndCheese", "pose": [[0.8653382531813357, 0.07620724072459323, 0.49536065007088614, 22.40743655140095], [-0.3685702837384808, -0.5730006892203422, 0.73200153274758, 10.60346751752726], [0.33962579393352793, -0.8160041430263137, -0.4677516498270619, 31.509007387938315], [0.0, 0.0, 0.0, 1.0]]}, {"class": "OrangeJuice", "pose": [[-0.5063722090785406, 0.054329624910284285, 0.8606018169435024, 36.42092246169903], [-0.7159818611972825, -0.5826962682629382, -0.38449333054784923, 0.6766741012842858], [0.4805800476457473, -0.8108720284223349, 0.33396020509049285, 37.403249791460816], [0.0, 0.0, 0.0, 1.0]]}, {"class": "TomatoSauce", "pose": [[-0.34618725733450284, -0.01769211773754331, -0.9379986041703966, 37.83068118412411], [0.8008230793877897, -0.5264003646488083, -0.28563112481716907, -9.60816136544114], [-0.4887093482833499, -0.8500527843519308, 0.19640133393901227, 51.08435330990828], [0.0, 0.0, 0.0, 1.0]]}, {"class": "Mushrooms", "pose": [[0.05704343187332705, 0.09046919739706476, -0.9942642409334028, 16.570736885811865], [0.8471721104782713, -0.5313185823238562, 0.0002591370606619921, -6.91983273021384], [-0.5282475785139266, -0.842327715170356, -0.10695121928751537, 50.93168206561051], [0.0, 0.0, 0.0, 1.0]]}, {"class": "Pineapple", "pose": [[0.9025020440255442, 0.02185481308796117, 0.4301307211430459, 1.8191937569526306], [-0.33297048878363, -0.5980397043241868, 0.7290262364948789, 8.005881667147701], [0.2731679676229946, -0.8011685066475618, -0.532455005308302, 38.187579468075015], [0.0, 0.0, 0.0, 1.0]]}, {"class": "Cherries", "pose": [[0.9944515833763641, 0.0958702588373168, 0.04330070885262324, -11.291880918972474], [0.01873418141903461, -0.5664441609505129, 0.8238872075827397, 2.5341713476067227], [0.10351371736057279, -0.8185047343564065, -0.5650972990657173, 40.485571022692326], [0.0, 0.0, 0.0, 1.0]]}, {"class": "PeasAndCarrots", "pose": [[0.8755163959127309, 0.026470017634067516, 0.48246283613442026, 1.9155560901470192], [-0.3865926362159298, -0.5606094633500073, 0.7322999734213389, -6.261356960635892], [0.28985720852454816, -0.8276572126993119, -0.4805896213925039, 43.18118015783979], [0.0, 0.0, 0.0, 1.0]]}, {"class": "BBQSauce", "pose": [[0.9921441130782186, 0.1102472363315379, -0.059123729262701104, 27.907214609606246], [0.11270840037364938, -0.5826576133481521, 0.8048645910583403, -17.252515694875214], [0.05428521427583902, -0.8052054072231041, -0.5905060668161936, 51.67334155184405], [0.0, 0.0, 0.0, 1.0]]}, {"class": "Raisins", "pose": [[0.07154071732948797, 0.1692538230341865, -0.9829725727347258, 34.004289448910754], [-0.5450365812061904, -0.8187212381612686, -0.18063982721870575, -26.90904993069607], [-0.8353545017003671, 0.5486790705992824, 0.03367760728235157, 62.22351747788035], [0.0, 0.0, 0.0, 1.0]]}, {"class": "Ketchup", "pose": [[0.9836467555354391, 0.06217468811945, 0.16903661756638746, 17.757604984231], [-0.09211185912783433, -0.6328425760803859, 0.7687820023614056, -18.06449817829239], [0.15477234816833885, -0.7717802028198233, -0.6167664760951883, 51.68175590739305], [0.0, 0.0, 0.0, 1.0]]}, {"class": "AlphabetSoup", "pose": [[0.9426034192246799, 0.03765390089506436, -0.33178454968512155, 18.127477285614457], [0.29681712109851816, -0.5496595715341818, 0.7808802980550249, -26.723902788071335], [-0.15296534395661854, -0.8345397727224526, -0.5292872741240015, 61.79540532608275], [0.0, 0.0, 0.0, 1.0]]}, {"class": "Mayo", "pose": [[-0.5982012114188172, 0.8009747488890673, -0.024387945702470257, 16.859350280235862], [0.6623747527225335, 0.4771019854450239, -0.5776101369323738, -34.04808550944672], [-0.45101556502114615, -0.361681012031603, -0.815948437648775, 68.52236334678915], [0.0, 0.0, 0.0, 1.0]]}, {"class": "SaladDressing", "pose": [[0.8107780317787014, 0.04649324966717985, -0.5835043877443186, 11.125410067987696], [0.4814915667717146, -0.6198460139634748, 0.6196425404603598, -21.57966393847043], [-0.3328736429283408, -0.7833450039380383, -0.524943606405446, 53.524164823176], [0.0, 0.0, 0.0, 1.0]]}, {"class": "Mustard", "pose": [[0.5343956095491226, 0.0468002045729825, 0.8439378430565733, 3.2190469308304492], [-0.7242569156419165, -0.48938598763587243, 0.4857503094156266, -25.83735546787024], [0.43574453438714034, -0.8708106476392575, -0.2276303230390385, 54.552577145231766], [0.0, 0.0, 0.0, 1.0]]}, {"class": "Cookies", "pose": [[-0.0466330990604154, -0.9974839283597469, -0.053396407486456285, 1.2217115563203818], [0.8411577682580577, -0.06804373406631446, 0.5364920754310285, -5.001587325604969], [-0.5387754699270784, -0.019896522593734436, 0.8422144433875244, 47.85730602267664], [0.0, 0.0, 0.0, 1.0]]}, {"class": "Parmesan", "pose": [[0.8079625693042896, 0.04592201953102557, 0.5874416263100826, -5.6182387565546055], [-0.44537700340763947, -0.6051490606960539, 0.6598742509154089, -18.55198696924148], [0.38579248533388205, -0.7947866882739474, -0.4684851392087726, 52.817910038120175], [0.0, 0.0, 0.0, 1.0]]}, {"class": "CreamCheese", "pose": [[0.9639968824439874, 0.040432021485248056, 0.2628217492395223, -6.672639843299722], [-0.20599747383520972, -0.5114544809528895, 0.8342538238051898, -26.479311303891002], [0.16815192368900778, -0.8583586986270905, -0.4847115867275305, 60.330611237193146], [0.0, 0.0, 0.0, 1.0]]}, {"class": "Milk", "pose": [[0.9741946313602822, 0.06352391872944174, 0.21658610660541172, -12.293364962497687], [-0.14410897621856608, -0.5634812678215162, 0.8134626922203319, -15.442646099812658], [0.17371654789147253, -0.8236829891949002, -0.5397860145989785, 44.43367912742121], [0.0, 0.0, 0.0, 1.0]]}, {"class": "ChocolatePudding", "pose": [[0.9012283748700657, 0.11811250622688668, -0.4169374794837892, 4.60737762467679], [0.3991062838843524, -0.6010654673315857, 0.6924121359366412, -33.70014891869717], [-0.16882416423190774, -0.790423833487084, -0.5888366601053344, 66.89389516237405], [0.0, 0.0, 0.0, 1.0]]}, {"class": "Yogurt", "pose": [[0.9837586305459399, 0.07461365290876053, -0.16325369589206445, 12.036854434080336], [0.1780337291029588, -0.5214731260537959, 0.8344877817872662, 4.0168597376116555], [-0.022868220682307476, -0.8499992189658488, -0.526287392493205, 41.90576267252475], [0.0, 0.0, 0.0, 1.0]]}]}