{"camera": {"camera": "RealSense D415", "extrinsics": [[-0.9938176, -0.10944954, 0.018635223, 0.83352816], [-0.10180233, 0.83135986, -0.5463306, -0.2763347], [0.044303056, -0.54485005, -0.8373623, 0.23115212], [0.0, 0.0, 0.0, 1.0]], "height": 480, "intrinsics": [[603.0301, 0.0, 326.28275], [0.0, 603.81976, 245.73769], [0.0, 0.0, 1.0]], "width": 640}, "objects": [{"class": "MacaroniAndCheese", "pose": [[0.8789869471757015, 0.055270433250642, 0.4736317526509074, 23.458395414578792], [-0.36437142931950844, -0.5628654511713751, 0.7419003096910236, 9.875373930207232], [0.3075960742722038, -0.8246985669882578, -0.47461236557288095, 29.8076911892727], [0.0, 0.0, 0.0, 1.0]]}, {"class": "OrangeJuice", "pose": [[-0.4843714601329529, 0.03365511832801589, 0.8742148093204212, 37.74086443100348], [-0.7261320960860873, -0.5728225251994329, -0.38027182094404893, 0.012485754532265414], [0.48797178956815696, -0.8189882497485672, 0.3018969165365395, 35.13644347832841], [0.0, 0.0, 0.0, 1.0]]}, {"class": "TomatoSauce", "pose": [[-0.36873804021583356, -0.04007959712468784, -0.9286688294587349, 39.67799320914762], [0.8031206253123534, -0.5167536557662489, -0.29658564462301534, -10.41508745924235], [-0.4680059249944894, -0.8551954971572898, 0.22273545893457353, 48.643889134988015], [0.0, 0.0, 0.0, 1.0]]}, {"class": "Mushrooms", "pose": [[0.03259654890132294, 0.06831266709024567, -0.9971312630395679, 18.400809263840202], [0.8536720641419765, -0.5207530749692777, -0.007769553394638997, -7.923215040779871], [-0.519789871366791, -0.8509698399568839, -0.07529136712195175, 49.19852493933622], [0.0, 0.0, 0.0, 1.0]]}, {"class": "Pineapple", "pose": [[0.9136931980304552, 0.001644660487276017, 0.40640121331130863, 3.117602168053657], [-0.3276669802236698, -0.5885779466911985, 0.7390605353326664, 7.00977660050226], [0.2404142719516923, -0.808438844200104, -0.5372407113065616, 37.10611279986317], [0.0, 0.0, 0.0, 1.0]]}, {"class": "Cherries", "pose": [[0.9970391157902022, 0.07478432860404549, 0.017894608005660378, -9.864100224733274], [0.026801986462317847, -0.5560978970606462, 0.8306846011289323, 1.3902405939293372], [0.07207334361884589, -0.8277454287043464, -0.5564556651284082, 39.75504869256133], [0.0, 0.0, 0.0, 1.0]]}, {"class": "PeasAndCarrots", "pose": [[0.8877338082611741, 0.005078176428317694, 0.46032902255932223, 3.5006650068864165], [-0.38172599262343765, -0.5508048817266862, 0.7422259581610158, -7.31230688145581], [0.2573206006047335, -0.8346186285930681, -0.48702959064587653, 41.925928496753414], [0.0, 0.0, 0.0, 1.0]]}, {"class": "BBQSauce", "pose": [[0.9923232620651635, 0.08972238955910555, -0.08511373327673986, 29.84708324468761], [0.12130934090014411, -0.5723283440161767, 0.8110021175018044, -18.15774601492078], [0.02405205166260084, -0.8151013584041878, -0.5788188345184645, 49.45794726284839], [0.0, 0.0, 0.0, 1.0]]}, {"class": "Raisins", "pose": [[0.04973952908236426, 0.1939736965148391, -0.9797449134969655, 36.36351531751169], [-0.5347258012144551, -0.8233520761490106, -0.19015730425888427, -27.877525165535662], [-0.843560521834822, 0.5333531608723668, 0.06276958374929724, 59.69470360732755], [0.0, 0.0, 0.0, 1.0]]}, {"class": "Ketchup", "pose": [[0.9888654126792437, 0.04319054300818956, 0.14240675481700177, 19.710566897897476], [-0.08472070870130498, -0.6233388878292642, 0.7773487998210701, -19.0642219015168], [0.12234177738528292, -0.7807581473196582, -0.6127390747741058, 49.779334485722075], [0.0, 0.0, 0.0, 1.0]]}, {"class": "AlphabetSoup", "pose": [[0.9345560241701574, 0.015938600342563596, -0.3554587316729348, 20.48010575758701], [0.3073148800359081, -0.5396730971734397, 0.7837797119357427, -27.83528741775952], [-0.179339141498224, -0.8417238072022892, -0.5092528581857991, 59.77354334313626], [0.0, 0.0, 0.0, 1.0]]}, {"class": "Mayo", "pose": [[-0.6181743335491815, 0.7847387839769059, -0.045226601459925214, 19.492627486016968], [0.6619088255682627, 0.4886565195506118, -0.5684115029464646, -35.24766469050763], [-0.42395423199714927, -0.3813132516573683, -0.8215004456097598, 66.45076658240822], [0.0, 0.0, 0.0, 1.0]]}, {"class": "SaladDressing", "pose": [[0.7954159360511032, 0.02703279631277883, -0.6054606740454759, 13.172175218643789], [0.4928063322837105, -0.6103570264737519, 0.6201663835145615, -22.661885655920027], [-0.3527823088560571, -0.7916650819809455, -0.4988095923146774, 51.79008469120324], [0.0, 0.0, 0.0, 1.0]]}, {"class": "Mustard", "pose": [[0.554470010598232, 0.023384635532036888, 0.8318750371205845, 5.340998552398535], [-0.7242029898892933, -0.47890475567211765, 0.49616568661725385, -27.004515486410842], [0.4099915165697949, -0.8775553767638388, -0.24860306898451473, 53.019060009557506], [0.0, 0.0, 0.0, 1.0]]}, {"class": "Cookies", "pose": [[-0.07130502581973516, -0.9969629803235394, -0.03131006824321753, 2.9450317446186425], [0.8468140278824212, -0.07709385350476178, 0.5262724238259766, -6.112790265765969], [-0.5270878791699561, 0.011012058991156525, 0.8497394136108636, 46.63623876918908], [0.0, 0.0, 0.0, 1.0]]}, {"class": "Parmesan", "pose": [[0.8238012923399165, 0.025965696023508875, 0.5662836079079463, -3.611873992504555], [-0.4422336322250202, -0.5955357072279638, 0.670646523954227, -19.782306410112483], [0.354655879892325, -0.8029091322475314, -0.47912013218623906, 51.65193009556186], [0.0, 0.0, 0.0, 1.0]]}, {"class": "CreamCheese", "pose": [[0.9706709626088039, 0.01761423571778833, 0.23976557773024926, -4.355299509762423], [-0.1989303429946253, -0.5011730035533688, 0.8421712790707542, -27.80478586018647], [0.13499822461074526, -0.8651678504042737, -0.4829700185659959, 59.10055754050214], [0.0, 0.0, 0.0, 1.0]]}, {"class": "Milk", "pose": [[0.9804873005701134, 0.042264140483150775, 0.19198517407887378, -10.578454847299735], [-0.13701751836505474, -0.5533770302080084, 0.8215839496031917, -16.639240423174034], [0.14096371421347023, -0.8318579603409062, -0.5367881648727479, 43.52121581970675], [0.0, 0.0, 0.0, 1.0]]}, {"class": "ChocolatePudding", "pose": [[0.8917836418166408, 0.09821919007953393, -0.4416727726547244, 7.1923424168391925], [0.4093896787471846, -0.5908305803733603, 0.6952117953381457, -34.995137128549686], [-0.19267061418332634, -0.8007947832989245, -0.567102916873375, 65.21666603037623], [0.0, 0.0, 0.0, 1.0]]}, {"class": "Yogurt", "pose": [[0.9808984800578165, 0.05213321118791917, -0.18740387223225372, 13.48386749502789], [0.18743477564281713, -0.5109682700553326, 0.8389158217739845, 3.0736446743896693], [-0.05202204518263352, -0.8580172535647681, -0.5109795184300736, 40.45053627210861], [0.0, 0.0, 0.0, 1.0]]}]}