{"camera": {"camera": "RealSense D415", "extrinsics": [[-0.99168456, -0.12797935, 0.013528008, 0.83038616], [-0.11454122, 0.8298258, -0.5461405, -0.27181017], [0.058668822, -0.54314864, -0.8375843, 0.20772366], [0.0, 0.0, 0.0, 1.0]], "height": 480, "intrinsics": [[603.0301, 0.0, 326.28275], [0.0, 603.81976, 245.73769], [0.0, 0.0, 1.0]], "width": 640}, "objects": [{"class": "MacaroniAndCheese", "pose": [[0.8879481964526587, 0.05055174925714118, 0.45715700217666144, 22.770904761984223], [-0.35302809101559574, -0.5622024798204571, 0.7478633579263769, 9.556948949022193], [0.2948205938984665, -0.825453117417723, -0.4813604816767473, 28.3334051496604], [0.0, 0.0, 0.0, 1.0]]}, {"class": "OrangeJuice", "pose": [[-0.46790376584827126, 0.02915085454422818, 0.8832985322981034, 37.25435428218462], [-0.7322327504973303, -0.5724354512163826, -0.36898904696631957, -0.12126193781985539], [0.4948750378021159, -0.8194314123268214, 0.28918990717826837, 33.454247830235296], [0.0, 0.0, 0.0, 1.0]]}, {"class": "TomatoSauce", "pose": [[-0.3857453064915603, -0.045813356661424234, -0.9214671445291946, 39.52033908982194], [0.7982704382493194, -0.5173213980055907, -0.308452495652229, -10.52160327258467], [-0.462563421718508, -0.854564017114044, 0.23612574299158773, 46.931490251143515], [0.0, 0.0, 0.0, 1.0]]}, {"class": "Mushrooms", "pose": [[0.014116423703339796, 0.06267109670136657, -0.9979343985431675, 18.22318145158586], [0.8539616557528749, -0.5199291694307239, -0.020572135771204248, -8.302893692575097], [-0.5201444734920724, -0.8519072396699731, -0.0608582505079886, 47.794074234411696], [0.0, 0.0, 0.0, 1.0]]}, {"class": "Pineapple", "pose": [[0.9212050496261205, -0.00249882878045993, 0.3890694230772962, 2.576271814631814], [-0.3158888721289093, -0.5885991352711099, 0.744154111669438, 6.431402599818376], [0.2271464080487035, -0.8084211607305253, -0.5430098352286388, 35.92512929600381], [0.0, 0.0, 0.0, 1.0]]}, {"class": "Cherries", "pose": [[0.9975514916584771, 0.06993107709770313, -0.0008182429585499038, -10.292572267379207], [0.03960145752953076, -0.5551854311211426, 0.8307833202006826, 0.6460511210267583], [0.05764329205820835, -0.8287814776834601, -0.5565954168791392, 38.76118629213402], [0.0, 0.0, 0.0, 1.0]]}, {"class": "PeasAndCarrots", "pose": [[0.8961887754573263, 7.060209923520092e-05, 0.4436729396022266, 3.2127705747488244], [-0.37027463372491864, -0.5507880634650194, 0.7480168903545134, -7.884044786159839], [0.24442256700500514, -0.8346451097760172, -0.49358392845292015, 40.73784878492449], [0.0, 0.0, 0.0, 1.0]]}, {"class": "BBQSauce", "pose": [[0.9909290875176127, 0.08525753475472461, -0.10387829347221765, 29.80239673194407], [0.13403512429669537, -0.5712214426940369, 0.8097781871306606, -18.389678804865923], [0.009702179753360244, -0.816356034096409, -0.5774674348080342, 47.887122430160865], [0.0, 0.0, 0.0, 1.0]]}, {"class": "Raisins", "pose": [[0.04438791801005776, 0.21221862399592556, -0.976213589302897, 36.590429176566495], [-0.5341382356009564, -0.8207353881555225, -0.20270626874767256, -28.023891908732214], [-0.8442310179957887, 0.5304307042286331, 0.0769233464343658, 58.02781957720426], [0.0, 0.0, 0.0, 1.0]]}, {"class": "Ketchup", "pose": [[0.9915375966469092, 0.039885792647709736, 0.12354076880193195, 19.68405668228015], [-0.07201128956367778, -0.6228210061120277, 0.7790432799352555, -19.426111456802758], [0.10801654091188918, -0.781346966327534, -0.6146782004118423, 48.35505767308459], [0.0, 0.0, 0.0, 1.0]]}, {"class": "AlphabetSoup", "pose": [[0.9278433796491657, 0.01068336314200231, -0.37281702236999326, 20.71058757176971], [0.3192612618281739, -0.5395186371465102, 0.7790968812405537, -28.18545801473404], [-0.19281835331451136, -0.8419058498042257, -0.5039995710830079, 58.33644433758101], [0.0, 0.0, 0.0, 1.0]]}, {"class": "Mayo", "pose": [[-0.6326856597687565, 0.7728052255398654, -0.04980906420410127, 19.91500827731376], [0.6538745538821067, 0.4986428960970672, -0.5690372513717428, -35.609145967234014], [-0.41491801891564695, -0.3925905778275603, -0.8208018157518221, 65.02671147952836], [0.0, 0.0, 0.0, 1.0]]}, {"class": "SaladDressing", "pose": [[0.7838398905434307, 0.02340669390794517, -0.620521680724211, 13.222141699961231], [0.5029325751620772, -0.6100487680217918, 0.6122902816207675, -23.107151017346915], [-0.36421678686998243, -0.7920180486593543, -0.4899525361923191, 50.4599266253446], [0.0, 0.0, 0.0, 1.0]]}, {"class": "Mustard", "pose": [[0.5695905968003054, 0.016829858016623154, 0.8217562360526692, 5.465932731572032], [-0.7169825821374636, -0.47866377953057043, 0.5067711777205843, -27.549771544385827], [0.40187382883951334, -0.8778369385278642, -0.26057567041312196, 51.80175103219868], [0.0, 0.0, 0.0, 1.0]]}, {"class": "Cookies", "pose": [[-0.08978330620967326, -0.9956280308262525, -0.025764039565553405, 2.7099934905469136], [0.845770143665334, -0.0898788766661319, 0.525922727313487, -6.691227754447829], [-0.5259390440013709, 0.025428625953826636, 0.8501420186876864, 45.45579246494857], [0.0, 0.0, 0.0, 1.0]]}, {"class": "Parmesan", "pose": [[0.8344527923315062, 0.021986939676131613, 0.5506406409169845, -3.597718823912033], [-0.43158671612513844, -0.5952436245746998, 0.6778038044735333, -20.443190314766714], [0.3426681541963332, -0.8032443975080102, -0.4872134223654174, 50.564817578557175], [0.0, 0.0, 0.0, 1.0]]}, {"class": "CreamCheese", "pose": [[0.9749951716528993, 0.011525491084600515, 0.22192697421546306, -4.1303022933424804], [-0.186443559498289, -0.5010028457853649, 0.845124257803477, -28.47371199947874], [0.12092651641064382, -0.8653688589214172, -0.4863264958843829, 58.022832674598575], [0.0, 0.0, 0.0, 1.0]]}, {"class": "Milk", "pose": [[0.9841015208247684, 0.03732255852771343, 0.1736410864713778, -10.720956196136122], [-0.12440920538543619, -0.5528825354879208, 0.823919483359336, -17.390688342468003], [0.12675390387716598, -0.8324228998296151, -0.5394492642061008, 42.53597241931335], [0.0, 0.0, 0.0, 1.0]]}, {"class": "ChocolatePudding", "pose": [[0.8835763167068208, 0.09419713899418104, -0.4587153748630575, 7.595928513418637], [0.4207773191362368, -0.5896115214331116, 0.6894235019094977, -35.5146098488197], [-0.2055221471592105, -0.8021752385458987, -0.5606027815238245, 63.97071062787211], [0.0, 0.0, 0.0, 1.0]]}, {"class": "Yogurt", "pose": [[0.9775573605830311, 0.04626715291223576, -0.20552605894866427, 13.039491059276786], [0.19999997316861956, -0.5103535696801809, 0.8363846651741949, 2.628985932369959], [-0.06619382139657844, -0.8587191252040585, -0.5081533105068241, 39.11894222497976], [0.0, 0.0, 0.0, 1.0]]}]}