{"camera": {"camera": "RealSense D415", "extrinsics": [[-0.7895535, -0.6119051, 0.046662606, 0.60771674], [-0.48614305, 0.57724845, -0.65608627, 0.065827884], [0.3745266, -0.5406999, -0.75324196, 0.08412989], [0.0, 0.0, 0.0, 1.0]], "height": 480, "intrinsics": [[607.7151, 0.0, 326.28275], [0.0, 609.8564, 245.73769], [0.0, 0.0, 1.0]], "width": 640}, "objects": [{"class": "Cookies", "pose": [[-0.9877418966950753, 0.08584059263450441, 0.13037394832321775, -6.200276126036741], [-0.15463067749595324, -0.6522563057376152, -0.7420587001406704, -7.095307989663702], [0.02133846367769715, -0.7531222698539145, 0.6575344268947778, 58.56080635094501], [0.0, 0.0, 0.0, 1.0]]}, {"class": "Mustard", "pose": [[0.6452857854854068, 0.07726654433947408, -0.7600237920014931, 3.0621375864908984], [0.5980242276728827, -0.6701551538155752, 0.43961249093090393, 0.389394196040737], [-0.47536648865133874, -0.7381883237342272, -0.4786488338057745, 53.96936794603442], [0.0, 0.0, 0.0, 1.0]]}, {"class": "AlphabetSoup", "pose": [[0.8602129190520036, 0.06751728215585429, -0.505445524995849, 10.574139635552015], [0.411261039713718, -0.6778892899189669, 0.6093689498805712, 2.143475816374579], [-0.30149314866832055, -0.732057086725157, -0.6108963160925247, 58.47556330587359], [0.0, 0.0, 0.0, 1.0]]}, {"class": "GranolaBars", "pose": [[0.8627961321474881, 0.08076713617968478, -0.4990586461496066, 11.489157905469938], [0.4215047642048244, -0.6599729247171632, 0.6219079687901647, -6.5690623097342025], [-0.2791354451837249, -0.74693537739296, -0.6034657829361992, 62.95078828746773], [0.0, 0.0, 0.0, 1.0]]}, {"class": "Milk", "pose": [[-0.4913594669213761, -0.8654255835449463, -0.09800235632188506, -11.616083747121674], [0.6133994707230285, -0.42374008699213284, 0.6664724129657636, 3.368347861287254], [-0.6183097670488211, 0.26736291289563285, 0.7390602889574533, 55.24949623067037], [0.0, 0.0, 0.0, 1.0]]}]}