{"camera": {"camera": "RealSense D415", "extrinsics": [[-0.99072397, -0.11862179, 0.06629365, 0.79460573], [-0.13511294, 0.80780464, -0.57375616, -0.25748804], [0.014507666, -0.57739115, -0.8163388, 0.24464592], [0.0, 0.0, 0.0, 1.0]], "height": 480, "intrinsics": [[603.0301, 0.0, 326.28275], [0.0, 603.81976, 245.73769], [0.0, 0.0, 1.0]], "width": 640}, "objects": [{"class": "MacaroniAndCheese", "pose": [[0.8796320607752022, 0.10300700133873399, 0.46436728255300747, 18.129798316009992], [-0.3224579238645725, -0.5885478459253358, 0.7413719469001409, 9.83783651877288], [0.34966887273010694, -0.8018734611798313, -0.48449013336508134, 27.806962394240387], [0.0, 0.0, 0.0, 1.0]]}, {"class": "OrangeJuice", "pose": [[-0.4760946018644916, 0.08155700011775935, 0.8756039992949854, 32.54520048999032], [-0.725541979229372, -0.5990571380731111, -0.33870256118973463, 0.6721059123952378], [0.496913263944339, -0.7965419376216631, 0.3443809044576789, 33.95892632104492], [0.0, 0.0, 0.0, 1.0]]}, {"class": "TomatoSauce", "pose": [[-0.37931627067446894, 0.007263414839923953, -0.9252385570114184, 34.364651038139236], [0.7731174646351038, -0.546892151547872, -0.3212450835552832, -9.211113181294198], [-0.5083390474489363, -0.8371715930821301, 0.20182961676627334, 47.88549945191973], [0.0, 0.0, 0.0, 1.0]]}, {"class": "Mushrooms", "pose": [[0.0216268034409619, 0.11551646016475685, -0.9930700914729135, 13.008672767441942], [0.8359460371912097, -0.5469293587242946, -0.0454152257139844, -7.451569548090436], [-0.5483853992515498, -0.8291708395425468, -0.10839386684220768, 47.63683709332334], [0.0, 0.0, 0.0, 1.0]]}, {"class": "Pineapple", "pose": [[0.9153862420651305, 0.04975289344342347, 0.39949049451266827, -2.3433627748731922], [-0.2868830585955724, -0.6155572920156462, 0.7340213717557016, 6.510788406554269], [0.2824289809425705, -0.7865201380017514, -0.5491994181264461, 34.51568315029901], [0.0, 0.0, 0.0, 1.0]]}, {"class": "Cherries", "pose": [[0.9924432758827666, 0.1223738243765607, 0.008998279648233387, -15.210886978948368], [0.06431096644657133, -0.5812067112186413, 0.8112107628021376, 0.5323747583507676], [0.10450082998234432, -0.8045019966209367, -0.5846846770652592, 36.92525685200515], [0.0, 0.0, 0.0, 1.0]]}, {"class": "PeasAndCarrots", "pose": [[0.8907064654636679, 0.05280925470000003, 0.4515009997478891, -1.641720946964631], [-0.34120950171302866, -0.578607687416006, 0.7408031204448036, -7.615083465787473], [0.3003632167635441, -0.8138945783953958, -0.49735059153781974, 39.85111843551343], [0.0, 0.0, 0.0, 1.0]]}, {"class": "BBQSauce", "pose": [[0.9861916977040012, 0.13740602366177065, -0.0924418618119301, 24.780136052048864], [0.1568900032168078, -0.5964581612889294, 0.7871615031106204, -17.26224448836973], [0.05302303484199227, -0.7907953607175428, -0.6097797248783696, 48.643525154174334], [0.0, 0.0, 0.0, 1.0]]}, {"class": "Raisins", "pose": [[0.09718240186411992, 0.2031736919991106, -0.9743079643631483, 31.263156857754037], [-0.5612841367171347, -0.797228286668208, -0.22223235602108438, -26.389724176786782], [-0.8218976554769895, 0.568460685096611, 0.03656160622701167, 59.431886620815156], [0.0, 0.0, 0.0, 1.0]]}, {"class": "Ketchup", "pose": [[0.986320540437188, 0.0914682076147417, 0.1371325500438573, 14.67523030261092], [-0.0456390686625032, -0.6478648940595886, 0.760386873712116, -18.513112446945136], [0.15839459577119383, -0.7562438115440244, -0.6348279350822758, 48.656485954049664], [0.0, 0.0, 0.0, 1.0]]}, {"class": "AlphabetSoup", "pose": [[0.9292452242079415, 0.06352567172722207, -0.363961234326444, 15.394352496845777], [0.3336579275728385, -0.567351248437727, 0.7528512412959542, -26.9034779455012], [-0.1586684772288889, -0.8210219899293874, -0.5484042888373813, 58.97601265717971], [0.0, 0.0, 0.0, 1.0]]}, {"class": "Mayo", "pose": [[-0.6251913690447998, 0.7804667880268054, 0.002706036419037183, 14.427711105064], [0.6248152041044713, 0.5025786719193441, -0.5975120772909814, -34.112444577701396], [-0.4676983350517349, -0.371868621718289, -0.8018553817242574, 65.87530020883038], [0.0, 0.0, 0.0, 1.0]]}, {"class": "SaladDressing", "pose": [[0.7899982126481662, 0.07526773900200588, -0.6084715024159469, 8.196890802101041], [0.5080782837345548, -0.6358413781409525, 0.5810010694465817, -22.267379489037946], [-0.3431607219992352, -0.768140980719161, -0.5405554645415668, 50.57311471720873], [0.0, 0.0, 0.0, 1.0]]}, {"class": "Mustard", "pose": [[0.5641645063425839, 0.07014410214913588, 0.8226774534962117, 0.47979170269101257], [-0.6897539332862017, -0.5076243088010813, 0.5162916965121042, -26.8380150754787], [0.45382589740703194, -0.8587184780199815, -0.23800144532907538, 51.691961178929965], [0.0, 0.0, 0.0, 1.0]]}, {"class": "Cookies", "pose": [[-0.0816651176312256, -0.9935475449372074, -0.07870236518438152, -2.4012446542268973], [0.8251914000268831, -0.1116876095356859, 0.5537012501835116, -6.274884830260408], [-0.5589186022700495, -0.01972644196754305, 0.8289878896297426, 44.49456370782292], [0.0, 0.0, 0.0, 1.0]]}, {"class": "Parmesan", "pose": [[0.8255208334700821, 0.07408929443720061, 0.5594873615469337, -8.660348867098167], [-0.40055176163887846, -0.6214614342960814, 0.673308261636196, -19.986345266046012], [0.3975847601549169, -0.7799336634036274, -0.48335276642565533, 49.76953361814903], [0.0, 0.0, 0.0, 1.0]]}, {"class": "CreamCheese", "pose": [[0.9715880777450892, 0.06470639894913846, 0.22766129862743367, -9.389320157708836], [-0.15991621534709966, -0.5296434213052534, 0.833009419871129, -27.769615870952585], [0.1744803548272068, -0.8457487727249929, -0.5042476344441499, 57.469157849054916], [0.0, 0.0, 0.0, 1.0]]}, {"class": "Milk", "pose": [[0.9790817199842589, 0.08994264640814227, 0.1825083113829494, -15.442758020488078], [-0.09752818939364066, -0.5797740786414148, 0.8089192254273625, -17.37117770771686], [0.1785699302991462, -0.8097977497432295, -0.5588742632585072, 41.30310208297047], [0.0, 0.0, 0.0, 1.0]]}, {"class": "ChocolatePudding", "pose": [[0.8835187320734783, 0.14602395923478276, -0.44505239149875575, 2.1763037371339333], [0.43364742536356266, -0.6141481428687465, 0.6593724382648477, -34.335202669658976], [-0.17704392293437132, -0.7755637417428956, -0.6059343111878933, 64.22085350346664], [0.0, 0.0, 0.0, 1.0]]}, {"class": "Yogurt", "pose": [[0.9751789497925247, 0.09926873002604958, -0.19791845011179063, 8.028090086228158], [0.21992258247166746, -0.537967327639112, 0.8137722380179431, 3.0588039621758325], [-0.02569151855264196, -0.8371003113418919, -0.5464458548243786, 38.34380758954949], [0.0, 0.0, 0.0, 1.0]]}]}