{"camera": {"camera": "RealSense D415", "extrinsics": [[-0.9902138, -0.121772744, 0.06817646, 0.7946671], [-0.13873775, 0.8060249, -0.57539177, -0.25687897], [0.015115103, -0.5792195, -0.81503147, 0.246182], [0.0, 0.0, 0.0, 1.0]], "height": 480, "intrinsics": [[603.0301, 0.0, 326.28275], [0.0, 603.81976, 245.73769], [0.0, 0.0, 1.0]], "width": 640}, "objects": [{"class": "MacaroniAndCheese", "pose": [[0.880918684850349, 0.10494839966010533, 0.4614846917052409, 18.00584666998225], [-0.31839780264679357, -0.5900142829937955, 0.7419609464037586, 9.679579713555592], [0.35015015371038927, -0.8005429650028041, -0.48633921531644714, 27.896679801812454], [0.0, 0.0, 0.0, 1.0]]}, {"class": "OrangeJuice", "pose": [[-0.4732668162037496, 0.08353891719264162, 0.8769491356872487, 32.456795842390854], [-0.7261457477546492, -0.6005903919948922, -0.3346693815045109, 0.5813971181548416], [0.49872925642548277, -0.7951807914065653, 0.34490091196866896, 34.06549213857827], [0.0, 0.0, 0.0, 1.0]]}, {"class": "TomatoSauce", "pose": [[-0.3823172797212054, 0.009041342615183124, -0.9239868875358911, 34.316782929967594], [0.7705346078509684, -0.5487941949428429, -0.3241934770416358, -9.262833851814776], [-0.5100097372233012, -0.8359086320849077, 0.20284680933371585, 48.014305923111046], [0.0, 0.0, 0.0, 1.0]]}, {"class": "Mushrooms", "pose": [[0.018379322664072273, 0.11729610214981404, -0.9929269064270725, 12.954378111397691], [0.834751100623556, -0.5484130453240428, -0.0493334833710413, -7.582767613617908], [-0.5503206397975684, -0.8279401012894777, -0.10799251549561671, 47.76795073943877], [0.0, 0.0, 0.0, 1.0]]}, {"class": "Pineapple", "pose": [[0.9165217068767428, 0.0517988926510723, 0.39661675725041035, -2.452938579778474], [-0.2828465429883525, -0.6171847171029543, 0.7342213010730717, 6.292436609559127], [0.2828176359814729, -0.7851114328906015, -0.5510119999018394, 34.61917088117633], [0.0, 0.0, 0.0, 1.0]]}, {"class": "Cherries", "pose": [[0.9922291557817144, 0.12428720627491013, 0.0058317545430127205, -15.297588957353325], [0.06821773574235054, -0.5826077518603554, 0.8098855529380421, 0.2721153368840157], [0.10405604388556004, -0.8031942209442821, -0.5865589352197274, 37.04638057628375], [0.0, 0.0, 0.0, 1.0]]}, {"class": "PeasAndCarrots", "pose": [[0.8920480075283365, 0.054710789440292805, 0.44861687258897553, -1.6975668779593667], [-0.3372222026838966, -0.5802874143238542, 0.7413148883232471, -7.8183834590926455], [0.3008846292766754, -0.8125720306187886, -0.4991944873840306, 39.98700049305505], [0.0, 0.0, 0.0, 1.0]]}, {"class": "BBQSauce", "pose": [[0.985620667303383, 0.13937962115474928, -0.09552611150446104, 24.76229857715737], [0.16065387656720895, -0.597771864811647, 0.7854038390782716, -17.347541571058752], [0.052366479008615276, -0.7894568886804082, -0.611568127116514, 48.793779110765534], [0.0, 0.0, 0.0, 1.0]]}, {"class": "Raisins", "pose": [[0.09901731118814172, 0.2062824046976958, -0.9734696493395018, 31.28212265076844], [-0.5628186081301915, -0.7951569545101081, -0.2257447516376695, -26.426063663640974], [-0.8206283221879703, 0.5702394197590882, 0.037365255107943036, 59.60125381752761], [0.0, 0.0, 0.0, 1.0]]}, {"class": "Ketchup", "pose": [[0.9865282935232497, 0.09364205530532792, 0.13413839176114026, 14.66208718228602], [-0.04162936638422067, -0.6492679764933522, 0.7594196148441427, -18.6356939514279], [0.15820537502717943, -0.75477302921136, -0.6366229142915953, 48.812642082074255], [0.0, 0.0, 0.0, 1.0]]}, {"class": "AlphabetSoup", "pose": [[0.9279601720961883, 0.06538348052252378, -0.36689908158230616, 15.415192967742996], [0.3367207156486959, -0.5690079629744912, 0.7502327362758838, -26.999483061769503], [-0.15971564563063104, -0.8197286111984585, -0.5500326516098328, 59.151300328422565], [0.0, 0.0, 0.0, 1.0]]}, {"class": "Mayo", "pose": [[-0.6276310083373229, 0.7784968978103691, 0.0046812456753347565, 14.477191038283399], [0.6214194118952237, 0.5045977483542365, -0.599348886485141, -34.196013042769316], [-0.4689533568784366, -0.37326088942926317, -0.8004742711720518, 66.06750359233085], [0.0, 0.0, 0.0, 1.0]]}, {"class": "SaladDressing", "pose": [[0.7880162558721664, 0.07739382913818488, -0.6107704906759234, 8.198217698243127], [0.5101988377427402, -0.6373319022378214, 0.5774991369787725, -22.409427695691686], [-0.3445686103157483, -0.7666930976051226, -0.5417141018870035, 50.73986679669], [0.0, 0.0, 0.0, 1.0]]}, {"class": "Mustard", "pose": [[0.5668404643605021, 0.07177027932140326, 0.8206953951117703, 0.4983820838250219], [-0.686614999242821, -0.5093442296190431, 0.5187758277174396, -27.005941123259774], [0.45524910937162477, -0.8575648861445617, -0.2394383339854221, 51.87156594343385], [0.0, 0.0, 0.0, 1.0]]}, {"class": "Cookies", "pose": [[-0.08487520918520895, -0.993133820309262, -0.08050733141560984, -2.4606915134643637], [0.8235906842089147, -0.11540216025880422, 0.5553204364574038, -6.470275686343502], [-0.5607981732390208, -0.01917216076102829, 0.8277305349309256, 44.627564911334716], [0.0, 0.0, 0.0, 1.0]]}, {"class": "Parmesan", "pose": [[0.8271102327762038, 0.07615884846442218, 0.5568559142412274, -8.667566774939372], [-0.3965800831122289, -0.6229836915830504, 0.674251895477945, -20.192540039589623], [0.3982623760571229, -0.7785186014050297, -0.485073054701246, 49.93604845232006], [0.0, 0.0, 0.0, 1.0]]}, {"class": "CreamCheese", "pose": [[0.9722227958801195, 0.06641772191042147, 0.224436044287099, -9.365546554034221], [-0.15592268748934104, -0.5313532565045838, 0.8326775445413584, -27.96064166267154], [0.17455936263153254, -0.8445427499867937, -0.5062376652086695, 57.65384144951745], [0.0, 0.0, 0.0, 1.0]]}, {"class": "Milk", "pose": [[0.9794870753624487, 0.09184942312777002, 0.17935654227537554, -15.4620443023455], [-0.09349812469625578, -0.5813071638872533, 0.808294589086795, -17.62201003522082], [0.1785026310341886, -0.8084835949889632, -0.5607950504962583, 41.465624262476176], [0.0, 0.0, 0.0, 1.0]]}, {"class": "ChocolatePudding", "pose": [[0.8818592521007628, 0.14806726736761525, -0.44766098825622036, 2.2262112226768216], [0.43649790601329613, -0.6153946565547215, 0.6563223716934027, -34.46784630226708], [-0.17830828980945582, -0.7741870336112985, -0.6073224778376569, 64.4172298047025], [0.0, 0.0, 0.0, 1.0]]}, {"class": "Yogurt", "pose": [[0.9743523117203063, 0.1010130751538781, -0.2010819432003208, 7.932305923207639], [0.22346332970516272, -0.5395294351553915, 0.8117710205059889, 2.8876395629324145], [-0.026490123452948416, -0.8358853997695598, -0.5482644189850703, 38.45216253915743], [0.0, 0.0, 0.0, 1.0]]}]}