{"camera": {"camera": "RealSense D415", "extrinsics": [[-0.9891346, -0.12341039, 0.07989136, 0.786706], [-0.14687845, 0.8063499, -0.5729106, -0.25044757], [0.00628273, -0.57842004, -0.8157149, 0.2481733], [0.0, 0.0, 0.0, 1.0]], "height": 480, "intrinsics": [[603.0301, 0.0, 326.28275], [0.0, 603.81976, 245.73769], [0.0, 0.0, 1.0]], "width": 640}, "objects": [{"class": "MacaroniAndCheese", "pose": [[0.8804653204882327, 0.11665640512400953, 0.4595346878074066, 16.895552380944057], [-0.3119880749672875, -0.5872652072255017, 0.7468487680618455, 9.810384470683047], [0.35699342396213457, -0.8009437469574896, -0.48067123039836435, 27.647031220925804], [0.0, 0.0, 0.0, 1.0]]}, {"class": "OrangeJuice", "pose": [[-0.4715521752921281, 0.09528924225422433, 0.8766747019419632, 31.367233827029256], [-0.7311595582583919, -0.5980288022837672, -0.3282793275570916, 0.8164988898248016], [0.49299522169598947, -0.795789883430741, 0.3516734210732983, 33.9193172698279], [0.0, 0.0, 0.0, 1.0]]}, {"class": "TomatoSauce", "pose": [[-0.3842391965370328, 0.020721229712999, -0.9230010277464021, 33.1881897883199], [0.768565372217424, -0.5467496250558656, -0.33222308924045063, -9.04469056233095], [-0.5115345310127439, -0.8370397256675021, 0.19415700737093622, 47.86130142090276], [0.0, 0.0, 0.0, 1.0]]}, {"class": "Mushrooms", "pose": [[0.016247894981006233, 0.1288968287897531, -0.9915249064818213, 11.815612366853145], [0.8361555542438658, -0.545500411001089, -0.05721237278489016, -7.539081601915298], [-0.5482517281992421, -0.8281394409623049, -0.11664103533651352, 47.43499876229108], [0.0, 0.0, 0.0, 1.0]]}, {"class": "Pineapple", "pose": [[0.9163518669512103, 0.06360127531762773, 0.39528997008544986, -3.5916801731291526], [-0.275989371761244, -0.6149059930294, 0.7387290107382155, 6.2401070663301414], [0.2900502787942373, -0.7860315036513257, -0.5459169655856189, 34.18560501123075], [0.0, 0.0, 0.0, 1.0]]}, {"class": "Cherries", "pose": [[0.9907059457280255, 0.13595579340183028, 0.004216405669539658, -16.40682856580287], [0.07609941118383735, -0.5796943611963438, 0.8112726989795331, 0.10913457749971989], [0.11274145258098735, -0.8034117847580535, -0.5846527954752252, 36.48860510624985], [0.0, 0.0, 0.0, 1.0]]}, {"class": "PeasAndCarrots", "pose": [[0.8921712664026328, 0.0664457245889642, 0.44678341937288274, -2.766579605092745], [-0.3306056739985678, -0.5779220980713893, 0.7461273361669705, -7.876540293333331], [0.3077829824549317, -0.8133824683505079, -0.4936381449669108, 39.52778713356977], [0.0, 0.0, 0.0, 1.0]]}, {"class": "BBQSauce", "pose": [[0.9837826477799163, 0.15105373712584164, -0.09671864951813514, 23.694067466916437], [0.16859869122074597, -0.594766364492918, 0.7860200492871882, -17.209181116837197], [0.06120626952256886, -0.7895794874713279, -0.6105882801125797, 48.540260429565734], [0.0, 0.0, 0.0, 1.0]]}, {"class": "Raisins", "pose": [[0.11067484406846362, 0.20790193708743615, -0.9718682473375009, 30.19520753346079], [-0.5600722281585201, -0.7947692073092567, -0.2337970728077387, -26.25919213501834], [-0.8210177849379888, 0.5701918605263978, 0.028479137630046895, 59.382846420123016], [0.0, 0.0, 0.0, 1.0]]}, {"class": "Ketchup", "pose": [[0.9854425990528657, 0.10544450289259887, 0.13335804257268905, 13.60498281648429], [-0.033916759836730495, -0.6467161631607364, 0.7619763268000749, -18.58005774083056], [0.16659101854675726, -0.7554069699585495, -0.6337253068584098, 48.46932562426199], [0.0, 0.0, 0.0, 1.0]]}, {"class": "AlphabetSoup", "pose": [[0.9265009778657916, 0.07708648037582864, -0.3683118777532875, 14.33796706512317], [0.34468176952807916, -0.5665389397981855, 0.74848391588747, -26.96150066858438], [-0.1509650220229863, -0.8204214340123078, -0.5514691786618503, 58.79512588101623], [0.0, 0.0, 0.0, 1.0]]}, {"class": "Mayo", "pose": [[-0.6286637237366034, 0.7775028038972255, 0.016472374653730207, 13.399754682394638], [0.6173505074565121, 0.5118268314876323, -0.5974208821320348, -34.1815916223984], [-0.4729274098679155, -0.36540759517600685, -0.8017586773203644, 65.68670113031659], [0.0, 0.0, 0.0, 1.0]]}, {"class": "SaladDressing", "pose": [[0.7867292335476356, 0.08920173495287036, -0.6108192779375099, 7.156011368527892], [0.5174387329853415, -0.6348857889342239, 0.573739712335475, -22.411094926289454], [-0.3366218900426052, -0.7674393226016097, -0.5456396352393356, 50.33233198053959], [0.0, 0.0, 0.0, 1.0]]}, {"class": "Mustard", "pose": [[0.5685303729455229, 0.08330772173927083, 0.8184332992212564, -0.5152555952363413], [-0.683009663250503, -0.5067367663793221, 0.5260377499769043, -27.073148900756173], [0.45855324645205453, -0.8580662538925444, -0.23119525595108026, 51.38735050333755], [0.0, 0.0, 0.0, 1.0]]}, {"class": "Cookies", "pose": [[-0.08681779225849531, -0.9919517155750268, -0.0921655665217439, -3.5805494993972897], [0.8241742740552337, -0.12348761306152999, 0.5527093633192712, -6.545560744119003], [-0.5596422979785157, -0.027975487119004713, 0.8282619710628806, 44.16465441347812], [0.0, 0.0, 0.0, 1.0]]}, {"class": "Parmesan", "pose": [[0.826889614985156, 0.08795053732275127, 0.5554442315403885, -9.71988560285164], [-0.3907205156130542, -0.6205206187419079, 0.6799203668740403, -20.330553076015004], [0.4044639565710974, -0.779242511898073, -0.4787379635675692, 49.38848292854176], [0.0, 0.0, 0.0, 1.0]]}, {"class": "CreamCheese", "pose": [[0.9719361318796129, 0.07802447319332351, 0.22192873600990567, -10.420280112920743], [-0.14836126945119335, -0.5288192233475307, 0.8356669358302067, -28.12209954546393], [0.18256265688287593, -0.845140481998999, -0.5024026913478412, 57.082387406825454], [0.0, 0.0, 0.0, 1.0]]}, {"class": "Milk", "pose": [[0.9786535248026546, 0.10355501949222616, 0.1775208806491725, -16.46228599145344], [-0.08588867323914244, -0.5786471628831356, 0.8110429468230511, -17.796001286480294], [0.18670952390749773, -0.8089770359065606, -0.5574008713065123, 40.86576482226189], [0.0, 0.0, 0.0, 1.0]]}, {"class": "ChocolatePudding", "pose": [[0.8797436857866587, 0.15975439675054115, -0.4478053224053146, 1.1660354093271152], [0.44412113308628726, -0.6123529925929037, 0.6540491545010726, -34.54990712379861], [-0.16972769400513713, -0.7742753857630134, -0.609663972335928, 63.930494624607014], [0.0, 0.0, 0.0, 1.0]]}, {"class": "Yogurt", "pose": [[0.9726762359532412, 0.11261020830397404, -0.2030268645640831, 6.787887292597484], [0.23149758575927964, -0.536731950433507, 0.8113739865600624, 2.911550644707689], [-0.017602006289267596, -0.8362043879945055, -0.548135396730146, 38.100073780952115], [0.0, 0.0, 0.0, 1.0]]}]}