{"camera": {"camera": "RealSense D415", "extrinsics": [[-0.98952544, -0.11856489, 0.08235151, 0.7838843], [-0.1443277, 0.80074227, -0.58136165, -0.25310352], [0.0029867436, -0.5871577, -0.809467, 0.24780743], [0.0, 0.0, 0.0, 1.0]], "height": 480, "intrinsics": [[603.0301, 0.0, 326.28275], [0.0, 603.81976, 245.73769], [0.0, 0.0, 1.0]], "width": 640}, "objects": [{"class": "MacaroniAndCheese", "pose": [[0.8779372368363457, 0.11900825305763339, 0.4637491354373448, 16.689742468096746], [-0.3105529685302924, -0.5956576366090781, 0.7407759033938863, 9.726432946499664], [0.3643941176183237, -0.79437335395522, -0.4859915838101002, 26.957954039233094], [0.0, 0.0, 0.0, 1.0]]}, {"class": "OrangeJuice", "pose": [[-0.47578565924108174, 0.09758910481764967, 0.8741306480269238, 31.108046466102547], [-0.7249323050686609, -0.6063147653080734, -0.3268878459043256, 0.7604546730538675], [0.4980975560699766, -0.7892140292721178, 0.3592213225858611, 33.39105959938763], [0.0, 0.0, 0.0, 1.0]]}, {"class": "TomatoSauce", "pose": [[-0.3798082194614249, 0.02335171729063454, -0.9247704744787633, 32.83669036813572], [0.7642925912894403, -0.5552703313227274, -0.3279204162834985, -8.963203028684735], [-0.5211550412813086, -0.8313420207511283, 0.19304866081810454, 47.440974321056004], [0.0, 0.0, 0.0, 1.0]]}, {"class": "Mushrooms", "pose": [[0.021022309723660686, 0.13148607428644424, -0.9910950971027824, 11.470328643411975], [0.8305025947907818, -0.5542019243297199, -0.0559086082614373, -7.4084416023715765], [-0.5566179356911458, -0.821931651411298, -0.12085012221083977, 46.896037279384025], [0.0, 0.0, 0.0, 1.0]]}, {"class": "Pineapple", "pose": [[0.9142373602545097, 0.0658115279242526, 0.39979858509716226, -3.8377718562724317], [-0.27532586040875995, -0.6230125391401417, 0.7321551420478086, 6.274082719941326], [0.2972637455140794, -0.7794384097058685, -0.5514616478426024, 33.43321093410635], [0.0, 0.0, 0.0, 1.0]]}, {"class": "Cherries", "pose": [[0.990343171992124, 0.13833857540760153, 0.009102581025463116, -16.67947737381842], [0.07475707324066527, -0.5881606303996554, 0.8052816638984686, 0.19894512170960943], [0.11675529070353446, -0.7968246481146567, -0.5928225706000378, 35.736244523945224], [0.0, 0.0, 0.0, 1.0]]}, {"class": "PeasAndCarrots", "pose": [[0.8898322378036155, 0.06888204560184767, 0.45105860938204995, -3.0744598073757623], [-0.3296985321546297, -0.586315495449986, 0.7399548114939447, -7.789620328756039], [0.3154322151092684, -0.8071489393665519, -0.4990120492672134, 38.922203885401906], [0.0, 0.0, 0.0, 1.0]]}, {"class": "BBQSauce", "pose": [[0.9839043101526038, 0.15333122346221606, -0.09177069855495644, 23.31858055351238], [0.1667453986327104, -0.603129205041034, 0.7800200250148132, -17.096559831974307], [0.06425183667075017, -0.7827673411585474, -0.6189886178785264, 48.15675725698699], [0.0, 0.0, 0.0, 1.0]]}, {"class": "Raisins", "pose": [[0.11319285804287732, 0.2031243665630305, -0.9725882403849042, 29.744325952690648], [-0.5686549698054514, -0.7894575024795498, -0.23105947818046654, -26.05228166786477], [-0.8147508241482088, 0.5792213407956183, 0.026146718338856286, 59.121884542724956], [0.0, 0.0, 0.0, 1.0]]}, {"class": "Ketchup", "pose": [[0.9845396754960025, 0.10742549083141432, 0.1383524775072988, 13.22648426540689], [-0.03469314538436685, -0.6546148980227515, 0.7551660918716617, -18.44279686180441], [0.17169166538383335, -0.7482908014216239, -0.6407673263429252, 48.05092156592252], [0.0, 0.0, 0.0, 1.0]]}, {"class": "AlphabetSoup", "pose": [[0.9280943675920357, 0.07958560013272191, -0.36374028349085274, 13.88835452104562], [0.34080818259876833, -0.5750310951915937, 0.7437668502959769, -26.720778275700084], [-0.149968815983277, -0.8142514206299244, -0.5608064694686347, 58.46461153164193], [0.0, 0.0, 0.0, 1.0]]}, {"class": "Mayo", "pose": [[-0.6248012674262506, 0.7805573742461629, 0.018803682379735023, 12.898545750905011], [0.6140905473666657, 0.5061402342974579, -0.6055699532035421, -33.86815141932342], [-0.4821993298984255, -0.3668136583385624, -0.7955698990440377, 65.42443153358447], [0.0, 0.0, 0.0, 1.0]]}, {"class": "SaladDressing", "pose": [[0.7896594900704195, 0.0912710914991279, -0.6067186286383788, 6.758855041243795], [0.5120209742270174, -0.6428666308641652, 0.5696991506362726, -22.238546911125475], [-0.3380420478009591, -0.7605209423719648, -0.5543783798953056, 49.92146289905539], [0.0, 0.0, 0.0, 1.0]]}, {"class": "Mustard", "pose": [[0.5645702099171748, 0.08614069712598398, 0.8208777467511706, -0.9292868921144781], [-0.6797413542966125, -0.5156299991703366, 0.5216104874111747, -26.870408744958713], [0.46820101959971894, -0.8524702193638765, -0.2325559036159678, 50.986581744573996], [0.0, 0.0, 0.0, 1.0]]}, {"class": "Cookies", "pose": [[-0.08201764992817442, -0.9921178976226022, -0.09473752717755618, -3.9073292628553413], [0.8186646176190394, -0.1212789134424665, 0.561319672179412, -6.409594379267195], [-0.5683848790628944, -0.03152014368768444, 0.8221587606768638, 43.541343080616365], [0.0, 0.0, 0.0, 1.0]]}, {"class": "Parmesan", "pose": [[0.8239327284677931, 0.0901134138994717, 0.5594769417353606, -10.106933549831243], [-0.38866485621751146, -0.6286189508475069, 0.6736304250399603, -20.125408201994745], [0.4124008958850722, -0.7724751158936998, -0.48291574250727815, 48.874935116772726], [0.0, 0.0, 0.0, 1.0]]}, {"class": "CreamCheese", "pose": [[0.9706641333923699, 0.0807389050736044, 0.22647822432125322, -10.864248905087292], [-0.14893538557036765, -0.5375667698677151, 0.8299640499574152, -27.836655392111094], [0.18875753583780072, -0.839346884569525, -0.5097718293423303, 56.643979263322045], [0.0, 0.0, 0.0, 1.0]]}, {"class": "Milk", "pose": [[0.9775210974777765, 0.10596773810109089, 0.1822727604611657, -16.801746659608384], [-0.08644093520693528, -0.5870887930931381, 0.8048942906417648, -17.66063061327726], [0.1923031032699511, -0.8025569107557914, -0.5647316525873308, 40.2944352316845], [0.0, 0.0, 0.0, 1.0]]}, {"class": "ChocolatePudding", "pose": [[0.8816821354731329, 0.16191317492868432, -0.44319380919706053, 0.6725178317355307], [0.4401687896587495, -0.620581290815693, 0.6489456090171165, -34.223618297812585], [-0.16996491141525583, -0.7672437697693968, -0.618424485770736, 63.61288866604568], [0.0, 0.0, 0.0, 1.0]]}, {"class": "Yogurt", "pose": [[0.9733380010825214, 0.11526090843733028, -0.1983130741364108, 6.514300307136445], [0.22886852999434926, -0.545475011531331, 0.8062731008385656, 2.9594399223881904], [-0.015243046329270211, -0.8301637987009611, -0.5573110754579922, 37.43139992877019], [0.0, 0.0, 0.0, 1.0]]}]}