{"camera": {"camera": "RealSense D415", "extrinsics": [[-0.98779684, -0.14942047, 0.043941654, 0.806131], [-0.14748576, 0.8067271, -0.5722232, -0.26092896], [0.05005293, -0.571721, -0.8189199, 0.19535036], [0.0, 0.0, 0.0, 1.0]], "height": 480, "intrinsics": [[603.0301, 0.0, 326.28275], [0.0, 603.81976, 245.73769], [0.0, 0.0, 1.0]], "width": 640}, "objects": [{"class": "MacaroniAndCheese", "pose": [[0.8956193341282029, 0.0813342196606318, 0.4373222064960725, 19.0045025302529], [-0.31173108347638445, -0.5865669694399585, 0.747504545015549, 8.722388642497126], [0.31731643134299703, -0.8058064546341227, -0.49998624872988523, 25.131564194303674], [0.0, 0.0, 0.0, 1.0]]}, {"class": "OrangeJuice", "pose": [[-0.44878994132940825, 0.06022300462523364, 0.8916057074301941, 33.74543471416728], [-0.7318323082738515, -0.5973476078125812, -0.3280204732473143, -0.2675878205820992], [0.5128440929956039, -0.7997181593284926, 0.3121567086721262, 30.748176811320548], [0.0, 0.0, 0.0, 1.0]]}, {"class": "TomatoSauce", "pose": [[-0.4070023457464325, -0.016131531113522685, -0.9132846344417944, 36.188969656066675], [0.768731372058474, -0.546081585078218, -0.3329370855188733, -10.138576246216097], [-0.4933570712387867, -0.8375767279730351, 0.23465726893903585, 44.58763370800719], [0.0, 0.0, 0.0, 1.0]]}, {"class": "Mushrooms", "pose": [[-0.00857809725656604, 0.09233173262681735, -0.9956913310078727, 14.817670143070105], [0.8365941899918714, -0.5447734506099627, -0.05772496552271476, -8.645651879978134], [-0.5477559765289128, -0.8334847558064573, -0.0725710745707866, 45.111428735218375], [0.0, 0.0, 0.0, 1.0]]}, {"class": "Pineapple", "pose": [[0.9284790706185299, 0.029009001705219462, 0.37024998648218743, -1.1703258974863462], [-0.2756581416106802, -0.61425172925816, 0.7393967304021206, 5.134516703251146], [0.24887583142348732, -0.7885768212352596, -0.5623232401324108, 32.56997586432924], [0.0, 0.0, 0.0, 1.0]]}, {"class": "Cherries", "pose": [[0.9946892857412138, 0.10050072068977772, -0.022198856256824426, -13.867126633775461], [0.07661454864268008, -0.5789824402994689, 0.811732509896819, -1.0060609758428207], [0.06872695873459383, -0.8091223917120872, -0.5836073759150545, 35.43444909112766], [0.0, 0.0, 0.0, 1.0]]}, {"class": "PeasAndCarrots", "pose": [[0.9051405725624423, 0.03061565133275206, 0.4240084728415815, -0.10086437121639147], [-0.33030302615455004, -0.5772447108323183, 0.7467854963719514, -8.98580299419955], [0.2676199445166753, -0.8159971391377192, -0.5123750999660336, 37.85885640372461], [0.0, 0.0, 0.0, 1.0]]}, {"class": "BBQSauce", "pose": [[0.9854327174344082, 0.11620628250190147, -0.12417092479148517, 26.739017754522653], [0.16914990655430628, -0.5940560675794103, 0.7864386947162507, -18.309377118836267], [0.017624637852768268, -0.7959859276088099, -0.605058496377463, 45.680642610197054], [0.0, 0.0, 0.0, 1.0]]}, {"class": "Raisins", "pose": [[0.07445210791916844, 0.23345696725332163, -0.9695126029680666, 33.72011494678792], [-0.559361933886226, -0.7950885103609562, -0.23441119954749762, -27.36391093279061], [-0.8255732631288323, 0.5597607833886931, 0.07139090583638467, 56.21671766444665], [0.0, 0.0, 0.0, 1.0]]}, {"class": "Ketchup", "pose": [[0.9918839755206991, 0.072188300116592, 0.10466607701721031, 16.65751330114996], [-0.03344692627468167, -0.6460603692411908, 0.7625532278345901, -19.686342628446006], [0.12266802130420458, -0.759865097618382, -0.6384023800237353, 46.05639596676044], [0.0, 0.0, 0.0, 1.0]]}, {"class": "AlphabetSoup", "pose": [[0.918690755833071, 0.04092701660815183, -0.39285141428415327, 17.85282107482128], [0.3453640846385811, -0.5658495672493847, 0.7486908835745758, -28.075417422167035], [-0.19165308813247067, -0.8234921674840339, -0.533975423358591, 56.3327112500986], [0.0, 0.0, 0.0, 1.0]]}, {"class": "Mayo", "pose": [[-0.649385961094818, 0.7602269994475367, -0.018781429407703266, 17.225509085086788], [0.6173374851310321, 0.5125861657568717, -0.5967830216996804, -35.30147063918845], [-0.44406341210633443, -0.39913694853568643, -0.8021828913604127, 63.253288896803504], [0.0, 0.0, 0.0, 1.0]]}, {"class": "SaladDressing", "pose": [[0.7707185659245889, 0.055420779748302666, -0.6347608908540897, 10.299770836300127], [0.5181811531847992, -0.6342304756676258, 0.5737944920271795, -23.52276417769056], [-0.3707845162741712, -0.7711552092301037, -0.5175311532824429, 48.20065543621179], [0.0, 0.0, 0.0, 1.0]]}, {"class": "Mustard", "pose": [[0.5887116414948639, 0.045437219700455805, 0.807065066448151, 2.6855572985210796], [-0.6830219855355313, -0.5060141670071143, 0.5267169571272953, -28.19031417830477], [0.43231885474500825, -0.8613275881599418, -0.26686176675536305, 49.591293306678494], [0.0, 0.0, 0.0, 1.0]]}, {"class": "Cookies", "pose": [[-0.11204084044538394, -0.9921449065971147, -0.055635363145538914, -0.709021559758316], [0.824559055884051, -0.12406983520752521, 0.5520046758981474, -7.658949191931241], [-0.5545712269841999, 0.01597241483199459, 0.8319829595700408, 42.5283527658324], [0.0, 0.0, 0.0, 1.0]]}, {"class": "Parmesan", "pose": [[0.8442482344265676, 0.053638772725525044, 0.5332614367969661, -6.602576642610181], [-0.39053327552073247, -0.6198568356322691, 0.6806330780187203, -21.45176326453148], [0.36705403410514287, -0.7828796194981802, -0.5023652518544415, 48.0083282642652], [0.0, 0.0, 0.0, 1.0]]}, {"class": "CreamCheese", "pose": [[0.9791652665412867, 0.04074546504396916, 0.19893503242044924, -6.9563715720348025], [-0.14791211070535099, -0.528109948901258, 0.8361949606643415, -29.24975488055096], [0.13913071032180296, -0.8481979635179971, -0.5110801003546561, 55.71942837262633], [0.0, 0.0, 0.0, 1.0]]}, {"class": "Milk", "pose": [[0.9860242260568884, 0.06788429911190756, 0.15214436174121393, -13.718007425708368], [-0.08543869781707254, -0.5779506210553406, 0.8115869832613808, -18.914648412483505], [0.1430259335906622, -0.8132434489316593, -0.5640732966020551, 39.795270051937706], [0.0, 0.0, 0.0, 1.0]]}, {"class": "ChocolatePudding", "pose": [[0.8710898373690571, 0.1255876222741443, -0.4747949068919316, 4.92611931599618], [0.44478960920496813, -0.6116493669533808, 0.654253298280612, -35.67586264800301], [-0.20824185109172097, -0.7810972491504903, -0.5886615561361903, 62.04141581533267], [0.0, 0.0, 0.0, 1.0]]}, {"class": "Yogurt", "pose": [[0.9708038186080333, 0.07569822467745223, -0.22761740663530977, 9.374639246943527], [0.23210369196491656, -0.5360086013476729, 0.8116789872355976, 1.809219865760392], [-0.060562210700482094, -0.8408119028473308, -0.5379289651195329, 36.01727573864934], [0.0, 0.0, 0.0, 1.0]]}]}