{"camera": {"camera": "RealSense D415", "extrinsics": [[-0.9732916, -0.22949384, -0.00600946, 0.8269412], [-0.18728654, 0.80888337, -0.55734324, -0.24046683], [0.1327678, -0.541332, -0.83026046, 0.10069318], [0.0, 0.0, 0.0, 1.0]], "height": 480, "intrinsics": [[603.0301, 0.0, 326.28275], [0.0, 603.81976, 245.73769], [0.0, 0.0, 1.0]], "width": 640}, "objects": [{"class": "MacaroniAndCheese", "pose": [[0.9311673673752625, 0.03290618159062693, 0.3631041299591601, 20.527246304006585], [-0.28083052851430795, -0.5703936172922044, 0.771871391491585, 8.208265457972749], [0.2325115967604974, -0.8207121180331245, -0.5218908313456693, 21.642693153376293], [0.0, 0.0, 0.0, 1.0]]}, {"class": "OrangeJuice", "pose": [[-0.3739936139068877, 0.012834710127156885, 0.9273425144021314, 36.03493717582111], [-0.7568661427217207, -0.5820953124501523, -0.29718478867796855, -0.27569868571732936], [0.5359874178375988, -0.8130193070765362, 0.2274140659628988, 25.78937923858996], [0.0, 0.0, 0.0, 1.0]]}, {"class": "TomatoSauce", "pose": [[-0.4776019245054449, -0.06843701500062471, -0.8759068835962843, 40.05367510767389], [0.7595021267700658, -0.5333194821836639, -0.37246068081284295, -10.254146717208524], [-0.44164807692652774, -0.8431410185190962, 0.3066924553928446, 39.176619064283365], [0.0, 0.0, 0.0, 1.0]]}, {"class": "Mushrooms", "pose": [[-0.08833821852158447, 0.03983958794743584, -0.9952935538952624, 18.768623545232444], [0.8439380582446436, -0.5277753752420665, -0.09603028965291278, -9.617947968961046], [-0.52911720143483, -0.8484491939722402, 0.013000598095323156, 41.58026604158007], [0.0, 0.0, 0.0, 1.0]]}, {"class": "Pineapple", "pose": [[0.9565184983008552, -0.01661816810368913, 0.29119802702285746, 1.2314795877061302], [-0.2424327554000479, -0.6003933606006114, 0.7620723594595931, 3.7091454646307502], [0.1621690984886542, -0.7995321917050153, -0.5783161082660231, 30.734330230713137], [0.0, 0.0, 0.0, 1.0]]}, {"class": "Cherries", "pose": [[0.9932393526091395, 0.05140608319713738, -0.10408215545306845, -10.922769247606778], [0.11492228767516925, -0.5620049634111736, 0.8191113467002985, -2.9734040421192236], [-0.016387387900780308, -0.825534924683539, -0.5641131134823395, 34.57339815780234], [0.0, 0.0, 0.0, 1.0]]}, {"class": "PeasAndCarrots", "pose": [[0.9370097366302812, -0.01882764379728809, 0.3487955924806766, 3.297114992365213], [-0.29824233181443516, -0.5629335795598756, 0.7708160649041131, -10.437497339637671], [0.18183608306996774, -0.8262877098231131, -0.5330894133691415, 35.6440237164546], [0.0, 0.0, 0.0, 1.0]]}, {"class": "BBQSauce", "pose": [[0.9760274974901288, 0.06876344127975316, -0.2064994075811775, 31.054087669741715], [0.20779440870245802, -0.5766447118227978, 0.7901281348207191, -18.809055876878666], [-0.0647448645656754, -0.8140961508470516, -0.5771097147385387, 40.9313882470476], [0.0, 0.0, 0.0, 1.0]]}, {"class": "Raisins", "pose": [[0.023289626605041337, 0.3116577367179695, -0.9499090169491395, 39.26979852964444], [-0.543181443077349, -0.7937392285992885, -0.273737221209468, -27.740982160182988], [-0.8392923136464859, 0.5223481524669337, 0.15080080578536742, 50.650029527162175], [0.0, 0.0, 0.0, 1.0]]}, {"class": "Ketchup", "pose": [[0.999361135589755, 0.030087643570888976, 0.01929109696095877, 21.10392165643883], [0.00401795185721152, -0.6309037521852402, 0.7758507723382922, -20.590264479215776], [0.0355143376959758, -0.7752775428750539, -0.6306215398230874, 42.154279354424524], [0.0, 0.0, 0.0, 1.0]]}, {"class": "AlphabetSoup", "pose": [[0.8845732925603137, -0.009653200611322533, -0.4663014023695555, 23.512122387320133], [0.38442805479677966, -0.5510244359192337, 0.7406667611696375, -29.082718756533264], [-0.264093260964366, -0.8344333172440268, -0.48371050406575106, 52.12858624848876], [0.0, 0.0, 0.0, 1.0]]}, {"class": "Mayo", "pose": [[-0.7087955747375128, 0.7023152971645339, -0.06604656422601804, 23.768308090243305], [0.5978759066127848, 0.5484136276139124, -0.5846255235069331, -36.43375169067916], [-0.37437058350713204, -0.4538676084672804, -0.8086104892628633, 58.94037402794614], [0.0, 0.0, 0.0, 1.0]]}, {"class": "SaladDressing", "pose": [[0.7150239008953775, 0.011958320361884489, -0.698997790960265, 15.10896743639243], [0.5539825845082375, -0.6195753578965546, 0.5560843293470841, -24.708321484281672], [-0.4264319490065289, -0.7848461331295794, -0.4496358563718493, 44.76942861050829], [0.0, 0.0, 0.0, 1.0]]}, {"class": "Mustard", "pose": [[0.6498773250785352, -0.010753742312982149, 0.7599630987224874, 7.829105014181115], [-0.6657255075149392, -0.4904813171292052, 0.5623501894617299, -29.694956056696974], [0.36670030485515925, -0.8713853946604132, -0.3259117112790767, 46.72729281034499], [0.0, 0.0, 0.0, 1.0]]}, {"class": "Cookies", "pose": [[-0.19146586981152947, -0.981492277939994, -0.003717672164879089, 3.0492742663830286], [0.8279168817833986, -0.16353900011072597, 0.5364780906032445, -9.207914836950637], [-0.5271570523667699, 0.09963932098751642, 0.8439061031953323, 40.37279678110992], [0.0, 0.0, 0.0, 1.0]]}, {"class": "Parmesan", "pose": [[0.8873846692133375, 0.008611182511593997, 0.460949442374907, -1.8121571383938329], [-0.3623645722660223, -0.6051046998885781, 0.7089007887819583, -23.30635424415421], [0.2850271234278178, -0.7960993826552919, -0.5338402148616505, 46.082993731782395], [0.0, 0.0, 0.0, 1.0]]}, {"class": "CreamCheese", "pose": [[0.992506682220985, -0.013433396355269347, 0.12145007885508603, -1.1927789255746446], [-0.11110158404144194, -0.5129454463197243, 0.8512012197593519, -31.230146149286387], [0.05086273161345825, -0.8583161336716335, -0.5105942228120129, 53.647702046939315], [0.0, 0.0, 0.0, 1.0]]}, {"class": "Milk", "pose": [[0.9972912837860614, 0.018538749897207014, 0.07117936555946931, -9.709868278098599], [-0.04847280667950658, -0.5622037057935262, 0.8255770646045731, -20.927072656859725], [0.055322459356487094, -0.8267910155005316, -0.5597821945503053, 38.56728870036782], [0.0, 0.0, 0.0, 1.0]]}, {"class": "ChocolatePudding", "pose": [[0.8319458845947825, 0.08007470487692449, -0.5490484302769002, 11.43333845848118], [0.4821320089357213, -0.5940795889998006, 0.6439085938934961, -37.27676014562235], [-0.27461766331137816, -0.8004108708331372, -0.5328486089000734, 58.793148460248304], [0.0, 0.0, 0.0, 1.0]]}, {"class": "Yogurt", "pose": [[0.952228939749878, 0.022307017542701205, -0.3045694261018698, 12.15658057071698], [0.27131611981904413, -0.5195650089464813, 0.8102097716031609, 0.7518075089230025], [-0.1401702506169843, -0.8541397262088553, -0.5007970568114786, 33.1907711518986], [0.0, 0.0, 0.0, 1.0]]}]}