{"camera": {"camera": "RealSense D415", "extrinsics": [[-0.968378, -0.248495, 0.022231964, 0.8142339], [-0.21389334, 0.7810464, -0.58669937, -0.21239156], [0.12842767, -0.572902, -0.8094996, 0.109940864], [0.0, 0.0, 0.0, 1.0]], "height": 480, "intrinsics": [[603.0301, 0.0, 326.28275], [0.0, 603.81976, 245.73769], [0.0, 0.0, 1.0]], "width": 640}, "objects": [{"class": "MacaroniAndCheese", "pose": [[0.9367030974075875, 0.06142315067259756, 0.3446947891990413, 18.1153769419971], [-0.2419252465189845, -0.5981283287885066, 0.7640122620010512, 9.375577249532387], [0.25309972480623205, -0.7990430258998112, -0.5454087918116773, 20.68315608942522], [0.0, 0.0, 0.0, 1.0]]}, {"class": "OrangeJuice", "pose": [[-0.35623479327635216, 0.04164212433988258, 0.9334681030288625, 33.83376592170619], [-0.7488718829273651, -0.6101915988910218, -0.25856754377571406, 1.5538606853670562], [0.5588270373740122, -0.7911587739183714, 0.2485560598202192, 25.310692398701228], [0.0, 0.0, 0.0, 1.0]]}, {"class": "TomatoSauce", "pose": [[-0.4961216467220528, -0.040767025140683644, -0.8672954255312719, 38.00227133046957], [0.7272488356256643, -0.5651927743473655, -0.3894436005344207, -7.801704689865868], [-0.4743125891721038, -0.8239509866272915, 0.3100521206351636, 39.09600310440944], [0.0, 0.0, 0.0, 1.0]]}, {"class": "Mushrooms", "pose": [[-0.10869846926938868, 0.06733436328186504, -0.991791671739789, 16.679362637397364], [0.8210806757873225, -0.5563310152932524, -0.12775908719922077, -7.770871482559677], [-0.5603669797638136, -0.8282281918851613, 0.005185390882840011, 41.233351233973], [0.0, 0.0, 0.0, 1.0]]}, {"class": "Pineapple", "pose": [[0.9616892936672709, 0.012624038343185642, 0.2738509264803451, -1.138601427913688], [-0.20527554643872487, -0.6289399467496283, 0.7498643560720988, 4.581850198115886], [0.18170207406746894, -0.7773514250803555, -0.6022533489543337, 29.712608423838066], [0.0, 0.0, 0.0, 1.0]]}, {"class": "Cherries", "pose": [[0.9891759388721205, 0.07970375166966073, -0.12320011265712101, -13.119643423723726], [0.14644063745767588, -0.5893221695979056, 0.7945153108732212, -2.3495443002134215], [-0.00927871112011032, -0.8039569329791217, -0.5946151137974398, 33.65355477538257], [0.0, 0.0, 0.0, 1.0]]}, {"class": "PeasAndCarrots", "pose": [[0.9437336357643482, 0.009550723788948976, 0.3305686044297032, 1.3175137450350038], [-0.2609467333314834, -0.5925565864737433, 0.7620915648928154, -9.304849690347707], [0.2031590969877626, -0.8054722413873467, -0.5567232955312293, 35.1556301337349], [0.0, 0.0, 0.0, 1.0]]}, {"class": "BBQSauce", "pose": [[0.9696044810945534, 0.09737666464478191, -0.22446587548336044, 29.260070300883502], [0.23690866329413088, -0.6029705547630562, 0.7617748055924989, -16.575707005805075], [-0.0611672212984594, -0.7917981783496152, -0.6077122624420622, 41.0579029637546], [0.0, 0.0, 0.0, 1.0]]}, {"class": "Raisins", "pose": [[0.05117310122888739, 0.33036271056519256, -0.9424658015074734, 37.63543826593933], [-0.5719274292392803, -0.7639345953634272, -0.29883609015851786, -24.881478008184754], [-0.8187065310363116, 0.5543143481735507, 0.1498505841463751, 51.186898466658214], [0.0, 0.0, 0.0, 1.0]]}, {"class": "Ketchup", "pose": [[0.9981971213393863, 0.059976066856496466, 0.0023177978072786887, 19.357543820967372], [0.03772881470122894, -0.657027474519575, 0.7529219702985398, -18.63390608345964], [0.046680142977815225, -0.7514771021592894, -0.658105696148755, 42.231677315691485], [0.0, 0.0, 0.0, 1.0]]}, {"class": "AlphabetSoup", "pose": [[0.8750405004436889, 0.01844018632209038, -0.483698331549896, 21.911561824382808], [0.40320799153359677, -0.5806560993324075, 0.7072919262667161, -26.680056984795424], [-0.2678197716575174, -0.8139401136703558, -0.5155327723716436, 52.534319376818], [0.0, 0.0, 0.0, 1.0]]}, {"class": "Mayo", "pose": [[-0.7228432545962667, 0.6900117872357315, -0.03716660588372052, 22.31783901012857], [0.5607232346487606, 0.5542702939582242, -0.6151210892589034, -33.76954648708483], [-0.4038404034871485, -0.4654762722032774, -0.7875561863439756, 59.610888744377355], [0.0, 0.0, 0.0, 1.0]]}, {"class": "SaladDressing", "pose": [[0.7021912956574119, 0.04161431351565293, -0.7107711495594585, 13.465323112705907], [0.5612304638501303, -0.6466444624316298, 0.5165959395346054, -22.847828245829866], [-0.4381184059467849, -0.7616555995030632, -0.47742327994963485, 44.92638777271304], [0.0, 0.0, 0.0, 1.0]]}, {"class": "Mustard", "pose": [[0.666229034093349, 0.015863340564084345, 0.7455784481794518, 6.324997062726345], [-0.6306812768631183, -0.5215466212590816, 0.5746566870385383, -27.994622067070303], [0.3979698394703497, -0.8530753324694288, -0.3374647568646357, 46.98123646556418], [0.0, 0.0, 0.0, 1.0]]}, {"class": "Cookies", "pose": [[-0.21127648738096075, -0.976920046285534, -0.03145572885691707, 0.971281627683962], [0.8018010430817486, -0.19162947751283416, 0.5660329405182548, -7.914944763998499], [-0.5589967063744163, 0.09436821400648188, 0.8237823138240892, 39.83354411917861], [0.0, 0.0, 0.0, 1.0]]}, {"class": "Parmesan", "pose": [[0.8949009010078498, 0.03794642986141511, 0.4446486699278418, -3.5071309245142013], [-0.32289911668283183, -0.6327035215448636, 0.7038625386826183, -21.949611405921317], [0.3080398103720338, -0.7734638870304527, -0.5539540313124313, 45.99615617554276], [0.0, 0.0, 0.0, 1.0]]}, {"class": "CreamCheese", "pose": [[0.9948420169511295, 0.013741311484056615, 0.1005014004867383, -2.728949092723687], [-0.07692710911662928, -0.543602085560157, 0.8358104160323515, -29.57236164005827], [0.06611788327774187, -0.83923059913536, -0.5397410537538962, 53.85000976818832], [0.0, 0.0, 0.0, 1.0]]}, {"class": "Milk", "pose": [[0.9975619916257192, 0.04687793590275161, 0.051696477846306405, -11.382362608489716], [-0.01405629238982585, -0.5906326914153922, 0.8068181353726668, -20.09937379339292], [0.06835558291468465, -0.8055777677719307, -0.588533730959897, 38.30993622462612], [0.0, 0.0, 0.0, 1.0]]}, {"class": "ChocolatePudding", "pose": [[0.8194464010943765, 0.1090684848328439, -0.5626825527615276, 10.019008064204748], [0.4987111379146403, -0.6195263826974008, 0.6061966027225186, -35.017258949646056], [-0.2824797154836564, -0.7773616849166272, -0.5620622734941779, 59.35443132754108], [0.0, 0.0, 0.0, 1.0]]}, {"class": "Yogurt", "pose": [[0.9447289182190179, 0.04962036836676732, -0.3240757379940022, 9.844033358786108], [0.2968748746650344, -0.5489037445741551, 0.781389817617081, 2.0708290877580553], [-0.13911352681061398, -0.8344114989661422, -0.5332962170998188, 32.398548347105816], [0.0, 0.0, 0.0, 1.0]]}]}