{"camera": {"camera": "RealSense D415", "extrinsics": [[-0.9479206, -0.31846875, -0.0049134837, 0.8158691], [-0.25532192, 0.769006, -0.58603793, -0.18684618], [0.19041328, -0.55426294, -0.8102687, 0.03842068], [0.0, 0.0, 0.0, 1.0]], "height": 480, "intrinsics": [[603.0301, 0.0, 326.28275], [0.0, 603.81976, 245.73769], [0.0, 0.0, 1.0]], "width": 640}, "objects": [{"class": "MacaroniAndCheese", "pose": [[0.9606692062956911, 0.03532816129130762, 0.27543886190079037, 17.777677406352076], [-0.20104080515875355, -0.5957552262941762, 0.7775978002255359, 9.181540800032076], [0.19156523935818395, -0.8023887074949343, -0.5652213007745114, 17.65884353764559], [0.0, 0.0, 0.0, 1.0]]}, {"class": "OrangeJuice", "pose": [[-0.2867285102884604, 0.01663697289308534, 0.9578673927381252, 34.084991725993355], [-0.762955198884929, -0.6086521128042776, -0.2178118545548968, 2.0497858559313853], [0.5793842847649023, -0.793262770995064, 0.18721117599030743, 21.246413672164593], [0.0, 0.0, 0.0, 1.0]]}, {"class": "TomatoSauce", "pose": [[-0.5566496042835788, -0.06958368356194368, -0.8278280610024711, 39.53589620846035], [0.7046822894485824, -0.5672832568433357, -0.4261603118006461, -7.102939212678044], [-0.43995919418136664, -0.820577737333687, 0.36481239307703495, 34.71686692808162], [0.0, 0.0, 0.0, 1.0]]}, {"class": "Mushrooms", "pose": [[-0.18000990553881915, 0.037531952237552554, -0.982948501204088, 18.41444303565869], [0.8150448244986763, -0.553772308532747, -0.17040598073873647, -7.989462611544839], [-0.5507253309970318, -0.8318218486104805, 0.06909428100380005, 38.22883558200468], [0.0, 0.0, 0.0, 1.0]]}, {"class": "Pineapple", "pose": [[0.9793814261782531, -0.010592020351714687, 0.2017419161010903, -0.6273087554866996], [-0.16342207996644303, -0.6286200325879447, 0.760348678120683, 3.571352572898892], [0.11876537855072146, -0.7776404514807252, -0.6173897559674418, 27.906222799035906], [0.0, 0.0, 0.0, 1.0]]}, {"class": "Cherries", "pose": [[0.9792706712884346, 0.05285600370424568, -0.1955381414889037, -12.018400795465478], [0.18895307161051042, -0.5861740298986831, 0.7878431171956681, -3.866168286529184], [-0.07297714520715187, -0.8084591861387115, -0.5840103409361219, 32.601642018342005], [0.0, 0.0, 0.0, 1.0]]}, {"class": "PeasAndCarrots", "pose": [[0.9652676990087455, -0.017043364744224396, 0.26070627633177373, 2.7720293786115735], [-0.21979342785744502, -0.5924323789235622, 0.7750579071172308, -10.190828574093592], [0.14124124243631733, -0.8054398839526797, -0.5756018610709324, 33.15467914345176], [0.0, 0.0, 0.0, 1.0]]}, {"class": "BBQSauce", "pose": [[0.952502411648825, 0.07185026204805464, -0.2959335486169527, 31.325241565401797], [0.278438793635569, -0.5990348930371049, 0.7507523353504097, -16.24373902741776], [-0.12333277328442856, -0.797492785723533, -0.5905880810242231, 37.224689933135075], [0.0, 0.0, 0.0, 1.0]]}, {"class": "Raisins", "pose": [[0.02270778496421511, 0.3981487546256488, -0.9170397457265869, 40.68850504703032], [-0.5700412407429882, -0.7483989296899141, -0.3390458078231941, -24.17003485009878], [-0.821302225709107, 0.530449454072689, 0.20996673168440871, 46.77625046511731], [0.0, 0.0, 0.0, 1.0]]}, {"class": "Ketchup", "pose": [[0.9965702367516122, 0.03950116286355372, -0.07271444769426905, 21.61732279719233], [0.0807897937378382, -0.6546123880523904, 0.7516353268357211, -18.725847685972045], [-0.017909312094882644, -0.7549319761226745, -0.6555585142935613, 39.03284053449481], [0.0, 0.0, 0.0, 1.0]]}, {"class": "AlphabetSoup", "pose": [[0.8376884194107588, -0.009241521617519666, -0.5460702114321174, 25.176893861123983], [0.44028990214288444, -0.5801684329360721, 0.6852367659479522, -26.643631094531962], [-0.32314533263070794, -0.8144440986035502, -0.4819314286740584, 49.13463020205741], [0.0, 0.0, 0.0, 1.0]]}, {"class": "Mayo", "pose": [[-0.7709487383468966, 0.6339221296425427, -0.061487770662229914, 26.34529518931035], [0.5286077158200856, 0.5830262315306481, -0.6169719037638095, -33.701626850519126], [-0.35526315873791625, -0.5081566236377365, -0.7845794616172623, 56.15768480381633], [0.0, 0.0, 0.0, 1.0]]}, {"class": "SaladDressing", "pose": [[0.6475345559015631, 0.02008899547405802, -0.7617712259756394, 16.098880429738983], [0.5905336719668948, -0.6450415013600638, 0.484965439704468, -23.187142675229293], [-0.48163158975623366, -0.7638834351311494, -0.4295498888093185, 42.09560250933052], [0.0, 0.0, 0.0, 1.0]]}, {"class": "Mustard", "pose": [[0.7171414080398684, -0.016889963506353873, 0.6967229718888056, 9.334925749370726], [-0.6009482525537808, -0.5212658829964144, 0.6059233539712947, -28.63493244692848], [0.3529438910628391, -0.8532271750666932, -0.38397134682696477, 44.598930295397416], [0.0, 0.0, 0.0, 1.0]]}, {"class": "Cookies", "pose": [[-0.28135789873030354, -0.9595997150028325, -0.0024676585601835755, 2.6695494322650837], [0.791360867935808, -0.23348264858778867, 0.5650078436797242, -8.812274623645552], [-0.5427575220310106, 0.1570166146558702, 0.8250818460587686, 37.847618319678354], [0.0, 0.0, 0.0, 1.0]]}, {"class": "Parmesan", "pose": [[0.9260377061165211, 0.015067450907138574, 0.37713009469390274, -0.7917294841064959], [-0.2836847815917666, -0.631284019820533, 0.7218056974863508, -23.02058797142244], [0.2489519717115694, -0.7754053561449974, -0.5803184015155397, 44.26238414797749], [0.0, 0.0, 0.0, 1.0]]}, {"class": "CreamCheese", "pose": [[0.9994246310177319, -0.017159321176091157, 0.029256352507907608, 0.8207181141671627], [-0.03388383541389055, -0.5433779036160744, 0.8388041329599791, -30.594499693242195], [0.0015039430713214496, -0.8393128238268981, -0.5436466863781451, 52.0361081249138], [0.0, 0.0, 0.0, 1.0]]}, {"class": "Milk", "pose": [[0.9995712587927539, 0.020081149633788677, -0.021307641236754146, -9.220099878947941], [0.02904808718442566, -0.5889006408443676, 0.8076832781204003, -21.519702456989748], [0.003671122021753282, -0.8079559325690395, -0.5892314753851616, 37.10483238974402], [0.0, 0.0, 0.0, 1.0]]}, {"class": "ChocolatePudding", "pose": [[0.7771977950925567, 0.08515418893940416, -0.6234679790972103, 14.12086790171646], [0.5332913642276521, -0.6150560550417172, 0.5807808570433654, -35.47883473728737], [-0.33401183640467763, -0.7838716861435514, -0.5234322023901656, 56.69499854123667], [0.0, 0.0, 0.0, 1.0]]}, {"class": "Yogurt", "pose": [[0.9200751235869061, 0.01915142967740798, -0.39127350951485246, 10.604077139120827], [0.3371952029396132, -0.5471223142270567, 0.7661309302597297, 1.539096000575857], [-0.19940196897926438, -0.8368335562043957, -0.5098514015597836, 29.871844501113898], [0.0, 0.0, 0.0, 1.0]]}]}