{"camera": {"camera": "RealSense D415", "extrinsics": [[-0.94220114, -0.33502617, -0.003800177, 0.81600344], [-0.26786667, 0.76004314, -0.5920995, -0.17773595], [0.20125714, -0.5568589, -0.8058559, 0.03224063], [0.0, 0.0, 0.0, 1.0]], "height": 480, "intrinsics": [[603.0301, 0.0, 326.28275], [0.0, 603.81976, 245.73769], [0.0, 0.0, 1.0]], "width": 640}, "objects": [{"class": "MacaroniAndCheese", "pose": [[0.965299618150384, 0.036653316571905896, 0.2585597892817246, 17.516636066814716], [-0.1853838122447219, -0.601161842396458, 0.7773270189660045, 9.24941567071482], [0.18392788226239107, -0.7982862937800779, -0.5735063532236642, 17.43953265194004], [0.0, 0.0, 0.0, 1.0]]}, {"class": "OrangeJuice", "pose": [[-0.26993245102904534, 0.018241924755745705, 0.9627064386992866, 33.96090735595401], [-0.7627471492604615, -0.6142647738881226, -0.2022265730948251, 2.386462862132727], [0.5876676393502336, -0.7888891260952509, 0.17972396136230862, 20.924774146709296], [0.0, 0.0, 0.0, 1.0]]}, {"class": "TomatoSauce", "pose": [[-0.5711450594330383, -0.06883537269771632, -0.8179578201846408, 39.67298824963135], [0.6930651943638949, -0.5743801625661092, -0.43560082440502307, -6.583564044257151], [-0.43983398325769246, -0.8156893728357009, 0.37576179171536817, 34.40989886751103], [0.0, 0.0, 0.0, 1.0]]}, {"class": "Mushrooms", "pose": [[-0.19723899679832493, 0.03795789439164156, -0.9796203139205261, 18.600836165579803], [0.8081479579902933, -0.5593725954959409, -0.18438869383646636, -7.755741233032204], [-0.5549717477420317, -0.8280468163030476, 0.07965449841100018, 38.12823800859937], [0.0, 0.0, 0.0, 1.0]]}, {"class": "Pineapple", "pose": [[0.9827687781474299, -0.008540150609391393, 0.18464175469428112, -0.7062709176715476], [-0.14803907954535164, -0.6345152577035398, 0.7586005745313144, 3.444811565540662], [0.11067943729433394, -0.7728631751654681, -0.6248460486647308, 27.90178607325898], [0.0, 0.0, 0.0, 1.0]]}, {"class": "Cherries", "pose": [[0.9756313500143139, 0.05397937644134642, -0.21267270355797172, -11.94122593073671], [0.20284981231091287, -0.5913684479360156, 0.7804712201238679, -4.124827375306247], [-0.08363858007843036, -0.8045928278484038, -0.5879072879255184, 32.759461310783706], [0.0, 0.0, 0.0, 1.0]]}, {"class": "PeasAndCarrots", "pose": [[0.9697045532028166, -0.01578804298788668, 0.24376997404673845, 2.945997340122475], [-0.20444287261977195, -0.598636126980194, 0.7744920350265686, -10.225939621075135], [0.1337017884331884, -0.8008655058634714, -0.5837279187998305, 33.21882603205438], [0.0, 0.0, 0.0, 1.0]]}, {"class": "BBQSauce", "pose": [[0.9470672160959027, 0.07326432577649071, -0.31256360923063936, 31.62278176139619], [0.2915505431363449, -0.6038647496703241, 0.741852854623454, -15.82564171290326], [-0.13439479774920396, -0.7937126278890355, -0.5932607458495821, 37.06252437711719], [0.0, 0.0, 0.0, 1.0]]}, {"class": "Raisins", "pose": [[0.023476038399279055, 0.41416498523109746, -0.9098990183971004, 41.191714938044086], [-0.5757795328248873, -0.7384399548132241, -0.3509763178988898, -23.540955058531978], [-0.8172679107548434, 0.5321407486425112, 0.22113207723703748, 46.58295661743258], [0.0, 0.0, 0.0, 1.0]]}, {"class": "Ketchup", "pose": [[0.9950496517653925, 0.04214383110481202, -0.09000039484239493, 21.970138361841418], [0.09536948038851416, -0.659593789222583, 0.745547254330592, -18.43730596278505], [-0.027943489406236463, -0.7504398475188843, -0.6603477921173083, 38.98076458224599], [0.0, 0.0, 0.0, 1.0]]}, {"class": "AlphabetSoup", "pose": [[0.8279970753590687, -0.008253782875806262, -0.5606716519634951, 25.74129919519137], [0.4501862794853264, -0.5863260340125184, 0.6734642593432671, -26.2257395679907], [-0.3342950119720585, -0.8100331412662659, -0.4817604850124936, 49.1063084052237], [0.0, 0.0, 0.0, 1.0]]}, {"class": "Mayo", "pose": [[-0.7820041610930525, 0.6204107092752232, -0.05966596098423318, 27.08006492930214], [0.5144828090597456, 0.5885064064672095, -0.6236727200539633, -33.212896041150394], [-0.35181941888366414, -0.5184117680669018, -0.7794051225932992, 56.16967226898083], [0.0, 0.0, 0.0, 1.0]]}, {"class": "SaladDressing", "pose": [[0.634157971268181, 0.022508746651233067, -0.7728758029927075, 16.547456378332214], [0.5964126367002469, -0.6503780941872714, 0.47042567361492577, -22.956585111516045], [-0.4920727938384331, -0.7592771068470212, -0.42586693987749574, 42.128383676018025], [0.0, 0.0, 0.0, 1.0]]}, {"class": "Mustard", "pose": [[0.7292573328405634, -0.017138654782672375, 0.6840248475464289, 9.88886032750058], [-0.5876258266278316, -0.5278350861229427, 0.6132585284755593, -28.484817351353904], [0.35054187136083204, -0.8491739632970902, -0.3949987169342766, 44.73566064519116], [0.0, 0.0, 0.0, 1.0]]}, {"class": "Cookies", "pose": [[-0.2981451661387102, -0.9545154021062272, -0.0031289136316451425, 2.867013234087401], [0.7830294576852158, -0.24645312250881096, 0.5710741981680816, -8.81393615215881], [-0.5458702317644778, 0.16781298280573606, 0.8208925037870686, 37.90226489163204], [0.0, 0.0, 0.0, 1.0]]}, {"class": "Parmesan", "pose": [[0.9324377216277285, 0.01717584596875118, 0.3609222473765708, -0.3227341787014115], [-0.26809828765360827, -0.6367830030208871, 0.7229320356930992, -23.02339171019459], [0.24224611022545836, -0.770851757005282, -0.5891556676304412, 44.45380798150591], [0.0, 0.0, 0.0, 1.0]]}, {"class": "CreamCheese", "pose": [[0.9997877821791327, -0.016949410937686385, 0.011708591913824399, 1.474697832135663], [-0.01910081946598414, -0.5498438253859863, 0.8350490640621654, -30.51420933719734], [-0.007715700834659937, -0.835095513890878, -0.5500508708642572, 52.26737285177666], [0.0, 0.0, 0.0, 1.0]]}, {"class": "Milk", "pose": [[0.9990204253501022, 0.021254761550919255, -0.038812470871112156, -8.839112007692885], [0.04384086672941586, -0.5945751832279169, 0.8028439094272105, -21.700860732943777], [-0.006012682705198616, -0.8037590557809424, -0.5949245647940422, 37.365588684388044], [0.0, 0.0, 0.0, 1.0]]}, {"class": "ChocolatePudding", "pose": [[0.7660333605336387, 0.08693159542424746, -0.6368954163101986, 14.888935753214705], [0.5421997966808713, -0.6195851093685275, 0.5675682212196835, -35.166458507373335], [-0.3452713007797877, -0.7801007775099229, -0.521757142437756, 56.8358267885904], [0.0, 0.0, 0.0, 1.0]]}, {"class": "Yogurt", "pose": [[0.9130603318296757, 0.019434550369010775, -0.407361156397419, 10.571961094846216], [0.34924995287103955, -0.5530326377482188, 0.7564253995043316, 1.593508049880163], [-0.21058322756560535, -0.8329329097045954, -0.5117396624238287, 29.77579876048275], [0.0, 0.0, 0.0, 1.0]]}]}