{"camera": {"camera": "RealSense D415", "extrinsics": [[-0.9386628, -0.3448317, -0.0017996945, 0.8169564], [-0.2763176, 0.7552631, -0.59432834, -0.17757376], [0.20630251, -0.5573766, -0.80422044, 0.035345253], [0.0, 0.0, 0.0, 1.0]], "height": 480, "intrinsics": [[603.0301, 0.0, 326.28275], [0.0, 603.81976, 245.73769], [0.0, 0.0, 1.0]], "width": 640}, "objects": [{"class": "MacaroniAndCheese", "pose": [[0.9678609082951002, 0.0387729022448029, 0.24847924598212845, 17.421355046506882], [-0.17562728274280104, -0.6029821259993448, 0.7781822554655798, 8.690053680674122], [0.18000089623690207, -0.7968118935708255, -0.5767932098595451, 17.970392081694136], [0.0, 0.0, 0.0, 1.0]]}, {"class": "OrangeJuice", "pose": [[-0.2599264341286647, 0.02053099186839402, 0.9654101401229447, 33.94637478664766], [-0.7636729283070722, -0.61623473912283, -0.19250562149953893, 1.9944615335725917], [0.5909668955043738, -0.7872948630157832, 0.17585462862537865, 21.398783227850174], [0.0, 0.0, 0.0, 1.0]]}, {"class": "TomatoSauce", "pose": [[-0.5797616429954034, -0.06704590940566113, -0.8120229644421337, 39.805607291674065], [0.6863509088562371, -0.577259535783273, -0.4423729961235291, -6.8832619196927585], [-0.43908865236472266, -0.8138035653613682, 0.38068994692761526, 34.88185579869407], [0.0, 0.0, 0.0, 1.0]]}, {"class": "Mushrooms", "pose": [[-0.20750476163656756, 0.03954114295835827, -0.9774345417212581, 18.7628340129786], [0.8046896860021338, -0.5612645181159626, -0.19353722997307082, -8.246839778858671], [-0.5562519625644612, -0.8266913631361507, 0.0846467222127787, 38.699970430284175], [0.0, 0.0, 0.0, 1.0]]}, {"class": "Pineapple", "pose": [[0.9846371025656574, -0.005982392614769896, 0.17451074083808654, -0.6971778336249401], [-0.138319136423692, -0.6366964009542763, 0.7586076185688365, 2.740146625957171], [0.10657204370700057, -0.7710913577058242, -0.6277423363877819, 28.531826045606163], [0.0, 0.0, 0.0, 1.0]]}, {"class": "Cherries", "pose": [[0.9732506855794223, 0.05597535768485211, -0.2228225163429061, -11.836793228020326], [0.21194826392391816, -0.5930407536518958, 0.7767757767640758, -4.923268824246474], [-0.08866254249842805, -0.8032243768057382, -0.5890411508416336, 33.46150032643046], [0.0, 0.0, 0.0, 1.0]]}, {"class": "PeasAndCarrots", "pose": [[0.9722192280480318, -0.01370147455630176, 0.23367082326816516, 3.1101650683594384], [-0.19478171114236514, -0.6009656359782602, 0.77517765629403, -10.880305583852387], [0.12980702765792765, -0.7991573983528328, -0.5869391037838907, 33.86913212144335], [0.0, 0.0, 0.0, 1.0]]}, {"class": "BBQSauce", "pose": [[0.9436065072985415, 0.07542861396908408, -0.3223620557955021, 31.8565355213496], [0.3002312255284707, -0.605321834337858, 0.7371883731661352, -16.19462706482763], [-0.13952770024797592, -0.7923988763047964, -0.5938315965124286, 37.59644268142681], [0.0, 0.0, 0.0, 1.0]]}, {"class": "Raisins", "pose": [[0.02526651686061668, 0.4236462709023795, -0.9054752628947891, 41.54229653057222], [-0.5777795484859904, -0.7329715905151906, -0.3590591180972325, -23.79171108132887], [-0.8158016725017133, 0.5322372122346543, 0.22625451239296787, 47.093785253535614], [0.0, 0.0, 0.0, 1.0]]}, {"class": "Ketchup", "pose": [[0.993952070465646, 0.04504136749369066, -0.10015272472330274, 22.2382161187082], [0.10481270270354424, -0.6612266976770049, 0.7428280831194706, -18.89327172014352], [-0.032765679507324154, -0.7488327668181909, -0.6619485032145065, 39.56601393079376], [0.0, 0.0, 0.0, 1.0]]}, {"class": "AlphabetSoup", "pose": [[0.8221109553245004, -0.00632743724734559, -0.5692921500525597, 26.129991668802923], [0.45716815605620836, -0.5886093092795746, 0.6667356054369634, -26.617302509157735], [-0.3393093780217921, -0.8083928604321199, -0.4810094100024743, 49.69524949607349], [0.0, 0.0, 0.0, 1.0]]}, {"class": "Mayo", "pose": [[-0.7884957981322589, 0.6123708641797266, -0.057239081663619254, 27.567864444387567], [0.5060016271148962, 0.5929866908158721, -0.6263618341758416, -33.57182254958845], [-0.34962368047792647, -0.5228467178769731, -0.7774281413586945, 56.77133083933852], [0.0, 0.0, 0.0, 1.0]]}, {"class": "SaladDressing", "pose": [[0.6261616853240334, 0.025278756592589165, -0.7792833500951031, 16.873510574647998], [0.6010967425862725, -0.6522237799005762, 0.46182989988109585, -23.45555625443813], [-0.49659262304884005, -0.7576048485585941, -0.4235924733704218, 42.750721695450935], [0.0, 0.0, 0.0, 1.0]]}, {"class": "Mustard", "pose": [[0.7364471841689468, -0.01595093385242231, 0.6763069747363349, 10.280167171083587], [-0.5796494506628237, -0.5303142290948997, 0.6186867884524245, -29.04006425022513], [0.34878653593282083, -0.8476510787263433, -0.3997943526466314, 45.403501191123496], [0.0, 0.0, 0.0, 1.0]]}, {"class": "Cookies", "pose": [[-0.30812298343388494, -0.9513341313784699, -0.004858908552455219, 3.039009422133665], [0.7786316133737006, -0.25511520150198314, 0.5732792112552793, -9.456215432745168], [-0.54661961307481, 0.1728572070925431, 0.8193456583641598, 38.54903532826117], [0.0, 0.0, 0.0, 1.0]]}, {"class": "Parmesan", "pose": [[0.9360596230783664, 0.01976306445857088, 0.35128594444375444, 0.015515156159040533], [-0.25849143017725673, -0.6387123246100744, 0.7247266770003135, -23.67743601469394], [0.23869344602723347, -0.7691917621568796, -0.5927641986285334, 45.153669706942495], [0.0, 0.0, 0.0, 1.0]]}, {"class": "CreamCheese", "pose": [[0.9998793670838825, -0.015486546657854115, 0.00119565492413332, 1.920277075954091], [-0.009550791529000536, -0.5522812487853108, 0.8336031514222545, -31.129133292074822], [-0.012249316502794616, -0.8335139811424087, -0.552362490405926, 52.97920427923071], [0.0, 0.0, 0.0, 1.0]]}, {"class": "Milk", "pose": [[0.9985165290922945, 0.02328712441399093, -0.04921851688289669, -8.545383863703371], [0.05338512153587737, -0.5965582836203465, 0.800792265498582, -22.456035789103193], [-0.010713583804080483, -0.802231823448158, -0.5969164463232731, 38.10102350327795], [0.0, 0.0, 0.0, 1.0]]}, {"class": "ChocolatePudding", "pose": [[0.7592187333508875, 0.08930786645654054, -0.6446790142049, 15.399184483662854], [0.5485537041212881, -0.6208730561105974, 0.5600049029522032, -35.6401495909475], [-0.3502509740821144, -0.7788072507710722, -0.520368566136563, 57.49869142764488], [0.0, 0.0, 0.0, 1.0]]}, {"class": "Yogurt", "pose": [[0.9087010513895623, 0.02093579212042421, -0.4169221788894676, 10.606709649099821], [0.3573921845016315, -0.5551156590823814, 0.7510775199261991, 1.0020614276858768], [-0.21571562823452298, -0.8315096314666074, -0.5119164227056404, 30.359107315173834], [0.0, 0.0, 0.0, 1.0]]}]}