{"camera": {"camera": "RealSense D415", "extrinsics": [[-0.76711035, -0.6386046, 0.061040394, 0.5808159], [-0.51323134, 0.5538404, -0.65563285, 0.07089024], [0.3848835, -0.5342706, -0.75260854, 0.07633075], [0.0, 0.0, 0.0, 1.0]], "height": 480, "intrinsics": [[607.7151, 0.0, 326.28275], [0.0, 609.8564, 245.73769], [0.0, 0.0, 1.0]], "width": 640}, "objects": [{"class": "Cookies", "pose": [[-0.9812537401509794, 0.10005499537797377, 0.16471246419106866, -7.751253452813744], [-0.1897795704561452, -0.6504051605995724, -0.7354977173316971, -8.86455205346911], [0.033539599317409206, -0.7529688640610541, 0.6572008687190155, 58.61009295606925], [0.0, 0.0, 0.0, 1.0]]}, {"class": "Mustard", "pose": [[0.6177335943295983, 0.09230642461074486, -0.7809512346699253, 1.1817944170503636], [0.6196669731583283, -0.6685665015561046, 0.41113468093927225, -1.0636427498083925], [-0.4841674334930167, -0.7379013100334195, -0.47019522520814927, 53.89407169584365], [0.0, 0.0, 0.0, 1.0]]}, {"class": "AlphabetSoup", "pose": [[0.8412742402454787, 0.08291428953918024, -0.5342124800207034, 8.679860658448863], [0.4410806268186939, -0.676630739900581, 0.5895920394340746, 0.9675138596464918], [-0.3125789539747543, -0.7316392890246013, -0.605803883365251, 58.3061214096774], [0.0, 0.0, 0.0, 1.0]]}, {"class": "GranolaBars", "pose": [[0.8437579027920541, 0.09533538091128577, -0.5281892342169797, 9.959508893336155], [0.4514586039009806, -0.6582846949042763, 0.6023673629237993, -7.697033330838527], [-0.2902719423535646, -0.746707714789769, -0.598472877387542, 62.785110742006445], [0.0, 0.0, 0.0, 1.0]]}, {"class": "Milk", "pose": [[-0.520369611039091, -0.8464469690052063, -0.11288532716517698, -13.577120074319126], [0.59410721786212, -0.4538119956670154, 0.6641470746529438, 1.3916924227322576], [-0.6133939781217106, 0.27853594362809586, 0.7390301431768683, 55.34626425351832], [0.0, 0.0, 0.0, 1.0]]}]}