{"camera": {"camera": "RealSense D415", "extrinsics": [[-0.9322745, -0.36168578, 0.0069029927, 0.8041146], [-0.29554555, 0.7505114, -0.59108835, -0.17469452], [0.2086075, -0.5530968, -0.80657727, 0.05107065], [0.0, 0.0, 0.0, 1.0]], "height": 480, "intrinsics": [[603.0301, 0.0, 326.28275], [0.0, 603.81976, 245.73769], [0.0, 0.0, 1.0]], "width": 640}, "objects": [{"class": "MacaroniAndCheese", "pose": [[0.9717894214559519, 0.04766516308532094, 0.23098348479523106, 15.68351706128437], [-0.1572495008640798, -0.5989709439709336, 0.7851792411707731, 7.65100662342059], [0.17577809440810183, -0.7993509019999998, -0.574578329015681, 19.882059681019655], [0.0, 0.0, 0.0, 1.0]]}, {"class": "OrangeJuice", "pose": [[-0.24266110242177766, 0.02972287981092211, 0.9696556901606795, 32.349637167496034], [-0.7709537479700024, -0.6126172565794382, -0.17415640511055577, 1.2685433191604811], [0.5888514034846395, -0.7898206571414145, 0.17157334683243153, 23.223572747235206], [0.0, 0.0, 0.0, 1.0]]}, {"class": "TomatoSauce", "pose": [[-0.594774173092124, -0.05870142396599846, -0.8017467452511056, 38.432355940035826], [0.6765252109662241, -0.5752695075583909, -0.4597593616334323, -7.544982169552326], [-0.43423194505065643, -0.8158548642961423, 0.38186845572560696, 36.64967300409906], [0.0, 0.0, 0.0, 1.0]]}, {"class": "Mushrooms", "pose": [[-0.2253542311816311, 0.04750185557302524, -0.9731182157782513, 17.43479173690887], [0.8026263875962545, -0.5571293715872434, -0.21306755562012292, -9.33741598173709], [-0.5522738683359365, -0.8290660185039797, 0.08742522800443595, 40.538777271268614], [0.0, 0.0, 0.0, 1.0]]}, {"class": "Pineapple", "pose": [[0.9875558769339243, 0.00367738518801881, 0.15722558457591634, -2.2751557107730247], [-0.11933055947379459, -0.6336601966457057, 0.7643526743405435, 1.3042594948356745], [0.10243841463816163, -0.773602775145431, -0.6253360509918777, 30.485427330777497], [0.0, 0.0, 0.0, 1.0]]}, {"class": "Cherries", "pose": [[0.9685582018326413, 0.06464484840636729, -0.24024169269930995, -13.24352115325167], [0.23140829624943132, -0.5886678452103243, 0.7745452901227353, -6.596198255352499], [-0.09135220678764415, -0.8057860983967051, -0.5851184470874683, 35.424899974405015], [0.0, 0.0, 0.0, 1.0]]}, {"class": "PeasAndCarrots", "pose": [[0.9763371974630382, -0.0048470699377462486, 0.2161994459679144, 1.819112211635554], [-0.17611733624245948, -0.5979784186126212, 0.7819236105639447, -12.259459830899191], [0.12549256673252251, -0.8014975607478816, -0.584682251301072, 35.75438551036659], [0.0, 0.0, 0.0, 1.0]]}, {"class": "BBQSauce", "pose": [[0.9369948569680857, 0.0843759330716587, -0.3390005274441911, 30.678079946722043], [0.31928963692606716, -0.6006060667558023, 0.7330255918702245, -17.021571906603334], [-0.1417560678108301, -0.7950805487854207, -0.5897051783376995, 39.35590669857276], [0.0, 0.0, 0.0, 1.0]]}, {"class": "Raisins", "pose": [[0.033595319814891465, 0.43995281803843284, -0.8973922721198174, 40.5465753230634], [-0.5739647495277013, -0.7265745631561595, -0.37769552351462, -24.46376510287204], [-0.818190592547169, 0.5277603536698997, 0.2281079186217413, 48.78754242374429], [0.0, 0.0, 0.0, 1.0]]}, {"class": "Ketchup", "pose": [[0.9915699966257494, 0.05525600434434611, -0.11719954543128971, 21.122073827393873], [0.12448240281767166, -0.6572686828719683, 0.7433048149402983, -19.916702329078106], [-0.03595954366215072, -0.7516280158707087, -0.658606328662487, 41.34962932463744], [0.0, 0.0, 0.0, 1.0]]}, {"class": "AlphabetSoup", "pose": [[0.8116953940011455, 0.002248189619435309, -0.5840766650659418, 25.20258720013483], [0.47458771110063447, -0.5854432103103193, 0.6572844057048305, -27.602329228619148], [-0.3404660351141465, -0.8107103163091671, -0.4762685388937118, 51.43370372665564], [0.0, 0.0, 0.0, 1.0]]}, {"class": "Mayo", "pose": [[-0.7995874463678444, 0.5986447139264327, -0.047795813338416995, 26.80321885607665], [0.4917530389377172, 0.6069711359471459, -0.6243116423962436, -34.55491582348576], [-0.34473019809986677, -0.5226955091367428, -0.7797118406326249, 58.4766637405157], [0.0, 0.0, 0.0, 1.0]]}, {"class": "SaladDressing", "pose": [[0.6123707590877031, 0.03528772231280189, -0.7897827851644508, 15.859993187623388], [0.6152479554847152, -0.6486221100894191, 0.4480617698308701, -24.596148958348614], [-0.4964595183535437, -0.7602921521713254, -0.4189079244407654, 44.535560703557394], [0.0, 0.0, 0.0, 1.0]]}, {"class": "Mustard", "pose": [[0.7489945604257685, -0.008665622593732627, 0.6625194888540755, 9.387649456901103], [-0.5664071290078045, -0.527195224786747, 0.6334415499319034, -30.319707081113666], [0.343787960468538, -0.8497000226693315, -0.3997746476316742, 47.18995285003997], [0.0, 0.0, 0.0, 1.0]]}, {"class": "Cookies", "pose": [[-0.32540405628689373, -0.9454844611319685, -0.013090133071075764, 1.7373406491272503], [0.7745554715471528, -0.2744655712804048, 0.5698530597329735, -10.855420622462542], [-0.5423800268368437, 0.17529347436169782, 0.8216423574226664, 40.44017035238568], [0.0, 0.0, 0.0, 1.0]]}, {"class": "Parmesan", "pose": [[0.941842104082621, 0.029464385450624332, 0.3347615847749408, -0.981339499049283], [-0.24095315753023458, -0.6351764650380287, 0.7338204631563143, -25.15919980717617], [0.23425425360091076, -0.7718048525220157, -0.5911364254296617, 46.9988689448655], [0.0, 0.0, 0.0, 1.0]]}, {"class": "CreamCheese", "pose": [[0.9998214403215654, -0.007716816557915012, -0.017249808384877094, 1.098648433071181], [0.010178090616627689, -0.5492041543387702, 0.8356262569698136, -32.602615367169406], [-0.015922044452108652, -0.8356526030820951, -0.5490275718386035, 54.787587259376835], [0.0, 0.0, 0.0, 1.0]]}, {"class": "Milk", "pose": [[0.9972268347253878, 0.03203602634449705, -0.06717403362483697, -9.590731978094059], [0.07306848108638184, -0.5928319074053683, 0.8020045914100402, -24.078860629640996], [-0.014129875605622927, -0.8046887886659178, -0.5935287349296202, 39.98232652012343], [0.0, 0.0, 0.0, 1.0]]}, {"class": "ChocolatePudding", "pose": [[0.7469778880695953, 0.09860871429938688, -0.6574955314472487, 14.680354268432838], [0.5647599915809263, -0.615934328451085, 0.5492459312129372, -36.865175515897164], [-0.3508136532255209, -0.7816017199515964, -0.5157795956178161, 59.239983634536564], [0.0, 0.0, 0.0, 1.0]]}, {"class": "Yogurt", "pose": [[0.9006893296767287, 0.02876141273522416, -0.43351070369455713, 9.067434933571528], [0.3760510591151473, -0.5513290210331366, 0.7447294471913691, -0.21817102401560373], [-0.21758757524275843, -0.833792011047619, -0.5073919476987702, 32.264644691750064], [0.0, 0.0, 0.0, 1.0]]}]}