{"camera": {"camera": "RealSense D415", "extrinsics": [[-0.93245, -0.36075214, 0.019871628, 0.785235], [-0.30157354, 0.7468411, -0.5926903, -0.17286256], [0.19897334, -0.5586468, -0.8051853, 0.07244944], [0.0, 0.0, 0.0, 1.0]], "height": 480, "intrinsics": [[603.0301, 0.0, 326.28275], [0.0, 603.81976, 245.73769], [0.0, 0.0, 1.0]], "width": 640}, "objects": [{"class": "MacaroniAndCheese", "pose": [[0.9708584489267191, 0.060605259167679615, 0.23186393655314474, 13.464650953378287], [-0.15014196289004325, -0.6002750341817066, 0.7855745422609005, 7.415085950119426], [0.18679206050140484, -0.7974941822080557, -0.5736826364667271, 21.25331357438217], [0.0, 0.0, 0.0, 1.0]]}, {"class": "OrangeJuice", "pose": [[-0.24379610055251064, 0.04265387171031556, 0.9688880838097895, 30.13668337814265], [-0.7714009504592437, -0.614025764090581, -0.16707190605933608, 1.1552878425598627], [0.5877959228795245, -0.7881326629153314, 0.18260030284111375, 24.79158501621972], [0.0, 0.0, 0.0, 1.0]]}, {"class": "TomatoSauce", "pose": [[-0.5946184405543268, -0.04573442206303375, -0.8027062246902053, 36.13195161068576], [0.6714855174910994, -0.5773460702827325, -0.4645199694949056, -7.58809612886681], [-0.44219467854290206, -0.8152177361346198, 0.3740105892422832, 38.302611598909074], [0.0, 0.0, 0.0, 1.0]]}, {"class": "Mushrooms", "pose": [[-0.22480145352150332, 0.060479972062275976, -0.9725258299084205, 15.105722338562655], [0.7999020431599398, -0.5584970403257159, -0.21963120094084124, -9.51809628485494], [-0.556436024349959, -0.8272988024030278, 0.07717288548187307, 41.964364045375426], [0.0, 0.0, 0.0, 1.0]]}, {"class": "Pineapple", "pose": [[0.9871691417490344, 0.016577438798695086, 0.1588152526253278, -4.56540528868249], [-0.11226607490014359, -0.6352153256769753, 0.7641321257363524, 0.9658324833962784], [0.11354922009248591, -0.7721572162708609, -0.6252038226712101, 31.67208121966577], [0.0, 0.0, 0.0, 1.0]]}, {"class": "Cherries", "pose": [[0.9678826599766032, 0.07758315538993935, -0.23913180650313282, -15.532626695613228], [0.2379317248520202, -0.5898677172336652, 0.7716506059125681, -7.000298861953066], [-0.08118903515981127, -0.8037642775958815, -0.5893821667950765, 36.507519640106686], [0.0, 0.0, 0.0, 1.0]]}, {"class": "PeasAndCarrots", "pose": [[0.9760900795027366, 0.008114246178634047, 0.21721493058809863, -0.43574521507951935], [-0.16908158215074084, -0.5996512010945062, 0.7821955910985866, -12.558254890393577], [0.13660010218084764, -0.8002203944127577, -0.5839415590241418, 37.01477687533264], [0.0, 0.0, 0.0, 1.0]]}, {"class": "BBQSauce", "pose": [[0.9362695653183958, 0.0972771987030282, -0.3375447496793491, 28.414038892964644], [0.32548777134781653, -0.601646664978788, 0.7294375150440813, -17.112635570430175], [-0.1321250196164742, -0.792816827955084, -0.5949659388637802, 40.943676112143166], [0.0, 0.0, 0.0, 1.0]]}, {"class": "Raisins", "pose": [[0.04657122226345094, 0.4391261201697518, -0.8972175779634753, 38.22927546043719], [-0.5754059821487273, -0.7224143259886889, -0.38343915351006264, -24.466711450259005], [-0.8165409716367585, 0.5341215327826366, 0.2190320564709541, 50.49919171905783], [0.0, 0.0, 0.0, 1.0]]}, {"class": "Ketchup", "pose": [[0.9910216404970155, 0.0680728907302983, -0.1150747582196972, 18.856897562115517], [0.13128260887153836, -0.6584200656975877, 0.7411126640568314, -20.069856086637074], [-0.02531784714072824, -0.749566001424432, -0.6614452570169491, 42.83836823866692], [0.0, 0.0, 0.0, 1.0]]}, {"class": "AlphabetSoup", "pose": [[0.8120955498598215, 0.015223711536155435, -0.5833258667931971, 22.879138908226004], [0.47950241786528836, -0.5870861278126923, 0.6522326248525049, -27.70615872364025], [-0.33253309139412984, -0.80938136829464, -0.4840697839060293, 52.983142718106414], [0.0, 0.0, 0.0, 1.0]]}, {"class": "Mayo", "pose": [[-0.7991227625209976, 0.6001546430826481, -0.034888754237500035, 24.450133104996407], [0.4854823473265142, 0.6100283827989602, -0.6262366563406918, -34.63291995355081], [-0.35455566427632246, -0.5173777942448453, -0.7788520468339185, 60.0581491757902], [0.0, 0.0, 0.0, 1.0]]}, {"class": "SaladDressing", "pose": [[0.6135333673219294, 0.048141942872304104, -0.7881999561559179, 13.59252366253314], [0.6184543600657039, -0.6499301110505717, 0.441707077593578, -24.779101208243638], [-0.4910102020910039, -0.7584677281058759, -0.42852736058498425, 45.97624144623186], [0.0, 0.0, 0.0, 1.0]]}, {"class": "Mustard", "pose": [[0.7490606174348231, 0.004337553572275131, 0.6624872733889053, 7.131060928771138], [-0.5604873509440516, -0.5289958661881846, 0.6371949388674388, -30.541922546845935], [0.35321685071631787, -0.8486133594441106, -0.39381878376798896, 48.571532762810534], [0.0, 0.0, 0.0, 1.0]]}, {"class": "Cookies", "pose": [[-0.324757727389502, -0.9454376765097215, -0.026077359946909993, -0.578821568057164], [0.7711583253265092, -0.28065452101955973, 0.5714437542240188, -11.14514512119222], [-0.5475831231453588, 0.16547098721408574, 0.8202268512687452, 41.696362320612494], [0.0, 0.0, 0.0, 1.0]]}, {"class": "Parmesan", "pose": [[0.9408482995477878, 0.042352939943724036, 0.33617066511112387, -3.270621668520257], [-0.23393041718408222, -0.6365489790952293, 0.7349027447626311, -25.453865961559085], [0.2451143586233718, -0.7700725384585657, -0.5889883263818598, 48.2553684899498], [0.0, 0.0, 0.0, 1.0]]}, {"class": "CreamCheese", "pose": [[0.999841898984822, 0.005283720688475597, -0.016978506860403225, -1.2251317994937172], [0.0170798909151378, -0.550968635932701, 0.8343512010391869, -32.86657868958676], [-0.004946150949443068, -0.8345092701532045, -0.5509717102761473, 56.082409441307455], [0.0, 0.0, 0.0, 1.0]]}, {"class": "Milk", "pose": [[0.9967930118031758, 0.044993791732954744, -0.06617598273498976, -11.809480008431883], [0.0799543395702164, -0.5942555855425949, 0.8002922527215072, -24.447757990360056], [-0.003317266450562871, -0.8030167753356829, -0.5959472008309522, 41.14226228355097], [0.0, 0.0, 0.0, 1.0]]}, {"class": "ChocolatePudding", "pose": [[0.7468741120803604, 0.11146629620463253, -0.6555565085327809, 12.335857780410663], [0.5692020829175876, -0.6168479755630145, 0.5436061542852845, -37.025629572808825], [-0.3437849038632312, -0.7791494898174801, -0.5241545805374396, 60.693031792237186], [0.0, 0.0, 0.0, 1.0]]}, {"class": "Yogurt", "pose": [[0.9004098622481882, 0.04175306401400917, -0.43303437736135475, 6.76715608462235], [0.38183932187304065, -0.5528365860682599, 0.7406554722046369, -0.4742105225909843], [-0.2084725901816063, -0.8322430349396974, -0.5137224171114234, 33.579199179926064], [0.0, 0.0, 0.0, 1.0]]}]}