{"camera": {"camera": "RealSense D415", "extrinsics": [[-0.934568, -0.3541121, 0.034456786, 0.7543558], [-0.30394393, 0.7443005, -0.5946721, -0.17279103], [0.18493438, -0.56623447, -0.80322963, 0.09500511], [0.0, 0.0, 0.0, 1.0]], "height": 480, "intrinsics": [[603.0301, 0.0, 326.28275], [0.0, 603.81976, 245.73769], [0.0, 0.0, 1.0]], "width": 640}, "objects": [{"class": "MacaroniAndCheese", "pose": [[0.968223791532092, 0.07508611017774006, 0.23854723120393242, 10.087595887469746], [-0.14666823943472868, -0.6021114506236489, 0.7848250433733293, 7.256806500310156], [0.20256148346953748, -0.7948735349305234, -0.5719658683912695, 22.410768595662717], [0.0, 0.0, 0.0, 1.0]]}, {"class": "OrangeJuice", "pose": [[-0.25074506189196905, 0.05703035177169182, 0.9663718067385112, 26.720353113123913], [-0.7706525089747016, -0.6158936843316706, -0.16361479196057493, 1.0575309954365757], [0.5858512666748054, -0.7857624123177376, 0.19838288849353683, 26.22934000904089], [0.0, 0.0, 0.0, 1.0]]}, {"class": "TomatoSauce", "pose": [[-0.5895668936982673, -0.0310281807943316, -0.8071233770601869, 32.52699410675713], [0.6685196575117476, -0.5795560621228971, -0.4660433011147423, -7.632909746405741], [-0.45331276753050453, -0.814341499001632, 0.36242999809689935, 39.85640989426445], [0.0, 0.0, 0.0, 1.0]]}, {"class": "Mushrooms", "pose": [[-0.21837593096478658, 0.0753066916347054, -0.9729547116468287, 11.451263086287922], [0.797786378594829, -0.5604099813114969, -0.22243575951708153, -9.618498008310691], [-0.562004423156788, -0.8247845846613963, 0.06230138826734267, 43.18907380503662], [0.0, 0.0, 0.0, 1.0]]}, {"class": "Pineapple", "pose": [[0.9855796592182146, 0.030768279713855467, 0.16639129858326035, -8.085849799569589], [-0.10892857959581628, -0.6371229540528747, 0.7630262289745497, 0.7784370295243676], [0.12948872737412406, -0.7701478529124137, -0.6245838613511666, 32.55882847514251], [0.0, 0.0, 0.0, 1.0]]}, {"class": "Cherries", "pose": [[0.9683201470901338, 0.09212961571753678, -0.23209533082883355, -19.10412872556885], [0.24071158736719983, -0.5916677461199921, 0.7694071289281091, -7.209192774744404], [-0.06643812800454191, -0.8009004127876491, -0.595100453425074, 37.24027686538201], [0.0, 0.0, 0.0, 1.0]]}, {"class": "PeasAndCarrots", "pose": [[0.9743092199471538, 0.02264333202280001, 0.22407329021180036, -4.000338759827438], [-0.16571921197823794, -0.6016566178498398, 0.7813747993861531, -12.719203939691875], [0.15250811397071865, -0.79843387412747, -0.5824471388390537, 38.00141397007026], [0.0, 0.0, 0.0, 1.0]]}, {"class": "BBQSauce", "pose": [[0.9372530154598916, 0.11168318629887089, -0.3302781658767981, 24.79718218961632], [0.32803978300505793, -0.6033579527134264, 0.7268763318477266, -17.17448434299983], [-0.11809608250876452, -0.7896113648771097, -0.6021355773211705, 42.39936351665208], [0.0, 0.0, 0.0, 1.0]]}, {"class": "Raisins", "pose": [[0.061280498915175514, 0.4327907490402229, -0.8994091860456925, 34.4818518708406], [-0.5773343690796808, -0.7196943247984298, -0.38564909603063297, -24.473894583586578], [-0.8142050010225098, 0.5428925962558259, 0.20576173347696983, 52.12844286314571], [0.0, 0.0, 0.0, 1.0]]}, {"class": "Ketchup", "pose": [[0.9908940979794821, 0.0819690746698066, -0.10681747671926076, 15.220221719996552], [0.13427686362135277, -0.6601110631344775, 0.7390691634484745, -20.15636921195297], [-0.009930573063671998, -0.7466823422814769, -0.6651066900630146, 44.14983538412567], [0.0, 0.0, 0.0, 1.0]]}, {"class": "AlphabetSoup", "pose": [[0.8158073891926088, 0.029859013563708462, -0.5775523863626636, 19.10415862699868], [0.48116011123117797, -0.58909299475964, 0.6491952795746935, -27.754390636327958], [-0.3208477183115622, -0.8075134300556246, -0.4949533792762388, 54.376912959051616], [0.0, 0.0, 0.0, 1.0]]}, {"class": "Mayo", "pose": [[-0.7948690385727547, 0.6064308385339988, -0.02061226670798259, 20.583738274372454], [0.4821094810216034, 0.610560555951926, -0.6283202813547405, -34.65825189255705], [-0.36844775847239714, -0.5093696872316426, -0.7776816937083633, 61.49388665340088], [0.0, 0.0, 0.0, 1.0]]}, {"class": "SaladDressing", "pose": [[0.6193635680543725, 0.06215617597992309, -0.7826400170576351, 9.921070695020596], [0.6190948341653812, -0.651705351772299, 0.43818014664978666, -24.87384927208325], [-0.4828150665834231, -0.7559211650672037, -0.4421231156662026, 47.21598142834637], [0.0, 0.0, 0.0, 1.0]]}, {"class": "Mustard", "pose": [[0.745063204459802, 0.019420087481502927, 0.6667111049830865, 3.4368104378115216], [-0.5572718535363298, -0.5311365884875141, 0.6382335981151215, -30.64997303446012], [0.3665092152719363, -0.8470636558243745, -0.38490804593447986, 49.723352765341176], [0.0, 0.0, 0.0, 1.0]]}, {"class": "Cookies", "pose": [[-0.31837210878549393, -0.9470858764975651, -0.04083575433099172, -4.222020109720992], [0.7687567999062817, -0.2831503852664357, 0.5734448204127983, -11.294640185572643], [-0.5546641411720495, 0.15117605988542418, 0.8182258460463678, 42.67646132835888], [0.0, 0.0, 0.0, 1.0]]}, {"class": "Parmesan", "pose": [[0.9375469965255488, 0.05651138309188365, 0.3432376856238693, -6.9739959547411186], [-0.2304003433820683, -0.6383717150348883, 0.7344367606198544, -25.59487551111561], [0.26061726994474377, -0.7676510138567314, -0.5854832237171147, 49.228999549128446], [0.0, 0.0, 0.0, 1.0]]}, {"class": "CreamCheese", "pose": [[0.9997377519169102, 0.020209178258720695, -0.010771836041120465, -5.030440341861453], [0.020154102025497913, -0.5530703896736392, 0.8328907949873987, -32.98130671843747], [0.010874465637590093, -0.8328894206977949, -0.5533326346870331, 57.10669890234983], [0.0, 0.0, 0.0, 1.0]]}, {"class": "Milk", "pose": [[0.9964718459724087, 0.05954601199910871, -0.05914514844691538, -15.401886167160084], [0.08302277836251802, -0.5961542951274834, 0.798565836240799, -24.633229836300732], [0.012291786097210664, -0.8006587208585578, -0.5989946330565761, 41.978720602585106], [0.0, 0.0, 0.0, 1.0]]}, {"class": "ChocolatePudding", "pose": [[0.7504998033388619, 0.12569977998509677, -0.6488063088823139, 8.468256999565382], [0.5706290769191975, -0.6184805731941816, 0.540244719819348, -37.08672946830556], [-0.3333654411023205, -0.775681254456831, -0.5358974900910022, 61.94267510930099], [0.0, 0.0, 0.0, 1.0]]}, {"class": "Yogurt", "pose": [[0.9024382999730421, 0.05664347236389713, -0.42707920544764366, 3.2193435904098955], [0.384085989703163, -0.5548199650054697, 0.7380060156137045, -0.6217556471806801], [-0.19514883361662294, -0.8300399861304479, -0.5224467435878423, 34.64924375438787], [0.0, 0.0, 0.0, 1.0]]}]}