{"camera": {"camera": "RealSense D415", "extrinsics": [[-0.92563945, -0.37824777, -0.010962802, 0.7429047], [-0.30102202, 0.7535911, -0.58436817, -0.17211589], [0.22929744, -0.5376142, -0.8114146, 0.045265846], [0.0, 0.0, 0.0, 1.0]], "height": 480, "intrinsics": [[603.0301, 0.0, 326.28275], [0.0, 603.81976, 245.73769], [0.0, 0.0, 1.0]], "width": 640}, "objects": [{"class": "MacaroniAndCheese", "pose": [[0.9764684847160311, 0.02999690124370188, 0.2135636996405169, 9.855637876294033], [-0.15477169088291337, -0.5921455637174643, 0.7908282886994524, 7.524297568479896], [0.15018318449271922, -0.8052725342806045, -0.5735687940709429, 21.11973414221716], [0.0, 0.0, 0.0, 1.0]]}, {"class": "OrangeJuice", "pose": [[-0.22493590814277314, 0.012350435844932395, 0.9742952701796388, 26.624280484922703], [-0.7767685360825596, -0.6059425295372508, -0.17165173866433056, 1.1817820613005126], [0.5882469511128791, -0.795412569263646, 0.14589165180668584, 23.99135532984691], [0.0, 0.0, 0.0, 1.0]]}, {"class": "TomatoSauce", "pose": [[-0.6080122130987842, -0.0768384210169298, -0.7902005918185198, 33.07386541019731], [0.6776842584370193, -0.5687382229174505, -0.4661340009007126, -7.717790047706524], [-0.4136002594453469, -0.8189216848416446, 0.3978719698419893, 37.18750286356013], [0.0, 0.0, 0.0, 1.0]]}, {"class": "Mushrooms", "pose": [[-0.24213877953131763, 0.02893183479677642, -0.9698101514803639, 12.186912216262847], [0.8062475969576322, -0.5500607921140156, -0.21771073587510184, -9.62708573426891], [-0.5397532909648772, -0.8346233336909823, 0.10986482901371251, 41.583570323874966], [0.0, 0.0, 0.0, 1.0]]}, {"class": "Pineapple", "pose": [[0.9902544938506527, -0.013201436194322364, 0.1386424502920555, -7.808394531407103], [-0.11618445147254644, -0.627223812170598, 0.7701243339997377, 1.0176515055896092], [0.07679308862085023, -0.7787271986938045, -0.6226449842869105, 32.11391554761362], [0.0, 0.0, 0.0, 1.0]]}, {"class": "Cherries", "pose": [[0.9650833377018353, 0.04677111809582912, -0.2577335510451468, -18.619736741792114], [0.23606474754264328, -0.5817211414248926, 0.7783790694277953, -6.967593406638225], [-0.11352339805227454, -0.8120424945127427, -0.5724503734851283, 37.25895177404092], [0.0, 0.0, 0.0, 1.0]]}, {"class": "PeasAndCarrots", "pose": [[0.9798322295978842, -0.022555963116787908, 0.198544705044244, -3.5319888168842684], [-0.17320469575595093, -0.5913473843102546, 0.7875966172945665, -12.572514762668336], [0.09964388014467772, -0.8061014429933218, -0.5833280086339728, 37.165564079077335], [0.0, 0.0, 0.0, 1.0]]}, {"class": "BBQSauce", "pose": [[0.9319356006608704, 0.06680879735994942, -0.3564163160521333, 25.42589599638748], [0.3242315592563616, -0.593667675684267, 0.7365002470917206, -17.247661205509758], [-0.16238814979467683, -0.8019322370078669, -0.5749215433056066, 40.00678737245581], [0.0, 0.0, 0.0, 1.0]]}, {"class": "Raisins", "pose": [[0.015365615140079118, 0.4557659022361262, -0.8899670273455341, 35.55511714100388], [-0.567041511091281, -0.7291297929434261, -0.38318885275791414, -24.72765295894056], [-0.8235459055400784, 0.5105361604310652, 0.24723465627527658, 49.126972357720575], [0.0, 0.0, 0.0, 1.0]]}, {"class": "Ketchup", "pose": [[0.9898796976858933, 0.038999549176152476, -0.13644481963538113, 15.933779030172923], [0.1287784191031295, -0.6508046672823311, 0.7482442321549605, -20.197737409538675], [-0.059617742356353504, -0.7582429424984278, -0.6492406101367458, 42.21375921430178], [0.0, 0.0, 0.0, 1.0]]}, {"class": "AlphabetSoup", "pose": [[0.8011224496212868, -0.015740884537680883, -0.598293418649036, 20.294077146825472], [0.4806596576245431, -0.5787079013223437, 0.6588349456545841, -27.949918046830835], [-0.3566077689206413, -0.8153829933094029, -0.45604986379815643, 52.12836891235444], [0.0, 0.0, 0.0, 1.0]]}, {"class": "Mayo", "pose": [[-0.8098189127227132, 0.5830850977982877, -0.06484648682969571, 22.096586117506934], [0.49135301979594753, 0.6136834999514342, -0.6180330079867048, -34.95396505854555], [-0.3205706004258466, -0.5323573267547017, -0.7834731467614422, 59.07085012924047], [0.0, 0.0, 0.0, 1.0]]}, {"class": "SaladDressing", "pose": [[0.5974297716185761, 0.018788300088193856, -0.8017010897432798, 10.770804983623272], [0.6217985254265581, -0.642167474917712, 0.44831635601604064, -24.924570065547808], [-0.5064032530787267, -0.7663341132894582, -0.3953324891571898, 45.4905902174137], [0.0, 0.0, 0.0, 1.0]]}, {"class": "Mustard", "pose": [[0.7595046157893511, -0.0278473201215079, 0.649905558438079, 4.388688912280026], [-0.5662004595854245, -0.5201841572129599, 0.6393946428351042, -30.69596337937345], [0.320265128881047, -0.8536000249746374, -0.4108494243505541, 48.257494491273135], [0.0, 0.0, 0.0, 1.0]]}, {"class": "Cookies", "pose": [[-0.34180228345314095, -0.9397572900164521, 0.005234923031157017, -3.5021805977906273], [0.7776920759242597, -0.2797208976420211, 0.5629842640814123, -11.207598574444663], [-0.5276042286681938, 0.19650046613763944, 0.8264510569914024, 41.863511187813494], [0.0, 0.0, 0.0, 1.0]]}, {"class": "Parmesan", "pose": [[0.9483106059056804, 0.012628018543148786, 0.3170922537787153, -6.001531195649656], [-0.23907610713415056, -0.6286507483406439, 0.7400276202579613, -25.57596578796905], [0.20868535255542228, -0.7775852419103466, -0.593137100588998, 48.36805609000745], [0.0, 0.0, 0.0, 1.0]]}, {"class": "CreamCheese", "pose": [[0.9990664004135339, -0.02646395946827066, -0.0341460970829379, -3.6993284243950098], [0.014346631766913358, -0.5423044419638368, 0.8400595773631597, -33.07504986155788], [-0.04074889027877859, -0.8397651966433839, -0.5414184586349309, 56.03998591555781], [0.0, 0.0, 0.0, 1.0]]}, {"class": "Milk", "pose": [[0.9962764333064799, 0.014216025117309405, -0.08503612526434554, -14.787412931976407], [0.07720906889556854, -0.5860257749039121, 0.8066055900902757, -24.472437956991065], [-0.03836664178958182, -0.8101677188152907, -0.5849412561022638, 41.57753773054371], [0.0, 0.0, 0.0, 1.0]]}, {"class": "ChocolatePudding", "pose": [[0.7358219339736604, 0.08143211821872347, -0.6722610067062225, 10.00548423786486], [0.5706523221893137, -0.6090492335353874, 0.5508311769010842, -37.319389771670515], [-0.3645846940175775, -0.7889409858760471, -0.4946211950534632, 60.11670761781029], [0.0, 0.0, 0.0, 1.0]]}, {"class": "Yogurt", "pose": [[0.8935318647084846, 0.01005721138478401, -0.44888710026211437, 3.5808119846636233], [0.3814708090126449, -0.544297296685002, 0.7471415540772507, -0.4736195765061013], [-0.23681387282720354, -0.8388321287114258, -0.49018349052279886, 33.59710458323298], [0.0, 0.0, 0.0, 1.0]]}]}