{"camera": {"camera": "RealSense D415", "extrinsics": [[-0.9307755, -0.36485898, -0.023128033, 0.7292535], [-0.2837917, 0.76095265, -0.58344954, -0.18093622], [0.23047614, -0.536497, -0.81182003, 0.04300268], [0.0, 0.0, 0.0, 1.0]], "height": 480, "intrinsics": [[603.0301, 0.0, 326.28275], [0.0, 603.81976, 245.73769], [0.0, 0.0, 1.0]], "width": 640}, "objects": [{"class": "MacaroniAndCheese", "pose": [[0.973619287055978, 0.017687828784171227, 0.22749210172987175, 8.990388750398415], [-0.17315998937288335, -0.5919979188516287, 0.7871176400771835, 7.8331739784517715], [0.14859724844828906, -0.8057454194873633, -0.5733177371760171, 21.008547986414676], [0.0, 0.0, 0.0, 1.0]]}, {"class": "OrangeJuice", "pose": [[-0.2385768046746244, -0.00019939294564988672, 0.9711236277002332, 25.64147239940536], [-0.7728582453480044, -0.6054691153224517, -0.18999310554123106, 1.1753091006601353], [0.5880232162709899, -0.7958688255225816, 0.14429678000400367, 23.850266138367854], [0.0, 0.0, 0.0, 1.0]]}, {"class": "TomatoSauce", "pose": [[-0.5958202107273943, -0.0887102531487612, -0.7982034823520965, 31.94283020312867], [0.6892724982985265, -0.5665819478882761, -0.4515400498088623, -7.853512037944754], [-0.41219143115770307, -0.8192163696379087, 0.3987264912560388, 37.03021842373314], [0.0, 0.0, 0.0, 1.0]]}, {"class": "Mushrooms", "pose": [[-0.2277902193837518, 0.017367927547002608, -0.9735553414212194, 11.030354006565723], [0.8110503164340487, -0.5498785102665429, -0.19957731665754896, -9.374281305200803], [-0.538803377434249, -0.8350641009510971, 0.11117067419099198, 41.456419740628206], [0.0, 0.0, 0.0, 1.0]]}, {"class": "Pineapple", "pose": [[0.9880164211606296, -0.026120708688588342, 0.1521226211268723, -8.776045880401995], [-0.13478273451757872, -0.6262802699860618, 0.7678585384477407, 1.6504908321006457], [0.07521438590732084, -0.7791603234662192, -0.6222957797707606, 32.024661609678], [0.0, 0.0, 0.0, 1.0]]}, {"class": "Cherries", "pose": [[0.9691679330527292, 0.03464435947854458, -0.24395351537246646, -19.72746424667191], [0.21801944898203693, -0.5818846477808048, 0.7835035888287478, -6.134575599355953], [-0.11480881592122777, -0.8125331383219402, -0.5714970568142599, 37.180225603889404], [0.0, 0.0, 0.0, 1.0]]}, {"class": "PeasAndCarrots", "pose": [[0.976561341508472, -0.03484202290454073, 0.21240059198377528, -4.7475858882425115], [-0.19161478475867197, -0.5902142251543071, 0.7841753884510413, -12.021239760563988], [0.09803959140122286, -0.806494437163745, -0.5830566116370821, 37.060009771120264], [0.0, 0.0, 0.0, 1.0]]}, {"class": "BBQSauce", "pose": [[0.9376056471352463, 0.05446968051254541, -0.34340753650571537, 24.121793989758988], [0.30682881456386685, -0.5942122639920375, 0.7434836656173046, -17.240476631742084], [-0.1635596399260133, -0.8024617848171883, -0.5738496136856651, 39.85414145321226], [0.0, 0.0, 0.0, 1.0]]}, {"class": "Raisins", "pose": [[0.003502372243771227, 0.44278143696574773, -0.8966227546918359, 34.12265210587711], [-0.5666102941614728, -0.7379282491601648, -0.366626200382097, -24.915870957168174], [-0.8239785084696786, 0.5093197189547584, 0.24830000502582988, 48.95361135570444], [0.0, 0.0, 0.0, 1.0]]}, {"class": "Ketchup", "pose": [[0.9920294664435597, 0.0256596633337671, -0.12336592377665287, 14.57935697283368], [0.11024667361410365, -0.6508508205210405, 0.7511584237356754, -20.01377723224075], [-0.06101833400489796, -0.7587719494014028, -0.6484920529572892, 42.073299707707434], [0.0, 0.0, 0.0, 1.0]]}, {"class": "AlphabetSoup", "pose": [[0.8094573933826719, -0.02780510491454009, -0.5865199367479205, 18.808397766724305], [0.46582739714959615, -0.5776977235079384, 0.670276266537559, -27.85377958659892], [-0.357468313463329, -0.8157771086955258, -0.45466929171646153, 51.97570253125996], [0.0, 0.0, 0.0, 1.0]]}, {"class": "Mayo", "pose": [[-0.8009448465911229, 0.5936892720996341, -0.07759144718905328, 20.489680742410542], [0.5066866526925512, 0.6030468457451894, -0.6161194973257593, -34.895602067370426], [-0.3189922437915741, -0.5327922587941875, -0.7838216687497876, 58.91038280812138], [0.0, 0.0, 0.0, 1.0]]}, {"class": "SaladDressing", "pose": [[0.6082223344734987, 0.0056017897606475435, -0.7937469644433595, 9.33359258543055], [0.6108720498541118, -0.6418302294287053, 0.4635616382569657, -24.645470285677213], [-0.506853994224935, -0.7668263530477111, -0.3937974401156952, 45.35449576824473], [0.0, 0.0, 0.0, 1.0]]}, {"class": "Mustard", "pose": [[0.7492359939933808, -0.03886953774499509, 0.6611615658099043, 2.848559187057209], [-0.5805776228335742, -0.5189286100152591, 0.6274096100136644, -30.2983055264917], [0.3187085153773835, -0.853933444619934, -0.41136675293146413, 48.12684943261926], [0.0, 0.0, 0.0, 1.0]]}, {"class": "Cookies", "pose": [[-0.327953202113802, -0.9445406040555151, 0.017022816385902168, -4.68517286038157], [0.7843587359543254, -0.2622050358007815, 0.5621654469084642, -10.66065618379847], [-0.5265245959102008, 0.19771594015245428, 0.8268496283745477, 41.758893644060294], [0.0, 0.0, 0.0, 1.0]]}, {"class": "Parmesan", "pose": [[0.9439736059078652, -0.00032086007643585907, 0.3300208480718697, -7.4436858806683714], [-0.2569657987004675, -0.6281919517235133, 0.7344001274870426, -24.984541440002833], [0.20708079345699246, -0.7780583828107624, -0.5930790410653717, 48.25679861324287], [0.0, 0.0, 0.0, 1.0]]}, {"class": "CreamCheese", "pose": [[0.999097769957047, -0.03788037197099464, -0.019203001071663735, -5.270985981996857], [-0.004351367491292815, -0.5410813389443261, 0.8409590640525393, -32.531228654652324], [-0.04224622300767698, -0.840116738577827, -0.5407579617858986, 55.919813947622806], [0.0, 0.0, 0.0, 1.0]]}, {"class": "Milk", "pose": [[0.9974901966471426, 0.002017136093795431, -0.07077620022851089, -16.2174833596489], [0.05855051274575283, -0.5855797336941296, 0.8084975634526502, -23.711420673117694], [-0.039814253703177066, -0.8106123501786379, -0.5842281180941412, 41.480348105616635], [0.0, 0.0, 0.0, 1.0]]}, {"class": "ChocolatePudding", "pose": [[0.7458433800492156, 0.06882151991063178, -0.6625566259557849, 8.357941113629352], [0.5570341983726335, -0.6098749818525868, 0.5637069322960421, -37.03476624693328], [-0.36528152071823167, -0.7895037574044191, -0.4932071356924768, 59.972773956510295], [0.0, 0.0, 0.0, 1.0]]}, {"class": "Yogurt", "pose": [[0.9001703404248833, -0.0014016177195520895, -0.4355357912400306, 2.5854116514557712], [0.3648338024411491, -0.5437590840712411, 0.7557925987010506, -0.05510856786602458], [-0.23788585982992513, -0.8392402319994307, -0.4889644176404002, 33.48958047447808], [0.0, 0.0, 0.0, 1.0]]}]}