{"camera": {"camera": "RealSense D415", "extrinsics": [[-0.91202474, -0.4099651, -0.011809917, 0.7356522], [-0.32799247, 0.746348, -0.5791248, -0.1923674], [0.24623527, -0.5243026, -0.81515336, 0.07487195], [0.0, 0.0, 0.0, 1.0]], "height": 480, "intrinsics": [[603.0301, 0.0, 326.28275], [0.0, 603.81976, 245.73769], [0.0, 0.0, 1.0]], "width": 640}, "objects": [{"class": "MacaroniAndCheese", "pose": [[0.9832764714955448, 0.029467421184706268, 0.1797193802208474, 8.834574062430923], [-0.12869559080411797, -0.5858068349053448, 0.800167353838159, 3.599124397554973], [0.12885970885294146, -0.8099148553831594, -0.5722177342661349, 25.584463938522905], [0.0, 0.0, 0.0, 1.0]]}, {"class": "OrangeJuice", "pose": [[-0.1911653279219786, 0.012416649075712759, 0.9814793162166906, 25.8275789523266], [-0.7865237515980034, -0.6001506364537265, -0.14560082004916042, -2.2960202317420215], [0.5872275465021155, -0.7997906540030283, 0.12449398115238491, 28.06360647349388], [0.0, 0.0, 0.0, 1.0]]}, {"class": "TomatoSauce", "pose": [[-0.634917728685984, -0.07823278220092615, -0.7686085567597521, 32.79338740462178], [0.6633078294470521, -0.5652733012492825, -0.49039658986536866, -11.100053447320873], [-0.39610879287260514, -0.8211855934065565, 0.41079444779012164, 41.059927236977266], [0.0, 0.0, 0.0, 1.0]]}, {"class": "Mushrooms", "pose": [[-0.27543018340824704, 0.026633156380479032, -0.9609520763200853, 12.063104506327726], [0.8027602610725997, -0.5435764033816198, -0.24515434728340765, -13.614813844862514], [-0.5288800911132027, -0.8389370769214921, 0.128337302196867, 45.873138119010584], [0.0, 0.0, 0.0, 1.0]]}, {"class": "Pineapple", "pose": [[0.9944619332098723, -0.012186576421659706, 0.10438847966405602, -8.41061554632926], [-0.08926246132995187, -0.6222389661169178, 0.7777215948561979, -3.4652093679956253], [0.05547681520818909, -0.7827325253829414, -0.6198807543605923, 36.89486375085442], [0.0, 0.0, 0.0, 1.0]]}, {"class": "Cherries", "pose": [[0.9556469281265858, 0.04580368728189594, -0.29093122027134277, -18.888548354187083], [0.2633942113771902, -0.5748785540526328, 0.7746858295889637, -11.779806407965628], [-0.1317666445329963, -0.8169557636684677, -0.5614453353106091, 42.2053305940488], [0.0, 0.0, 0.0, 1.0]]}, {"class": "PeasAndCarrots", "pose": [[0.9860909213012677, -0.02309336666469532, 0.1645946392756446, -3.6575766378298624], [-0.1466973864366821, -0.5864564879258907, 0.7965856273150289, -16.964721128036434], [0.07813174785862058, -0.809651489891351, -0.5816871391374677, 41.760171046027914], [0.0, 0.0, 0.0, 1.0]]}, {"class": "BBQSauce", "pose": [[0.9190745408510703, 0.06636892431112941, -0.38845483415727045, 25.470910028126216], [0.3509288016025624, -0.5863324511639182, 0.7301117927964899, -20.85597343304584], [-0.1793069315926258, -0.8073471813749145, -0.5621739819250617, 43.96880957183878], [0.0, 0.0, 0.0, 1.0]]}, {"class": "Raisins", "pose": [[0.013773165223452111, 0.48619934567957834, -0.8737393776838992, 35.99008762451931], [-0.5609978338479061, -0.719576194305053, -0.40925728835295405, -28.112591638800932], [-0.8277027128223425, 0.4958026523725584, 0.2628459283145314, 52.82417912090701], [0.0, 0.0, 0.0, 1.0]]}, {"class": "Ketchup", "pose": [[0.9845039596454204, 0.041059211788948266, -0.17048782509237906, 16.111632295756205], [0.15648393962470628, -0.6445011604679681, 0.7484190189042322, -24.08173259354347], [-0.07915010136911364, -0.7635001264790862, -0.6409390386490247, 46.3504813082564], [0.0, 0.0, 0.0, 1.0]]}, {"class": "AlphabetSoup", "pose": [[0.7799851808817692, -0.01682362266712475, -0.6255718082363996, 20.88938423248997], [0.5049482742495734, -0.5735729441846888, 0.6450126472359167, -31.77512325655547], [-0.3696625024363409, -0.8189817424051127, -0.4388833248646444, 56.11740594268129], [0.0, 0.0, 0.0, 1.0]]}, {"class": "Mayo", "pose": [[-0.8295383910803225, 0.5547526473694965, -0.06415264527184539, 23.028292765240533], [0.47086357685579405, 0.6330405582352631, -0.6144486477178981, -38.77194579912965], [-0.3002557785732223, -0.5399158747950399, -0.7863442938829988, 62.97111314470788], [0.0, 0.0, 0.0, 1.0]]}, {"class": "SaladDressing", "pose": [[0.5694069906187911, 0.020453652394105317, -0.8218012722508793, 11.150105474536254], [0.6413790321631366, -0.6363732825270922, 0.42855802343413385, -28.970844634956492], [-0.5142067838248063, -0.7711100713109477, -0.3754739329647686, 49.69961628334773], [0.0, 0.0, 0.0, 1.0]]}, {"class": "Mustard", "pose": [[0.7813064036249744, -0.03132979028264956, 0.6233608520194583, 4.988256592173013], [-0.5470698471501109, -0.5151574107364885, 0.6597934688711548, -34.934464040873024], [0.30045775998452195, -0.8565228182078477, -0.41963535277551073, 52.55671420453108], [0.0, 0.0, 0.0, 1.0]]}, {"class": "Cookies", "pose": [[-0.3739954210141966, -0.9274042304826224, 0.00698729406268628, -3.567325227175], [0.7713813458040295, -0.3068756144826989, 0.5574927565843601, -15.630279003048264], [-0.5148768952079106, 0.2138895992631053, 0.8301524288061721, 46.466094048477345], [0.0, 0.0, 0.0, 1.0]]}, {"class": "Parmesan", "pose": [[0.9586745909515154, 0.013690553919284013, 0.2841753003557799, -5.534290921713136], [-0.214127343453283, -0.6229586901386145, 0.7523775303855245, -30.10451661686298], [0.1873299353744106, -0.7821349553416557, -0.5942831310831417, 52.91848276017893], [0.0, 0.0, 0.0, 1.0]]}, {"class": "CreamCheese", "pose": [[0.9972262766863056, -0.0290502247796639, -0.0685262100337574, -2.8671533904543134], [0.042228840695139686, -0.5373210659995029, 0.8423198882308923, -37.587135385067725], [-0.061290156853448866, -0.84287733867618, -0.5346039109132087, 60.48761083403371], [0.0, 0.0, 0.0, 1.0]]}, {"class": "Milk", "pose": [[0.9927586243483626, 0.013425506908751234, -0.11937367164144795, -14.486944984774064], [0.10497317464288981, -0.5800937743245481, 0.8077572919249277, -29.199895943627475], [-0.058403369164683874, -0.8144390824095102, -0.5773023994916576, 46.31906744355403], [0.0, 0.0, 0.0, 1.0]]}, {"class": "ChocolatePudding", "pose": [[0.7120819136358093, 0.08167761101277951, -0.6973292766455305, 11.031276348244855], [0.5931514455686746, -0.6013885321228496, 0.5352599304202724, -41.477544661875676], [-0.3756470643000851, -0.7947708154931393, -0.4766850814403095, 64.24983671479632], [0.0, 0.0, 0.0, 1.0]]}, {"class": "Yogurt", "pose": [[0.8775667320594269, 0.007523457342778033, -0.4793954863232639, 3.0437611377121865], [0.4075702936214881, -0.5383095178363898, 0.7376376588994397, -4.650706879921929], [-0.25251355790309793, -0.8427136592233477, -0.47546884711637033, 38.13164145298265], [0.0, 0.0, 0.0, 1.0]]}]}