{"camera": {"camera": "RealSense D415", "extrinsics": [[-0.9183903, -0.39523926, -0.018580073, 0.7075203], [-0.30909204, 0.7459486, -0.5899346, -0.23069064], [0.24702509, -0.5360472, -0.80723727, 0.11256758], [0.0, 0.0, 0.0, 1.0]], "height": 480, "intrinsics": [[603.0301, 0.0, 326.28275], [0.0, 603.81976, 245.73769], [0.0, 0.0, 1.0]], "width": 640}, "objects": [{"class": "MacaroniAndCheese", "pose": [[0.9804539660240098, 0.02255767247608759, 0.1954513407726768, 6.351169982401473], [-0.1435657803735084, -0.5972429106377157, 0.7891070105930205, 1.1058091657622477], [0.1345323046656319, -0.8017432037380051, -0.5823305828129121, 28.7824415238775], [0.0, 0.0, 0.0, 1.0]]}, {"class": "OrangeJuice", "pose": [[-0.20672020246158468, 0.005227488156632366, 0.9783861640228759, 23.23204108581495], [-0.775067417587232, -0.6111559164925764, -0.16049624823993566, -5.042003470100964], [0.5971074128605812, -0.7914930370432759, 0.130389889320093, 31.409551649140337], [0.0, 0.0, 0.0, 1.0]]}, {"class": "TomatoSauce", "pose": [[-0.6220526366457743, -0.08473466670521275, -0.7783769062542817, 29.99814223487927], [0.6684932713455998, -0.575043256833507, -0.4716376794789554, -13.784269193960435], [-0.4076362440125806, -0.8137231631366137, 0.4143516860834723, 44.55224952735301], [0.0, 0.0, 0.0, 1.0]]}, {"class": "Mushrooms", "pose": [[-0.2597485164011388, 0.020551121273227238, -0.9654576191275334, 9.210109184276405], [0.8000050271107684, -0.5553713393363989, -0.22705667532470977, -15.881312045328755], [-0.540853664731707, -0.8313485598033227, 0.12781587881470538, 49.3162565619646], [0.0, 0.0, 0.0, 1.0]]}, {"class": "Pineapple", "pose": [[0.9925846821326004, -0.01981179321357838, 0.11992996429154713, -11.054128450541977], [-0.1053350622101964, -0.6325888071973305, 0.7672913575990222, -5.509938708015413], [0.060664902325694825, -0.7742344631456531, -0.6299847451496968, 40.11884300518649], [0.0, 0.0, 0.0, 1.0]]}, {"class": "Cherries", "pose": [[0.9604762655297264, 0.0391037753946269, -0.2756016922907794, -21.691832567844827], [0.2453352214940565, -0.5866903435264584, 0.7717546058661297, -13.572382238740833], [-0.13151432891803339, -0.8088667644737633, -0.5730955871727998, 45.500006246995746], [0.0, 0.0, 0.0, 1.0]]}, {"class": "PeasAndCarrots", "pose": [[0.9831531920457588, -0.03000718467983739, 0.18030370081452218, -6.549631020706825], [-0.16230470781430714, -0.5969980994953991, 0.7856529467828105, -19.02026331091893], [0.08406569552312908, -0.8016813220961343, -0.5918108059645084, 45.186393016312856], [0.0, 0.0, 0.0, 1.0]]}, {"class": "BBQSauce", "pose": [[0.9255766452879117, 0.05943496822242828, -0.373865501135854, 22.499966669181546], [0.33281871168600347, -0.5983586317011927, 0.7288338320829151, -23.37400881663919], [-0.1803874203523198, -0.7990209901067208, -0.5736077486971973, 47.56431004644613], [0.0, 0.0, 0.0, 1.0]]}, {"class": "Raisins", "pose": [[0.007354580609343419, 0.4720244809011649, -0.8815547936819533, 32.860812545857854], [-0.5724170810790096, -0.7208647630193002, -0.39075923596817547, -30.68607020050247], [-0.8199296910496539, 0.5074907993126986, 0.26489319312909704, 56.55963179590593], [0.0, 0.0, 0.0, 1.0]]}, {"class": "Ketchup", "pose": [[0.9873131929721901, 0.03297498745220286, -0.15532341702129504, 13.07829446801454], [0.1386808073236215, -0.6554850376253756, 0.7423658807472542, -26.40782916094691], [-0.07733267769049842, -0.7544879935963225, -0.6517419258404092, 49.95219458824883], [0.0, 0.0, 0.0, 1.0]]}, {"class": "AlphabetSoup", "pose": [[0.7898441261383611, -0.023484210351394568, -0.6128578978511132, 17.687724052393893], [0.48655560244210255, -0.5843514499410296, 0.6494591060662224, -34.046798263246416], [-0.37337639515218074, -0.8111608825999146, -0.4501200989745315, 59.84195199830384], [0.0, 0.0, 0.0, 1.0]]}, {"class": "Mayo", "pose": [[-0.8202765202653819, 0.5674649733999736, -0.07162394121429237, 19.681532731551734], [0.48070352294700475, 0.6161061530119952, -0.6239690962022204, -40.984484117608176], [-0.30995258466819653, -0.5462570139678314, -0.7781598058023844, 66.79874734712536], [0.0, 0.0, 0.0, 1.0]]}, {"class": "SaladDressing", "pose": [[0.5821619323763898, 0.012539404751121665, -0.8129762004572216, 8.02178401051622], [0.6245458858050182, -0.6471139654457773, 0.43724827503077046, -31.16590341560455], [-0.5206053555268, -0.7622902290816013, -0.38455647681645705, 53.3476772557882], [0.0, 0.0, 0.0, 1.0]]}, {"class": "Mustard", "pose": [[0.7707556349212822, -0.03685364912501722, 0.6360641590852663, 1.7487223800531138], [-0.5560716135236834, -0.526217313956394, 0.6433349057015353, -36.98461794708428], [0.3109986595920816, -0.849551199008145, -0.42607817054350994, 56.26099281778052], [0.0, 0.0, 0.0, 1.0]]}, {"class": "Cookies", "pose": [[-0.3588850160337795, -0.9332865619371009, 0.013333914040663376, -6.454447816889219], [0.7704953563501968, -0.2881618929410579, 0.5685945225446039, -17.623313447839006], [-0.5268192063223838, 0.21433376008832228, 0.8225099248970836, 49.87404315530094], [0.0, 0.0, 0.0, 1.0]]}, {"class": "Parmesan", "pose": [[0.9541831372365388, 0.006046927435533239, 0.2991622134755836, -8.691488482671039], [-0.2277607896673009, -0.6337387093296828, 0.7392566352462403, -31.972550559592538], [0.194060856742285, -0.773523622728825, -0.6033254531170359, 56.514892857682575], [0.0, 0.0, 0.0, 1.0]]}, {"class": "CreamCheese", "pose": [[0.998024010461671, -0.035002630803334704, -0.05218184615777774, -6.180485814890869], [0.024481433603356195, -0.5482277430815421, 0.8359707548071056, -39.39508559510729], [-0.05786872781078554, -0.8355963462387151, -0.5462874425721533, 64.19576177386762], [0.0, 0.0, 0.0, 1.0]]}, {"class": "Milk", "pose": [[0.9946127585088982, 0.0066323614939251905, -0.10344818549360363, -17.60253113536091], [0.08732607978505195, -0.5913212228479283, 0.801694124318822, -31.006677390812694], [-0.05585399472933953, -0.8064089092265186, -0.5887147151301919, 49.86801054104315], [0.0, 0.0, 0.0, 1.0]]}, {"class": "ChocolatePudding", "pose": [[0.7234730957816173, 0.07443798609177543, -0.6863277064175304, 7.6355215596012656], [0.5758067310643545, -0.6134985864617741, 0.5404314893108136, -43.468650498664864], [-0.3808323980212249, -0.7861797403215891, -0.4867115305221702, 68.06616209952362], [0.0, 0.0, 0.0, 1.0]]}, {"class": "Yogurt", "pose": [[0.8853139423793994, 0.0015480876567089386, -0.4649912703942264, 0.3736974258721548], [0.38914907703626483, -0.5498335092953022, 0.7390847107511782, -6.872351051770886], [-0.2545235905840988, -0.835272898160832, -0.487377616281394, 41.417459285541426], [0.0, 0.0, 0.0, 1.0]]}]}