{"camera": {"camera": "RealSense D415", "extrinsics": [[-0.9215802, -0.3881405, -0.006076843, 0.69600433], [-0.3097449, 0.7446974, -0.5911716, -0.24171449], [0.23398305, -0.5429298, -0.8065229, 0.1433356], [0.0, 0.0, 0.0, 1.0]], "height": 480, "intrinsics": [[603.0301, 0.0, 326.28275], [0.0, 603.81976, 245.73769], [0.0, 0.0, 1.0]], "width": 640}, "objects": [{"class": "MacaroniAndCheese", "pose": [[0.9785290298433987, 0.03498375473171443, 0.2031185253058147, 4.922702330355023], [-0.14226739881389203, -0.5984256581687225, 0.7884457918247175, -0.04213202060336374], [0.14913413765599098, -0.80041419760864, -0.5805998212394996, 30.87477746381573], [0.0, 0.0, 0.0, 1.0]]}, {"class": "OrangeJuice", "pose": [[-0.2146185529189444, 0.01752014451475235, 0.9765408245142442, 21.769890808916227], [-0.7743965290297247, -0.6123425414072872, -0.15920639301115846, -6.167114624401776], [0.5951881606271945, -0.7903984285423977, 0.14498761594750573, 33.758862685043056], [0.0, 0.0, 0.0, 1.0]]}, {"class": "TomatoSauce", "pose": [[-0.6167303665820477, -0.07214531160912115, -0.7838614479690916, 28.35181128502015], [0.667182480925073, -0.5763639645189694, -0.47188151618461405, -14.881987440498401], [-0.41774545495041443, -0.8140022445337404, 0.40359523279335907, 47.012812236997405], [0.0, 0.0, 0.0, 1.0]]}, {"class": "Mushrooms", "pose": [[-0.252653041816422, 0.03336637394535571, -0.9669814818363628, 7.498362705153038], [0.7988978373695615, -0.5566010475704176, -0.2279420256464261, -16.995064551128696], [-0.5458285008461763, -0.8301096180040242, 0.11397061433740653, 51.474230954569], [0.0, 0.0, 0.0, 1.0]]}, {"class": "Pineapple", "pose": [[0.991701416219291, -0.007746421696678258, 0.12832908744064908, -12.639955726077922], [-0.10413458865128641, -0.633777339231941, 0.7664739522570572, -6.660216212244796], [0.07539464565841615, -0.7734767590770801, -0.6293245440509021, 41.96443665648139], [0.0, 0.0, 0.0, 1.0]]}, {"class": "Cherries", "pose": [[0.9620349736705045, 0.05162112923872102, -0.26800005431848456, -23.346708953785765], [0.24620939733101205, -0.5878653686871076, 0.7705811370195321, -14.726413873076357], [-0.1177696730941701, -0.8073100930969415, -0.5782566461825722, 47.20109178760166], [0.0, 0.0, 0.0, 1.0]]}, {"class": "PeasAndCarrots", "pose": [[0.98198964782322, -0.017576578775031264, 0.18811553925818028, -8.195579336448], [-0.16107938021519422, -0.5982394736765948, 0.7849605169501754, -20.157842967987886], [0.09874122942792268, -0.8011245941513184, -0.5902961844939938, 47.11817540633772], [0.0, 0.0, 0.0, 1.0]]}, {"class": "BBQSauce", "pose": [[0.927761127155162, 0.07181829342992296, -0.36619869515387543, 20.820711649786737], [0.33358004544120023, -0.5994960770333034, 0.7275498984064084, -24.475543899506103], [-0.16728327993021294, -0.7971490485344916, -0.5801463003825551, 49.92905387565851], [0.0, 0.0, 0.0, 1.0]]}, {"class": "Raisins", "pose": [[0.020022224894498453, 0.46530932059513586, -0.8849216955987502, 31.056330951108198], [-0.573644281073311, -0.7195708946200244, -0.39134385669595795, -31.76245345796987], [-0.8188597977452325, 0.5154658425305496, 0.2525146094627484, 59.08668689089285], [0.0, 0.0, 0.0, 1.0]]}, {"class": "Ketchup", "pose": [[0.9881900269167024, 0.044769698167823224, -0.14654762192587487, 11.368313379926565], [0.13966685800186335, -0.6565847839642367, 0.7412082285084056, -27.516282761823206], [-0.06303726071003424, -0.7529223834447843, -0.6550833683136962, 52.182948390242466], [0.0, 0.0, 0.0, 1.0]]}, {"class": "AlphabetSoup", "pose": [[0.7947093154646314, -0.01092893750659001, -0.6068918543715299, 15.840362034649525], [0.4868740123588456, -0.5855998550099101, 0.6480945561166332, -35.13517549485009], [-0.3624787542767216, -0.8105266111457335, -0.46006064436531174, 62.15096017339826], [0.0, 0.0, 0.0, 1.0]]}, {"class": "Mayo", "pose": [[-0.8161617747750477, 0.5747514281079884, -0.05950473886735372, 17.73938011689893], [0.47931894013294, 0.615915213529302, -0.6252214416820925, -42.06013096438477], [-0.3226970468229871, -0.5388035749839336, -0.7781756580152532, 69.14685098985967], [0.0, 0.0, 0.0, 1.0]]}, {"class": "SaladDressing", "pose": [[0.5890608246991369, 0.024441753146758814, -0.8077190143680448, 6.267693269904173], [0.6244100312551447, -0.6482483207104929, 0.4357594236846982, -32.27487674539421], [-0.5129517565711106, -0.7610366187917265, -0.39711936676506443, 55.51106053268302], [0.0, 0.0, 0.0, 1.0]]}, {"class": "Mustard", "pose": [[0.7667134101270091, -0.02379675910796234, 0.6415483782624433, -0.04110362377711674], [-0.5547406376349787, -0.5275386497040764, 0.643401776334805, -38.096195202385694], [0.3231306932989431, -0.849197684049002, -0.4176719761070562, 58.34081018758487], [0.0, 0.0, 0.0, 1.0]]}, {"class": "Cookies", "pose": [[-0.3519525977786259, -0.9360176452830472, 0.0006303169484485857, -8.170780213440999], [0.7692986389687303, -0.2888807287241901, 0.5698487311723031, -18.753720382832086], [-0.5332063781972389, 0.20104463189144026, 0.8217493811428364, 51.80458304846538], [0.0, 0.0, 0.0, 1.0]]}, {"class": "Parmesan", "pose": [[0.9514789712180703, 0.018100313942161966, 0.307181064893, -10.489398373605773], [-0.22640183638857175, -0.6348972809279844, 0.7386796998132404, -33.095416525746465], [0.2083987626034591, -0.7723845162031806, -0.5999934550027549, 58.433731442609826], [0.0, 0.0, 0.0, 1.0]]}, {"class": "CreamCheese", "pose": [[0.9987388548678054, -0.022126789964299433, -0.045068454677543474, -8.083345558192768], [0.025509004674663348, -0.5495259280589133, 0.8350871767890727, -40.50355066884607], [-0.043244072180921675, -0.8351836198007335, -0.5482684585209815, 66.16195080666382], [0.0, 0.0, 0.0, 1.0]]}, {"class": "Milk", "pose": [[0.9952295812226754, 0.01912220979152163, -0.09566860726396835, -19.302913795982136], [0.08835276600434382, -0.592528806727768, 0.8006893590545547, -32.14952287432438], [-0.04137544631292477, -0.8053222792491498, -0.5913916892877152, 51.65524536750497], [0.0, 0.0, 0.0, 1.0]]}, {"class": "ChocolatePudding", "pose": [[0.7283572716019561, 0.08664766874442566, -0.6796969376637725, 5.678781301284019], [0.5760395956524611, -0.6145998806710358, 0.5389298829029079, -44.55583810994687], [-0.3710446282231613, -0.7840658056734995, -0.49756077760562945, 70.24102239460369], [0.0, 0.0, 0.0, 1.0]]}, {"class": "Yogurt", "pose": [[0.8885299080449744, 0.014416972427247291, -0.4585922089170511, -1.230949489978006], [0.38975353711362604, -0.5510903733080864, 0.7378289968011661, -8.00790195208313], [-0.2420884806968058, -0.8343210235714701, -0.49527934371603166, 43.432802152033204], [0.0, 0.0, 0.0, 1.0]]}]}