{"camera": {"camera": "RealSense D415", "extrinsics": [[-0.924915, -0.38014668, 0.004556853, 0.661571], [-0.29930636, 0.7207315, -0.6252694, -0.24859661], [0.23440982, -0.579685, -0.7803957, 0.19842668], [0.0, 0.0, 0.0, 1.0]], "height": 480, "intrinsics": [[603.0301, 0.0, 326.28275], [0.0, 603.81976, 245.73769], [0.0, 0.0, 1.0]], "width": 640}, "objects": [{"class": "MacaroniAndCheese", "pose": [[0.9762948200439089, 0.04552484487044566, 0.21160329202431818, 1.2757731926673177], [-0.13583828176494286, -0.6322589058270658, 0.7627560027127827, -0.034934547146037165], [0.16851243752481113, -0.7734185426119407, -0.6110870921457394, 34.443729885479165], [0.0, 0.0, 0.0, 1.0]]}, {"class": "OrangeJuice", "pose": [[-0.22329222139352295, 0.02791595848801581, 0.9743517452477903, 18.077589744376272], [-0.748091794405159, -0.6457307861520026, -0.15293953518975192, -6.032241803076357], [0.6248994782414979, -0.7630547346674244, 0.16507038449944905, 37.8189906485499], [0.0, 0.0, 0.0, 1.0]]}, {"class": "TomatoSauce", "pose": [[-0.6104838841865771, -0.061392599987134866, -0.7896457535856627, 24.471259206352347], [0.6486906901640089, -0.6107893983292562, -0.4540228869209173, -14.170476969547053], [-0.45443363748645516, -0.7894094876885985, 0.41270188721609263, 51.52402640171264], [0.0, 0.0, 0.0, 1.0]]}, {"class": "Mushrooms", "pose": [[-0.24459434574257935, 0.04434360458456469, -0.9686110112443396, 3.557187157643127], [0.7747424121783123, -0.59174828318506, -0.22272908787254625, -16.087657398556583], [-0.5830505373822168, -0.8049022884482562, 0.11038339890008338, 55.785677439860706], [0.0, 0.0, 0.0, 1.0]]}, {"class": "Pineapple", "pose": [[0.9905026310626733, 0.0024050027362372472, 0.1374728851822604, -16.441754396310092], [-0.1009095966091174, -0.6664161368869647, 0.7387197494812983, -6.168612641483976], [0.09339079459122847, -0.7455761695185918, -0.6598442640314984, 45.56549894949343], [0.0, 0.0, 0.0, 1.0]]}, {"class": "Cherries", "pose": [[0.9637297822581459, 0.06226249313209923, -0.2595155661578246, -27.22486830334333], [0.2408169581653808, -0.6220064159641783, 0.7450605972833636, -14.00124114925739], [-0.11503100334318198, -0.7805328169406826, -0.6144399952738832, 50.996433649763375], [0.0, 0.0, 0.0, 1.0]]}, {"class": "PeasAndCarrots", "pose": [[0.9804321681147772, -0.007020684544705986, 0.1967320869986847, -12.077827793614048], [-0.15679790518632417, -0.6320975945511348, 0.7588590978282623, -19.432894681919567], [0.11902619232130639, -0.7748570313698936, -0.6208296580558922, 51.35466215848117], [0.0, 0.0, 0.0, 1.0]]}, {"class": "BBQSauce", "pose": [[0.930198454259486, 0.08231044838796536, -0.35770919211003527, 16.894213673426723], [0.3259839043540262, -0.6331921568015215, 0.7019987671869651, -23.62907894150772], [-0.16871681081384737, -0.7696055870372406, -0.6158262709511013, 54.746057414830304], [0.0, 0.0, 0.0, 1.0]]}, {"class": "Raisins", "pose": [[0.03083470236595593, 0.4577019853352339, -0.8885708492240575, 26.998343237806537], [-0.6082910753350592, -0.696816432822983, -0.38003803636010275, -30.517029816862706], [-0.7931149146901152, 0.5522281032856342, 0.2569298968226711, 64.34771903820234], [0.0, 0.0, 0.0, 1.0]]}, {"class": "Ketchup", "pose": [[0.9890581881054911, 0.05461870060036737, -0.1370428342774086, 7.4097063689498865], [0.13672088721597545, -0.6883254285408578, 0.7124012815034751, -26.569149947756777], [-0.05541961871077733, -0.7233429176501497, -0.6882614381112657, 56.99862664192541], [0.0, 0.0, 0.0, 1.0]]}, {"class": "AlphabetSoup", "pose": [[0.7999399295065013, -0.00023604968699038515, -0.6000800728254974, 11.739475648402253], [0.47076649966729617, -0.6198742399143241, 0.6278016501623049, -33.753330345839636], [-0.37212236659120346, -0.784701185005266, -0.49575105887689214, 67.34505924458409], [0.0, 0.0, 0.0, 1.0]]}, {"class": "Mayo", "pose": [[-0.8113298071529884, 0.5825080712758437, -0.04927810126380335, 13.5376500483246], [0.4651053964021424, 0.592138913531385, -0.6580642520182578, -40.371596521169714], [-0.35414828463340975, -0.556826655814731, -0.7513475798251185, 74.65730206782146], [0.0, 0.0, 0.0, 1.0]]}, {"class": "SaladDressing", "pose": [[0.5964679803917785, 0.034409637736312816, -0.8018989746462977, 2.2606529087798144], [0.601734770230787, -0.6803429573412978, 0.4183883472998163, -31.17982897337537], [-0.5311697307761273, -0.7320857274610295, -0.4265082913598964, 60.45778271020341], [0.0, 0.0, 0.0, 1.0]]}, {"class": "Mustard", "pose": [[0.7618273909232134, -0.01253237715479591, 0.6476588656866783, -4.0903812347190645], [-0.5404333848548306, -0.5635263123859283, 0.6247959140775012, -36.87352507858944], [0.3571426629433367, -0.8260030975441169, -0.43608269742897765, 63.448157304275796], [0.0, 0.0, 0.0, 1.0]]}, {"class": "Cookies", "pose": [[-0.3440781498456614, -0.938885344006347, -0.010226336071328276, -12.11623698135348], [0.7457236985181153, -0.27987471533168085, 0.6046208660403186, -17.828766647302007], [-0.5705317877938255, 0.20041079557451855, 0.796447807441037, 55.97633843473834], [0.0, 0.0, 0.0, 1.0]]}, {"class": "Parmesan", "pose": [[0.9483767182651218, 0.028233563668831306, 0.3158868570798888, -14.535467525684032], [-0.2173463674033574, -0.6674909866007819, 0.7121912817833084, -31.872214901281204], [0.23095935214081517, -0.7440824715940761, -0.6268964595280565, 63.182914835457126], [0.0, 0.0, 0.0, 1.0]]}, {"class": "CreamCheese", "pose": [[0.9992550607536246, -0.011069893107098163, -0.036970547270004525, -12.24067457944794], [0.02351744639947526, -0.5848915090307506, 0.8107705808941594, -38.94181277239416], [-0.03059888311783841, -0.8110360418291083, -0.5841954853041758, 71.25444728743204], [0.0, 0.0, 0.0, 1.0]]}, {"class": "Milk", "pose": [[0.9957644871074092, 0.029736141602868537, -0.08699935884170173, -23.254649422166352], [0.08638385926554105, -0.6265765687555854, 0.7745577543409791, -31.217388613048936], [-0.0314793826696196, -0.7787924264141799, -0.6264914387845376, 56.24982635394649], [0.0, 0.0, 0.0, 1.0]]}, {"class": "ChocolatePudding", "pose": [[0.7337738287355309, 0.09694866552454616, -0.6724410493540558, 1.4614531791751095], [0.5594891781894387, -0.6477216708929092, 0.5171349717525165, -42.816666159649394], [-0.38541909346728404, -0.7556835774774832, -0.5295229654749222, 75.69214953214701], [0.0, 0.0, 0.0, 1.0]]}, {"class": "Yogurt", "pose": [[0.8920348062981475, 0.025457522863985615, -0.4512492207448451, -5.054875829583749], [0.3788966388034822, -0.5864214996660024, 0.7159240492522735, -7.4532429471550286], [-0.2463965831154833, -0.809605965721076, -0.5327541852876655, 47.246717924911366], [0.0, 0.0, 0.0, 1.0]]}]}