{"camera": {"camera": "RealSense D415", "extrinsics": [[-0.9249525, -0.37979594, 0.014761591, 0.65541106], [-0.3015025, 0.7095217, -0.6369264, -0.24281304], [0.23142838, -0.5935773, -0.7707833, 0.21661621], [0.0, 0.0, 0.0, 1.0]], "height": 480, "intrinsics": [[603.0301, 0.0, 326.28275], [0.0, 603.81976, 245.73769], [0.0, 0.0, 1.0]], "width": 640}, "objects": [{"class": "MacaroniAndCheese", "pose": [[0.975697060059506, 0.05571315507907403, 0.2119228615978317, 0.3919412274743239], [-0.1271873693616702, -0.6435541370800435, 0.7547592681594985, 0.35548027914460434], [0.17843384220161518, -0.7633702907776129, -0.6208278108955221, 35.36051797532117], [0.0, 0.0, 0.0, 1.0]]}, {"class": "OrangeJuice", "pose": [[-0.22381380583811677, 0.03810285749880569, 0.973886831460475, 17.20196973385316], [-0.7399616489975935, -0.6569778031834825, -0.144350376818382, -5.485293144276432], [0.6343218099877967, -0.7529464945005814, 0.175235343065103, 38.96182528162656], [0.0, 0.0, 0.0, 1.0]]}, {"class": "TomatoSauce", "pose": [[-0.6107045163931502, -0.05119929742273176, -0.7902016410549102, 23.533034700131317], [0.6379421409540837, -0.6229957494616009, -0.45266569132014534, -13.37587349483803], [-0.46911605261763056, -0.7805478878531316, 0.41312846865173275, 52.839656804459686], [0.0, 0.0, 0.0, 1.0]]}, {"class": "Mushrooms", "pose": [[-0.24455352664741067, 0.05454159130931836, -0.9681006122026793, 2.5969374778555765], [0.7643204433588096, -0.6035310679587496, -0.22707843804070424, -15.35902426583235], [-0.5966639584413161, -0.7954718994255412, 0.10590838298980158, 56.96065078992943], [0.0, 0.0, 0.0, 1.0]]}, {"class": "Pineapple", "pose": [[0.9903046646824957, 0.012576856099657523, 0.13834197383361027, -17.378074426055445], [-0.09330755264055664, -0.6775559903871351, 0.7295284008600218, -5.720208320077102], [0.10290959975175375, -0.735363712618051, -0.6698132815267135, 46.43025435477994], [0.0, 0.0, 0.0, 1.0]]}, {"class": "Cherries", "pose": [[0.9631469978094439, 0.07244538433401293, -0.2590357790437317, -28.157118676137305], [0.245063355302832, -0.6333058644366106, 0.7340761139749451, -13.537174078908265], [-0.11086843602834988, -0.7705033622480696, -0.6277202930630015, 51.891747519390016], [0.0, 0.0, 0.0, 1.0]]}, {"class": "PeasAndCarrots", "pose": [[0.9803669877778284, 0.0031811399047789344, 0.19715592192418904, -12.980573074000157], [-0.14886466032301832, -0.6437423976897472, 0.7506231714210614, -18.868192203409876], [0.1293054528650236, -0.7652357073686381, -0.6306301766435279, 52.454533278907434], [0.0, 0.0, 0.0, 1.0]]}, {"class": "BBQSauce", "pose": [[0.9295354046141799, 0.0924713746397139, -0.35694955437209874, 15.98789687339212], [0.32920013636718026, -0.6442002393173072, 0.6903864345640057, -22.831903159606266], [-0.1661059842468822, -0.759246456459419, -0.6292484628644298, 56.143086393218645], [0.0, 0.0, 0.0, 1.0]]}, {"class": "Raisins", "pose": [[0.04103820908094443, 0.457425403106438, -0.8883005538182346, 26.05512938209727], [-0.6199781871337267, -0.6855399736887504, -0.38165704382841825, -29.511094971086134], [-0.7835451440704919, 0.5663894358651957, 0.25546041143376935, 65.92922001355922], [0.0, 0.0, 0.0, 1.0]]}, {"class": "Ketchup", "pose": [[0.9886234337516049, 0.06474006814026799, -0.13576611410738962, 6.503451028795915], [0.1420381484651412, -0.6988012905021689, 0.7010720561566693, -25.796791428817667], [-0.049486074038668164, -0.7123802160221785, -0.7000468298353244, 58.36315061011612], [0.0, 0.0, 0.0, 1.0]]}, {"class": "AlphabetSoup", "pose": [[0.8000610928063322, 0.009971138651497395, -0.5998356709107682, 10.79234718284956], [0.47008326121818983, -0.6316267922220993, 0.6164977129076266, -32.796970920724036], [-0.3727250594221358, -0.775208521823548, -0.5100272398970161, 68.85175648721274], [0.0, 0.0, 0.0, 1.0]]}, {"class": "Mayo", "pose": [[-0.8112369474464085, 0.5834082877142737, -0.03910745260910171, 12.57112600214284], [0.4546404650143907, 0.5872974280042528, -0.6696147293643786, -39.29286429531814], [-0.36769104266070374, -0.5609959886780332, -0.7416783706569134, 76.27759499493848], [0.0, 0.0, 0.0, 1.0]]}, {"class": "SaladDressing", "pose": [[0.5970990069494987, 0.044554712584601655, -0.8009292486929587, 1.3545866889480007], [0.5973660269287283, -0.6910778219175373, 0.40689726108164054, -30.386818368638536], [-0.535375200417438, -0.7214058580388923, -0.43925731687840025, 61.8499426254158], [0.0, 0.0, 0.0, 1.0]]}, {"class": "Mustard", "pose": [[0.7621733895421292, -0.0023315329043654114, 0.6473687482058579, -4.98573848398186], [-0.5302221353388582, -0.5759859419256748, 0.6221774578456996, -36.07428733420945], [0.37142463448456114, -0.8174563173975767, -0.44023734247659707, 64.87469386145236], [0.0, 0.0, 0.0, 1.0]]}, {"class": "Cookies", "pose": [[-0.3439569956306018, -0.938763002332973, -0.02043571709025588, -13.066578319704082], [0.7348736539069955, -0.2826733307155844, 0.6164873137755392, -17.1948205947378], [-0.5845120583010394, 0.19702743262086453, 0.7870996456367934, 57.0509474058171], [0.0, 0.0, 0.0, 1.0]]}, {"class": "Parmesan", "pose": [[0.9477684182919197, 0.038398432449908725, 0.31663953259071004, -15.458703017919728], [-0.20791706908297528, -0.6784470142755163, 0.7046135453957897, -31.142815183584794], [0.24187918267682107, -0.7336452123015417, -0.6350269058242118, 64.44939531393798], [0.0, 0.0, 0.0, 1.0]]}, {"class": "CreamCheese", "pose": [[0.9993092754303944, -0.000860808963943231, -0.037151567559794055, -13.186778722063474], [0.02928771368654943, -0.5971134585922098, 0.8016220147586438, -38.075431090581624], [-0.02287374058979959, -0.802156376168708, -0.5966757476463841, 72.64525451711367], [0.0, 0.0, 0.0, 1.0]]}, {"class": "Milk", "pose": [[0.995441547815053, 0.039934454029887295, -0.08661046236077473, -24.124751775542908], [0.09211069683810165, -0.6380521106732818, 0.7644640153362429, -30.647033294518117], [-0.02473352921214278, -0.7689569727650557, -0.6388219112043408, 57.436946732615226], [0.0, 0.0, 0.0, 1.0]]}, {"class": "ChocolatePudding", "pose": [[0.7334644645523551, 0.10708387692941776, -0.6712398457080246, 0.5020538682348974], [0.5581807612915245, -0.6584265336159859, 0.5048849816592812, -41.79735170561515], [-0.3878970428496478, -0.7449883427305959, -0.5427045798683402, 77.25167971877512], [0.0, 0.0, 0.0, 1.0]]}, {"class": "Yogurt", "pose": [[0.8916851931324402, 0.03566236863592097, -0.45124906618970256, -5.997677333647267], [0.38069625847185323, -0.5983937668204746, 0.7049789824998873, -6.908265718973938], [-0.24488338077231636, -0.8004081283374641, -0.5471553395324686, 48.222697437301484], [0.0, 0.0, 0.0, 1.0]]}]}