{"camera": {"camera": "RealSense D415", "extrinsics": [[-0.92779416, -0.37304333, -0.0060571656, 0.6517509], [-0.28300977, 0.71426564, -0.6401016, -0.25682944], [0.24311206, -0.59216833, -0.7682664, 0.21708213], [0.0, 0.0, 0.0, 1.0]], "height": 480, "intrinsics": [[603.0301, 0.0, 326.28275], [0.0, 603.81976, 245.73769], [0.0, 0.0, 1.0]], "width": 640}, "objects": [{"class": "MacaroniAndCheese", "pose": [[0.9750853407639781, 0.03484347568652672, 0.21907658169854838, 0.6635270121847392], [-0.14495852039673243, -0.6474752769630644, 0.7481730108920979, 0.23760979079293088], [0.16791563093239187, -0.7612895309423487, -0.6262927933410392, 36.04096534429564], [0.0, 0.0, 0.0, 1.0]]}, {"class": "OrangeJuice", "pose": [[-0.2305312641131267, 0.017102285663648024, 0.9729146346473174, 17.400011126613308], [-0.7331000102081634, -0.6605218820299756, -0.16209651302147765, -5.906592867808438], [0.6398591850317066, -0.7506120213324765, 0.16480864293628197, 39.476076975778106], [0.0, 0.0, 0.0, 1.0]]}, {"class": "TomatoSauce", "pose": [[-0.6038326099485826, -0.07184972099664304, -0.7938663835777615, 23.738282322584332], [0.6475628110564274, -0.624961560895309, -0.4359879749274682, -13.861411564068572], [-0.46481037177094536, -0.7773420837874958, 0.4238993690627994, 53.3138893474251], [0.0, 0.0, 0.0, 1.0]]}, {"class": "Mushrooms", "pose": [[-0.23683285189326914, 0.034063604036930144, -0.9709530932869812, 2.816687134560192], [0.7664787297688624, -0.6075630562895875, -0.20827277927112736, -15.431260423957202], [-0.5970097577666625, -0.7935407086478764, 0.11778185290944705, 57.679446360183725], [0.0, 0.0, 0.0, 1.0]]}, {"class": "Pineapple", "pose": [[0.9894704495495144, -0.008606481678229996, 0.14447905094111516, -17.091055934642718], [-0.11165730815226059, -0.6805436373290892, 0.7241498908157328, -5.456840462348497], [0.0920919291560946, -0.7326570388466067, -0.6743387961830437, 47.33585580716652], [0.0, 0.0, 0.0, 1.0]]}, {"class": "Cherries", "pose": [[0.9662842924399894, 0.05168422263283687, -0.25223688377005654, -27.953120826972423], [0.2263288161864351, -0.6375739573051403, 0.736393085974646, -13.046680255245388], [-0.12275975378702096, -0.7686535257195565, -0.6277753358278819, 52.95106192494256], [0.0, 0.0, 0.0, 1.0]]}, {"class": "PeasAndCarrots", "pose": [[0.9787851331289107, -0.017700536069757, 0.2041234734372975, -12.874664556384264], [-0.16691241535160323, -0.6466751329947988, 0.7442792346350988, -18.662147265098355], [0.11882744637841046, -0.762560170928207, -0.6359104463097752, 53.36423489571924], [0.0, 0.0, 0.0, 1.0]]}, {"class": "BBQSauce", "pose": [[0.9336430813117148, 0.0716274600386951, -0.3509702863585708, 16.053784298303743], [0.31087084779519875, -0.6488018256934548, 0.6945614214087128, -23.159742791778864], [-0.1779604829667689, -0.7575788742091831, -0.6280162321779196, 56.74139222391747], [0.0, 0.0, 0.0, 1.0]]}, {"class": "Raisins", "pose": [[0.020388267085405826, 0.45079790943372117, -0.8923931878017007, 26.103650727583833], [-0.6237045100893569, -0.6918660936886389, -0.36374998782071705, -29.990216899370303], [-0.7813943017724131, 0.5640058972503921, 0.267058729587985, 66.44056792541436], [0.0, 0.0, 0.0, 1.0]]}, {"class": "Ketchup", "pose": [[0.9905051204956251, 0.04340389604096675, -0.13044441843119683, 6.540854739944734], [0.12308012026444028, -0.7026837393929425, 0.7007759324704264, -25.935629095675516], [-0.061244754669870206, -0.7101772423544882, -0.7013540022641689, 59.0807489313707], [0.0, 0.0, 0.0, 1.0]]}, {"class": "AlphabetSoup", "pose": [[0.804512591687349, -0.010796609904318607, -0.5938374872391605, 10.815717589373419], [0.4533734386644935, -0.6347294971522959, 0.6257563836667427, -32.97476354146258], [-0.38368220926315083, -0.7726590127463041, -0.5057529874767126, 69.54899348698324], [0.0, 0.0, 0.0, 1.0]]}, {"class": "Mayo", "pose": [[-0.8066277467389208, 0.5879861276678002, -0.06019991761254839, 12.555752301759904], [0.46849295721759143, 0.5739356061546996, -0.6716489634970835, -39.47411003862529], [-0.36036940994959715, -0.5699739216483766, -0.7384197241664897, 76.98098807204671], [0.0, 0.0, 0.0, 1.0]]}, {"class": "SaladDressing", "pose": [[0.6021554768606014, 0.02326677081674912, -0.7980397717419752, 1.3461393876349814], [0.5838430411608774, -0.6946144358318276, 0.42028341623647664, -30.413569626685195], [-0.5445513024238733, -0.7190059067019771, -0.43185004015386746, 62.64443418789713], [0.0, 0.0, 0.0, 1.0]]}, {"class": "Mustard", "pose": [[0.7561895379268937, -0.022525051905199645, 0.6539648637243599, -5.065755416092854], [-0.543115941539186, -0.5790311313709865, 0.6080691441691418, -35.9679714262867], [0.36496923936532266, -0.8149942474957999, -0.45009099401189856, 65.76410944915989], [0.0, 0.0, 0.0, 1.0]]}, {"class": "Cookies", "pose": [[-0.33663059044937393, -0.9416367930702614, 0.00018365592742785979, -12.876697516840807], [0.738969028282312, -0.264056920559117, 0.6198377038271258, -16.969481319086437], [-0.5836135004407202, 0.20879203784326397, 0.7847300421554861, 57.95438419432318], [0.0, 0.0, 0.0, 1.0]]}, {"class": "Parmesan", "pose": [[0.9463591368250646, 0.01721151702369166, 0.3226580016811962, -15.44776593398025], [-0.22489560352712318, -0.6819171820332164, 0.695996397622431, -30.840587117805057], [0.23200520159239216, -0.7312268947064424, -0.6414677598420767, 65.43688916048066], [0.0, 0.0, 0.0, 1.0]]}, {"class": "CreamCheese", "pose": [[0.9993593579053308, -0.021280035927350206, -0.028776241196827076, -13.214199811368166], [0.010252357620203522, -0.6001227243331755, 0.7998422757291023, -37.78290944264685], [-0.034289935696572335, -0.7996248669058555, -0.5995200952098975, 73.63507572256768], [0.0, 0.0, 0.0, 1.0]]}, {"class": "Milk", "pose": [[0.9966592571454778, 0.01910906749654079, -0.07940533297630574, -24.182138107805706], [0.07312960643414186, -0.6416970704074618, 0.7634638116077418, -30.20807352097117], [-0.03636507614572265, -0.7667201348328188, -0.6409507688610921, 58.520870629406666], [0.0, 0.0, 0.0, 1.0]]}, {"class": "ChocolatePudding", "pose": [[0.7394252499755533, 0.08612968464847917, -0.667706533845809, 0.45335072292356227], [0.5426573351646974, -0.6632466464351736, 0.5153901082925416, -41.745567336077706], [-0.39846372599160745, -0.7434282858547617, -0.5371602320394733, 78.10177456539712], [0.0, 0.0, 0.0, 1.0]]}, {"class": "Yogurt", "pose": [[0.8958792126748941, 0.015229935854635963, -0.44403662413174366, -5.715494360875217], [0.36276660096551216, -0.6020881968813954, 0.7112596273804603, -6.853362981303287], [-0.25651676299646176, -0.7982843508421458, -0.5449232216809226, 49.00441782145334], [0.0, 0.0, 0.0, 1.0]]}]}