{"camera": {"camera": "RealSense D415", "extrinsics": [[-0.9298212, -0.3672533, -0.023611864, 0.64695466], [-0.26743257, 0.71838105, -0.6421904, -0.26918334], [0.25280887, -0.5908077, -0.7661814, 0.21566373], [0.0, 0.0, 0.0, 1.0]], "height": 480, "intrinsics": [[603.0301, 0.0, 326.28275], [0.0, 603.81976, 245.73769], [0.0, 0.0, 1.0]], "width": 640}, "objects": [{"class": "MacaroniAndCheese", "pose": [[0.9742113533199924, 0.017230858559784273, 0.22497850170555206, 0.7454857684778604], [-0.16002024096357742, -0.6501958771794432, 0.7427239965035742, 0.07172173866198395], [0.1590778667001015, -0.7595712155340647, -0.6306709185602206, 36.43181674265179], [0.0, 0.0, 0.0, 1.0]]}, {"class": "OrangeJuice", "pose": [[-0.23606108256828698, -0.0006131731517564875, 0.9717380197199893, 17.413957355192828], [-0.7274299109737365, -0.6629257956348976, -0.1771304753677536, -6.32888573839761], [0.6442988097996915, -0.748684864681868, 0.15604494143142456, 39.72656792528744], [0.0, 0.0, 0.0, 1.0]]}, {"class": "TomatoSauce", "pose": [[-0.5978481135034432, -0.08923842881478149, -0.7966267166352136, 23.756645958116785], [0.655750194206722, -0.626028138436973, -0.4219959050564552, -14.343021456175475], [-0.4610524928481032, -0.774677531914788, 0.4327878545480572, 53.52808207278965], [0.0, 0.0, 0.0, 1.0]]}, {"class": "Mushrooms", "pose": [[-0.23028009105074468, 0.01677907590107252, -0.9729797181501367, 2.855393171831333], [0.7683969809449472, -0.6103717588522539, -0.19238629595614096, -15.565541382218212], [-0.5971074080533708, -0.7919373634302329, 0.12766347288985996, 58.09740538809589], [0.0, 0.0, 0.0, 1.0]]}, {"class": "Pineapple", "pose": [[0.9883997284785697, -0.02646502012683459, 0.14955122569584142, -16.988793103432442], [-0.12717726505566085, -0.6824811586901041, 0.7197537790712898, -5.304973937406876], [0.08301759767627528, -0.7304239075176713, -0.6779299377236708, 47.912801414223566], [0.0, 0.0, 0.0, 1.0]]}, {"class": "Cherries", "pose": [[0.9685520330172243, 0.0341561424026416, -0.24645548670769038, -27.9162972416198], [0.2104998259094542, -0.6405866539053849, 0.738470482370026, -12.703699092245882], [-0.1326527929432093, -0.7671258757664903, -0.6276313678531406, 53.65468059136239], [0.0, 0.0, 0.0, 1.0]]}, {"class": "PeasAndCarrots", "pose": [[0.9770908882664591, -0.03530346184275788, 0.20987389380895852, -12.926041014622802], [-0.1821753861494092, -0.648560202155234, 0.7390411923993853, -18.558082739621508], [0.1100251452724441, -0.7603442245867025, -0.6401336846353031, 53.941781038526045], [0.0, 0.0, 0.0, 1.0]]}, {"class": "BBQSauce", "pose": [[0.9367365737450819, 0.05402282203954369, -0.34584117129278497, 15.957989613346534], [0.29538904095041313, -0.6520989112959901, 0.6982208931093448, -23.50723835709944], [-0.18780278918009263, -0.7562066907587734, -0.6268026482771032, 57.05743566932049], [0.0, 0.0, 0.0, 1.0]]}, {"class": "Raisins", "pose": [[0.0029648937802557156, 0.44508223908231376, -0.8954847846347243, 25.98997356876451], [-0.6262567294678889, -0.6973098024291322, -0.34865690791070725, -30.468699235979717], [-0.779611267213812, 0.5618371044966899, 0.27666829725032305, 66.68170460167693], [0.0, 0.0, 0.0, 1.0]]}, {"class": "Ketchup", "pose": [[0.9917106646390159, 0.025398339915246315, -0.12595583203942448, 6.424817008195083], [0.10705958783378504, -0.7053827833436201, 0.7006949870069682, -26.123877018843565], [-0.0710505853160881, -0.7083714226229492, -0.7022547604656904, 59.49583298507076], [0.0, 0.0, 0.0, 1.0]]}, {"class": "AlphabetSoup", "pose": [[0.8079329995556451, -0.02830684102704183, -0.5885940711849218, 10.68682501573608], [0.43932783277524917, -0.636756272437546, 0.6336659972429262, -33.19944256508276], [-0.39272804735941513, -0.7705453793166372, -0.5020204237781407, 69.94474034834668], [0.0, 0.0, 0.0, 1.0]]}, {"class": "Mayo", "pose": [[-0.8024646445531999, 0.5915845523068188, -0.0779628204210165, 12.394008340564277], [0.4802522208939804, 0.5627826586795149, -0.6727804802589351, -39.70376883393316], [-0.3541304186042072, -0.5773243618197821, -0.7357229332621986, 77.37999641786648], [0.0, 0.0, 0.0, 1.0]]}, {"class": "SaladDressing", "pose": [[0.6061526088567636, 0.005308922601473256, -0.7953306355038161, 1.1936817529801136], [0.5725375481679531, -0.6970189402984617, 0.4317006416539893, -30.507711237448692], [-0.552068647883943, -0.717033074066724, -0.42553940519928646, 63.1226900444133], [0.0, 0.0, 0.0, 1.0]]}, {"class": "Mustard", "pose": [[0.7508892118219804, -0.03955002975926328, 0.6592428811669944, -5.275834864812811], [-0.5540460158187657, -0.5810029844430129, 0.5962119049675979, -35.94973215845131], [0.3594418876078015, -0.812939931102205, -0.4581814100460939, 66.32048770599918], [0.0, 0.0, 0.0, 1.0]]}, {"class": "Cookies", "pose": [[-0.3303711060489312, -0.9436874940147103, 0.017573718507866886, -12.857176470119725], [0.7425247619221976, -0.24836249228605686, 0.6220716530748436, -16.852044962219022], [-0.5826765886218949, 0.21856341956697112, 0.7827630748562976, 58.526460304747275], [0.0, 0.0, 0.0, 1.0]]}, {"class": "Parmesan", "pose": [[0.9448284640054189, -0.0006597090057890325, 0.3275648455544965, -15.577418319853987], [-0.23929850593173985, -0.6842627391918398, 0.6888547161876332, -30.65813859996228], [0.22368597514209618, -0.7292352733535243, -0.6466687771039232, 66.07615677515713], [0.0, 0.0, 0.0, 1.0]]}, {"class": "CreamCheese", "pose": [[0.9990220387475462, -0.03849454593485765, -0.02175145245539477, -13.376523866873391], [-0.005815087993454182, -0.6020662707093353, 0.7984250006276171, -37.611002508588], [-0.04383082062675337, -0.7975176371584823, -0.6017013247813914, 74.27424588677178], [0.0, 0.0, 0.0, 1.0]]}, {"class": "Milk", "pose": [[0.9973052015352566, 0.00153936609872179, -0.07334817650554104, -24.366347195189242], [0.057090866172492157, -0.644183121850418, 0.7627377201398599, -29.9066118639186], [-0.04607552350027548, -0.76486975834361, -0.6425350617397515, 59.241643482302464], [0.0, 0.0, 0.0, 1.0]]}, {"class": "ChocolatePudding", "pose": [[0.7441392530294014, 0.0684275539716301, -0.6645106708039052, 0.2681992786466192], [0.5295960426481183, -0.6667316876954998, 0.5244015440820038, -41.77827877857136], [-0.4071668063778564, -0.7421499466273657, -0.5323801791618452, 78.62296094660375], [0.0, 0.0, 0.0, 1.0]]}, {"class": "Yogurt", "pose": [[0.8990553616931461, -0.0020094068776367233, -0.43783034219747496, -5.621507550363624], [0.3476491103630867, -0.6046107701384535, 0.7166491497921189, -6.878106695146352], [-0.26615697982514647, -0.7965185412940737, -0.5428799886940578, 49.4773593503245], [0.0, 0.0, 0.0, 1.0]]}]}