{"camera": {"camera": "RealSense D415", "extrinsics": [[-0.7167779, -0.6906338, 0.09619984, 0.55851585], [-0.5764292, 0.5092325, -0.63907087, 0.114768036], [0.39237586, -0.5135243, -0.76310813, 0.05690076], [0.0, 0.0, 0.0, 1.0]], "height": 480, "intrinsics": [[607.7151, 0.0, 326.28275], [0.0, 609.8564, 245.73769], [0.0, 0.0, 1.0]], "width": 640}, "objects": [{"class": "Cookies", "pose": [[-0.9626357527384071, 0.13467444792508632, 0.2349367050138571, -7.47282463513087], [-0.2661359642419042, -0.6308126096969452, -0.7288669717796528, -10.220780493274354], [0.050041267426501314, -0.7641585265793627, 0.6430844874381099, 57.71286184533384], [0.0, 0.0, 0.0, 1.0]]}, {"class": "Mustard", "pose": [[0.5575588299593107, 0.12867412752264437, -0.8201043682224985, 0.7275048058428935], [0.6721700642602622, -0.6497165483289356, 0.35504334116663483, -1.6866045637952034], [-0.4871504803703438, -0.7492071698882566, -0.44874610442442886, 52.93616609610786], [0.0, 0.0, 0.0, 1.0]]}, {"class": "AlphabetSoup", "pose": [[0.7978050352017844, 0.12006867348375404, -0.5908389748412545, 8.134836525816686], [0.5093506040047976, -0.65856905746536, 0.5539392758380781, 0.8657150123521542], [-0.32259750336371573, -0.7428797463825585, -0.5865667680760748, 57.22916957140105], [0.0, 0.0, 0.0, 1.0]]}, {"class": "GranolaBars", "pose": [[0.7999362333991356, 0.13071201389226925, -0.585676059487123, 10.176327143615776], [0.5196007715351344, -0.6391166300374915, 0.5670493223666635, -7.729965052322209], [-0.30019514077538006, -0.7579210455480279, -0.5791706193716689, 61.55580938736222], [0.0, 0.0, 0.0, 1.0]]}, {"class": "Milk", "pose": [[-0.577548941118046, -0.8026767685469257, -0.14881962432899087, -14.144321882256627], [0.5596180937851041, -0.5220044364956495, 0.6436916342116499, -0.4086298251609083], [-0.5943608315690752, 0.28848125732015895, 0.750675566569624, 54.71341968750405], [0.0, 0.0, 0.0, 1.0]]}]}