{"camera": {"camera": "RealSense D415", "extrinsics": [[-0.9491469, -0.3114266, -0.04619034, 0.6083486], [-0.20851173, 0.73173493, -0.6489121, -0.3012891], [0.23588757, -0.60628164, -0.7594601, 0.23388132], [0.0, 0.0, 0.0, 1.0]], "height": 480, "intrinsics": [[603.0301, 0.0, 326.28275], [0.0, 603.81976, 245.73769], [0.0, 0.0, 1.0]], "width": 640}, "objects": [{"class": "MacaroniAndCheese", "pose": [[0.9594259653076479, -0.006043779051142563, 0.2818957614889617, -1.6797220299634485], [-0.21578697262799876, -0.659253856100363, 0.7202919330163442, 0.7990181512436523], [0.18148755656779342, -0.7518962529084445, -0.6338093667922489, 36.59550069566917], [0.0, 0.0, 0.0, 1.0]]}, {"class": "OrangeJuice", "pose": [[-0.2923223232658046, -0.02483695167567021, 0.955997236224621, 14.505059696099925], [-0.7042006798000899, -0.670765638707747, -0.23275522250994643, -6.542009520497697], [0.6470309587682793, -0.7412534888799163, 0.1785895444281404, 40.313461563195], [0.0, 0.0, 0.0, 1.0]]}, {"class": "TomatoSauce", "pose": [[-0.5479728336670528, -0.11054482930087363, -0.8291595412192504, 20.072147355219034], [0.6845247466059724, -0.6289761389905254, -0.36853089554633184, -14.751154016174747], [-0.4807823144473537, -0.7695251774596802, 0.42033247451344574, 54.3332803412222], [0.0, 0.0, 0.0, 1.0]]}, {"class": "Mushrooms", "pose": [[-0.17160815849703256, -0.0034485070174697916, -0.9851592146723187, -0.9543649582117175], [0.7734276669086697, -0.619869868887994, -0.13255611193969416, -14.671589064211174], [-0.6102133172220247, -0.7846971361936466, 0.10904188963274923, 58.47031605895721], [0.0, 0.0, 0.0, 1.0]]}, {"class": "Pineapple", "pose": [[0.9771135918180618, -0.052181591178444044, 0.2062184296896468, -19.936069511099454], [-0.18477393217551916, -0.6885238920311659, 0.7012799563642385, -3.3724325144466882], [0.10539238989262177, -0.7233340066723626, -0.6824077818316014, 47.75485860661104], [0.0, 0.0, 0.0, 1.0]]}, {"class": "Cherries", "pose": [[0.9819257090053705, 0.011577419668632826, -0.18891213795118744, -31.402068451985908], [0.15083911113344564, -0.6507618080184077, 0.7441483487078772, -10.037159187234385], [-0.11432147732422772, -0.7591937699438148, -0.6407460037028727, 53.34350208320513], [0.0, 0.0, 0.0, 1.0]]}, {"class": "PeasAndCarrots", "pose": [[0.9619844474313295, -0.05835936300647371, 0.26679587359419965, -16.797630953406937], [-0.2386689010044124, -0.6545031586771964, 0.7174001004199099, -16.76962725283043], [0.13275170237381018, -0.7538036532489348, -0.6435503551593423, 54.01303761505173], [0.0, 0.0, 0.0, 1.0]]}, {"class": "BBQSauce", "pose": [[0.9563823486513606, 0.030491645681790348, -0.2905219324748127, 11.66872033051699], [0.23679509311399008, -0.6633027512966, 0.7098997655353024, -23.391271090402604], [-0.17105796743254523, -0.7477298105213498, -0.6415912437026046, 57.795799318306926], [0.0, 0.0, 0.0, 1.0]]}, {"class": "Raisins", "pose": [[-0.018438090693587598, 0.390955277776767, -0.920224938863992, 21.06656940414775], [-0.6347532752431143, -0.7156880497996254, -0.291340055690466, -30.820093858453806], [-0.7724949586266668, 0.5787439683470418, 0.2613560402183208, 67.70651038752055], [0.0, 0.0, 0.0, 1.0]]}, {"class": "Ketchup", "pose": [[0.9975879899958147, -0.002244456765491179, -0.06937647401756782, 1.948053651218462], [0.04696016760978511, -0.7142026285272792, 0.6983619986585483, -25.405910705163272], [-0.05111630370417849, -0.6999355156708401, -0.7123744936187116, 60.05938525438184], [0.0, 0.0, 0.0, 1.0]]}, {"class": "AlphabetSoup", "pose": [[0.8406551866166727, -0.050461349763671975, -0.5392146510543716, 5.5636839419653805], [0.38564469672003954, -0.643261563138791, 0.661432432216265, -32.59510816999236], [-0.3802327982011986, -0.7639819103589175, -0.5213009510606362, 70.67308612847086], [0.0, 0.0, 0.0, 1.0]]}, {"class": "Mayo", "pose": [[-0.7648694667511765, 0.6359157010146841, -0.10288756266889319, 6.725732549022845], [0.5228318883196865, 0.5195069703620159, -0.675839816383236, -39.09866396876602], [-0.37632629115409916, -0.5707220885205962, -0.7298320642594343, 78.21345506656867], [0.0, 0.0, 0.0, 1.0]]}, {"class": "SaladDressing", "pose": [[0.6505182059174897, -0.021615600642756583, -0.759182955614729, -3.609255773551878], [0.5286835932818861, -0.7047635798252421, 0.47307725357920055, -29.426140011475532], [-0.5452702962831317, -0.7091129804390769, -0.4470336751570442, 63.62181931827904], [0.0, 0.0, 0.0, 1.0]]}, {"class": "Mustard", "pose": [[0.708877065124664, -0.057477491856226935, 0.7029861840657559, -10.456895190368021], [-0.5933544197623785, -0.5874573160935816, 0.5502949821906005, -34.43409410429356], [0.38134474265757445, -0.8072114809314579, -0.4505394922314467, 66.7405329219203], [0.0, 0.0, 0.0, 1.0]]}, {"class": "Cookies", "pose": [[-0.27334228273438826, -0.9611411826648205, 0.03862064179160032, -16.721233241971788], [0.7537372296580694, -0.18906769951099553, 0.6293915528004594, -15.015108922557003], [-0.5976321515051898, 0.2011491249586319, 0.7761281226549853, 58.579263873133236], [0.0, 0.0, 0.0, 1.0]]}, {"class": "Parmesan", "pose": [[0.9240342074060857, -0.02655882953269138, 0.3813860808084533, -20.416556439674594], [-0.2923841737359787, -0.6918239578034606, 0.6602205990920462, -28.541979640920246], [0.2463173083299377, -0.7215777120362935, -0.6470343197001691, 66.2195646892609], [0.0, 0.0, 0.0, 1.0]]}, {"class": "CreamCheese", "pose": [[0.9975780086064069, -0.05800035791374402, 0.038392782445745274, -18.8042854568653], [-0.06581033267480532, -0.6083570448063823, 0.7909303630884668, -35.51336255332094], [-0.022517734355106154, -0.7915414099892386, -0.6107005564694209, 74.53793648966776], [0.0, 0.0, 0.0, 1.0]]}, {"class": "Milk", "pose": [[0.9996708448211901, -0.021235501934187776, -0.014393956692410066, -29.002405366884698], [-0.0029456827763425643, -0.6523824833681334, 0.7578842599335232, -27.351705781306908], [-0.025484422697366976, -0.7575924344317398, -0.652230227183523, 59.191970854708686], [0.0, 0.0, 0.0, 1.0]]}, {"class": "ChocolatePudding", "pose": [[0.7826816091785826, 0.04370378791767089, -0.6208859863875515, -5.525391544250424], [0.47936834047304494, -0.678595150136962, 0.5565202147903419, -40.43236511979629], [-0.39700813517919514, -0.7332112611607176, -0.5520740972631715, 79.22092224667546], [0.0, 0.0, 0.0, 1.0]]}, {"class": "Yogurt", "pose": [[0.9235119250603891, -0.021760830852839114, -0.38295185210287125, -8.7177307647897], [0.2902493361308076, -0.6130567090532353, 0.7347903969623021, -5.600350099260906], [-0.25076082804761074, -0.7897392471034543, -0.5598490425656216, 49.57777347587045], [0.0, 0.0, 0.0, 1.0]]}]}