{"camera": {"camera": "RealSense D415", "extrinsics": [[-0.9516164, -0.30429226, -0.04280633, 0.60015845], [-0.20317517, 0.7275702, -0.6552568, -0.30176008], [0.23053418, -0.61485595, -0.7541924, 0.24332638], [0.0, 0.0, 0.0, 1.0]], "height": 480, "intrinsics": [[603.0301, 0.0, 326.28275], [0.0, 603.81976, 245.73769], [0.0, 0.0, 1.0]], "width": 640}, "objects": [{"class": "MacaroniAndCheese", "pose": [[0.957272217159109, -0.0027543088234973515, 0.28917515132328225, -2.4858948421238813], [-0.2175505655826565, -0.6656725573644309, 0.7138290326418505, 1.0814479933756227], [0.1905298605886576, -0.7462389271608089, -0.6378290247868067, 36.804540083821415], [0.0, 0.0, 0.0, 1.0]]}, {"class": "OrangeJuice", "pose": [[-0.29964327292619847, -0.021667169948410045, 0.9538052185017418, 13.64454723205703], [-0.6975885018366916, -0.6770269829135844, -0.2345310993621164, -6.28352413745365], [0.6508334731548079, -0.7356392288085566, 0.1877518157188843, 40.706734252301615], [0.0, 0.0, 0.0, 1.0]]}, {"class": "TomatoSauce", "pose": [[-0.5419359776968675, -0.10701278905560985, -0.8335787972117207, 19.07754893437568], [0.682263665401867, -0.6351846422207815, -0.36201774986194574, -14.39105764211126], [-0.490735909160065, -0.7649109777669075, 0.41724032954528617, 54.837843468016125], [0.0, 0.0, 0.0, 1.0]]}, {"class": "Mushrooms", "pose": [[-0.16430163227989672, 0.00022555554391350558, -0.9864100946662663, -1.978898975978427], [0.7687414355941564, -0.6265814504059403, -0.12818884999740904, -14.202838385651557], [-0.6180951634178553, -0.7793559571990714, 0.1027749482330718, 58.81605881243357], [0.0, 0.0, 0.0, 1.0]]}, {"class": "Pineapple", "pose": [[0.9756380442790048, -0.04920772942738749, 0.2137965341737177, -20.839831590979564], [-0.187254926090696, -0.6945352958731517, 0.6946627998511196, -2.93038329316051], [0.1143064650010846, -0.7177739196023608, -0.6868294267459399, 47.861877503544825], [0.0, 0.0, 0.0, 1.0]]}, {"class": "Cherries", "pose": [[0.9832808917907389, 0.014950914684736263, -0.1814803297714457, -32.37081932057587], [0.14643688168820304, -0.6573048865044893, 0.7392608578266466, -9.506901785249559], [-0.10823526823902681, -0.7534764974266047, -0.6485046827753039, 53.421227722071265], [0.0, 0.0, 0.0, 1.0]]}, {"class": "PeasAndCarrots", "pose": [[0.9601140675008987, -0.05503702458837813, 0.27413838734477564, -17.795717427715594], [-0.24085964366301987, -0.6607566703767721, 0.7109060026916088, -16.28407234294459], [0.14201262044964458, -0.7485797372295724, -0.6476579511508127, 54.25811008612018], [0.0, 0.0, 0.0, 1.0]]}, {"class": "BBQSauce", "pose": [[0.9584669149279866, 0.033734378567038426, -0.2832015480109205, 10.617935645264193], [0.2319898596949257, -0.669812401462935, 0.7053595834048215, -22.971813958113735], [-0.16589702657227126, -0.7417637196544586, -0.6498190439079186, 58.31114265790853], [0.0, 0.0, 0.0, 1.0]]}, {"class": "Raisins", "pose": [[-0.014907441668669242, 0.38408093952169475, -0.9231790466554586, 19.915057361533574], [-0.6413071577393341, -0.7120372709031949, -0.2858813465983072, -30.347719727776283], [-0.7671394733028397, 0.5877795564006515, 0.25692849321286154, 68.35548069147332], [0.0, 0.0, 0.0, 1.0]]}, {"class": "Ketchup", "pose": [[0.998102317511893, 0.0004618350049266009, -0.061575178363288116, 0.8735438327072576], [0.043051697784673666, -0.7201851809707749, 0.6924449050168426, -24.933114239230942], [-0.044025724748883964, -0.6937817905274143, -0.7188383627349387, 60.518875616207055], [0.0, 0.0, 0.0, 1.0]]}, {"class": "AlphabetSoup", "pose": [[0.8448347586344819, -0.04702337995947375, -0.5329568316898263, 4.384235803662529], [0.37943581788228764, -0.6496305625433018, 0.6587933533161271, -32.04326380802467], [-0.37720371808684783, -0.758794443679412, -0.5309881131901598, 71.2206892170234], [0.0, 0.0, 0.0, 1.0]]}, {"class": "Mayo", "pose": [[-0.760178610675744, 0.642000547636154, -0.099818479304324, 5.466839091778375], [0.5222300788946649, 0.512365158935258, -0.6817314564128272, -38.48571272440765], [-0.3865284516116327, -0.5703658632598935, -0.7247610414261011, 78.82506860452352], [0.0, 0.0, 0.0, 1.0]]}, {"class": "SaladDressing", "pose": [[0.6564447054508609, -0.01880660840640395, -0.7541396503767952, -4.724444574898223], [0.5217095872429552, -0.7107581698947679, 0.471849574083161, -28.90321278701321], [-0.544884787296724, -0.7031850504434829, -0.4567618443477269, 64.07383149752185], [0.0, 0.0, 0.0, 1.0]]}, {"class": "Mustard", "pose": [[0.703900986628952, -0.05351849698752171, 0.708278987128405, -11.612896695226205], [-0.5925118232719185, -0.5941762136006177, 0.5439526234241866, -33.86032660126418], [0.3917309921583383, -0.802552469716171, -0.449951544259663, 67.18387868546723], [0.0, 0.0, 0.0, 1.0]]}, {"class": "Cookies", "pose": [[-0.26619605046833145, -0.9632816784470749, 0.035043156077914174, -17.74725839386878], [0.749513611215936, -0.18398912846701132, 0.6359067834705256, -14.490614670234104], [-0.6061097773396302, 0.19554118223568517, 0.7709699169939838, 58.80956631520091], [0.0, 0.0, 0.0, 1.0]]}, {"class": "Parmesan", "pose": [[0.9211257643063088, -0.023610658325632337, 0.388548343516225, -21.547466616279507], [-0.29346378833789066, -0.6979091531019059, 0.6533007798914591, -27.93833652673989], [0.25574658522185534, -0.7157970587884946, -0.6497909539410635, 66.53763444024352], [0.0, 0.0, 0.0, 1.0]]}, {"class": "CreamCheese", "pose": [[0.9974793328749242, -0.0542324987403697, 0.045757717080590656, -20.022130080226553], [-0.06946789613579776, -0.6149384255104737, 0.7855094106966519, -34.84346431124716], [-0.0144619511928733, -0.7867081031797143, -0.6171557675381546, 74.92735862523156], [0.0, 0.0, 0.0, 1.0]]}, {"class": "Milk", "pose": [[0.9998167879802715, -0.017878595282997286, -0.006833623356146424, -30.076256789969456], [-0.006638746692100504, -0.6587976883293989, 0.752290916434615, -26.778731158790077], [-0.01795187033808275, -0.7521077296597776, -0.6587956605685226, 59.43582568000871], [0.0, 0.0, 0.0, 1.0]]}, {"class": "ChocolatePudding", "pose": [[0.7873203393412483, 0.04678337303228947, -0.6147665828360847, -6.7961202058934855], [0.47321258246048314, -0.685025161419114, 0.5539047482010164, -39.7681158543084], [-0.3952170252550016, -0.7270157653145671, -0.5614727143674906, 79.75192562989139], [0.0, 0.0, 0.0, 1.0]]}, {"class": "Yogurt", "pose": [[0.9263828292353173, -0.018024322258667288, -0.37615147163042933, -9.643393939682321], [0.2848703953506904, -0.6197483207761072, 0.731273523931894, -5.181508484424796], [-0.2462999360783822, -0.7845936621311383, -0.5689895920647141, 49.78800938921381], [0.0, 0.0, 0.0, 1.0]]}]}