{"camera": {"camera": "RealSense D415", "extrinsics": [[-0.94951636, -0.31164378, -0.03601218, 0.592003], [-0.21059148, 0.7182597, -0.6631397, -0.29107228], [0.23252946, -0.6220781, -0.7476288, 0.24592774], [0.0, 0.0, 0.0, 1.0]], "height": 480, "intrinsics": [[603.0301, 0.0, 326.28275], [0.0, 603.81976, 245.73769], [0.0, 0.0, 1.0]], "width": 640}, "objects": [{"class": "MacaroniAndCheese", "pose": [[0.9594243248815995, 0.004143320578359839, 0.2819359084825973, -3.6193489524457445], [-0.20583968117317586, -0.6730655248862633, 0.710361123064046, 1.6319944016895016], [0.19270456250763127, -0.7395712537250684, -0.6449025138398671, 36.75158453758958], [0.0, 0.0, 0.0, 1.0]]}, {"class": "OrangeJuice", "pose": [[-0.2925711388816627, -0.014653697000991324, 0.9561315059287209, 12.58510663617216], [-0.6940997896596065, -0.6845066603744924, -0.2228816147513212, -5.528378121225389], [0.6577443590949769, -0.728859321189871, 0.1900957340344182, 40.727235738093135], [0.0, 0.0, 0.0, 1.0]]}, {"class": "TomatoSauce", "pose": [[-0.548826589030982, -0.10041928415479162, -0.8298827635963385, 18.099049441966073], [0.6717634058005542, -0.6438330519713735, -0.3663509630302329, -13.438768841610196], [-0.49751719365995806, -0.758547933229003, 0.42081066420830954, 54.938498710580404], [0.0, 0.0, 0.0, 1.0]]}, {"class": "Mushrooms", "pose": [[-0.17208115130564527, 0.006727200086114796, -0.9850598362110596, -2.9586998987417457], [0.7608263058123788, -0.6342777732886558, -0.1372411709093918, -13.426311302199606], [-0.625724741972113, -0.7730759667605219, 0.10402902001808566, 58.914263952439036], [0.0, 0.0, 0.0, 1.0]]}, {"class": "Pineapple", "pose": [[0.9774884831907842, -0.042015894930903075, 0.2067631218916226, -21.932621381380457], [-0.17611847740748415, -0.7021169341297618, 0.6899378182275567, -2.4570202555432408], [0.11618351076670262, -0.7108209953648816, -0.6937109228483497, 47.848004920228], [0.0, 0.0, 0.0, 1.0]]}, {"class": "Cherries", "pose": [[0.981744822467309, 0.02176290727315298, -0.18895379910837015, -33.39641252989093], [0.1554009519023656, -0.6645897042499042, 0.730870145408588, -9.09543604826038], [-0.10967089104032604, -0.7468914961517051, -0.6558394077359136, 53.472379983034536], [0.0, 0.0, 0.0, 1.0]]}, {"class": "PeasAndCarrots", "pose": [[0.9625102307639196, -0.04818665907492607, 0.26693100294611677, -18.752860147745444], [-0.22960055516168706, -0.668708203022613, 0.707186697115, -15.71450586486755], [0.1444219608384817, -0.7419618519214622, -0.6547021060188754, 54.37698867859129], [0.0, 0.0, 0.0, 1.0]]}, {"class": "BBQSauce", "pose": [[0.9560640733778695, 0.040671904533270964, -0.2903228247134407, 9.727220244227114], [0.24011709474835063, -0.6767871659357664, 0.6959188265386681, -22.07058141940242], [-0.16818241220475028, -0.7350543774608352, -0.656817842712396, 58.496945350094265], [0.0, 0.0, 0.0, 1.0]]}, {"class": "Raisins", "pose": [[-0.008255865620674192, 0.3912726745281102, -0.9202377918898502, 19.098088299269815], [-0.6490350830346674, -0.7021819568197727, -0.29273547923619514, -29.25060137048543], [-0.7607136803026836, 0.5948497609704231, 0.25974679705144205, 68.61442175052123], [0.0, 0.0, 0.0, 1.0]]}, {"class": "Ketchup", "pose": [[0.997615133845341, 0.007910528816833698, -0.06856768209889513, 0.003131924715682466], [0.052817433026455175, -0.7270172186629443, 0.6845848251552181, -24.10935849831092], [-0.04443446507758614, -0.6865736717710778, -0.72570111729882, 60.72393010447015], [0.0, 0.0, 0.0, 1.0]]}, {"class": "AlphabetSoup", "pose": [[0.8409551984522754, -0.04028599951177666, -0.539603049668241, 3.5850758331614996], [0.38428115206597796, -0.6576030049705299, 0.6479864075096652, -31.076284591274877], [-0.38094933770654255, -0.7522867329562665, -0.5375334534925617, 71.49609846109541], [0.0, 0.0, 0.0, 1.0]]}, {"class": "Mayo", "pose": [[-0.7654335887623293, 0.6367952219317171, -0.09275411199074127, 4.732600333637993], [0.5105518544494971, 0.5131984319474845, -0.6899016405702557, -37.43126348556232], [-0.39172475418749925, -0.575429620132747, -0.7179362153668888, 79.16429197915909], [0.0, 0.0, 0.0, 1.0]]}, {"class": "SaladDressing", "pose": [[0.6511400027308146, -0.01145219405384987, -0.7588712689691859, -5.554386455051263], [0.5229434380508587, -0.7178819042277846, 0.4595387170615176, -28.100901065334703], [-0.5500426288160131, -0.6960707115301883, -0.4614527182060299, 64.31815461927923], [0.0, 0.0, 0.0, 1.0]]}, {"class": "Mustard", "pose": [[0.7098770770053168, -0.047342683445186086, 0.7027327120879115, -12.392153260775341], [-0.5813502280129974, -0.6026565750358737, 0.5466599173635968, -33.09698856708705], [0.39762609313869507, -0.7965950754808712, -0.4553347294898445, 67.47730089929847], [0.0, 0.0, 0.0, 1.0]]}, {"class": "Cookies", "pose": [[-0.2737750319411614, -0.9613730574294834, 0.02844530024691234, -18.723291383332132], [0.7406776373056106, -0.19187524122745514, 0.6438793595822054, -13.875402240919207], [-0.6135502533637743, 0.1973468811515784, 0.7645980873646615, 58.910355401207745], [0.0, 0.0, 0.0, 1.0]]}, {"class": "Parmesan", "pose": [[0.9240483353283888, -0.016385892731371886, 0.3819243842281659, -22.386692788741748], [-0.28146530806339964, -0.7052089500394241, 0.6507362887051683, -27.283649785454596], [0.25867356102633343, -0.7088101670112684, -0.6562591531339733, 66.77192243414498], [0.0, 0.0, 0.0, 1.0]]}, {"class": "CreamCheese", "pose": [[0.9981394145123089, -0.04784620455696249, 0.0377956171844613, -20.79182031835466], [-0.059402607191296426, -0.6232661620439174, 0.7797504227678436, -34.08890997294047], [-0.013751379235576002, -0.7805446991058823, -0.6249486477875879, 75.23003837325695], [0.0, 0.0, 0.0, 1.0]]}, {"class": "Milk", "pose": [[0.9998345909045591, -0.011049783845957537, -0.014448248319611025, -30.926045890273958], [0.0034092869689992295, -0.6664045021871756, 0.7455826691412115, -26.282130258527236], [-0.017866915254668377, -0.7455085157080763, -0.6662565320135553, 59.65876265114501], [0.0, 0.0, 0.0, 1.0]]}, {"class": "ChocolatePudding", "pose": [[0.7824868568126877, 0.05387403574417019, -0.6203321416466103, -7.516713673723041], [0.47728068575850846, -0.691718018537818, 0.5419681080365429, -38.829730278318614], [-0.3998968790269306, -0.7201553892313054, -0.5669732283012429, 80.103656824334], [0.0, 0.0, 0.0, 1.0]]}, {"class": "Yogurt", "pose": [[0.923450472675247, -0.011590981101931455, -0.3835426083824207, -10.713976609869158], [0.2918632611815616, -0.6276841685839353, 0.7216845027976313, -4.574213977358635], [-0.24910864026439844, -0.7783818028247189, -0.57625219694303, 49.796665154334754], [0.0, 0.0, 0.0, 1.0]]}]}