{"camera": {"camera": "RealSense D415", "extrinsics": [[-0.94458383, -0.3269486, -0.029427715, 0.5859914], [-0.22529526, 0.7108669, -0.6662659, -0.28299817], [0.2387539, -0.6227141, -0.74513334, 0.24618629], [0.0, 0.0, 0.0, 1.0]], "height": 480, "intrinsics": [[603.0301, 0.0, 326.28275], [0.0, 603.81976, 245.73769], [0.0, 0.0, 1.0]], "width": 640}, "objects": [{"class": "MacaroniAndCheese", "pose": [[0.9637619150797437, 0.01093077707167931, 0.2665398599696944, -4.645233326347764], [-0.18941960200030422, -0.6755043267819179, 0.7126107930181017, 1.4489955495666174], [0.18783821888424154, -0.7372749825488298, -0.6489548353280914, 37.03643132350648], [0.0, 0.0, 0.0, 1.0]]}, {"class": "OrangeJuice", "pose": [[-0.27736636138372567, -0.007614250392978485, 0.9607340592286369, 11.697031598134094], [-0.6964807597933824, -0.6872140390048078, -0.20652224887712, -5.430993081910337], [0.6618024398078017, -0.7264150781330257, 0.18530687949215896, 40.94248239634547], [0.0, 0.0, 0.0, 1.0]]}, {"class": "TomatoSauce", "pose": [[-0.5626175466738685, -0.09420441561013701, -0.8213324735163368, 17.42150042577884], [0.6609306462323222, -0.6480552233973876, -0.37841132613496703, -13.199984244058555], [-0.4966207819852129, -0.7557446204524666, 0.4268698188197997, 55.1485050595445], [0.0, 0.0, 0.0, 1.0]]}, {"class": "Mushrooms", "pose": [[-0.18812600082005, 0.012685739625484171, -0.9820629753859159, -3.610432912390382], [0.7557004599963776, -0.6367975389694795, -0.15298932176008304, -13.518428797518808], [-0.6273160661265602, -0.7709266770948711, 0.11021155286379326, 59.246311834298716], [0.0, 0.0, 0.0, 1.0]]}, {"class": "Pineapple", "pose": [[0.9808963628315763, -0.03457991317595766, 0.19143291980941263, -22.824939896054307], [-0.15967584547772795, -0.7052065365286636, 0.6907875133911675, -2.900352686385832], [0.11111237623768157, -0.7081581388029056, -0.6972560971090265, 48.25284586266141], [0.0, 0.0, 0.0, 1.0]]}, {"class": "Cherries", "pose": [[0.9784182653671242, 0.02836666198776751, -0.2046778890889006, -34.14583126787315], [0.17107241787959596, -0.6667668683359905, 0.7253662485801063, -9.705809164963519], [-0.11589621393468205, -0.7447262937594448, -0.6572296323512948, 53.9663245817933], [0.0, 0.0, 0.0, 1.0]]}, {"class": "PeasAndCarrots", "pose": [[0.9669596015961579, -0.04147648684462996, 0.2515329754093056, -19.390753347113975], [-0.2132964137051052, -0.6720130837734053, 0.7091565966603101, -16.080936590711236], [0.13962012856369743, -0.7393768276518975, -0.6586562844860484, 54.80860633772193], [0.0, 0.0, 0.0, 1.0]]}, {"class": "BBQSauce", "pose": [[0.9510160684580152, 0.04754082269975874, -0.305464098561391, 9.212923094338416], [0.2551502824541438, -0.6786112948668455, 0.6887561740497509, -21.955183662294253], [-0.17454735036690808, -0.7329574055512074, -0.6575002956571426, 58.78498536539072], [0.0, 0.0, 0.0, 1.0]]}, {"class": "Raisins", "pose": [[-0.001982051875192765, 0.4061454014589953, -0.9138063209139585, 18.75823933247641], [-0.651754690771344, -0.6935830169835044, -0.3068524809392003, -28.945136070366356], [-0.7584272347268859, 0.5949693563193806, 0.26608188462787513, 68.87243722130138], [0.0, 0.0, 0.0, 1.0]]}, {"class": "Ketchup", "pose": [[0.9963431298005887, 0.01588658856483226, -0.08395231861698987, -0.46347107680722033], [0.06899266183205796, -0.7292003526191798, 0.6808133971965622, -24.145103051756617], [-0.05040225580572444, -0.684115811104349, -0.7276298126577995, 61.07531516316741], [0.0, 0.0, 0.0, 1.0]]}, {"class": "AlphabetSoup", "pose": [[0.8323382212441353, -0.03381843986794619, -0.553235398704093, 3.2940619687377604], [0.396660538010843, -0.6608163608868219, 0.6371673078699025, -31.014499795990275], [-0.38713500226919695, -0.7497853203668294, -0.5366082724316975, 71.85030140564153], [0.0, 0.0, 0.0, 1.0]]}, {"class": "Mayo", "pose": [[-0.7759405146541472, 0.6249777917656607, -0.08555165291334062, 4.589676073146731], [0.4965662159379844, 0.5215319943329549, -0.6938489716970505, -37.3228230139735], [-0.3890222744584204, -0.580867581273264, -0.715020627438563, 79.53341299232048], [0.0, 0.0, 0.0, 1.0]]}, {"class": "SaladDressing", "pose": [[0.6393064567235492, -0.0036775723571399648, -0.7689432603588955, -5.9340481351717544], [0.5315998591855366, -0.7204168444375669, 0.44542247744525537, -28.214465169519137], [-0.5555977439806818, -0.6935315608811582, -0.4586121407104401, 64.71536310567916], [0.0, 0.0, 0.0, 1.0]]}, {"class": "Mustard", "pose": [[0.7215872464911363, -0.04202962225286438, 0.6910465717683949, -12.670707318638176], [-0.5682438008206584, -0.6061490527706269, 0.5564910889700724, -33.31072931837391], [0.3954881162285456, -0.7942397687153975, -0.4612724947084967, 67.93120853101435], [0.0, 0.0, 0.0, 1.0]]}, {"class": "Cookies", "pose": [[-0.2894041864297793, -0.9569477706681988, 0.022275297715412177, -19.365302409438122], [0.7339318975905521, -0.2068995766010209, 0.6469440148501115, -14.225662623328247], [-0.6144828808288639, 0.20357685407828294, 0.7622120625610304, 59.33540446320732], [0.0, 0.0, 0.0, 1.0]]}, {"class": "Parmesan", "pose": [[0.9300103691301779, -0.008891525641478904, 0.36742572294321774, -22.76311736391531], [-0.26538198405994756, -0.7078712785592434, 0.6545919942805903, -27.66437769236903], [0.2542697948198738, -0.7062854756302589, -0.6606872732372626, 67.26393711255389], [0.0, 0.0, 0.0, 1.0]]}, {"class": "CreamCheese", "pose": [[0.998883790782551, -0.04210290157896278, 0.021413219952718818, -21.008301001716045], [-0.0430951267161601, -0.6267075434699282, 0.778062008107413, -34.41281413330471], [-0.01933883813183929, -0.7781162992424944, -0.6278224341759124, 75.73589883032443], [0.0, 0.0, 0.0, 1.0]]}, {"class": "Milk", "pose": [[0.9995250777251924, -0.004403370535031996, -0.03049978892727705, -31.358469274979008], [0.01972124058596633, -0.669113953131259, 0.7428981180779383, -26.827873602190678], [-0.023679087595924634, -0.7431467586525974, -0.6687093319047175, 60.1970551297797], [0.0, 0.0, 0.0, 1.0]]}, {"class": "ChocolatePudding", "pose": [[0.7722448469196023, 0.061071391669900256, -0.6323829451557421, -7.629459717698617], [0.48862278575772977, -0.693271426794119, 0.5297381669071376, -38.91840873831038], [-0.40606117610201037, -0.7180842517931374, -0.5652161562190458, 80.54861166033807], [0.0, 0.0, 0.0, 1.0]]}, {"class": "Yogurt", "pose": [[0.9170939356462007, -0.005768279826444068, -0.3986294619656634, -11.562076157728862], [0.30607041771574334, -0.6305235355250703, 0.7132748376307745, -4.826656927622086], [-0.2554596234300344, -0.776148679573113, -0.5764838095346551, 50.1436188362403], [0.0, 0.0, 0.0, 1.0]]}]}