{"camera": {"camera": "RealSense D415", "extrinsics": [[-0.93987226, -0.3404433, -0.027174259, 0.5756934], [-0.23757538, 0.7088905, -0.66410255, -0.27938586], [0.24535285, -0.61771566, -0.74714744, 0.24409741], [0.0, 0.0, 0.0, 1.0]], "height": 480, "intrinsics": [[603.0301, 0.0, 326.28275], [0.0, 603.81976, 245.73769], [0.0, 0.0, 1.0]], "width": 640}, "objects": [{"class": "MacaroniAndCheese", "pose": [[0.9674379136162569, 0.013353988939477075, 0.25275584850999333, -5.932563499596855], [-0.17828618741814609, -0.6728746248285452, 0.7179511429634428, 0.9962633816363753], [0.17966050582504534, -0.7396359845878567, -0.6485835897470305, 37.4223158255983], [0.0, 0.0, 0.0, 1.0]]}, {"class": "OrangeJuice", "pose": [[-0.2636764478090047, -0.004961514627031984, 0.9645984029233139, 10.522281213231787], [-0.7019968510021696, -0.6848453027123859, -0.19541597063849322, -5.697035099667278], [0.6615702418439334, -0.7286715825126959, 0.17709460715873018, 41.17717101094122], [0.0, 0.0, 0.0, 1.0]]}, {"class": "TomatoSauce", "pose": [[-0.5744908306329838, -0.09224883173808428, -0.8132960120647129, 16.45209393820819], [0.6556695072195415, -0.6466472848406941, -0.38980104586239067, -13.442738214745459], [-0.4899569680274026, -0.7571904742612212, 0.4319776789478471, 55.31149990941834], [0.0, 0.0, 0.0, 1.0]]}, {"class": "Mushrooms", "pose": [[-0.20221634800369115, 0.014374118345401029, -0.979235363945063, -4.541601934081152], [0.7554268889934806, -0.6340380475788826, -0.16530589418637454, -14.0309477348041], [-0.6232486045572537, -0.7731682309361152, 0.11735426506206313, 59.572294581339705], [0.0, 0.0, 0.0, 1.0]]}, {"class": "Pineapple", "pose": [[0.9836067767009542, -0.031562339062088246, 0.17754293075103522, -23.969457476378796], [-0.1480818602533318, -0.703225354244199, 0.6953746708478825, -3.6113677210218214], [0.1029050385844981, -0.7102660783287865, -0.6963710296595289, 48.765449932143255], [0.0, 0.0, 0.0, 1.0]]}, {"class": "Cherries", "pose": [[0.9753266009242376, 0.03062335077321541, -0.21863256069435513, -35.16159163487346], [0.18336198360463601, -0.6639007689072118, 0.7249925662086145, -10.573124254451816], [-0.12294862591869682, -0.7471933875068931, -0.653135236371749, 54.543921316416274], [0.0, 0.0, 0.0, 1.0]]}, {"class": "PeasAndCarrots", "pose": [[0.9705470381884135, -0.03910672382054816, 0.2377163761597038, -20.32395262749572], [-0.20196238707598457, -0.6700151278485019, 0.7143465487461215, -16.770786242712038], [0.13133781493523589, -0.7413166460362762, -0.6581792830356098, 55.24923230319051], [0.0, 0.0, 0.0, 1.0]]}, {"class": "BBQSauce", "pose": [[0.9464448772395243, 0.05003185795978837, -0.3189653150656596, 8.379346054002113], [0.26729365441168196, -0.6755496622517962, 0.6871585153277978, -22.3092862945379], [-0.18109709643411667, -0.735615013678352, -0.6527437117688972, 58.98210105020498], [0.0, 0.0, 0.0, 1.0]]}, {"class": "Raisins", "pose": [[-1.221099834513219e-05, 0.41920393668152134, -0.907892077286934, 18.08780907324767], [-0.6492141054368821, -0.6905512856409649, -0.31884171033001063, -29.21582113306548], [-0.7606056934550436, 0.5894124481719863, 0.2721615420359394, 68.97082992258424], [0.0, 0.0, 0.0, 1.0]]}, {"class": "Ketchup", "pose": [[0.9950045226235554, 0.019379254052686486, -0.09793063437867595, -1.251437502609154], [0.08129173004464672, -0.7266821261868388, 0.6821472063650857, -24.624498494135626], [-0.057944939332585446, -0.6867004586217423, -0.7246273691174899, 61.340438953582165], [0.0, 0.0, 0.0, 1.0]]}, {"class": "AlphabetSoup", "pose": [[0.8243906563608057, -0.03166728173078305, -0.565134668598168, 2.6737794693965866], [0.40805122861431503, -0.6586915205593046, 0.632154842277101, -31.483272677048213], [-0.3922680388112885, -0.7517463933063128, -0.5300972607152379, 72.06228046973777], [0.0, 0.0, 0.0, 1.0]]}, {"class": "Mayo", "pose": [[-0.7849489208976642, 0.6140133936593924, -0.08272066650629499, 4.1062464851826075], [0.4883629525644713, 0.5310285169774455, -0.6924669015657092, -37.8007654977791], [-0.3812569191201887, -0.5839488516081399, -0.7166916075050825, 79.71349516804533], [0.0, 0.0, 0.0, 1.0]]}, {"class": "SaladDressing", "pose": [[0.6284165209408187, -0.0003635344320346991, -0.7778769238961472, -6.64340406389099], [0.5411864097658267, -0.718106454723265, 0.4375390938125707, -28.772239766543024], [-0.5587574973494657, -0.6959331671864514, -0.45107321568155634, 65.0092000756898], [0.0, 0.0, 0.0, 1.0]]}, {"class": "Mustard", "pose": [[0.7315233960513693, -0.040891059178212605, 0.6805890147420348, -13.29216694317925], [-0.5607183874379963, -0.6039813119328319, 0.5663934444090926, -33.960819363479], [0.38790261994804287, -0.795948782942588, -0.4647548303238609, 68.26015979888676], [0.0, 0.0, 0.0, 1.0]]}, {"class": "Cookies", "pose": [[-0.3031185842263968, -0.952734629685463, 0.020391517193807752, -20.285525368611257], [0.7323837590933994, -0.21921523339305576, 0.6446384877661399, -14.930348131703935], [-0.6096992791720546, 0.21033632203353553, 0.764215532785211, 59.78199096494256], [0.0, 0.0, 0.0, 1.0]]}, {"class": "Parmesan", "pose": [[0.9351347172403831, -0.0058295505376603, 0.3542443247690146, -23.45739376691718], [-0.25487378260247884, -0.7055831493770995, 0.6612048421644875, -28.435653765760886], [0.24609429667310223, -0.7086031464363131, -0.6613010947709305, 67.69096165218717], [0.0, 0.0, 0.0, 1.0]]}, {"class": "CreamCheese", "pose": [[0.9991512583032254, -0.0405878702359662, 0.007025133420000994, -21.554230856376975], [-0.030859096370248074, -0.6245924773502644, 0.7803409655102309, -35.19024428887355], [-0.027284531810187612, -0.7798953989605667, -0.6253148654427956, 76.12591219209244], [0.0, 0.0, 0.0, 1.0]]}, {"class": "Milk", "pose": [[0.9989948257977218, -0.002102321554497218, -0.04477591933437437, -32.11748283779392], [0.031974458546549206, -0.6666521085137493, 0.7446829320318776, -27.68051210053893], [-0.03141552522926917, -0.7453660338757956, -0.6659147845321788, 60.69430181150872], [0.0, 0.0, 0.0, 1.0]]}, {"class": "ChocolatePudding", "pose": [[0.7630371432534165, 0.06385595735862457, -0.643192583449355, -8.084245708984984], [0.4993367906346871, -0.6900930725706358, 0.5238648582921328, -39.54844263389782], [-0.41041085529085886, -0.7208980177202078, -0.5584522699803476, 80.81862827704668], [0.0, 0.0, 0.0, 1.0]]}, {"class": "Yogurt", "pose": [[0.9112722297965977, -0.004195222572860547, -0.41178305937456644, -12.669516378986634], [0.3180645660871923, -0.6279720516736136, 0.7102718515901953, -5.406577383896327], [-0.26156800248337336, -0.7782245661679683, -0.5709191401847005, 50.561645612336235], [0.0, 0.0, 0.0, 1.0]]}]}