{"camera": {"camera": "RealSense D415", "extrinsics": [[-0.9292406, -0.36803624, -0.032577477, 0.5740134], [-0.25605983, 0.705053, -0.66131204, -0.27289426], [0.26635566, -0.6061762, -0.7494031, 0.23315367], [0.0, 0.0, 0.0, 1.0]], "height": 480, "intrinsics": [[603.0301, 0.0, 326.28275], [0.0, 603.81976, 245.73769], [0.0, 0.0, 1.0]], "width": 640}, "objects": [{"class": "MacaroniAndCheese", "pose": [[0.9745549764553216, 0.008272674713065246, 0.22399606794646695, -6.298841790352427], [-0.1610193452310479, -0.6693604653911812, 0.72527883666799, 0.4034885910350061], [0.15593407668623677, -0.7428917063514779, -0.650996475425235, 37.95893366278321], [0.0, 0.0, 0.0, 1.0]]}, {"class": "OrangeJuice", "pose": [[-0.23489919978587934, -0.009553374752119984, 0.9719728271443685, 10.361334441890884], [-0.7095858016931613, -0.6817162933850185, -0.17818793015990222, -5.998427782335389], [0.6643119710108948, -0.7315542268845767, 0.15335564206381916, 41.29286713667698], [0.0, 0.0, 0.0, 1.0]]}, {"class": "TomatoSauce", "pose": [[-0.5979669484877098, -0.09818345905020083, -0.7954845156390268, 16.766591340314697], [0.6469446320550778, -0.6450278982607198, -0.4066960862933026, -13.692470235098758], [-0.47317883732982075, -0.757825158497155, 0.44922461164304334, 55.24679978125972], [0.0, 0.0, 0.0, 1.0]]}, {"class": "Mushrooms", "pose": [[-0.23086363257850762, 0.007779565814347002, -0.9729550550999847, -4.105801490777838], [0.7541759527157511, -0.630369481873389, -0.1839918524113777, -14.689238774850544], [-0.6147525087570481, -0.7762562375315364, 0.13966224015164638, 59.9992046153778], [0.0, 0.0, 0.0, 1.0]]}, {"class": "Pineapple", "pose": [[0.9883394739944124, -0.03536616183461554, 0.14810265520156704, -23.973636243208507], [-0.13019353459043218, -0.7006660871166132, 0.7015103213790593, -4.587059770518554], [0.0789607551594394, -0.71261225781089, -0.6971003541931352, 49.70297954564702], [0.0, 0.0, 0.0, 1.0]]}, {"class": "Cherries", "pose": [[0.9685815270941363, 0.02518920210197755, -0.2474174755462404, -34.89504398281571], [0.20199571063176822, -0.6600348542397959, 0.7235687784591205, -11.780319522555832], [-0.1450780503045501, -0.7508125276371405, -0.6443856316809334, 55.71135197331657], [0.0, 0.0, 0.0, 1.0]]}, {"class": "PeasAndCarrots", "pose": [[0.9769558871404018, -0.044257049040034385, 0.2088027440629049, -19.93275513774163], [-0.18442803778398226, -0.6674703073250767, 0.7214358882148336, -17.70381607901927], [0.10744098220365877, -0.7433200239956322, -0.6602512490894097, 56.03712614623518], [0.0, 0.0, 0.0, 1.0]]}, {"class": "BBQSauce", "pose": [[0.9367827476140633, 0.045078714560059276, -0.34699577951681404, 8.948459705528716], [0.2856219027526077, -0.6713697613946936, 0.6838733985458291, -22.723185002881138], [-0.20213434936691016, -0.7397503037126224, -0.6418030286754499, 59.06534211909488], [0.0, 0.0, 0.0, 1.0]]}, {"class": "Raisins", "pose": [[-0.006021931611408306, 0.4457515542365605, -0.8951365068924272, 19.016927388937567], [-0.6458638006961412, -0.6851316116258027, -0.3368303412508609, -29.490297974360256], [-0.7634288706860222, 0.5761078522440646, 0.29202060995702556, 68.78960676125834], [0.0, 0.0, 0.0, 1.0]]}, {"class": "Ketchup", "pose": [[0.9916785888180321, 0.016544591747683364, -0.12767118194799265, -0.5792773866054923], [0.10003388229298966, -0.7232710339464947, 0.6832805331144501, -25.227165379776817], [-0.08103628701732786, -0.6903660290574157, -0.7189073659128961, 61.639497853526706], [0.0, 0.0, 0.0, 1.0]]}, {"class": "AlphabetSoup", "pose": [[0.8071772832689481, -0.0372775123969128, -0.5891309686141757, 3.725040828215742], [0.4249805943471265, -0.6559660385645417, 0.6237788901238255, -32.0572313160949], [-0.40970282352607484, -0.7538692839926425, -0.5136386216992059, 72.23341290477752], [0.0, 0.0, 0.0, 1.0]]}, {"class": "Mayo", "pose": [[-0.802660030588203, 0.5900792974867493, -0.08685260911399025, 5.454979142074256], [0.47529131954653625, 0.5448362812505926, -0.6908340186199168, -38.379439598069276], [-0.3603263617605705, -0.5957851169912765, -0.7177777804069717, 79.81897529151892], [0.0, 0.0, 0.0, 1.0]]}, {"class": "SaladDressing", "pose": [[0.6048848042602389, -0.0035666337976500593, -0.7963050486055103, -5.805170337425403], [0.5551532204512871, -0.7150249761430938, 0.42490497572979674, -29.49005252241872], [-0.5708934531948101, -0.6990897844556397, -0.43052766812709053, 65.41503887645638], [0.0, 0.0, 0.0, 1.0]]}, {"class": "Mustard", "pose": [[0.750754501384447, -0.04855630617843864, 0.6587943848557872, -12.277936289487512], [-0.5486557297218007, -0.6012495438934914, 0.5809267847991807, -34.81519393209316], [0.36789212918489134, -0.7975846146976797, -0.47803148257749645, 68.79768905140051], [0.0, 0.0, 0.0, 1.0]]}, {"class": "Cookies", "pose": [[-0.330973052529945, -0.9432663284477418, 0.02656218838771496, -19.821007975525816], [0.7292022898294779, -0.2377935057222863, 0.641652805050797, -15.882260871247949], [-0.5989331263253562, 0.23173900129782096, 0.766535113430233, 60.57629333605181], [0.0, 0.0, 0.0, 1.0]]}, {"class": "Parmesan", "pose": [[0.9452569057876101, -0.00956198862126895, 0.32618710607664714, -22.55425937953207], [-0.23847627128517132, -0.702551796136916, 0.6704849699020259, -29.4777258430428], [0.22275213259006893, -0.7115683410446663, -0.6663722068809559, 68.49453277160565], [0.0, 0.0, 0.0, 1.0]]}, {"class": "CreamCheese", "pose": [[0.9986243543514794, -0.04749168461004927, -0.02222648251995624, -20.32718563336935], [-0.012149672907844895, -0.6219195368458794, 0.7829869272366214, -36.231526176308385], [-0.05100846824937382, -0.7816396732063584, -0.6216409671913431, 76.85044283374349], [0.0, 0.0, 0.0, 1.0]]}, {"class": "Milk", "pose": [[0.9972078399287349, -0.007427502444366582, -0.07430635187064324, -31.390156427328908], [0.0506870849772806, -0.6634022751930247, 0.746544234302985, -28.85409753977331], [-0.054839979891454234, -0.7482260415561732, -0.6611734280781117, 61.70788069184857], [0.0, 0.0, 0.0, 1.0]]}, {"class": "ChocolatePudding", "pose": [[0.7437330896459079, 0.05951423870882104, -0.6658222168814126, -6.671497013070226], [0.5151852348413167, -0.6857158868106168, 0.5141769631778852, -40.35828248533605], [-0.4259640117428673, -0.7254321054991553, -0.540650400596228, 81.20337768250822], [0.0, 0.0, 0.0, 1.0]]}, {"class": "Yogurt", "pose": [[0.8987804699931651, -0.011013379826281967, -0.438260710034432, -12.603040143058465], [0.33607120283281156, -0.6246285603413814, 0.7049080516763628, -6.179355647369994], [-0.2815135788265469, -0.7808442977719903, -0.5577026288508186, 51.2234782017705], [0.0, 0.0, 0.0, 1.0]]}]}