{"camera": {"camera": "RealSense D415", "extrinsics": [[-0.91940206, -0.3910794, -0.0419136, 0.5707105], [-0.26949823, 0.7039953, -0.65708554, -0.26702726], [0.2864796, -0.5928301, -0.7526499, 0.21719523], [0.0, 0.0, 0.0, 1.0]], "height": 480, "intrinsics": [[603.0301, 0.0, 326.28275], [0.0, 603.81976, 245.73769], [0.0, 0.0, 1.0]], "width": 640}, "objects": [{"class": "MacaroniAndCheese", "pose": [[0.979911843676524, -0.0008231350628156175, 0.19942947454998539, -6.609689943472141], [-0.1495404131392586, -0.6646525248708026, 0.7320347262127177, 0.08653664581727005], [0.1319486951692802, -0.7471522064235278, -0.6514238930036481, 38.033426827182], [0.0, 0.0, 0.0, 1.0]]}, {"class": "OrangeJuice", "pose": [[-0.21021226244350824, -0.018219831654786953, 0.9774859879819201, 10.203773703708036], [-0.7165634513719025, -0.6773034302230243, -0.16672443710036008, -6.1228613984133595], [0.6650922231658022, -0.735478197581474, 0.12932177567264339, 40.933758355874886], [0.0, 0.0, 0.0, 1.0]]}, {"class": "TomatoSauce", "pose": [[-0.6170594365446574, -0.10789981112110149, -0.7794839939212119, 17.032730134370873], [0.6421515918743687, -0.6415873611658333, -0.41953205527802334, -13.819736383085775], [-0.45483956837265344, -0.7594230384884822, 0.4651855347621563, 54.683715066049665], [0.0, 0.0, 0.0, 1.0]]}, {"class": "Mushrooms", "pose": [[-0.25477665416616674, -0.0025939468645881816, -0.9669964540677983, -3.70756276257741], [0.7549131709364422, -0.6254680016403212, -0.19722078397336792, -15.111317036869218], [-0.6043136707545992, -0.7802455486506404, 0.1613128551802745, 59.91895380081661], [0.0, 0.0, 0.0, 1.0]]}, {"class": "Pineapple", "pose": [[0.9914878225059962, -0.043338026518355735, 0.1227751095619596, -23.938338833419138], [-0.11807210716740092, -0.6966958173449207, 0.7075832600927354, -5.200379135064131], [0.0548716063654099, -0.7160564466988187, -0.6958823449782231, 50.15749269432889], [0.0, 0.0, 0.0, 1.0]]}, {"class": "Cherries", "pose": [[0.9622700549744414, 0.0157831033968116, -0.27163808494905356, -34.623556751815634], [0.2152001985358291, -0.6550639813492064, 0.7242790962394167, -12.568734929446876], [-0.1665089581862757, -0.7554085971517983, -0.6337448889650485, 56.374735974485304], [0.0, 0.0, 0.0, 1.0]]}, {"class": "PeasAndCarrots", "pose": [[0.9814629303621061, -0.05336798169691017, 0.18407169555031208, -19.584345960974037], [-0.17262010645804443, -0.6634291210256674, 0.7280551178185939, -18.303023812849027], [0.08326365007347353, -0.7463335258498821, -0.6603433946556724, 56.31077542844072], [0.0, 0.0, 0.0, 1.0]]}, {"class": "BBQSauce", "pose": [[0.9280839491978496, 0.03606913800792228, -0.37062004097570245, 9.421168003581132], [0.29876132521508997, -0.666211925177895, 0.6833033701561927, -22.972460809024316], [-0.2222653232222905, -0.744889768394027, -0.6290765653966428, 58.627065495003905], [0.0, 0.0, 0.0, 1.0]]}, {"class": "Raisins", "pose": [[-0.01589287150443188, 0.46780691364546007, -0.8836877969220753, 19.800595949057886], [-0.6412149123207561, -0.6829022910663562, -0.3499829302039276, -29.670008157209914], [-0.7671967946338957, 0.5610714710286955, 0.31081803164813454, 68.06843791815935], [0.0, 0.0, 0.0, 1.0]]}, {"class": "Ketchup", "pose": [[0.9881531869734274, 0.009363489656851368, -0.15318491565373943, -0.010921023874355118], [0.11315176199431466, -0.7187730403627836, 0.6859753272279867, -25.613282891177725], [-0.10368207916010685, -0.6951817981190599, -0.7113172710692729, 61.408381446559005], [0.0, 0.0, 0.0, 1.0]]}, {"class": "AlphabetSoup", "pose": [[0.7918744789316887, -0.04678460718985589, -0.6088891725058808, 4.627721810382479], [0.43772239093995097, -0.6517726772181867, 0.619347753739344, -32.45251667197849], [-0.4258332350251057, -0.7569700437412955, -0.4956433949149361, 71.85423544382434], [0.0, 0.0, 0.0, 1.0]]}, {"class": "Mayo", "pose": [[-0.8168562555408159, 0.5689561021391273, -0.0950517010401528, 6.615557388541305], [0.46721876456093464, 0.5559366361966572, -0.6874890813218928, -38.79837092626246], [-0.33830831503754366, -0.6059896348376349, -0.7199472289982488, 79.3563954605937], [0.0, 0.0, 0.0, 1.0]]}, {"class": "SaladDressing", "pose": [[0.584213483932546, -0.011050131115115547, -0.8115248080261467, -5.092220999157426], [0.5662891767145173, -0.7107307399779575, 0.4173470234070206, -29.965369907045268], [-0.5813873091077106, -0.7033774215652638, -0.4089608364344266, 65.27834281739017], [0.0, 0.0, 0.0, 1.0]]}, {"class": "Mustard", "pose": [[0.7660715145169462, -0.059779387204400784, 0.6399694318944599, -11.415838949103952], [-0.5412832803414226, -0.5969384132579927, 0.5921799520079857, -35.39309043960503], [0.3466221111746761, -0.8000568794732111, -0.4896550497532399, 68.77803642307883], [0.0, 0.0, 0.0, 1.0]]}, {"class": "Cookies", "pose": [[-0.35416271616304973, -0.9344692241338023, 0.03655207073365774, -19.388517871538337], [0.7285701092658381, -0.25120104728331605, 0.6372470353704675, -16.507941033013207], [-0.5863057352591472, 0.2523198812734915, 0.7697923281072696, 60.85763375331915], [0.0, 0.0, 0.0, 1.0]]}, {"class": "Parmesan", "pose": [[0.9531754933147262, -0.01749471285054346, 0.3019112919627943, -21.762846630111397], [-0.22777080859549917, -0.6982589903590325, 0.6786420230834941, -30.1852147353514], [0.1989395732778878, -0.7156314700632576, -0.6695480649927695, 68.75070669101984], [0.0, 0.0, 0.0, 1.0]]}, {"class": "CreamCheese", "pose": [[0.997217278386597, -0.05807880754864033, -0.04673934155607979, -19.25444995096397], [0.0008845405857097448, -0.6176901356954161, 0.786421177367988, -36.96098837299239], [-0.07454485514840548, -0.7842740645676156, -0.6159198180883168, 77.00853616696813], [0.0, 0.0, 0.0, 1.0]]}, {"class": "Milk", "pose": [[0.9949196743903372, -0.01671853557084099, -0.09927409696154597, -30.76350254752034], [0.0637203799407801, -0.6588623655922938, 0.7495600381201294, -29.63277337092476], [-0.07793953113389795, -0.7520777533426636, -0.6544497295515742, 62.1777596623366], [0.0, 0.0, 0.0, 1.0]]}, {"class": "ChocolatePudding", "pose": [[0.7269336021938878, 0.05101784392000979, -0.6848099968979058, -5.44901474670808], [0.5272090977592028, -0.6804601454408883, 0.5089447043312394, -40.939949312123666], [-0.44002061047192215, -0.731007013577193, -0.5215463302117263, 81.01276023694254], [0.0, 0.0, 0.0, 1.0]]}, {"class": "Yogurt", "pose": [[0.8875878275581873, -0.02156067326086406, -0.46013367621509, -12.515896488195999], [0.3492061366072566, -0.6199390448638571, 0.7026598104128643, -6.656948711616847], [-0.3004046356841703, -0.7843537346813952, -0.5427211437259992, 51.40006524706616], [0.0, 0.0, 0.0, 1.0]]}]}