{"camera": {"camera": "RealSense D415", "extrinsics": [[-0.90994346, -0.41173986, -0.049731206, 0.5631827], [-0.28198215, 0.7021491, -0.65381396, -0.2563426], [0.30411997, -0.5809104, -0.7550193, 0.19942915], [0.0, 0.0, 0.0, 1.0]], "height": 480, "intrinsics": [[603.0301, 0.0, 326.28275], [0.0, 603.81976, 245.73769], [0.0, 0.0, 1.0]], "width": 640}, "objects": [{"class": "MacaroniAndCheese", "pose": [[0.9841670454085658, -0.008447543504517641, 0.17704205964375003, -7.324396168010116], [-0.1383597736048813, -0.6609118244539166, 0.7375989343101313, 0.3039074655238172], [0.11077828801320257, -0.7504160666551546, -0.65161637161006, 37.71556523078492], [0.0, 0.0, 0.0, 1.0]]}, {"class": "OrangeJuice", "pose": [[-0.18772185404198935, -0.025444642361143296, 0.9818926116600214, 9.618907682661831], [-0.7223266235250563, -0.6738292233308367, -0.15555861044214594, -5.716488018693816], [0.6655860031015718, -0.7384489303925336, 0.10811312416624273, 40.23358035955863], [0.0, 0.0, 0.0, 1.0]]}, {"class": "TomatoSauce", "pose": [[-0.634039216181024, -0.11602484363427815, -0.7645472733236225, 16.824498162301698], [0.6369024760950712, -0.6390795779814725, -0.43119900684189233, -13.398316732600096], [-0.4385767058886383, -0.7603391346312679, 0.4790979767642928, 53.79849153652487], [0.0, 0.0, 0.0, 1.0]]}, {"class": "Mushrooms", "pose": [[-0.2763246345590538, -0.011376101049737231, -0.9609970373539652, -3.7852516163798477], [0.7547635885979987, -0.6215883716297163, -0.20966610630196733, -14.965854397873507], [-0.5949593398041783, -0.783261482889519, 0.18034642037222898, 59.456820913996424], [0.0, 0.0, 0.0, 1.0]]}, {"class": "Pineapple", "pose": [[0.9937569900650645, -0.04991892501086168, 0.09977560205265842, -24.33213899342743], [-0.1063734174872011, -0.6936189791688326, 0.7124447082681714, -5.251532360791556], [0.03364177861293934, -0.7186103874658201, -0.6945986896745278, 50.16949166919724], [0.0, 0.0, 0.0, 1.0]]}, {"class": "Cherries", "pose": [[0.9559487251267167, 0.007867171595855897, -0.2934283007517729, -34.79658946158825], [0.22761267016935896, -0.6510829596111467, 0.7240742411057053, -12.778893110386894], [-0.1853497229785337, -0.7589658492161373, -0.6241925326812203, 56.569083115097605], [0.0, 0.0, 0.0, 1.0]]}, {"class": "PeasAndCarrots", "pose": [[0.9849789686002315, -0.06097478545910789, 0.16155040110079938, -19.694488214293926], [-0.16117808278053425, -0.6603264013828276, 0.7334785094455307, -18.330965755791738], [0.061952297529457336, -0.7484992936153226, -0.6602353506347381, 56.16282453667145], [0.0, 0.0, 0.0, 1.0]]}, {"class": "BBQSauce", "pose": [[0.9196112792384055, 0.028499877445332188, -0.3917944323564281, 9.406760038084311], [0.31102999133569625, -0.6620372604522547, 0.681884935170908, -22.661575304297145], [-0.23994884213282455, -0.7489288997288767, -0.6176811914326061, 57.851570212393575], [0.0, 0.0, 0.0, 1.0]]}, {"class": "Raisins", "pose": [[-0.024210939655157825, 0.48753110445753295, -0.8727698881892174, 20.06004942447092], [-0.6375588797784438, -0.679975326170001, -0.36214953426187874, -29.280030574493253], [-0.7700211534221291, 0.5476741582579749, 0.32729258714254594, 67.04029460878354], [0.0, 0.0, 0.0, 1.0]]}, {"class": "Ketchup", "pose": [[0.9843540110837282, 0.0034664197399819005, -0.17616807298698844, 0.06693827313766221], [0.12557449695902773, -0.7151618158300465, 0.6875861236547735, -25.429700175690872], [-0.12360519720406941, -0.6989503842223397, -0.7044076330926403, 60.81453759844466], [0.0, 0.0, 0.0, 1.0]]}, {"class": "AlphabetSoup", "pose": [[0.7775368484655759, -0.05475437273663369, -0.6264490666341718, 5.003729302899673], [0.4493426896208774, -0.6485389462070081, 0.61440087653536, -32.264045208451485], [-0.4399177045536749, -0.7592096326198784, -0.47965940509595284, 71.12607545021719], [0.0, 0.0, 0.0, 1.0]]}, {"class": "Mayo", "pose": [[-0.8292579447327635, 0.5495145540776906, -0.10180884586702858, 7.223227240754709], [0.4589982875879997, 0.5657486415823535, -0.6850175918101993, -38.622473982888344], [-0.3188288903815627, -0.614786307356232, -0.7213778017689056, 78.55224339380662], [0.0, 0.0, 0.0, 1.0]]}, {"class": "SaladDressing", "pose": [[0.5651565002281923, -0.01720828123907626, -0.8248042376521869, -4.88019949984333], [0.5761627056744448, -0.7073259199164833, 0.4095444226877509, -29.86184506528511], [-0.5904529132338918, -0.7066781415737902, -0.3898350412867129, 64.7665988704449], [0.0, 0.0, 0.0, 1.0]]}, {"class": "Mustard", "pose": [[0.7795467372725622, -0.06929906560869448, 0.6224986337783018, -11.064152143617578], [-0.5337102087482039, -0.5936530634770233, 0.6022702946790036, -35.382686931597576], [0.3278114177892516, -0.8017317173753069, -0.4997658708445696, 68.36870660340887], [0.0, 0.0, 0.0, 1.0]]}, {"class": "Cookies", "pose": [[-0.37499169879682975, -0.9259370040813792, 0.04496571414593253, -19.425416128568994], [0.7271348737822764, -0.26369937817018324, 0.6338277114742854, -16.556154257695336], [-0.5750270434874573, 0.27037623685514284, 0.7721661658877015, 60.71389436846314], [0.0, 0.0, 0.0, 1.0]]}, {"class": "Parmesan", "pose": [[0.959770031081363, -0.024055524320048666, 0.27975497194894255, -21.47101324619539], [-0.2172372481404416, -0.6948723821627812, 0.6855365818672473, -30.299931037588035], [0.17790305130412506, -0.7187306734095361, -0.6721433785856595, 68.58345363706853], [0.0, 0.0, 0.0, 1.0]]}, {"class": "CreamCheese", "pose": [[0.9953651477012171, -0.06702190474284245, -0.06896602184238265, -18.710214426224013], [0.013282096339832508, -0.6144605422811131, 0.7888357766017337, -37.08569953029802], [-0.09524616266564727, -0.7860956527519852, -0.6107223519419352, 76.75206686549423], [0.0, 0.0, 0.0, 1.0]]}, {"class": "Milk", "pose": [[0.9922461212257516, -0.024510245441965967, -0.12184788846431631, -30.61266795393984], [0.0761016618126556, -0.655289544642097, 0.7515345662725997, -29.82360986099622], [-0.09826592789491011, -0.7549800882953164, -0.6483431742774324, 62.201925232552405], [0.0, 0.0, 0.0, 1.0]]}, {"class": "ChocolatePudding", "pose": [[0.7112490289837144, 0.04390397601804987, -0.7015677335809537, -4.777733075823509], [0.5381085758131181, -0.6761725884516336, 0.5032194807570889, -40.91759022416077], [-0.4522874822598867, -0.7354339854632994, -0.5045521621756944, 80.44781608489058], [0.0, 0.0, 0.0, 1.0]]}, {"class": "Yogurt", "pose": [[0.876895114543275, -0.03048908368267978, -0.4797138720203044, -12.86968068361054], [0.3613683648033882, -0.6162683616185856, 0.69973299617619, -6.576337005619901], [-0.31696666099851034, -0.7869458632106707, -0.5293848714599385, 51.16684549235391], [0.0, 0.0, 0.0, 1.0]]}]}