{"camera": {"camera": "RealSense D415", "extrinsics": [[-0.7026796, -0.704301, 0.101002656, 0.5497298], [-0.5848582, 0.49091083, -0.6457147, 0.12512343], [0.4051942, -0.5128027, -0.7568692, 0.046616193], [0.0, 0.0, 0.0, 1.0]], "height": 480, "intrinsics": [[607.7151, 0.0, 326.28275], [0.0, 609.8564, 245.73769], [0.0, 0.0, 1.0]], "width": 640}, "objects": [{"class": "Cookies", "pose": [[-0.9571625596941385, 0.139310135706411, 0.25383580618486673, -7.482323192332552], [-0.2828984517088105, -0.6367753319869348, -0.7172765844593203, -9.742586317987485], [0.06171251564555499, -0.7583599841115568, 0.6489080325011264, 57.49333144152037], [0.0, 0.0, 0.0, 1.0]]}, {"class": "Mustard", "pose": [[0.5409127133585488, 0.13378710299465962, -0.8303701245177854, 0.5189443439081898], [0.6766438511661641, -0.65561632724407, 0.3351423371493957, -1.1156291795168887], [-0.49956644826058855, -0.7431475275926268, -0.44515733256763457, 52.54866506763924], [0.0, 0.0, 0.0, 1.0]]}, {"class": "AlphabetSoup", "pose": [[0.7855280424022939, 0.1254003517477607, -0.6059872461310153, 7.916567645000805], [0.5200372721900313, -0.6645515372684284, 0.5365934642420286, 1.6178212196494983], [-0.3354207386656836, -0.736645106155225, -0.5872366221413562, 56.745830083741346], [0.0, 0.0, 0.0, 1.0]]}, {"class": "GranolaBars", "pose": [[0.7876717548332995, 0.13555469853912483, -0.600997692536412, 10.152145691781056], [0.5305738729827785, -0.6450793465446367, 0.5498764024665364, -6.890726040922438], [-0.31315286298215095, -0.7519957208819659, -0.5800324602250808, 61.14810547404962], [0.0, 0.0, 0.0, 1.0]]}, {"class": "Milk", "pose": [[-0.5928722827168462, -0.7904721699122252, -0.1538060501822603, -14.357255577436945], [0.5424238996715557, -0.5331573383744261, 0.6492454247990821, -0.08661627529949756], [-0.5952131608863197, 0.30149153504219867, 0.7448651435925029, 54.44679549412837], [0.0, 0.0, 0.0, 1.0]]}]}