{"camera": {"camera": "RealSense D415", "extrinsics": [[-0.88349545, -0.4623851, -0.075071745, 0.5404537], [-0.3061461, 0.69123876, -0.6545713, -0.21420637], [0.3545565, -0.5553279, -0.75226367, 0.15322943], [0.0, 0.0, 0.0, 1.0]], "height": 480, "intrinsics": [[603.0301, 0.0, 326.28275], [0.0, 603.81976, 245.73769], [0.0, 0.0, 1.0]], "width": 640}, "objects": [{"class": "MacaroniAndCheese", "pose": [[0.9921739687299177, -0.033420455239718094, 0.12030738439274873, -9.153189961566287], [-0.11226188165674914, -0.6605739404749762, 0.7423203161732691, 2.8129471656003795], [0.05466327857014553, -0.7500167778193898, -0.6591561136616956, 36.71732774646128], [0.0, 0.0, 0.0, 1.0]]}, {"class": "OrangeJuice", "pose": [[-0.130579646604694, -0.04936538751204971, 0.9902080550073844, 8.058770408732357], [-0.7273427134629024, -0.6739427738152276, -0.12951381202787324, -2.757138547247279], [0.6737370636297265, -0.737132432222702, 0.05209769351174246, 38.261239938578406], [0.0, 0.0, 0.0, 1.0]]}, {"class": "TomatoSauce", "pose": [[-0.6744688753338294, -0.1419267033354826, -0.724533315230829, 16.22119734604838], [0.6200577292143054, -0.6415977206644007, -0.4515317153768741, -10.251144645751022], [-0.40077455084823166, -0.7537965252777925, 0.5207404162188064, 51.381930886930995], [0.0, 0.0, 0.0, 1.0]]}, {"class": "Mushrooms", "pose": [[-0.3294211745610995, -0.039242342128794246, -0.9433672170094538, -3.9865925608741914], [0.7474318125339761, -0.6213275580160971, -0.23515497862741838, -12.367138437336129], [-0.5769120387125788, -0.7825676491027556, 0.23400939591924313, 58.19393675538122], [0.0, 0.0, 0.0, 1.0]]}, {"class": "Pineapple", "pose": [[0.9965334879351875, -0.07214562923584077, 0.041424550679806445, -25.275921504324174], [-0.07999860926904896, -0.6943832803421094, 0.7151448770757453, -3.197012453001402], [-0.02283002175837174, -0.715979676714208, -0.6977477451421376, 50.10255909723224], [0.0, 0.0, 0.0, 1.0]]}, {"class": "Cherries", "pose": [[0.9375709037974979, -0.017881471294693037, -0.3473341778889738, -35.158636772740095], [0.25296355704151624, -0.6503121503472802, 0.716312542561508, -11.002028397339188], [-0.23868432608988432, -0.759456636873396, -0.6051904100365226, 57.06921709973771], [0.0, 0.0, 0.0, 1.0]]}, {"class": "PeasAndCarrots", "pose": [[0.9908244879502561, -0.08575209733765751, 0.10446717031411132, -19.962172982820736], [-0.1350291999645308, -0.6613824671302658, 0.7377943209600876, -16.151496707452537], [0.005825385383232076, -0.7451307510419278, -0.6668929838805011, 55.79859821964044], [0.0, 0.0, 0.0, 1.0]]}, {"class": "BBQSauce", "pose": [[0.8960079076617481, 0.0035687321436964144, -0.4440237283655424, 9.292354422933524], [0.3354119216306668, -0.660719872382599, 0.6715267721975665, -19.70962588388048], [-0.29097877272478995, -0.7506240990129632, -0.5932072479469236, 55.83013520149116], [0.0, 0.0, 0.0, 1.0]]}, {"class": "Raisins", "pose": [[-0.05088033041070663, 0.5355607468263036, -0.8429625473467245, 20.61994316011137], [-0.6376386120904717, -0.6670483838696001, -0.3853097022651057, -26.047286298149437], [-0.7686535079758285, 0.5179008116877488, 0.37543382524997687, 64.38869757295474], [0.0, 0.0, 0.0, 1.0]]}, {"class": "Ketchup", "pose": [[0.9721141663005448, -0.017182062946871583, -0.23387775051042467, 0.21168725378952757], [0.1516874101921701, -0.7145115134267082, 0.6829819466729707, -22.725748611858574], [-0.17884334890838566, -0.6994126852862815, -0.6919804732968072, 59.31129096527968], [0.0, 0.0, 0.0, 1.0]]}, {"class": "AlphabetSoup", "pose": [[0.7392350692407113, -0.08046178340857982, -0.6686235051271541, 5.903201221997822], [0.46999627014660017, -0.6494295048767685, 0.5977833528588199, -29.431304239685986], [-0.4823225217843771, -0.756152924019508, -0.442264359505165, 69.3138008045341], [0.0, 0.0, 0.0, 1.0]]}, {"class": "Mayo", "pose": [[-0.8578233619627874, 0.49868227434602297, -0.12431832816229382, 8.706840364454266], [0.4369867897241542, 0.5803914175286988, -0.6871597054374902, -35.731900711468725], [-0.27052111302007165, -0.6437870986676637, -0.7157908369151283, 76.5901915863204], [0.0, 0.0, 0.0, 1.0]]}, {"class": "SaladDressing", "pose": [[0.5153953912607516, -0.038461004727844014, -0.8560889670914066, -4.384883187925559], [0.5912059249471945, -0.7072232268619462, 0.3876995929913284, -27.289256364039595], [-0.620357301085426, -0.7059434032041915, -0.34176125244781236, 63.52825771692008], [0.0, 0.0, 0.0, 1.0]]}, {"class": "Mustard", "pose": [[0.8106937928369382, -0.09883641160845583, 0.5770675140649955, -10.206862241723314], [-0.5129946038766798, -0.5949299514357783, 0.6187851016220123, -32.97372204424466], [0.2821562889511127, -0.7976777153957597, -0.533008549817491, 67.46368119736839], [0.0, 0.0, 0.0, 1.0]]}, {"class": "Cookies", "pose": [[-0.426036626473739, -0.9018511107914061, 0.07181465491326698, -19.482997150825334], [0.7171876400957036, -0.28827905724206754, 0.6344581836188357, -14.372172211936116], [-0.5514841813958299, 0.3218069747498471, 0.7696138589479327, 60.330594079254475], [0.0, 0.0, 0.0, 1.0]]}, {"class": "Parmesan", "pose": [[0.973709962757915, -0.04630640266027878, 0.22303498221528653, -20.71568240889713], [-0.19178803419987267, -0.6949503514314088, 0.6930089982781195, -28.168814309008127], [0.12290752416951675, -0.7175651572279633, -0.6855610905288707, 68.27660041450285], [0.0, 0.0, 0.0, 1.0]]}, {"class": "CreamCheese", "pose": [[0.9876789882487863, -0.09512838941874383, -0.12426094918187593, -17.318476751839096], [0.03971404587133493, -0.6156765909555961, 0.7869976128433676, -34.8825720682838], [-0.15137033361074764, -0.7822358642449463, -0.6043129139806137, 76.26279927844581], [0.0, 0.0, 0.0, 1.0]]}, {"class": "Milk", "pose": [[0.9827335452002411, -0.049858799901518744, -0.17818208945815908, -30.213250438364547], [0.10243013247695294, -0.6553775806543733, 0.7483237317148955, -27.93227493086052], [-0.15408703307481342, -0.753653999833177, -0.6389545038466049, 62.423320281949835], [0.0, 0.0, 0.0, 1.0]]}, {"class": "ChocolatePudding", "pose": [[0.670028755426263, 0.0200803888551064, -0.7420634896546857, -3.1026891770727816], [0.5569785642858927, -0.6744476715034878, 0.48466001489795046, -38.345279896755315], [-0.49075081198728865, -0.7380495518914255, -0.4630837102499815, 79.15710739891108], [0.0, 0.0, 0.0, 1.0]]}, {"class": "Yogurt", "pose": [[0.8476847874048458, -0.05866722972184977, -0.5272462756172809, -13.744364847101831], [0.38463366601263377, -0.6165146343159799, 0.686998370707855, -4.217830790608579], [-0.3653593079633036, -0.7851546874522902, -0.5000447140691301, 50.44737434247344], [0.0, 0.0, 0.0, 1.0]]}]}