{"camera": {"camera": "RealSense D415", "extrinsics": [[-0.8561579, -0.50596714, -0.10483725, 0.5137781], [-0.31167805, 0.6675126, -0.67622757, -0.15576984], [0.41212913, -0.5462821, -0.72919506, 0.11545167], [0.0, 0.0, 0.0, 1.0]], "height": 480, "intrinsics": [[603.0301, 0.0, 326.28275], [0.0, 603.81976, 245.73769], [0.0, 0.0, 1.0]], "width": 640}, "objects": [{"class": "MacaroniAndCheese", "pose": [[0.9956324663653072, -0.06301894443267493, 0.06888084077667693, -10.965612451516481], [-0.09335167077742668, -0.6814369943176755, 0.7258988641481855, 8.127237315279492], [0.0011925538102620903, -0.7291586179478594, -0.6843436865281705, 35.844382951702194], [0.0, 0.0, 0.0, 1.0]]}, {"class": "OrangeJuice", "pose": [[-0.07859898989153385, -0.07795633892671558, 0.9938535977060943, 6.40874089575349], [-0.7107077591846536, -0.6947231117351149, -0.11069937528765154, 2.903508492025236], [0.6990827496952383, -0.7150403227974408, -0.0007996595930047303, 36.55543034033208], [0.0, 0.0, 0.0, 1.0]]}, {"class": "TomatoSauce", "pose": [[-0.7076237856256609, -0.17190704062476872, -0.685358674756964, 15.437738482522722], [0.5969124335023199, -0.6644719274596592, -0.4496361606695557, -4.0829126134903335], [-0.378105942406176, -0.7272723542550431, 0.572809578007088, 49.38527671440024], [0.0, 0.0, 0.0, 1.0]]}, {"class": "Mushrooms", "pose": [[-0.3755212733888495, -0.07140884550368154, -0.9240587187405477, -4.310705156510575], [0.7254068339713218, -0.6432085840977393, -0.2450871583823893, -6.363723627692661], [-0.5768610714790711, -0.7623539494529403, 0.2933389738318296, 57.387308418847496], [0.0, 0.0, 0.0, 1.0]]}, {"class": "Pineapple", "pose": [[0.9950090911801104, -0.09911712783940411, -0.011518207411422624, -26.192200278871592], [-0.06316082045138195, -0.7149692249501557, 0.6962972000283731, 2.20675254561683], [-0.07725015899708645, -0.6920945457672196, -0.7176611639606675, 50.27786476701668], [0.0, 0.0, 0.0, 1.0]]}, {"class": "Cherries", "pose": [[0.917670945345088, -0.048233834284054686, -0.39440271165888946, -35.51694702709308], [0.26265634663339166, -0.6711686241501869, 0.6932130943388287, -5.575282292690993], [-0.29814705294314087, -0.7397338906387408, -0.6032429854254251, 57.998595969536616], [0.0, 0.0, 0.0, 1.0]]}, {"class": "PeasAndCarrots", "pose": [[0.9919692882238095, -0.11496776093193238, 0.05271916948533391, -20.32094680539028], [-0.11747380453654718, -0.6830256566916476, 0.7208855180830898, -10.49127127880301], [-0.04687006713181977, -0.7212894149522949, -0.691046141938457, 56.003945043773065], [0.0, 0.0, 0.0, 1.0]]}, {"class": "BBQSauce", "pose": [[0.8716704467275552, -0.026126503266894745, -0.4893955494209236, 8.951325829295097], [0.3428958348251934, -0.6809528400752954, 0.647090216806124, -13.535160895158782], [-0.35016149207368363, -0.7318611143147584, -0.5846077594643136, 54.46855354140134], [0.0, 0.0, 0.0, 1.0]]}, {"class": "Raisins", "pose": [[-0.08193300480096402, 0.5764470016912455, -0.8130164836149588, 20.86112440783169], [-0.6593317319620847, -0.6430851395959686, -0.38951667883671054, -19.435995688502157], [-0.7473745391312968, 0.5041332570810317, 0.4327596919380787, 62.53490435023704], [0.0, 0.0, 0.0, 1.0]]}, {"class": "Ketchup", "pose": [[0.9574468171367353, -0.042935486471279864, -0.28539814649079986, 0.13998087034272633], [0.16368391918747963, -0.7336701039619277, 0.6594966457725097, -16.612694830660928], [-0.23770390373010197, -0.6781480542889907, -0.6954222201071201, 58.53831335826916], [0.0, 0.0, 0.0, 1.0]]}, {"class": "AlphabetSoup", "pose": [[0.7018458362919116, -0.11053443209665108, -0.7037005947595558, 6.5119290085413395], [0.469404657334091, -0.6712897216359978, 0.5736108872155404, -22.940052972394454], [-0.5357907179372662, -0.7329067481870714, -0.41925648311899805, 68.3755286061436], [0.0, 0.0, 0.0, 1.0]]}, {"class": "Mayo", "pose": [[-0.8798424820221494, 0.4505309172588442, -0.15132437043378755, 9.839960806264175], [0.4143157175025048, 0.5710941794439947, -0.7086564732427446, -28.988141905896914], [-0.23285115326290604, -0.6862021131737311, -0.6891349605869879, 75.64523169503624], [0.0, 0.0, 0.0, 1.0]]}, {"class": "SaladDressing", "pose": [[0.4683276976664786, -0.06468299256647375, -0.8811840010663128, -4.124353986561613], [0.582839602354066, -0.7269373588776712, 0.36312552489322525, -21.13815347389728], [-0.6640535942864693, -0.6836506758958296, -0.3027450591926909, 63.12879730355788], [0.0, 0.0, 0.0, 1.0]]}, {"class": "Mustard", "pose": [[0.8348960669320258, -0.1322499941227183, 0.5342831291928937, -9.606469237131387], [-0.49078712344963826, -0.6182825477667863, 0.6138849755583788, -26.813143385657806], [0.24915161790131257, -0.7747494278765504, -0.5811082419870722, 67.53754421328969], [0.0, 0.0, 0.0, 1.0]]}, {"class": "Cookies", "pose": [[-0.46995984183639317, -0.8766641696881374, 0.10294487024759584, -19.621354179738525], [0.6941889290635798, -0.29504222373492384, 0.6565454208296484, -8.579858850415079], [-0.5451967250907727, 0.380013170103849, 0.7472285561333344, 60.4527273991698], [0.0, 0.0, 0.0, 1.0]]}, {"class": "Parmesan", "pose": [[0.982554196785921, -0.07340200336003044, 0.17087820792974642, -20.142317752404637], [-0.17128129316491578, -0.715127835270792, 0.677683532680214, -22.172163180747127], [0.07245641152796438, -0.6951290409294947, -0.7152242155353244, 68.8183535063368], [0.0, 0.0, 0.0, 1.0]]}, {"class": "CreamCheese", "pose": [[0.9766592581546475, -0.12728493422533083, -0.17301793156850037, -16.17396055566639], [0.05279784001392927, -0.6385285965642382, 0.7677849256743966, -28.60329234796439], [-0.2082043611944072, -0.758999226100828, -0.6169044596703471, 76.77370549058666], [0.0, 0.0, 0.0, 1.0]]}, {"class": "Milk", "pose": [[0.9703773269975248, -0.07973176872964897, -0.22805844419480487, -29.95706733277612], [0.1153194167605864, -0.6766308448656757, 0.7272360033219132, -22.262801698256254], [-0.21229519922601797, -0.7319928952390631, -0.6473925727935934, 63.50957730295398], [0.0, 0.0, 0.0, 1.0]]}, {"class": "ChocolatePudding", "pose": [[0.6306337266647444, -0.008675252194140733, -0.7760320924140175, -1.7545423962823548], [0.5548989211159203, -0.6940387876581368, 0.4586909866170043, -31.736004036560544], [-0.5425756169781514, -0.7198853784821666, -0.4328703446894399, 78.94682935432874], [0.0, 0.0, 0.0, 1.0]]}, {"class": "Yogurt", "pose": [[0.8183102944047904, -0.09103653660274333, -0.5675214328452239, -14.64219713865964], [0.38920067066586095, -0.6388089973523798, 0.6636610396039232, 1.3975769097731545], [-0.4229551944302554, -0.7639603805875936, -0.48731246033742254, 49.99426947685303], [0.0, 0.0, 0.0, 1.0]]}]}