{"camera": {"camera": "RealSense D415", "extrinsics": [[-0.86193544, -0.49672213, -0.10165836, 0.47077942], [-0.28777522, 0.64436287, -0.7085068, -0.11414379], [0.41743588, -0.5814324, -0.6983435, 0.12337969], [0.0, 0.0, 0.0, 1.0]], "height": 480, "intrinsics": [[603.0301, 0.0, 326.28275], [0.0, 603.81976, 245.73769], [0.0, 0.0, 1.0]], "width": 640}, "objects": [{"class": "MacaroniAndCheese", "pose": [[0.995013154091835, -0.059873435480252334, 0.07977477245371864, -15.360356058657294], [-0.09854053895795958, -0.7139334094786444, 0.6932451869932184, 13.717618420477931], [0.015446920449690245, -0.6976490897595881, -0.7162730893407844, 34.896472372858334], [0.0, 0.0, 0.0, 1.0]]}, {"class": "OrangeJuice", "pose": [[-0.08954754756319869, -0.07502486862736003, 0.9931528206801281, 1.9755313271220265], [-0.6773397286545848, -0.7264751340796065, -0.11595176508936236, 8.438978991294524], [0.7302000886862594, -0.6830850192189053, 0.014236759070705757, 36.020785548406494], [0.0, 0.0, 0.0, 1.0]]}, {"class": "TomatoSauce", "pose": [[-0.700416464395501, -0.1686741291618871, -0.6935170033728237, 10.838185685369146], [0.5826629910546482, -0.6963152791945004, -0.41910489270912704, 2.00222666175561], [-0.41221434559303516, -0.69763462130941, 0.5859908418613194, 49.24800877218276], [0.0, 0.0, 0.0, 1.0]]}, {"class": "Mushrooms", "pose": [[-0.3656494667382828, -0.06771658270874517, -0.9282860288253243, -9.000280438853963], [0.7000870090779598, -0.6772292006464752, -0.22635995624050032, 0.19824203415739206], [-0.6133340873494647, -0.7326493474006022, 0.2950359797655574, 57.1484232685893], [0.0, 0.0, 0.0, 1.0]]}, {"class": "Pineapple", "pose": [[0.9953303752494519, -0.09652588145249247, -0.00046661294026137227, -30.761152332928116], [-0.07198991159787112, -0.7455295960732117, 0.6625731010871428, 8.5496731486753], [-0.06430330847678226, -0.6594455033846585, -0.7489971367717275, 49.433815088921754], [0.0, 0.0, 0.0, 1.0]]}, {"class": "Cherries", "pose": [[0.9220478355631815, -0.044926389635418104, -0.38445991710399396, -40.20588029002558], [0.2437232100156296, -0.7042422680916544, 0.6668147156519474, 1.1814772106370497], [-0.3007104859489681, -0.7085368307358452, -0.6383954585041238, 57.410497513306666], [0.0, 0.0, 0.0, 1.0]]}, {"class": "PeasAndCarrots", "pose": [[0.9916783540552626, -0.11190487424487791, 0.06365029953202775, -25.02003467238189], [-0.12482966034218397, -0.7148792676549341, 0.6880154277726558, -3.9026180524152867], [-0.031489982184745614, -0.690235413802554, -0.7228993379872298, 55.79616079975375], [0.0, 0.0, 0.0, 1.0]]}, {"class": "BBQSauce", "pose": [[0.8770245904402058, -0.022954205203509766, -0.47989685520817915, 4.247598385912266], [0.3217288856254139, -0.7137722066648979, 0.6221091555540265, -7.171038430322543], [-0.35681704370420764, -0.7000016678298455, -0.6186107505250613, 54.69535826276739], [0.0, 0.0, 0.0, 1.0]]}, {"class": "Raisins", "pose": [[-0.07847997841798371, 0.5677506021692641, -0.8194511371253212, 16.043630343120473], [-0.6925889535287905, -0.6222802924862699, -0.3648120328474454, -12.758122248631398], [-0.7170505054630293, 0.5389123729207186, 0.44205432385140825, 63.143275962584475], [0.0, 0.0, 0.0, 1.0]]}, {"class": "Ketchup", "pose": [[0.9606556116050138, -0.04059271347938807, -0.2747599805579567, -4.620774965863411], [0.14742615406688883, -0.7638699058915365, 0.6283059256822984, -10.010617876842064], [-0.2353855060409099, -0.6440923812103527, -0.7278314820892224, 58.81393867899347], [0.0, 0.0, 0.0, 1.0]]}, {"class": "AlphabetSoup", "pose": [[0.7097572835873205, -0.10729023843773074, -0.6962279960923393, 1.6180150948447658], [0.4404678207678283, -0.7037145464337273, 0.5574710542107116, -15.912520043133508], [-0.5497569555516124, -0.7023351307224559, -0.4522086380015806, 68.99495288039297], [0.0, 0.0, 0.0, 1.0]]}, {"class": "Mayo", "pose": [[-0.875103345630273, 0.4605170598615302, -0.14872185937254098, 4.839742949278042], [0.40787371765495445, 0.536472787886137, -0.7388071592649809, -21.63731071626033], [-0.2604480853526975, -0.7071923404744164, -0.65730189921982, 76.56799758035866], [0.0, 0.0, 0.0, 1.0]]}, {"class": "SaladDressing", "pose": [[0.4781651407773162, -0.06224597041665737, -0.8760613886733793, -8.955938244360556], [0.5491296755240734, -0.7572809798347395, 0.3535281563278252, -14.297000632533804], [-0.6854303166702729, -0.6501161077081747, -0.32792426838404937, 63.56474421775303], [0.0, 0.0, 0.0, 1.0]]}, {"class": "Mustard", "pose": [[0.8295556710026968, -0.1282878348744045, 0.5434883987193609, -14.513724429782188], [-0.4832712998137054, -0.652574011964521, 0.5836060743019127, -19.733509177213115], [0.2797968609488638, -0.7467860351417067, -0.6033442902920718, 68.17468298407623], [0.0, 0.0, 0.0, 1.0]]}, {"class": "Cookies", "pose": [[-0.4605724184236784, -0.8820304154820743, 0.09947569031634897, -24.35273186927423], [0.6708672274290962, -0.2725256672913037, 0.6896861344888805, -1.7922142012016307], [-0.5812144752009146, 0.3843853744358531, 0.7172430662225219, 60.15912923454948], [0.0, 0.0, 0.0, 1.0]]}, {"class": "Parmesan", "pose": [[0.9807872149603134, -0.0707837529766984, 0.18178591446247133, -25.03436025604437], [-0.17303557338314438, -0.7459657561632985, 0.6431126038672178, -14.982002496368258], [0.09008415906247, -0.6622120106095547, -0.7438817752828805, 69.1352482725576], [0.0, 0.0, 0.0, 1.0]]}, {"class": "CreamCheese", "pose": [[0.9789336029809267, -0.12359452904235146, -0.16252203775984775, -21.181263163270064], [0.03791412896980385, -0.6720998905168784, 0.73948921308485, -21.06129476732213], [-0.20062784586216537, -0.7300726828531848, -0.6532551902004398, 77.41720229565023], [0.0, 0.0, 0.0, 1.0]]}, {"class": "Milk", "pose": [[0.9730559759884805, -0.0765295672543794, -0.21749784445137502, -34.79724703283312], [0.1002139147596222, -0.7091731947521107, 0.697875770757822, -15.264253196536467], [-0.2076517544977544, -0.7008684605565922, -0.6823958881460145, 63.738303384918694], [0.0, 0.0, 0.0, 1.0]]}, {"class": "ChocolatePudding", "pose": [[0.6391136812141188, -0.005697025933880761, -0.7690911947178157, -6.802200637632722], [0.5259400996381791, -0.7263864566267885, 0.44243617336170526, -24.167996441642103], [-0.5611779857431834, -0.6872628708854148, -0.46124723622707137, 79.87625717277001], [0.0, 0.0, 0.0, 1.0]]}, {"class": "Yogurt", "pose": [[0.824647177829656, -0.08730173141908129, -0.5588698052327078, -19.21383990380741], [0.36491930150487123, -0.672802941964792, 0.6435605215905533, 7.666316740075499], [-0.43219318168136733, -0.7346527078021029, -0.5229669692578349, 49.3033217190951], [0.0, 0.0, 0.0, 1.0]]}]}