{"camera": {"camera": "RealSense D415", "extrinsics": [[-0.8771425, -0.45941344, -0.13985844, 0.4611998], [-0.24958235, 0.6849139, -0.6845448, -0.14807768], [0.41028008, -0.5655371, -0.71542853, 0.12012263], [0.0, 0.0, 0.0, 1.0]], "height": 480, "intrinsics": [[603.0301, 0.0, 326.28275], [0.0, 603.81976, 245.73769], [0.0, 0.0, 1.0]], "width": 640}, "objects": [{"class": "MacaroniAndCheese", "pose": [[0.9879914009628323, -0.09843993776598525, 0.11909091714933641, -14.85848857120214], [-0.15395733325774813, -0.6922973466804146, 0.7049975718696625, 13.193529027091822], [0.013046373479025543, -0.7148663896317553, -0.6991393131585274, 35.176859321935844], [0.0, 0.0, 0.0, 1.0]]}, {"class": "OrangeJuice", "pose": [[-0.1279851626764661, -0.11428371485407025, 0.9851695828258055, 2.1562805195053993], [-0.68891836259807, -0.7043300345402244, -0.17120381171708204, 6.93508479827083], [0.7134502703175795, -0.7006128952920506, 0.011411609182493116, 36.17216284673746], [0.0, 0.0, 0.0, 1.0]]}, {"class": "TomatoSauce", "pose": [[-0.6664478068856853, -0.2060954870776108, -0.71649985846115, 10.630117105156522], [0.6305085983890697, -0.6686737064319992, -0.39412489734936373, -0.3040203234786626], [-0.3978771921336475, -0.7144229221950573, 0.5755810718847485, 49.23842807566449], [0.0, 0.0, 0.0, 1.0]]}, {"class": "Mushrooms", "pose": [[-0.32540761860692585, -0.10418686121762925, -0.9398165012243233, -9.288635646581561], [0.7340386611471644, -0.6543724443110264, -0.18161498036888232, -1.1962063571508503], [-0.5960680581302327, -0.7489604719992017, 0.2894149677357037, 57.09227902321018], [0.0, 0.0, 0.0, 1.0]]}, {"class": "Pineapple", "pose": [[0.989889956977581, -0.1368409985376447, 0.03731608856088085, -30.54209918594482], [-0.12552974909064352, -0.7227322476216117, 0.679632572326954, 8.535553434242498], [-0.06603208726898196, -0.6774456701588064, -0.7326029412470708, 49.58359940104874], [0.0, 0.0, 0.0, 1.0]]}, {"class": "Cherries", "pose": [[0.9345590009231606, -0.08296340112139562, -0.3460009019341053, -40.391947673414656], [0.19943079704110048, -0.6831882436872725, 0.7024821947250686, 1.5106930613211778], [-0.29466406473886586, -0.725514224142, -0.621934193953888, 57.377987691935836], [0.0, 0.0, 0.0, 1.0]]}, {"class": "PeasAndCarrots", "pose": [[0.9832671854662471, -0.15045377369558588, 0.1027101759193543, -25.509378485063998], [-0.17886926981819679, -0.6905344671568319, 0.700833779872115, -4.3675047078188465], [-0.03451820112098661, -0.707478482193762, -0.7058913748687229, 55.64018571076708], [0.0, 0.0, 0.0, 1.0]]}, {"class": "BBQSauce", "pose": [[0.8940095334347443, -0.06156545512765089, -0.4437980679701755, 3.533311620115093], [0.28115898622710006, -0.694128067131619, 0.6626733010394901, -9.227395435903716], [-0.34885047602277, -0.7172139955156175, -0.6032473556552788, 54.46020763871514], [0.0, 0.0, 0.0, 1.0]]}, {"class": "Raisins", "pose": [[-0.1158071233878408, 0.5316156032312842, -0.839031368212781, 14.989663267067261], [-0.6694867234958888, -0.6657777434867227, -0.32943523850244893, -15.6647281736911], [-0.7337412525888146, 0.5235693459072921, 0.43301138133480843, 62.76935531969015], [0.0, 0.0, 0.0, 1.0]]}, {"class": "Ketchup", "pose": [[0.9676754814123588, -0.08203252003654841, -0.23848460034382374, -5.484554598230734], [0.09957626883060448, -0.7445171630403784, 0.6601354509877353, -11.669937009224371], [-0.23170846401889042, -0.6625442334636558, -0.7122824359030169, 58.508176061130456], [0.0, 0.0, 0.0, 1.0]]}, {"class": "AlphabetSoup", "pose": [[0.7338509468291119, -0.14521031361524567, -0.6636089427736176, 0.4032899271569912], [0.4136642800101707, -0.6793515284846838, 0.6061051205986382, -18.155324317158026], [-0.5388364382555557, -0.7193020610134848, -0.43847437772313586, 68.5421696172961], [0.0, 0.0, 0.0, 1.0]]}, {"class": "Mayo", "pose": [[-0.8507700049490831, 0.49053604645444626, -0.1885864843490076, 3.2921049583623683], [0.4620372371245872, 0.5271615786356963, -0.7131776178115077, -24.232932069793144], [-0.25042372684014175, -0.6938840545876043, -0.6751391100465385, 75.97326574152726], [0.0, 0.0, 0.0, 1.0]]}, {"class": "SaladDressing", "pose": [[0.5088294759695863, -0.10327862682948774, -0.8546497328707663, -10.057330349048904], [0.5382854523380896, -0.7365918441084761, 0.40948904749791737, -15.823613565780615], [-0.6718194429678839, -0.6684055506674366, -0.31920619977869297, 63.1529112796614], [0.0, 0.0, 0.0, 1.0]]}, {"class": "Mustard", "pose": [[0.8010829664951878, -0.16327757518086533, 0.575852924370162, -15.91446339710732], [-0.5352398691228436, -0.6260564972962136, 0.5670728328189037, -21.054015059768183], [0.26792613421276684, -0.7624917551161564, -0.5889158276660239, 67.62874002987317], [0.0, 0.0, 0.0, 1.0]]}, {"class": "Cookies", "pose": [[-0.4218492359018056, -0.8963153660825252, 0.13660916135000348, -24.731965276306795], [0.7093579671758592, -0.23244021299894904, 0.6654193225416839, -2.404333467907574], [-0.5646720325688279, 0.37761142475893716, 0.7338631000506735, 60.0533679602657], [0.0, 0.0, 0.0, 1.0]]}, {"class": "Parmesan", "pose": [[0.9695525045517092, -0.11115896982108622, 0.2182010554904877, -26.15657377656592], [-0.22934466731511322, -0.7245288355284768, 0.6499684939199499, -15.750774363001064], [0.08584308675626194, -0.680221763406678, -0.7279624022804598, 68.70489061625112], [0.0, 0.0, 0.0, 1.0]]}, {"class": "CreamCheese", "pose": [[0.9798020059708014, -0.15969762054597306, -0.12035271230383456, -22.657997593108696], [-0.011595788217332807, -0.6462142219107745, 0.7630679983609395, -22.234546775406], [-0.1996337929318019, -0.7462598967087859, -0.6350137458147873, 76.83603850446126], [0.0, 0.0, 0.0, 1.0]]}, {"class": "Milk", "pose": [[0.9773995056220495, -0.11480190491723295, -0.1775128313911085, -35.91271412021889], [0.05108681091824021, -0.6865430462368066, 0.7252922420933429, -15.359167849762576], [-0.20513514526020124, -0.717968773350116, -0.6651619011662327, 63.302575688875166], [0.0, 0.0, 0.0, 1.0]]}, {"class": "ChocolatePudding", "pose": [[0.668073930299055, -0.04505210239227464, -0.7427298351326336, -8.476813973090097], [0.5031783199546636, -0.7079872916894141, 0.4955457861394735, -26.193473221655804], [-0.5481686346654535, -0.7047867053188129, -0.4503185428835197, 79.21866843314332], [0.0, 0.0, 0.0, 1.0]]}, {"class": "Yogurt", "pose": [[0.8442119048758966, -0.12349351777838184, -0.5215895771618428, -19.061415414851528], [0.32901363899086095, -0.6488185624989293, 0.6861374143285819, 7.016144655427397], [-0.4231505114241798, -0.7508553850007591, -0.5071092363452747, 49.43169068588899], [0.0, 0.0, 0.0, 1.0]]}]}