{"camera": {"camera": "RealSense D415", "extrinsics": [[-0.8839615, -0.44060734, -0.15645203, 0.45955852], [-0.22849353, 0.69902056, -0.6776142, -0.15697528], [0.40792498, -0.5632366, -0.71858317, 0.119649746], [0.0, 0.0, 0.0, 1.0]], "height": 480, "intrinsics": [[603.0301, 0.0, 326.28275], [0.0, 603.81976, 245.73769], [0.0, 0.0, 1.0]], "width": 640}, "objects": [{"class": "MacaroniAndCheese", "pose": [[0.9836434087851994, -0.11524950912419002, 0.13843125604539985, -14.311799304497924], [-0.17959636716319377, -0.6864412004762367, 0.7046585940342551, 13.777119322719061], [0.013813359124901198, -0.717994488985702, -0.6959117322584227, 35.16195509145884], [0.0, 0.0, 0.0, 1.0]]}, {"class": "OrangeJuice", "pose": [[-0.1469277278225663, -0.1314223405326982, 0.9803776970413212, 2.533314494858102], [-0.6884154642842638, -0.6981196726469807, -0.1967566572021373, 7.075076789756935], [0.7102791532065297, -0.7038161333587951, 0.012099964593329127, 36.15486629685367], [0.0, 0.0, 0.0, 1.0]]}, {"class": "TomatoSauce", "pose": [[-0.6492449671955138, -0.22225655329658656, -0.7273809282200507, 10.79608951813248], [0.6492879679488862, -0.6600341851284723, -0.37786256773383997, -0.4373778220747887], [-0.3961138340157143, -0.717605012060705, 0.5728323588675852, 49.20198991445369], [0.0, 0.0, 0.0, 1.0]]}, {"class": "Mushrooms", "pose": [[-0.3053247323774679, -0.11995741643344467, -0.9446623966748549, -9.151345110531434], [0.7447819397673718, -0.6482342390276268, -0.15840563280524675, -0.8460485221083835], [-0.5933605600961236, -0.7519326053761056, 0.28726405430159, 57.02301892761685], [0.0, 0.0, 0.0, 1.0]]}, {"class": "Pineapple", "pose": [[0.9864022765268156, -0.15448556669804317, 0.05607830413752094, -30.133446441180574], [-0.15088911695615168, -0.7160294503289446, 0.6815676133749525, 9.465996348778349], [-0.06513863975869859, -0.680761409314723, -0.7296032451937762, 49.52566747843499], [0.0, 0.0, 0.0, 1.0]]}, {"class": "Cherries", "pose": [[0.9398770392249743, -0.09952526736689017, -0.3266892865453113, -40.17437596428523], [0.17637419577625818, -0.6776912190482504, 0.7138815487494967, 2.6657592233728127], [-0.2924437042821698, -0.728580393074761, -0.6193927064890413, 57.275324061778754], [0.0, 0.0, 0.0, 1.0]]}, {"class": "PeasAndCarrots", "pose": [[0.9783488181441171, -0.16721158152961532, 0.12195857775743585, -25.446609324181217], [-0.20417334357519215, -0.6833609249181168, 0.7009502143691739, -3.589133796159566], [-0.03386526622956688, -0.7106744614598568, -0.702705477259866, 55.53370996303813], [0.0, 0.0, 0.0, 1.0]]}, {"class": "BBQSauce", "pose": [[0.9015460460330986, -0.07843130756794235, -0.4255153046901053, 3.4620403950478993], [0.2593584233813591, -0.689218049676196, 0.676544011264224, -9.195888296271459], [-0.3463350496763254, -0.7202965136745826, -0.6010199663513799, 54.374849385550284], [0.0, 0.0, 0.0, 1.0]]}, {"class": "Raisins", "pose": [[-0.13198960891892264, 0.5133470770794899, -0.8479702466723782, 14.734551499948672], [-0.6631069655019011, -0.6815847386508699, -0.3094050860876275, -15.963859237477502], [-0.7367957317342074, 0.5214567034287564, 0.43036611198668756, 62.67269557925723], [0.0, 0.0, 0.0, 1.0]]}, {"class": "Ketchup", "pose": [[0.9702936364291603, -0.1002840074094728, -0.22016674275015585, -5.622464731865478], [0.07542520328719526, -0.7392928369876987, 0.6691466586956643, -11.420930548324392], [-0.22987239750007318, -0.6658748247523325, -0.7097671680401185, 58.39914034975096], [0.0, 0.0, 0.0, 1.0]]}, {"class": "AlphabetSoup", "pose": [[0.7451756520503278, -0.161661325110198, -0.6469767238511938, 0.07947988655780946], [0.39678755757845047, -0.6722672605481694, 0.6249931803642292, -18.09983687696095], [-0.5359784776881337, -0.7224419714334163, -0.43681197736048916, 68.41353204722219], [0.0, 0.0, 0.0, 1.0]]}, {"class": "Mayo", "pose": [[-0.838105587334085, 0.5051293732815825, -0.20596931416544517, 2.798051459393519], [0.4850259932189722, 0.5172233387060332, -0.7051453146377276, -24.282135426605496], [-0.2496574664053123, -0.6908866749410508, -0.6784886042197389, 75.82246721785849], [0.0, 0.0, 0.0, 1.0]]}, {"class": "SaladDressing", "pose": [[0.5236707349497853, -0.12130818901365967, -0.8432397655979099, -10.308702304940704], [0.5277741655463851, -0.7307938561822606, 0.4328913037979452, -15.47441361470638], [-0.6687476770160616, -0.6717326292784132, -0.31867201547578994, 63.01924055969877], [0.0, 0.0, 0.0, 1.0]]}, {"class": "Mustard", "pose": [[0.7865090113022143, -0.17827247962593198, 0.5912888598634982, -16.306531430521037], [-0.5569890068115366, -0.6183368337166425, 0.5544573178488872, -20.57019916239014], [0.2667711927019761, -0.7654270269456076, -0.5856232845137259, 67.46391902305388], [0.0, 0.0, 0.0, 1.0]]}, {"class": "Cookies", "pose": [[-0.40242305939333856, -0.9026321774216393, 0.15267891538066114, -24.62542322638131], [0.7224777515861716, -0.21071987617907967, 0.6585006782091183, -1.6657193269602604], [-0.5622114004477662, 0.3753029648803726, 0.7369301594843523, 59.9564605000479], [0.0, 0.0, 0.0, 1.0]]}, {"class": "Parmesan", "pose": [[0.9631413909095732, -0.12885448377232797, 0.23612539206696784, -26.40928869308364], [-0.2547910271802935, -0.7184799215125108, 0.6472003135101168, -15.007640520055682], [0.08625668709014643, -0.6835079993410346, -0.7248286921529249, 68.54813211571474], [0.0, 0.0, 0.0, 1.0]]}, {"class": "CreamCheese", "pose": [[0.9794820013070858, -0.1752420058261897, -0.09952520364069142, -23.09279174933691], [-0.03616046682418327, -0.6386500144156282, 0.7686473122842378, -21.61478426054305], [-0.19826106275242045, -0.7492772856999452, -0.6318830068370846, 76.65624018749452], [0.0, 0.0, 0.0, 1.0]]}, {"class": "Milk", "pose": [[0.9787149858032609, -0.13145182907897002, -0.15759889227452079, -36.14353777346642], [0.02658636028476492, -0.680251039815153, 0.7324969619275004, -14.339874405774491], [-0.20349486958407387, -0.7210956913401021, -0.6622770388461096, 63.13341879476074], [0.0, 0.0, 0.0, 1.0]]}, {"class": "ChocolatePudding", "pose": [[0.6817575584411929, -0.062302470082776604, -0.7289204698594542, -9.022819906275931], [0.4880173978894663, -0.7035542061259269, 0.5165758505345724, -25.950521583931224], [-0.5450189967178483, -0.7079053188313532, -0.44924869169093884, 79.04229516220941], [0.0, 0.0, 0.0, 1.0]]}, {"class": "Yogurt", "pose": [[0.8531226965757368, -0.13911051601405275, -0.5028219829839248, -18.695819225267833], [0.30880696521541695, -0.6421731915515105, 0.7016066998274721, 7.649863143436264], [-0.4204996544766415, -0.7538314859424338, -0.5048942122721523, 49.38383995717579], [0.0, 0.0, 0.0, 1.0]]}]}