{"camera": {"camera": "RealSense D415", "extrinsics": [[-0.8872355, -0.43023914, -0.16645558, 0.46077803], [-0.21327361, 0.7025004, -0.6789754, -0.15742338], [0.4090569, -0.56691045, -0.71504194, 0.12063059], [0.0, 0.0, 0.0, 1.0]], "height": 480, "intrinsics": [[603.0301, 0.0, 326.28275], [0.0, 603.81976, 245.73769], [0.0, 0.0, 1.0]], "width": 640}, "objects": [{"class": "MacaroniAndCheese", "pose": [[0.9808828389894088, -0.12538796028849508, 0.14881782129202922, -13.747502229045255], [-0.1940345628061366, -0.6884069699137491, 0.698889505878561, 14.740334994901], [0.014814868550801608, -0.7144044924413846, -0.6995761056335322, 35.1018138244883], [0.0, 0.0, 0.0, 1.0]]}, {"class": "OrangeJuice", "pose": [[-0.15707319817540347, -0.14173138136489682, 0.9773639313452717, 2.996768647664194], [-0.6824477482243196, -0.6997709621355748, -0.2111534529951693, 7.7954337404050555], [0.7138578934007511, -0.7001663323655488, 0.01319097324707614, 36.13081855872019], [0.0, 0.0, 0.0, 1.0]]}, {"class": "TomatoSauce", "pose": [[-0.6395865697061236, -0.23199317761832272, -0.7328766702068291, 11.147821966865823], [0.6567298578302843, -0.6604202285926548, -0.36407571288980717, 0.230020619116017], [-0.3995434299525817, -0.7141598935598802, 0.5747527126828198, 49.217555947602456], [0.0, 0.0, 0.0, 1.0]]}, {"class": "Mushrooms", "pose": [[-0.29429560260771465, -0.12953131988039424, -0.9468958568919511, -8.803371045832604], [0.7461000304202045, -0.6503125313186899, -0.14292818278150757, 0.15698412092754188], [-0.5972644873597969, -0.7485421281469681, 0.2880274314228339, 57.03933477862433], [0.0, 0.0, 0.0, 1.0]]}, {"class": "Pineapple", "pose": [[0.9840644996147652, -0.16505639169630767, 0.06613226520749095, -29.63092810017886], [-0.16578425995241866, -0.717217300689742, 0.6768419549346255, 10.738567604070687], [-0.06428590641659848, -0.677019800334316, -0.7331517570840758, 49.486846512815866], [0.0, 0.0, 0.0, 1.0]]}, {"class": "Cherries", "pose": [[0.9423764254255619, -0.10953629905606738, -0.31611469490451866, -39.771128539405616], [0.16093816577175368, -0.6799457044545828, 0.715383012803743, 4.128016814613583], [-0.2933012268326385, -0.725034973667114, -0.6231361520743153, 57.271293461223735], [0.0, 0.0, 0.0, 1.0]]}, {"class": "PeasAndCarrots", "pose": [[0.9752250965825623, -0.1772987571133439, 0.1322920634994219, -25.137403236969174], [-0.21877950235337984, -0.6845211196379472, 0.6953894414901605, -2.352800605151753], [-0.03273499673470677, -0.7071039953410143, -0.7063514327058055, 55.563337599371756], [0.0, 0.0, 0.0, 1.0]]}, {"class": "BBQSauce", "pose": [[0.9052749376016184, -0.08861483296007838, -0.4154813197644208, 3.6852408169918527], [0.2441968321319186, -0.6917394661388448, 0.6796061560779608, -8.392023033899076], [-0.34762799474624617, -0.716689612180419, -0.6045748620190693, 54.43564916935693], [0.0, 0.0, 0.0, 1.0]]}, {"class": "Raisins", "pose": [[-0.14178173401204885, 0.5032279921850027, -0.8524432861635574, 14.8566387486486], [-0.6649265498720697, -0.686359757255685, -0.2945896741427294, -15.282333338315574], [-0.7333285034809545, 0.5250446639177897, 0.4319229023770644, 62.76947619046606], [0.0, 0.0, 0.0, 1.0]]}, {"class": "Ketchup", "pose": [[0.9712990792454554, -0.11120425150719905, -0.2102658827460877, -5.43109342891856], [0.05987923676229209, -0.741200801539672, 0.6686074767889526, -10.461542664897452], [-0.23020123414286753, -0.6620083622002125, -0.7132687480186423, 58.47093136318545], [0.0, 0.0, 0.0, 1.0]]}, {"class": "AlphabetSoup", "pose": [[0.7509495361904621, -0.1715853602116276, -0.6376780430591233, 0.1716843096885412], [0.3829281034897393, -0.6735723234919729, 0.6321918235786927, -17.17152721648528], [-0.5379971028655013, -0.7189289674674548, -0.4401138986313595, 68.52045774084351], [0.0, 0.0, 0.0, 1.0]]}, {"class": "Mayo", "pose": [[-0.8308515035316918, 0.5127067733846052, -0.21637368589551553, 2.7987175017387287], [0.49604379213719385, 0.5060858971379095, -0.7055619960121478, -23.354506375189104], [-0.2522426901427332, -0.6935480080176061, -0.6748072114080849, 75.96177652017278], [0.0, 0.0, 0.0, 1.0]]}, {"class": "SaladDressing", "pose": [[0.5314022814220782, -0.1321006493927454, -0.8367562739966535, -10.176646134889527], [0.5164772112361399, -0.7324228682728059, 0.4436306363644788, -14.421144886028122], [-0.671463266174192, -0.6679118530211829, -0.320984151472443, 63.11185268066739], [0.0, 0.0, 0.0, 1.0]]}, {"class": "Mustard", "pose": [[0.7781975853170507, -0.187398484359244, 0.5994083371207874, -16.249048748478085], [-0.5671462260258243, -0.6196277766875015, 0.5425925597336783, -19.40446088407307], [0.2697289757285688, -0.7621963575995502, -0.5884751301783148, 67.58271796086167], [0.0, 0.0, 0.0, 1.0]]}, {"class": "Cookies", "pose": [[-0.3917124516886434, -0.9056419747669033, 0.16240072991126625, -24.287831934966015], [0.7253959308620995, -0.19539680337935972, 0.6600158649109968, -0.41863802867155575], [-0.5660054109411186, 0.37634124329439245, 0.7334883299037509, 59.97602789210998], [0.0, 0.0, 0.0, 1.0]]}, {"class": "Parmesan", "pose": [[0.959273064324085, -0.1394643458789962, 0.2456520153268858, -26.268506748277105], [-0.2685384466294405, -0.7200605029574972, 0.6398437965463286, -13.687659257501794], [0.0876488820935316, -0.6797519023908517, -0.7281861104056849, 68.6371967244096], [0.0, 0.0, 0.0, 1.0]]}, {"class": "CreamCheese", "pose": [[0.9788382637961096, -0.18466824134880974, -0.0881664466171444, -23.049881048801797], [-0.0516632554831043, -0.6398988247444825, 0.7667206214390578, -20.3006108453006], [-0.19800656030286398, -0.7459404798277417, -0.6358979394174635, 76.77993755353879], [0.0, 0.0, 0.0, 1.0]]}, {"class": "Milk", "pose": [[0.9789982989201086, -0.14149709772108615, -0.14676828809855438, -35.99189857579082], [0.011059842193572797, -0.6819944038781872, 0.7312738352941841, -12.904461680778386], [-0.2035682797350311, -0.7175390430024388, -0.6661063458464064, 63.218443383668934], [0.0, 0.0, 0.0, 1.0]]}, {"class": "ChocolatePudding", "pose": [[0.6888860953957102, -0.07269939913168241, -0.7212147899756918, -9.045470705673736], [0.475036433328681, -0.7062473855125291, 0.5249334497662143, -24.83121563761378], [-0.5475183608917423, -0.7042226273730731, -0.4519890732154631, 79.18952198544153], [0.0, 0.0, 0.0, 1.0]]}, {"class": "Yogurt", "pose": [[0.8575864660830964, -0.14859280670400793, -0.49240802118798577, -18.221382988636886], [0.2939670733752244, -0.6439791832552646, 0.7063103287659492, 8.752935439585618], [-0.42205312352999486, -0.7504738877856948, -0.5085863657181409, 49.35524599594013], [0.0, 0.0, 0.0, 1.0]]}]}