{"camera": {"camera": "RealSense D415", "extrinsics": [[-0.90041035, -0.39672318, -0.17852713, 0.45636627], [-0.17888118, 0.71169454, -0.6793324, -0.16207534], [0.39656368, -0.5797427, -0.7117834, 0.123697445], [0.0, 0.0, 0.0, 1.0]], "height": 480, "intrinsics": [[603.0301, 0.0, 326.28275], [0.0, 603.81976, 245.73769], [0.0, 0.0, 1.0]], "width": 640}, "objects": [{"class": "MacaroniAndCheese", "pose": [[0.9732377579561495, -0.13782504880610272, 0.18388190844687843, -13.455363843809936], [-0.2275292231716795, -0.6901653396853024, 0.6869515501956046, 16.524353668785807], [0.03222974866664579, -0.7104056311662675, -0.7030540849302138, 34.182697738829454], [0.0, 0.0, 0.0, 1.0]]}, {"class": "OrangeJuice", "pose": [[-0.19178830425954776, -0.15477368682129905, 0.9691555014862018, 3.0206600430742747], [-0.6701060126511003, -0.7008300154084576, -0.2445309737591617, 9.017051563461036], [0.7170601153989851, -0.6963350480726994, 0.030696181497091083, 35.539961353792435], [0.0, 0.0, 0.0, 1.0]]}, {"class": "TomatoSauce", "pose": [[-0.6101384232697596, -0.24339025262256136, -0.7539842990554941, 10.69821780728762], [0.6746817008998863, -0.6585257730964985, -0.3333895386101371, 1.2951909502751158], [-0.41537423405833335, -0.7121131091824879, 0.5660027643393848, 48.82024043668281], [0.0, 0.0, 0.0, 1.0]]}, {"class": "Mushrooms", "pose": [[-0.25889296061047523, -0.1401112687995524, -0.955689960785246, -9.364364522617013], [0.7503120937647397, -0.6522635116171656, -0.10763014995528057, 1.979997990378715], [-0.6082813805835219, -0.7449303546404722, 0.2739935995594469, 56.32087337887116], [0.0, 0.0, 0.0, 1.0]]}, {"class": "Pineapple", "pose": [[0.9786396846041651, -0.17904940947344516, 0.10102331675931794, -29.69227986841713], [-0.20012703018553443, -0.7172517750103281, 0.6674572936524346, 13.20274679999313], [-0.0470487105136415, -0.6734176330550571, -0.7377635625039, 48.3444778055742], [0.0, 0.0, 0.0, 1.0]]}, {"class": "Cherries", "pose": [[0.9518791593244513, -0.12152495868762138, -0.2813499321196468, -40.176236435652484], [0.12573618327209923, -0.6823517582656116, 0.7201296175163002, 7.016241776286569], [-0.2794933298577087, -0.7208521772513297, -0.6342362185700092, 56.021357130276286], [0.0, 0.0, 0.0, 1.0]]}, {"class": "PeasAndCarrots", "pose": [[0.9674784292573165, -0.18967918392360747, 0.167353906293982, -25.750071732353646], [-0.2524970455057481, -0.6844291603472731, 0.6839606291983313, 0.020416455153374202], [-0.015191235645994184, -0.7039734580674339, -0.7100637721536331, 54.604238242410574], [0.0, 0.0, 0.0, 1.0]]}, {"class": "BBQSauce", "pose": [[0.9185372014390452, -0.10115757835051895, -0.3821735047838515, 2.8608908207098938], [0.20972376861860179, -0.6947819243042977, 0.6879638030831362, -7.017053545189215], [-0.33511997118490416, -0.7120711519103105, -0.6169677814595137, 53.99142547879438], [0.0, 0.0, 0.0, 1.0]]}, {"class": "Raisins", "pose": [[-0.15309751570730618, 0.4708767891981212, -0.8688131179504035, 13.654837218595727], [-0.6663081083168206, -0.698457163384957, -0.26113458507765586, -14.211476578435969], [-0.729790893916107, 0.5389180612219836, 0.42068104102132425, 62.56231672887622], [0.0, 0.0, 0.0, 1.0]]}, {"class": "Ketchup", "pose": [[0.9762949140845325, -0.12630132216220868, -0.17577329318396467, -6.383960524707471], [0.024320989897952075, -0.742936376509471, 0.6689201788894859, -8.734797249103465], [-0.21507387621851015, -0.657338294894251, -0.7222531119093787, 57.89732430310618], [0.0, 0.0, 0.0, 1.0]]}, {"class": "AlphabetSoup", "pose": [[0.7721162996048002, -0.18340527543587634, -0.6084397740704199, -1.175423428381972], [0.35194298475475894, -0.6737916460846205, 0.6497238867124012, -15.541757587945474], [-0.5291243674357503, -0.7157984475560494, -0.45569721317008766, 68.09263802721752], [0.0, 0.0, 0.0, 1.0]]}, {"class": "Mayo", "pose": [[-0.8091384648967959, 0.5407518152041791, -0.22996185079665793, 1.118824686364639], [0.5220211021340798, 0.4818034707967275, -0.7038178459453324, -21.743414452929006], [-0.2697942831090684, -0.6895309409529317, -0.6721295188422732, 75.62786447883562], [0.0, 0.0, 0.0, 1.0]]}, {"class": "SaladDressing", "pose": [[0.5594448548346705, -0.14678633194254953, -0.8157666706833817, -11.336031200952174], [0.49174610371479793, -0.7334987412682084, 0.4692180110092212, -12.48630800902592], [-0.6672385304040729, -0.6636516280044754, -0.33817040677761906, 62.49515372348582], [0.0, 0.0, 0.0, 1.0]]}, {"class": "Mustard", "pose": [[0.7537903069617671, -0.1966613356918684, 0.626996432221395, -17.646685396269074], [-0.5911073069151265, -0.6197313781130765, 0.5162609287073678, -17.216775775477895], [0.2870407190277602, -0.7597745827055967, -0.583395383015225, 66.91040785153501], [0.0, 0.0, 0.0, 1.0]]}, {"class": "Cookies", "pose": [[-0.35744747702159413, -0.9176703464279321, 0.17352945081950194, -24.903821598698812], [0.7332580875782877, -0.16068041527506377, 0.660692482902783, 1.9643253220541668], [-0.5784150046903195, 0.3634047086358584, 0.7303239445063411, 59.0132824465701], [0.0, 0.0, 0.0, 1.0]]}, {"class": "Parmesan", "pose": [[0.9479216496802232, -0.15353100628166563, 0.2790570013843872, -27.478011100578208], [-0.3005786654141791, -0.7209987024962121, 0.6243504726616209, -11.14921518044919], [0.10534252812840059, -0.6757138529984724, -0.7295983172009057, 67.75481872227309], [0.0, 0.0, 0.0, 1.0]]}, {"class": "CreamCheese", "pose": [[0.9794674154738865, -0.19488961171570776, -0.05159123098152828, -24.618506334039196], [-0.08711690162561532, -0.6399354138789527, 0.7634746147259303, -17.79453796098901], [-0.1818083353444771, -0.7433039686515774, -0.6437739535077539, 76.00453543611569], [0.0, 0.0, 0.0, 1.0]]}, {"class": "Milk", "pose": [[0.981882130065523, -0.15365161064343796, -0.11089949976736198, -37.08193952252031], [-0.024489734988786194, -0.6832310753003418, 0.7297915636949345, -10.081300594768694], [-0.18790363882495403, -0.713853331405755, -0.6746151551708306, 62.1740705085845], [0.0, 0.0, 0.0, 1.0]]}, {"class": "ChocolatePudding", "pose": [[0.7134301077854602, -0.08595134570285697, -0.695435030266003, -10.818705463880402], [0.4460418214892029, -0.7097147141858673, 0.5452998200685988, -22.782214662820728], [-0.5404296623732092, -0.6992263574862589, -0.46799385129785026, 78.67746693281983], [0.0, 0.0, 0.0, 1.0]]}, {"class": "Yogurt", "pose": [[0.8737755470795265, -0.15890974130546262, -0.45963466066876074, -18.357496545079062], [0.26042532804214036, -0.6452958641642611, 0.718172731327793, 10.82456643806236], [-0.41072495171252477, -0.7472222084125045, -0.5224595191254541, 48.41317246750209], [0.0, 0.0, 0.0, 1.0]]}]}