{"camera": {"camera": "RealSense D415", "extrinsics": [[-0.93751246, -0.29556128, -0.18361339, 0.44225025], [-0.095390186, 0.7257991, -0.68126094, -0.1667854], [0.33462077, -0.6211757, -0.7086393, 0.13541596], [0.0, 0.0, 0.0, 1.0]], "height": 480, "intrinsics": [[603.0301, 0.0, 326.28275], [0.0, 603.81976, 245.73769], [0.0, 0.0, 1.0]], "width": 640}, "objects": [{"class": "MacaroniAndCheese", "pose": [[0.9466500860286216, -0.14413346473187033, 0.2882345156123728, -13.357505744593674], [-0.30414037566845264, -0.6952923477204541, 0.6512045338385921, 21.26236047219032], [0.10654689242327091, -0.7041265108809919, -0.7020353184319887, 30.38750588532636], [0.0, 0.0, 0.0, 1.0]]}, {"class": "OrangeJuice", "pose": [[-0.29568887961790513, -0.16284023613661894, 0.9413028848299497, 2.311738816832143], [-0.6334150938091239, -0.7041855071595046, -0.32079316115465273, 12.492563153448536], [0.715089833498736, -0.6910903556256746, 0.10507436568605479, 33.075727002692936], [0.0, 0.0, 0.0, 1.0]]}, {"class": "TomatoSauce", "pose": [[-0.5222363841831991, -0.2463681526590739, -0.8164385276397277, 8.384572969297437], [0.7104072040217638, -0.6553208371296592, -0.2566639177990804, 4.530252279088459], [-0.4717953429389724, -0.7140429779184044, 0.5172540497694705, 47.027792989692735], [0.0, 0.0, 0.0, 1.0]]}, {"class": "Mushrooms", "pose": [[-0.15337260198792194, -0.14088729345380635, -0.9780734085571613, -12.028169177844733], [0.7524420938703491, -0.6582507667499994, -0.023172942138367115, 7.023491213227992], [-0.6405527604212652, -0.7394976247030949, 0.20696713775760806, 53.05600577576812], [0.0, 0.0, 0.0, 1.0]]}, {"class": "Pineapple", "pose": [[0.959798940550432, -0.18992103885407105, 0.20667842108639892, -30.760274719973886], [-0.27935636392526064, -0.7179930851446259, 0.6375312646617931, 19.63108939380357], [0.027313088427645, -0.6696386964788633, -0.7421846019118367, 43.41474997716765], [0.0, 0.0, 0.0, 1.0]]}, {"class": "Cherries", "pose": [[0.9761546320270389, -0.12655825358978198, -0.17636643627507068, -42.22646789660398], [0.041375856062401774, -0.6890925645241831, 0.7234912838831529, 14.51191329368082], [-0.21309656791563947, -0.713536608501083, -0.6674244024664857, 50.44618704233172], [0.0, 0.0, 0.0, 1.0]]}, {"class": "PeasAndCarrots", "pose": [[0.9421818774950247, -0.1956636178726493, 0.27204601703543946, -28.35968187713565], [-0.3298028551105678, -0.6852370464099798, 0.6493692545775114, 6.343642576312744], [0.059358080990734204, -0.7015454264969085, -0.7101482976947627, 50.21036321919834], [0.0, 0.0, 0.0, 1.0]]}, {"class": "BBQSauce", "pose": [[0.953780528743773, -0.1079421433468386, -0.28044816580404314, -0.45013836935619556], [0.1262805424983773, -0.7028852574159402, 0.7000040723424061, -2.9858133280665693], [-0.27268279266408957, -0.703065329435824, -0.6567672411643353, 51.79380670087983], [0.0, 0.0, 0.0, 1.0]]}, {"class": "Raisins", "pose": [[-0.15600672452485523, 0.3732172389551849, -0.91453308932679, 9.092686475461148], [-0.6708022924124751, -0.7196470881635992, -0.17925544564706158, -10.797102920752522], [-0.7250422251262941, 0.5855058061182445, 0.3626247298821955, 61.26203970977742], [0.0, 0.0, 0.0, 1.0]]}, {"class": "Ketchup", "pose": [[0.9876106409644705, -0.14070964394653593, -0.06946938158710829, -10.054610062330477], [-0.059944722245258986, -0.7474049883327708, 0.661658957086304, -3.851110672640645], [-0.145023536896004, -0.6492970365045906, -0.7465798711919098, 55.06173301974735], [0.0, 0.0, 0.0, 1.0]]}, {"class": "AlphabetSoup", "pose": [[0.833416125582007, -0.18772830859394846, -0.5197842059896012, -6.146180447510457], [0.2746626002758763, -0.6754533388563838, 0.6843415849119233, -10.784376262304885], [-0.47956022382092045, -0.7131065229196453, -0.5113717342938313, 65.7417146131823], [0.0, 0.0, 0.0, 1.0]]}, {"class": "Mayo", "pose": [[-0.7427631784879, 0.6252446989077921, -0.2395243290235136, -4.899878783452932], [0.5781287298777542, 0.41844584875353846, -0.7004786971444392, -16.95009463818233], [-0.3377426202712232, -0.6587656274361564, -0.6722780247021124, 73.54776453077993], [0.0, 0.0, 0.0, 1.0]]}, {"class": "SaladDressing", "pose": [[0.6430904630333085, -0.1598604507117519, -0.7489187336939496, -15.60648172303059], [0.4274357925131902, -0.7365197191698104, 0.5242494714875262, -7.069936637231621], [-0.6354001219584324, -0.6572544401188988, -0.40531871150441734, 59.36902347773019], [0.0, 0.0, 0.0, 1.0]]}, {"class": "Mustard", "pose": [[0.6808630776129875, -0.19340258169358926, 0.7064141051547134, -22.576660650019026], [-0.6420619600085318, -0.6216776182982789, 0.44863519725862805, -11.159743625723024], [0.35239462185912884, -0.7590206923689136, -0.5474537340972074, 63.41701461189197], [0.0, 0.0, 0.0, 1.0]]}, {"class": "Cookies", "pose": [[-0.2548365630270578, -0.9508654254783664, 0.17582163063260772, -27.66627353405779], [0.7441613855489947, -0.07673877718909615, 0.6635775419162612, 8.32849816647311], [-0.617480569826725, 0.29994345666872707, 0.7271531067282023, 54.627842618962006], [0.0, 0.0, 0.0, 1.0]]}, {"class": "Parmesan", "pose": [[0.9103857989461192, -0.16469854380598714, 0.3795682596968979, -31.911599642619887], [-0.37296845549092905, -0.723839356384608, 0.5804750461128652, -4.301024647642134], [0.1791430500349724, -0.670023157707754, -0.720400380133087, 63.43001393863088], [0.0, 0.0, 0.0, 1.0]]}, {"class": "CreamCheese", "pose": [[0.9792969462867378, -0.1944483603732938, 0.056278798543652586, -30.18957912498041], [-0.17036301858175262, -0.641518420825952, 0.7479510140664274, -10.935485000134944], [-0.109333941568398, -0.7420538973953089, -0.6613637989170185, 71.99818159489121], [0.0, 0.0, 0.0, 1.0]]}, {"class": "Milk", "pose": [[0.9872636737407027, -0.1590582767347452, -0.003298505433185124, -40.9827813399656], [-0.10831502481761955, -0.6872007567025856, 0.7183475044770864, -2.6113233672117793], [-0.11652583133055491, -0.7088410475267193, -0.6956767007097081, 57.154728645424036], [0.0, 0.0, 0.0, 1.0]]}, {"class": "ChocolatePudding", "pose": [[0.7835842502812957, -0.09494600023990746, -0.6139877496933069, -17.0659106287311], [0.372846525479645, -0.7186496017702697, 0.5869653994193307, -16.94484337044052], [-0.4969720277977798, -0.688859971048783, -0.5277221956765042, 75.75489800004699], [0.0, 0.0, 0.0, 1.0]]}, {"class": "Yogurt", "pose": [[0.9187140778810252, -0.158844594632092, -0.36156993083398276, -19.691450534464256], [0.17841151366925762, -0.6498564844147284, 0.7388207111719858, 16.351618040750328], [-0.35232620668600984, -0.7432731538198082, -0.5686925661808855, 44.344247805669816], [0.0, 0.0, 0.0, 1.0]]}]}