{"camera": {"camera": "RealSense D415", "extrinsics": [[-0.66153634, -0.7401949, 0.1203376, 0.5309896], [-0.6036213, 0.43036532, -0.6711386, 0.16418955], [0.44498423, -0.51662093, -0.73149973, 0.022408769], [0.0, 0.0, 0.0, 1.0]], "height": 480, "intrinsics": [[607.7151, 0.0, 326.28275], [0.0, 609.8564, 245.73769], [0.0, 0.0, 1.0]], "width": 640}, "objects": [{"class": "Cookies", "pose": [[-0.9389710722707042, 0.15806610825966805, 0.30552974509279296, -6.965991347937983], [-0.33058168789230796, -0.6602435063469863, -0.6743843793426527, -6.855101468164188], [0.09512670193884146, -0.734229960915829, 0.6722033030937408, 57.355809767802626], [0.0, 0.0, 0.0, 1.0]]}, {"class": "Mustard", "pose": [[0.4931396320682708, 0.15388392523396158, -0.856231881627972, 0.45345797958457057], [0.6825488408536998, -0.678685326672125, 0.2711334327479474, 1.9667979888655929], [-0.5393889197215438, -0.7181267182626184, -0.4397199283832185, 51.876736562752825], [0.0, 0.0, 0.0, 1.0]]}, {"class": "AlphabetSoup", "pose": [[0.7491834679565821, 0.14612818239649603, -0.6460423205395016, 7.776409151272324], [0.5463424264594905, -0.6877687934504274, 0.4780000742160655, 5.267030060173303], [-0.37447844814759446, -0.7110700812184855, -0.595101030991597, 55.78769910694362], [0.0, 0.0, 0.0, 1.0]]}, {"class": "GranolaBars", "pose": [[0.7512080648433429, 0.15489689493830902, -0.6416333762600019, 10.559130281391981], [0.5579191923858221, -0.6684564889806264, 0.49182530257369855, -2.9146867250980897], [-0.3527217646194509, -0.7274427073537887, -0.5885698513344753, 60.48761289347847], [0.0, 0.0, 0.0, 1.0]]}, {"class": "Milk", "pose": [[-0.6334282522793605, -0.7541022376927894, -0.17348907342844816, -14.414722312135964], [0.4841748993313053, -0.5611435758051277, 0.6713364174053269, 2.2821491044612925], [-0.6036085687766225, 0.34124438188862816, 0.7205615679088364, 54.067817410978506], [0.0, 0.0, 0.0, 1.0]]}]}