{"camera": {"camera": "RealSense D415", "extrinsics": [[-0.95515466, -0.24046747, -0.17278582, 0.43871415], [-0.06238715, 0.73385394, -0.6764364, -0.17410472], [0.2894605, -0.6353218, -0.7159461, 0.14305732], [0.0, 0.0, 0.0, 1.0]], "height": 480, "intrinsics": [[603.0301, 0.0, 326.28275], [0.0, 603.81976, 245.73769], [0.0, 0.0, 1.0]], "width": 640}, "objects": [{"class": "MacaroniAndCheese", "pose": [[0.929487676718847, -0.13407116433450214, 0.3436241652304, -13.115482665730017], [-0.3360643890901423, -0.691798220023259, 0.639121261208712, 22.521990515363054], [0.1520308710738013, -0.7095351641569483, -0.6880744569521957, 28.33913145223207], [0.0, 0.0, 0.0, 1.0]]}, {"class": "OrangeJuice", "pose": [[-0.3510795520947185, -0.15367363336153966, 0.9236490392562163, 2.0973821532554613], [-0.6210530826859162, -0.700012065405404, -0.3525283167974939, 13.22839994880241], [0.7007397711747565, -0.6974005498640812, 0.15032045565381735, 31.782824004927818], [0.0, 0.0, 0.0, 1.0]]}, {"class": "TomatoSauce", "pose": [[-0.47441810288811054, -0.23428402839490048, -0.8485507898173249, 7.219745104368674], [0.7266166025465045, -0.64837906160251, -0.22722883344796377, 5.0996122678869575], [-0.49694648798688723, -0.7243725487733647, 0.47783741158036946, 46.01736159422097], [0.0, 0.0, 0.0, 1.0]]}, {"class": "Mushrooms", "pose": [[-0.09668515810695145, -0.12786961687659368, -0.9870670324198678, -13.360286129608633], [0.755566565575234, -0.6549822034859305, 0.010840455361951584, 8.305449269044358], [-0.6478975065598552, -0.7447467191685362, 0.15994104703286333, 51.05924210576097], [0.0, 0.0, 0.0, 1.0]]}, {"class": "Pineapple", "pose": [[0.947251004273051, -0.18220641800508924, 0.2636595178444131, -31.166745965688857], [-0.31195244104916575, -0.7128289244657736, 0.6281406182848944, 21.52112835666138], [0.07349289644225687, -0.6772560454266077, -0.732067644654772, 40.52012778131077], [0.0, 0.0, 0.0, 1.0]]}, {"class": "Cherries", "pose": [[0.9860688031272333, -0.11586398393061506, -0.11934755102409422, -43.12473266349313], [0.0074013116592120815, -0.6862279530330408, 0.7273489220674622, 16.81562432874343], [-0.16617315148424275, -0.7180993918873337, -0.6758104322526995, 46.99974495491726], [0.0, 0.0, 0.0, 1.0]]}, {"class": "PeasAndCarrots", "pose": [[0.9264027383919693, -0.18529061442687797, 0.327788559461233, -29.550809156447677], [-0.3616826046068677, -0.6799793653977999, 0.6378195618894843, 8.177199049607509], [0.1047074959593283, -0.7094331924166504, -0.6969511310215332, 47.4358870211806], [0.0, 0.0, 0.0, 1.0]]}, {"class": "BBQSauce", "pose": [[0.9694933059808203, -0.0982536340458898, -0.22456388459335483, -2.085229534280991], [0.09286518336280414, -0.7006218855979471, 0.7074638284117907, -2.0973240952161576], [-0.22684524686393545, -0.7067355943170374, -0.6701238892513331, 50.36245060254652], [0.0, 0.0, 0.0, 1.0]]}, {"class": "Raisins", "pose": [[-0.14408425554421417, 0.31990490393861165, -0.9364296903392131, 6.720617219986686], [-0.6669712544349111, -0.7304554483255667, -0.14691569398777715, -10.205631344600143], [-0.7310192031887763, 0.6034034525292248, 0.31861448694276706, 60.28422470719585], [0.0, 0.0, 0.0, 1.0]]}, {"class": "Ketchup", "pose": [[0.9907764934215831, -0.13506120581913256, -0.010972509941253423, -11.858945670130616], [-0.09407306322316185, -0.7438535820200328, 0.6616888578952131, -2.62500308721523], [-0.09753041749463201, -0.654553531658583, -0.7496982627039657, 53.16780022175001], [0.0, 0.0, 0.0, 1.0]]}, {"class": "AlphabetSoup", "pose": [[0.8643144868510687, -0.17648091904899116, -0.4709723327749676, -8.705546032851085], [0.24473496346068524, -0.6705031670990125, 0.7003787103710284, -9.659889568129556], [-0.4393919022500272, -0.7206108458633977, -0.5363345581872248, 64.02940416750846], [0.0, 0.0, 0.0, 1.0]]}, {"class": "Mayo", "pose": [[-0.7055068779881205, 0.6700003064713296, -0.23099701220638524, -8.045970196681317], [0.6023110092807205, 0.39508481679325713, -0.6936349710111018, -15.844149560662203], [-0.3734722444064028, -0.6284962716955317, -0.68228360112757, 71.8922058586116], [0.0, 0.0, 0.0, 1.0]]}, {"class": "SaladDressing", "pose": [[0.6870066073092824, -0.1534251932924918, -0.710269397331075, -17.717472071887], [0.40352025727499485, -0.732340481637315, 0.548496908190777, -5.640729266323223], [-0.6043122621586823, -0.6634290731896739, -0.44121258809794994, 57.207593897612895], [0.0, 0.0, 0.0, 1.0]]}, {"class": "Mustard", "pose": [[0.640821131803712, -0.17810654410678506, 0.7467438122868146, -25.009324074900984], [-0.6640507581131927, -0.6166853538148889, 0.42277157237732266, -9.479086882537747], [0.3852076014846293, -0.7667967357701384, -0.5134567781376198, 60.9213588520223], [0.0, 0.0, 0.0, 1.0]]}, {"class": "Cookies", "pose": [[-0.19936020107163985, -0.9661873281954294, 0.16351618351634098, -29.00168612318178], [0.7508220175725384, -0.043380848233875925, 0.6590784758325104, 10.148745416375988], [-0.6296998045312566, 0.254165549794517, 0.7340831170349118, 51.87954091720486], [0.0, 0.0, 0.0, 1.0]]}, {"class": "Parmesan", "pose": [[0.8874557982291226, -0.15720971813715154, 0.433252000481527, -34.093507575547136], [-0.4034211563850533, -0.7195355551609165, 0.5652609953031535, -2.3050487042902743], [0.222875712963022, -0.6764271540982327, -0.7019777168931612, 60.48083178704387], [0.0, 0.0, 0.0, 1.0]]}, {"class": "CreamCheese", "pose": [[0.9769846295760178, -0.18064192231856996, 0.11344388340391787, -33.01154023610108], [-0.20404841416243202, -0.6364342290972146, 0.7438519705439557, -8.972050125582268], [-0.06217126036090229, -0.7498799700386033, -0.6586461555074822, 69.12810593766349], [0.0, 0.0, 0.0, 1.0]]}, {"class": "Milk", "pose": [[0.9874091706639826, -0.1484672876524514, 0.054594682838968095, -42.79107929327446], [-0.1423283220380805, -0.683213212825609, 0.7162139288908219, -0.32249011758367363], [-0.0690345122295266, -0.7149665541740254, -0.6957420899862938, 53.77692670033285], [0.0, 0.0, 0.0, 1.0]]}, {"class": "ChocolatePudding", "pose": [[0.8187682591379447, -0.08649961904484271, -0.5675705585579762, -20.29625085798323], [0.344520058783837, -0.7167842772241249, 0.6062394464159881, -15.41694891150463], [-0.4592651184956618, -0.6919090403120307, -0.5570793696704218, 73.514525521631], [0.0, 0.0, 0.0, 1.0]]}, {"class": "Yogurt", "pose": [[0.9400822350047467, -0.14532748087703445, -0.3084238965108113, -20.27398580364138], [0.1459562327063825, -0.6459884885864248, 0.7492634303893925, 17.867389458538845], [-0.30812683606899177, -0.749385613215307, -0.5860708565052309, 41.98154372629951], [0.0, 0.0, 0.0, 1.0]]}]}