{"camera": {"camera": "RealSense D415", "extrinsics": [[-0.9653974, -0.20246214, -0.16436821, 0.4534708], [-0.045968175, 0.75253177, -0.65694964, -0.19089933], [0.25669974, -0.6266618, -0.7357991, 0.14296359], [0.0, 0.0, 0.0, 1.0]], "height": 480, "intrinsics": [[603.0301, 0.0, 326.28275], [0.0, 603.81976, 245.73769], [0.0, 0.0, 1.0]], "width": 640}, "objects": [{"class": "MacaroniAndCheese", "pose": [[0.9160226929390552, -0.1262481493182496, 0.3807411380373314, -11.146804861393072], [-0.3609804018608344, -0.6733502269960077, 0.6452074556471851, 21.86851718869756], [0.17491588927169383, -0.7284648051338025, -0.6623771946241805, 27.330573331425935], [0.0, 0.0, 0.0, 1.0]]}, {"class": "OrangeJuice", "pose": [[-0.3881975823226004, -0.146424410238456, 0.9098695030303908, 3.7273995821402393], [-0.6272395847847129, -0.681354127894387, -0.37726263428317103, 12.148894990803225], [0.6751838000615314, -0.7171586569893658, 0.17265684300430623, 31.06528653864038], [0.0, 0.0, 0.0, 1.0]]}, {"class": "TomatoSauce", "pose": [[-0.4409738678366212, -0.2248966713782936, -0.8688863668327074, 8.188298443564202], [0.7478905899670284, -0.6272810634561079, -0.21720536921090933, 3.6037239955575644], [-0.49618719856193894, -0.7456138746184862, 0.4448126600673628, 45.278600502040014], [0.0, 0.0, 0.0, 1.0]]}, {"class": "Mushrooms", "pose": [[-0.05788376626643858, -0.11804411058940371, -0.9913198479489514, -12.468927579355022], [0.7711136747304799, -0.635956835717116, 0.030702496547135104, 7.186229212136238], [-0.6340608812857976, -0.7626431596789134, 0.1278369993960133, 49.71484981904608], [0.0, 0.0, 0.0, 1.0]]}, {"class": "Pineapple", "pose": [[0.9369247524614543, -0.17589428812526078, 0.3020483256194497, -29.609942281688177], [-0.33564423354243633, -0.6939172460423535, 0.6370414772058447, 21.03650544865772], [0.09754458832175689, -0.6982407523143778, -0.7091861488305636, 38.89114555920422], [0.0, 0.0, 0.0, 1.0]]}, {"class": "Cherries", "pose": [[0.9909454988194814, -0.10764472591814404, -0.08024721011337221, -41.88040934421225], [-0.01231505346903068, -0.6680309495841615, 0.7440316051093768, 16.478359325109125], [-0.13369869249938163, -0.7363065663779733, -0.6633079138146699, 44.87275044804523], [0.0, 0.0, 0.0, 1.0]]}, {"class": "PeasAndCarrots", "pose": [[0.9139234080060754, -0.17715959794159578, 0.365182782364254, -28.529196250016913], [-0.385516329676175, -0.6603336565144531, 0.6444661831106139, 7.515512748290912], [0.12696911451762355, -0.7297767016204582, -0.6717923029680475, 45.56303944933735], [0.0, 0.0, 0.0, 1.0]]}, {"class": "BBQSauce", "pose": [[0.9783455244273807, -0.09075389574930094, -0.18602082845425105, -1.417466642080556], [0.07477444309483748, -0.6830716467651171, 0.7265135563713524, -3.4621014743842466], [-0.19299948301279143, -0.7246909350461601, -0.6614940187297665, 49.159532386488515], [0.0, 0.0, 0.0, 1.0]]}, {"class": "Raisins", "pose": [[-0.1349742779593011, 0.2829705080585552, -0.9495839190076943, 6.867311964766499], [-0.6478473661838339, -0.7503326514142978, -0.131509474549013, -11.982666073198407], [-0.749717167649002, 0.5974350450101795, 0.2845973016783152, 59.18408265813893], [0.0, 0.0, 0.0, 1.0]]}, {"class": "Ketchup", "pose": [[0.9910575507419527, -0.130248022197731, 0.02898908778324179, -11.288275947844035], [-0.11529558479915292, -0.7265145043521677, 0.6774095088184428, -3.8185284204716146], [-0.06717025116788285, -0.6746941674249134, -0.7350347110153249, 51.63219146190462], [0.0, 0.0, 0.0, 1.0]]}, {"class": "AlphabetSoup", "pose": [[0.8837630830351618, -0.1677702520922536, -0.4368248378431, -8.657996665632433], [0.2335218026797552, -0.650834117509541, 0.7224143954162824, -11.152940876331964], [-0.405500150205284, -0.7404513421715034, -0.5360051554383096, 62.43478495575418], [0.0, 0.0, 0.0, 1.0]]}, {"class": "Mayo", "pose": [[-0.6788055792826851, 0.6993059717998722, -0.2240404577733617, -8.400725148069338], [0.6264861050562263, 0.39235452138500443, -0.6734783806969019, -17.51527346592958], [-0.383064168180243, -0.5975191168021752, -0.704437958026725, 70.17805941372805], [0.0, 0.0, 0.0, 1.0]]}, {"class": "SaladDressing", "pose": [[0.7156897362394896, -0.1480401178301846, -0.6825483926681228, -17.344788536784755], [0.39987596229480993, -0.7143878758550326, 0.5742379447198109, -6.7799325820780325], [-0.5726145488868024, -0.6839109435959769, -0.45208239097465375, 55.411822448227035], [0.0, 0.0, 0.0, 1.0]]}, {"class": "Mustard", "pose": [[0.6123735074636861, -0.16663514541650343, 0.7728074786440717, -24.84144709818686], [-0.6869194745362296, -0.5960319773815504, 0.41579749516730824, -10.522947664387544], [0.3913314926126948, -0.7854799227705395, -0.4794591144304628, 58.8009364938808], [0.0, 0.0, 0.0, 1.0]]}, {"class": "Cookies", "pose": [[-0.16118699502773437, -0.9748175441677318, 0.15410870058592893, -28.082746536192744], [0.7684052395946083, -0.02596814061246712, 0.6394365355393613, 9.37954146122972], [-0.6193320362058778, 0.22148678291540144, 0.7532406803402226, 50.064225222190096], [0.0, 0.0, 0.0, 1.0]]}, {"class": "Parmesan", "pose": [[0.8701391570752536, -0.15109845336925642, 0.46907045109807183, -33.73985182720388], [-0.42880644006851704, -0.7012264403390684, 0.5695669898010789, -3.1293584100066245], [0.24286391594097678, -0.6967430158155591, -0.6749565740420557, 58.22084346741108], [0.0, 0.0, 0.0, 1.0]]}, {"class": "CreamCheese", "pose": [[0.9735938307686909, -0.17018001470731012, 0.15216372321591526, -33.09754966756015], [-0.22563622234047565, -0.6160676666496939, 0.7546846790697558, -10.0006601759108], [-0.03468909741123182, -0.7690900406037772, -0.63819845233392, 66.75123463310626], [0.0, 0.0, 0.0, 1.0]]}, {"class": "Milk", "pose": [[0.9856467578251408, -0.14025658826995646, 0.09396031936526889, -42.162957672717496], [-0.16404776306009985, -0.6643161901615653, 0.7292272419966894, -0.8018193387230726], [-0.03985955941471247, -0.7341744921626584, -0.6777898783380456, 51.28149998537648], [0.0, 0.0, 0.0, 1.0]]}, {"class": "ChocolatePudding", "pose": [[0.8411909237453455, -0.07986978527935905, -0.5348070966128291, -20.68508557818774], [0.334747939485965, -0.699814999638838, 0.6310331392536302, -16.834075438163087], [-0.4246665046808893, -0.7098449677104139, -0.56194178543231, 71.40861051453189], [0.0, 0.0, 0.0, 1.0]]}, {"class": "Yogurt", "pose": [[0.9528640654218709, -0.13512873791078298, -0.2716436643802053, -18.857867792824052], [0.13024358211049644, -0.6264589125279715, 0.7684958554079488, 17.097377349992534], [-0.2740194647400698, -0.7676519740424695, -0.5793305345731398, 40.62721338537737], [0.0, 0.0, 0.0, 1.0]]}]}