{"camera": {"camera": "RealSense D415", "extrinsics": [[-0.96773505, -0.198794, -0.15482186, 0.4701086], [-0.053179793, 0.7617467, -0.6456887, -0.19633362], [0.24629408, -0.6166222, -0.7477408, 0.1395942], [0.0, 0.0, 0.0, 1.0]], "height": 480, "intrinsics": [[603.0301, 0.0, 326.28275], [0.0, 603.81976, 245.73769], [0.0, 0.0, 1.0]], "width": 640}, "objects": [{"class": "MacaroniAndCheese", "pose": [[0.91546525702035, -0.11672085294245191, 0.3850968868495379, -9.748661827372862], [-0.360743094733338, -0.6620801083105441, 0.6568975903838166, 20.928943638460527], [0.1782913375473014, -0.7402879345747511, -0.6482175510459243, 27.078131114449278], [0.0, 0.0, 0.0, 1.0]]}, {"class": "OrangeJuice", "pose": [[-0.3927411560900724, -0.13698095199011492, 0.9093902405948, 5.120746853864421], [-0.6391600622390198, -0.6703283348013959, -0.3770072053308143, 11.199451063798243], [0.6612328238142288, -0.7293121393855022, 0.17571276749551665, 30.806236053352887], [0.0, 0.0, 0.0, 1.0]]}, {"class": "TomatoSauce", "pose": [[-0.4385715026164076, -0.21535058049958045, -0.8725131352337562, 9.46944679505587], [0.7542559843556291, -0.6160643084525596, -0.22707437632843328, 2.4437269997459543], [-0.4886235845678484, -0.7576865741826787, 0.43261769324973154, 44.92586643128193], [0.0, 0.0, 0.0, 1.0]]}, {"class": "Mushrooms", "pose": [[-0.05421340523495419, -0.10830538833537023, -0.9926383309818886, -11.24285696082622], [0.7809131102442566, -0.6241211868600794, 0.0254470593852948, 5.888129593562508], [-0.6222826422856839, -0.7737846837111605, 0.1184128243447401, 49.2121482591289], [0.0, 0.0, 0.0, 1.0]]}, {"class": "Pineapple", "pose": [[0.9370476836122844, -0.16659416996498908, 0.30690068060315917, -28.32266665754595], [-0.334111324509043, -0.68328645518177, 0.6492221018036091, 19.85317235132041], [0.10154446015911432, -0.7108910313030439, -0.6959329600106755, 38.43927456043858], [0.0, 0.0, 0.0, 1.0]]}, {"class": "Cherries", "pose": [[0.9922595838472833, -0.09805874438867716, -0.07619322474003701, -40.63629963930183], [-0.006969986171913167, -0.6565763800802614, 0.754227399982137, 15.160626598975075], [-0.12398525515938266, -0.7478582703672079, -0.6521776480007283, 44.22504307393287], [0.0, 0.0, 0.0, 1.0]]}, {"class": "PeasAndCarrots", "pose": [[0.913925372148902, -0.16766078628743744, 0.3696353357947878, -27.262164622678718], [-0.38451968848388385, -0.6492096106587891, 0.6562557314544949, 6.231308885001741], [0.12994245847968036, -0.7419007983021256, -0.657797980818016, 44.90608268270739], [0.0, 0.0, 0.0, 1.0]]}, {"class": "BBQSauce", "pose": [[0.9799523218471103, -0.08123291197356018, -0.1819193983689246, -0.15025073774537767], [0.08101070959283806, -0.671745099673699, 0.7363395143994328, -4.714094121563594], [-0.18201845672607891, -0.7363150068144488, -0.6516974088917571, 48.59809561485718], [0.0, 0.0, 0.0, 1.0]]}, {"class": "Raisins", "pose": [[-0.12532241743202943, 0.2795804696461733, -0.9519081149278911, 8.063599730587818], [-0.6362707698345822, -0.7588215384580329, -0.13910238925569776, -13.366154619261666], [-0.7612186611757842, 0.5882386389134769, 0.2729862160848016, 58.56823594049527], [0.0, 0.0, 0.0, 1.0]]}, {"class": "Ketchup", "pose": [[0.9920619778333362, -0.1210731181499226, 0.033975561555597736, -10.043839940003075], [-0.11099515462464339, -0.7161059377962579, 0.6891099012299456, -5.141853512663169], [-0.05910257734715079, -0.6874108268166111, -0.7238599734282583, 50.96619111321055], [0.0, 0.0, 0.0, 1.0]]}, {"class": "AlphabetSoup", "pose": [[0.8869434018762458, -0.15819836587858327, -0.43394087786897007, -7.495935415048605], [0.2428114134748244, -0.6395110001011661, 0.7294301835722977, -12.63864966648962], [-0.39290460911464603, -0.7523290564552748, -0.5287976735528575, 61.6766640701648], [0.0, 0.0, 0.0, 1.0]]}, {"class": "Mayo", "pose": [[-0.6770994293247752, 0.7038612270170351, -0.21474576245945168, -7.2938592202043795], [0.6302956567821725, 0.40407988263299705, -0.6629079332480375, -19.122516794684174], [-0.379820736006696, -0.5842078789207256, -0.7172429039813568, 69.32011861539355], [0.0, 0.0, 0.0, 1.0]]}, {"class": "SaladDressing", "pose": [[0.719971363133704, -0.1388140517835519, -0.6799793393030289, -16.127444930336765], [0.411257231976924, -0.703891997477614, 0.579140431591514, -8.1826636121502], [-0.559024820439928, -0.6966109191052693, -0.44969378261295767, 54.63771605884497], [0.0, 0.0, 0.0, 1.0]]}, {"class": "Mustard", "pose": [[0.6107946683035578, -0.15680303095088738, 0.7761073954297283, -23.644581275224454], [-0.6910682084683045, -0.5839959218487355, 0.4258797823081131, -12.003441756202765], [0.38646429988877257, -0.7964682160333478, -0.4650631638449439, 57.892015302058184], [0.0, 0.0, 0.0, 1.0]]}, {"class": "Cookies", "pose": [[-0.15764788594543597, -0.9768733319832898, 0.14444945102337048, -26.866748969941135], [0.7776354051493422, -0.03265267172981149, 0.6278670831931502, 8.024919477166097], [-0.6086299253762819, 0.21131091388856704, 0.7647988835068803, 49.44052857252228], [0.0, 0.0, 0.0, 1.0]]}, {"class": "Parmesan", "pose": [[0.8691408545768217, -0.14178968357776817, 0.47380361661825904, -32.56190520734332], [-0.4297902696545577, -0.6905380433633136, 0.5817539249962826, -4.630476455011073], [0.24469271064228562, -0.7092622594226883, -0.6611146234371807, 57.34065506822391], [0.0, 0.0, 0.0, 1.0]]}, {"class": "CreamCheese", "pose": [[0.9746524674722825, -0.16044214733253534, 0.1559195035705014, -31.980897735663238], [-0.22189475182278104, -0.6043012645219559, 0.7652338173924518, -11.634520383861078], [-0.028553399185127917, -0.7804347168378644, -0.6245849635994368, 65.7668471865984], [0.0, 0.0, 0.0, 1.0]]}, {"class": "Milk", "pose": [[0.986546413872369, -0.13070261271758152, 0.09819881307083186, -40.923610947738496], [-0.16019302429764845, -0.6530018758052105, 0.74022080464656, -2.220164687643997], [-0.03262477931462547, -0.7459929153903223, -0.6651542787710611, 50.3554627822989], [0.0, 0.0, 0.0, 1.0]]}, {"class": "ChocolatePudding", "pose": [[0.844219236021006, -0.07043972807382551, -0.531349351016022, -19.592073071042638], [0.34419100690666427, -0.6886871450559312, 0.6381556718149878, -18.500857108201192], [-0.41088496028150107, -0.7216289328770976, -0.557158194101515, 70.43872347474908], [0.0, 0.0, 0.0, 1.0]]}, {"class": "Yogurt", "pose": [[0.9550874261347584, -0.1253717008644553, -0.2684957199766673, -17.575003306144342], [0.13767899842767817, -0.614600264854615, 0.7767310360111401, 15.921835323330663], [-0.26239761795690936, -0.7788122367087019, -0.5697359130761017, 40.219749929049584], [0.0, 0.0, 0.0, 1.0]]}]}