{"camera": {"camera": "RealSense D415", "extrinsics": [[-0.96842855, -0.20122327, -0.14715761, 0.48810476], [-0.064090766, 0.77142984, -0.6330785, -0.19871776], [0.2409119, -0.60365987, -0.7599712, 0.13238567], [0.0, 0.0, 0.0, 1.0]], "height": 480, "intrinsics": [[603.0301, 0.0, 326.28275], [0.0, 603.81976, 245.73769], [0.0, 0.0, 1.0]], "width": 640}, "objects": [{"class": "MacaroniAndCheese", "pose": [[0.9170897784551153, -0.10897981930820727, 0.38349677581025, -8.279265534879542], [-0.35778402040023477, -0.6493470856276408, 0.6710730512428517, 20.06645905195126], [0.1758890928200295, -0.7526431945082973, -0.6345007970293179, 26.830599555296853], [0.0, 0.0, 0.0, 1.0]]}, {"class": "OrangeJuice", "pose": [[-0.3913180590668355, -0.12923181628246605, 0.9111362983267967, 6.639035652564229], [-0.6536253084195137, -0.6579276720072268, -0.3740390588854357, 10.370696138427634], [0.647799513609629, -0.7419099232255356, 0.17298979342768694, 30.449657821058913], [0.0, 0.0, 0.0, 1.0]]}, {"class": "TomatoSauce", "pose": [[-0.4415059864690321, -0.20784089188539234, -0.8728543219761559, 10.984624023200556], [0.7600232581908704, -0.6036841554606716, -0.24068687215120532, 1.390270316517475], [-0.47690374425953913, -0.7696542211835471, 0.42449406493981845, 44.428415807899064], [0.0, 0.0, 0.0, 1.0]]}, {"class": "Mushrooms", "pose": [[-0.05675206304754956, -0.10067380842316347, -0.9932995658196885, -9.769173484354631], [0.7916611053785003, -0.6107331263481675, 0.016668100765854184, 4.6181129371363925], [-0.6083189788274805, -0.7854106227798622, 0.11435989798170816, 48.68242354257372], [0.0, 0.0, 0.0, 1.0]]}, {"class": "Pineapple", "pose": [[0.9388293828442291, -0.15883756513098807, 0.305565144661071, -26.89542262986031], [-0.3296248510258671, -0.6714144365097642, 0.663739553592904, 18.66129034165778], [0.09973407719431267, -0.7238600020156767, -0.6827003910732805, 38.08629720320463], [0.0, 0.0, 0.0, 1.0]]}, {"class": "Cherries", "pose": [[0.9928204224985802, -0.0903221983673899, -0.0784190600044457, -39.20240132833621], [0.0019037967967463765, -0.6435827600499263, 0.7653742153322984, 13.782692712802033], [-0.11959943163844404, -0.7600283859274044, -0.6387901386057016, 43.730606603879124], [0.0, 0.0, 0.0, 1.0]]}, {"class": "PeasAndCarrots", "pose": [[0.9159236444958412, -0.15999802671763624, 0.36808225808924705, -25.771317716744015], [-0.38069198149551275, -0.6367901711227865, 0.6705012872155364, 4.932078210038526], [0.1271122835412581, -0.7542538873564381, -0.6441611238069068, 44.31081008816488], [0.0, 0.0, 0.0, 1.0]]}, {"class": "BBQSauce", "pose": [[0.9801741696113361, -0.07344517117378203, -0.18402294389054968, 1.3974715681775884], [0.09083556675254825, -0.6588450217666993, 0.7467745443420265, -5.89691617526496], [-0.17608957891002666, -0.7486848876519218, -0.6391114236535514, 47.92722666301362], [0.0, 0.0, 0.0, 1.0]]}, {"class": "Raisins", "pose": [[-0.11766346168128265, 0.28211232325738844, -0.9521386383671521, 9.625656925008974], [-0.6232214377540974, -0.7674520534773822, -0.15037442637736365, -14.67281903086899], [-0.773143171935322, 0.5756996248074118, 0.26611950385107214, 57.77657621670429], [0.0, 0.0, 0.0, 1.0]]}, {"class": "Ketchup", "pose": [[0.9930405490413972, -0.11319945930654678, 0.032502156734968556, -8.503331465689634], [-0.1032769045407258, -0.7043483554258352, 0.7023014724238188, -6.433533973629618], [-0.05660730170976763, -0.7007705035866316, -0.7111373477322259, 50.24241692011844], [0.0, 0.0, 0.0, 1.0]]}, {"class": "AlphabetSoup", "pose": [[0.8870028140644142, -0.15055557615387669, -0.43653071615974925, -5.951980160015136], [0.2557990986156669, -0.6268415200736258, 0.7359596543496492, -14.10563574403353], [-0.38443839464010826, -0.7644623884306155, -0.5174982029389488, 60.827192053115496], [0.0, 0.0, 0.0, 1.0]]}, {"class": "Mayo", "pose": [[-0.6796670289303696, 0.7036784963605673, -0.20709742481463578, -5.739724259793766], [0.632524267521987, 0.4192744554472863, -0.651246546997688, -20.7251967020521], [-0.37143752710042005, -0.5736249336779823, -0.730060690331976, 68.35315558879338], [0.0, 0.0, 0.0, 1.0]]}, {"class": "SaladDressing", "pose": [[0.719628673056582, -0.13098189545761035, -0.6818932143652063, -14.582343936404996], [0.4261026188732393, -0.6920888196724094, 0.5826231259099445, -9.580835223141836], [-0.5482437338939893, -0.7098287329201534, -0.44223522113293173, 53.83086723355945], [0.0, 0.0, 0.0, 1.0]]}, {"class": "Mustard", "pose": [[0.6137461332014806, -0.14934132060369623, 0.7752502136476543, -22.08772935639597], [-0.6938487094889044, -0.5705290815123872, 0.4393980182709871, -13.50999136488057], [0.37668250968538847, -0.8075851343846863, -0.4537802885334845, 56.98159300467369], [0.0, 0.0, 0.0, 1.0]]}, {"class": "Cookies", "pose": [[-0.1602211355354815, -0.9775512890880497, 0.13683093491667322, -25.408012415969626], [0.7874459561622627, -0.042995768615385774, 0.6148823570213473, 6.645981441579194], [-0.5951958783980842, 0.20626410704566045, 0.7766575803570933, 48.87864725058328], [0.0, 0.0, 0.0, 1.0]]}, {"class": "Parmesan", "pose": [[0.8709413891709368, -0.13399202106728839, 0.47276556001834613, -31.05219343840806], [-0.4283289033851871, -0.6785284017645683, 0.5967693369258511, -6.188006632249274], [0.24082252769833615, -0.7222502103827579, -0.6483511058050201, 56.52311102258343], [0.0, 0.0, 0.0, 1.0]]}, {"class": "CreamCheese", "pose": [[0.9762470141894025, -0.15291361445950238, 0.15349017434144385, -30.460947956896955], [-0.21482475980348356, -0.5911449671298765, 0.7774304042058365, -13.339273410068397], [-0.028144742882384822, -0.7919375404291982, -0.6099531278308066, 64.82399826869917], [0.0, 0.0, 0.0, 1.0]]}, {"class": "Milk", "pose": [[0.9877412554812774, -0.12299739080535348, 0.0961191650791007, -39.399165426684156], [-0.15298139245045606, -0.6402607743820328, 0.7527701623489707, -3.7076696283114914], [-0.03104743020324068, -0.7582465292434452, -0.6512282784182443, 49.54481425091577], [0.0, 0.0, 0.0, 1.0]]}, {"class": "ChocolatePudding", "pose": [[0.843673657337692, -0.0626024444594956, -0.5331938987669459, -18.046667773427284], [0.3571995918751913, -0.675977432577514, 0.6445642289030361, -20.20605746100843], [-0.4007783281283797, -0.7342584441121605, -0.5479427721908156, 69.42713990548194], [0.0, 0.0, 0.0, 1.0]]}, {"class": "Yogurt", "pose": [[0.9552808421529895, -0.11778180911235495, -0.2712305253430253, -16.129364813027045], [0.14878102398537082, -0.6012370706436787, 0.7850976211637176, 14.770292309446873], [-0.2555440560753219, -0.7903426116190233, -0.5568265477752836, 39.844110419544826], [0.0, 0.0, 0.0, 1.0]]}]}