{"camera": {"camera": "RealSense D415", "extrinsics": [[-0.9692584, -0.19761203, -0.14658625, 0.50183547], [-0.06514692, 0.7806266, -0.6215931, -0.20286736], [0.23726341, -0.5929347, -0.76950276, 0.12654062], [0.0, 0.0, 0.0, 1.0]], "height": 480, "intrinsics": [[603.0301, 0.0, 326.28275], [0.0, 603.81976, 245.73769], [0.0, 0.0, 1.0]], "width": 640}, "objects": [{"class": "MacaroniAndCheese", "pose": [[0.9157019682753312, -0.1084696538866825, 0.38694204388410536, -6.845100278609973], [-0.36261078021114973, -0.6380625559348065, 0.6792566965031788, 19.593346136812954], [0.17321448118082486, -0.7623060819811622, -0.6236073834084531, 26.66679435716394], [0.0, 0.0, 0.0, 1.0]]}, {"class": "OrangeJuice", "pose": [[-0.39475747245893594, -0.1287729682379458, 0.909716420887213, 8.038891477193493], [-0.6619844518444669, -0.6467472201475141, -0.37880691876396666, 9.808472612087899], [0.6371366376397202, -0.7517550198984398, 0.1700625849280113, 30.185902231537696], [0.0, 0.0, 0.0, 1.0]]}, {"class": "TomatoSauce", "pose": [[-0.4382780032448926, -0.2071690340951974, -0.874638947810214, 12.322864311914417], [0.7679839149889267, -0.5919084160803029, -0.2446327783585028, 0.6149045504295569], [-0.4670257944678881, -0.7789258392503777, 0.4185229169442061, 44.044607825463125], [0.0, 0.0, 0.0, 1.0]]}, {"class": "Mushrooms", "pose": [[-0.05307861822030654, -0.09997583326102717, -0.9935730465820853, -8.434760845628952], [0.8005596105773726, -0.5989974469646429, 0.017505182028551437, 3.832822243848197], [-0.5968977890241265, -0.7944853307856379, 0.11183056998108541, 48.28743817306028], [0.0, 0.0, 0.0, 1.0]]}, {"class": "Pineapple", "pose": [[0.9377254845071281, -0.15846271188774927, 0.30912843688323544, -25.496280939091086], [-0.3334025219190656, -0.6604203217927533, 0.6728207933000963, 18.071606497923582], [0.09753768511675755, -0.7339854371476512, -0.6721248141491173, 37.849112879720785], [0.0, 0.0, 0.0, 1.0]]}, {"class": "Cherries", "pose": [[0.9931546591658138, -0.08977710277244133, -0.07472483280572022, -37.83114165270588], [0.0011420562828826724, -0.6322384949323407, 0.7747730275306066, 13.142489669717733], [-0.11680079192571002, -0.7695548134509181, -0.6278080533553216, 43.38767394985511], [0.0, 0.0, 0.0, 1.0]]}, {"class": "PeasAndCarrots", "pose": [[0.9146163557122349, -0.15945185957308444, 0.3715534042169156, -24.423711608151223], [-0.3848043546278783, -0.6253551352104313, 0.6788642180003118, 4.2505862676888215], [0.12410665649956087, -0.7638757162831114, -0.6333177840888533, 43.87641890648257], [0.0, 0.0, 0.0, 1.0]]}, {"class": "BBQSauce", "pose": [[0.9808877744603052, -0.07296992606394419, -0.18037314003852395, 2.707881419774055], [0.09091706073020656, -0.6477064661612835, 0.7564459562433086, -6.698203214792264], [-0.17202665017241206, -0.7583876180765582, -0.6286931207961296, 47.41043545773646], [0.0, 0.0, 0.0, 1.0]]}, {"class": "Raisins", "pose": [[-0.11703082493602311, 0.278589046347289, -0.9532532901138722, 10.886550917429789], [-0.6116199243048314, -0.7764465268720819, -0.15182859433400872, -15.637026946527813], [-0.782448020457885, 0.5652600563073132, 0.26125878316860385, 57.153944397796806], [0.0, 0.0, 0.0, 1.0]]}, {"class": "Ketchup", "pose": [[0.9929369551870684, -0.11297149279884904, 0.036242939746300856, -7.200695897112208], [-0.10494332751584712, -0.6938011713327902, 0.7124794001393709, -7.243483491049665], [-0.05534446917590335, -0.7112506141352571, -0.7007564065933375, 49.690066229862836], [0.0, 0.0, 0.0, 1.0]]}, {"class": "AlphabetSoup", "pose": [[0.8887120562537376, -0.14995610260213854, -0.43324814391345184, -4.698155299535078], [0.2591255368131575, -0.6152829646201272, 0.7445004315481407, -15.075021438270786], [-0.37821257690848437, -0.7739121982299332, -0.5079519109688494, 60.16920231946751], [0.0, 0.0, 0.0, 1.0]]}, {"class": "Mayo", "pose": [[-0.6770499999859365, 0.7063264043631887, -0.20665481814183015, -4.523478267466475], [0.6395655545233273, 0.425794482550411, -0.64004298531638, -21.803784370520436], [-0.36408676024292025, -0.5655103939422037, -0.7400262246143019, 67.59867037954007], [0.0, 0.0, 0.0, 1.0]]}, {"class": "SaladDressing", "pose": [[0.7222219580247232, -0.13069794163005058, -0.6792005574522326, -13.29756026115112], [0.4322128322773328, -0.6813665353065341, 0.590704473603327, -10.427292726542143], [-0.5399883762769506, -0.7201789710552136, -0.43560852940844275, 53.21546965423556], [0.0, 0.0, 0.0, 1.0]]}, {"class": "Mustard", "pose": [[0.6109628937616205, -0.14848100187827576, 0.777610211076521, -20.82149253411545], [-0.7007935718919827, -0.5583529337788492, 0.4439937318152548, -14.382918024145658], [0.36825628725736465, -0.8162079617724137, -0.44518744118909453, 56.287864791672206], [0.0, 0.0, 0.0, 1.0]]}, {"class": "Cookies", "pose": [[-0.15659432842049478, -0.9782313136741152, 0.13616761397912716, -24.069017396332182], [0.7964147099549731, -0.043527651167240125, 0.6031824071597295, 5.896995941694122], [-0.5841248380433477, 0.2029008323941972, 0.7858940218326663, 48.469687781473034], [0.0, 0.0, 0.0, 1.0]]}, {"class": "Parmesan", "pose": [[0.8691964173380172, -0.13363949755962332, 0.4760650991425301, -29.766464132908176], [-0.4339755770082122, -0.6676194708192358, 0.6049376031453493, -7.032493995974881], [0.23698676044277223, -0.7324102559606045, -0.6382887121799283, 55.91100633225325], [0.0, 0.0, 0.0, 1.0]]}, {"class": "CreamCheese", "pose": [[0.9757871068643528, -0.15214837574721252, 0.1571314725877755, -29.216298108651127], [-0.21685045480761142, -0.5791850147121914, 0.7858248290416759, -14.3051224749062], [-0.028553782915994353, -0.8008717975892764, -0.5981546899131177, 64.10863397135898], [0.0, 0.0, 0.0, 1.0]]}, {"class": "Milk", "pose": [[0.9874426388924654, -0.12244884818103297, 0.09981593219042227, -38.08759477505077], [-0.15500056919984204, -0.6288604948392827, 0.7619116513966857, -4.429981932815544], [-0.030524911090088428, -0.7678156093051947, -0.6399432847276265, 48.94635681070526], [0.0, 0.0, 0.0, 1.0]]}, {"class": "ChocolatePudding", "pose": [[0.845680387373522, -0.06221031563045564, -0.5300513794753756, -16.832070702206515], [0.36086159354678254, -0.6650739986485911, 0.6538008485618978, -21.269323342278227], [-0.39319653540889044, -0.7441817726584081, -0.539990705052581, 68.6459000879516], [0.0, 0.0, 0.0, 1.0]]}, {"class": "Yogurt", "pose": [[0.9563617639375004, -0.11704630899886508, -0.2677167231812659, -14.744885291265408], [0.15007374213822858, -0.5893876622607934, 0.7937884595099578, 14.128374064805154], [-0.25069893706415775, -0.7993262119477955, -0.5461022226706627, 39.58005724546248], [0.0, 0.0, 0.0, 1.0]]}]}