{"camera": {"camera": "RealSense D415", "extrinsics": [[-0.97082305, -0.1930967, -0.14218412, 0.5317079], [-0.069012664, 0.7928352, -0.605516, -0.2038826], [0.22965172, -0.57803637, -0.7830288, 0.1137838], [0.0, 0.0, 0.0, 1.0]], "height": 480, "intrinsics": [[603.0301, 0.0, 326.28275], [0.0, 603.81976, 245.73769], [0.0, 0.0, 1.0]], "width": 640}, "objects": [{"class": "MacaroniAndCheese", "pose": [[0.9142450470458177, -0.10412930714006591, 0.39155223411825385, -3.9113352880712715], [-0.3670260092560624, -0.6221686752212563, 0.6915187251318475, 19.254055715204057], [0.17160414815032712, -0.7759273955471646, -0.607032749343516, 25.840836752792885], [0.0, 0.0, 0.0, 1.0]]}, {"class": "OrangeJuice", "pose": [[-0.39943919344686685, -0.12450783374916469, 0.9082654902449396, 10.940982309389858], [-0.6745198600065345, -0.6310473348154166, -0.383147907190034, 9.383793949931333], [0.6208633880780429, -0.7656873752273903, 0.16808201081672927, 29.253712343675016], [0.0, 0.0, 0.0, 1.0]]}, {"class": "TomatoSauce", "pose": [[-0.4345792174509963, -0.2026785527654776, -0.8775319815852017, 15.12748488372076], [0.777856636594665, -0.5755822174908102, -0.2522781459401129, -0.09669622398990607], [-0.45396039226465207, -0.7922288849070602, 0.40779090447482563, 42.9479215302073], [0.0, 0.0, 0.0, 1.0]]}, {"class": "Mushrooms", "pose": [[-0.04852307262060361, -0.0953937770504268, -0.9942563097208806, -5.654145432957291], [0.8126975898820294, -0.5824599422381078, 0.016221658142740583, 3.0546686213401397], [-0.5806618703061389, -0.807242551760123, 0.10578903817945616, 47.122657657066746], [0.0, 0.0, 0.0, 1.0]]}, {"class": "Pineapple", "pose": [[0.9367811612860605, -0.15432349220246436, 0.3140467900015071, -22.635447934012586], [-0.3362929822030179, -0.6450519600632106, 0.6861596738694211, 17.522160631352282], [0.0966859239030461, -0.7483931616157936, -0.6561703844004879, 36.869648752931155], [0.0, 0.0, 0.0, 1.0]]}, {"class": "Cherries", "pose": [[0.9938865225854062, -0.08538531067908435, -0.06999285420383494, -35.01008419538506], [0.0025240954426731647, -0.6162161563933368, 0.7875730928916994, 12.493002691005199], [-0.11037789957931382, -0.7829349230677318, -0.6122333632888165, 42.22657110357321], [0.0, 0.0, 0.0, 1.0]]}, {"class": "PeasAndCarrots", "pose": [[0.9134557535178595, -0.15508902428205237, 0.3762260644993079, -21.613998817531808], [-0.3882057265340493, -0.6093795965451401, 0.6913413920095011, 3.579237693162657], [0.12204500669101995, -0.7775628565482371, -0.6168477008605039, 42.61864674242168], [0.0, 0.0, 0.0, 1.0]]}, {"class": "BBQSauce", "pose": [[0.9820552627379957, -0.06866413165976717, -0.1756495620498247, 5.484530259362491], [0.09342632650501617, -0.6319272775922887, 0.7693760695885724, -7.467521484215098], [-0.1638262833006828, -0.7719800843260641, -0.6141724219650082, 46.10111291488536], [0.0, 0.0, 0.0, 1.0]]}, {"class": "Raisins", "pose": [[-0.11253712091678736, 0.27425384916482476, -0.9550498904928015, 13.592359759844364], [-0.5953094130610128, -0.7881707055072316, -0.1561849570418494, -16.612828252986407], [-0.7955766422564338, 0.5509735377203617, 0.25196434792732114, 55.71129816155461], [0.0, 0.0, 0.0, 1.0]]}, {"class": "Ketchup", "pose": [[0.9931788345614919, -0.1090092722882494, 0.041386614146816776, -4.438995899494191], [-0.10480020215098794, -0.6789389552403867, 0.726676621194864, -8.049351686289793], [-0.05111550921751109, -0.7260571412990255, -0.6857319431707076, 48.30544286214733], [0.0, 0.0, 0.0, 1.0]]}, {"class": "AlphabetSoup", "pose": [[0.8913582616834996, -0.14551990423612854, -0.4293069735002599, -2.0109245294938294], [0.2659259862514079, -0.5991132376323819, 0.7552130808155011, -16.096904161445966], [-0.36710200537989, -0.7873292702291771, -0.4953269662404899, 58.63740165222803], [0.0, 0.0, 0.0, 1.0]]}, {"class": "Mayo", "pose": [[-0.6741230495244522, 0.7103302893201036, -0.2024575631349574, -1.890058280111051], [0.6475964284283983, 0.43659094113706437, -0.6245056565867231, -22.976932682821737], [-0.3552141103918423, -0.5521044177268974, -0.7543233479771975, 65.92810565601692], [0.0, 0.0, 0.0, 1.0]]}, {"class": "SaladDressing", "pose": [[0.7260669643509513, -0.12666681406236469, -0.6758567541940819, -10.561256324305447], [0.44246778191274827, -0.6663055464487985, 0.6002160276481796, -11.29862299819058], [-0.5263545224543392, -0.7348418432908992, -0.42773642309166415, 51.72553593270363], [0.0, 0.0, 0.0, 1.0]]}, {"class": "Mustard", "pose": [[0.60795598125809, -0.1437219301135082, 0.7808544053491894, -18.108326314652867], [-0.708829539695586, -0.5413285140632436, 0.452243543482938, -15.308789283580419], [0.35770140357241753, -0.8284368035833481, -0.4309782290899168, 54.66772082196285], [0.0, 0.0, 0.0, 1.0]]}, {"class": "Cookies", "pose": [[-0.1521225034265719, -0.9795553686279395, 0.131643816564577, -21.28740831694451], [0.8083971968783729, -0.04668341111022785, 0.5867833759670437, 5.130648788351108], [-0.5686411763179967, 0.19568344174178587, 0.7989713817292368, 47.24693535342446], [0.0, 0.0, 0.0, 1.0]]}, {"class": "Parmesan", "pose": [[0.8672664945197969, -0.12951734763855693, 0.4807017316801457, -27.044139680461974], [-0.43963727201568303, -0.6523073008634651, 0.6174255853135729, -7.943036988310909], [0.23359789948059453, -0.7468068952608509, -0.6226648762758786, 54.38448630351323], [0.0, 0.0, 0.0, 1.0]]}, {"class": "CreamCheese", "pose": [[0.9757572819884891, -0.14750647872267117, 0.16167756825716526, -26.553220444245206], [-0.21721610513667292, -0.5624672583731412, 0.7977768146746534, -15.382968439481726], [-0.02673891787052257, -0.8135554768147564, -0.5808722596357841, 62.4344138878277], [0.0, 0.0, 0.0, 1.0]]}, {"class": "Milk", "pose": [[0.9874803253360505, -0.11806455492471764, 0.10461089159791556, -35.31795377686371], [-0.1553507368015205, -0.6128411695140352, 0.7747850983523582, -5.189600890264501], [-0.027364803050764674, -0.7813363917827426, -0.6235099646585208, 47.42149608649841], [0.0, 0.0, 0.0, 1.0]]}, {"class": "ChocolatePudding", "pose": [[0.8485145183233357, -0.05801163980142047, -0.525982730266253, -14.204656000132786], [0.3679921308151261, -0.6495937519595554, 0.665289296605792, -22.45149791575944], [-0.3802695945661615, -0.7580651067127903, -0.5298418585121085, 66.90709137559057], [0.0, 0.0, 0.0, 1.0]]}, {"class": "Yogurt", "pose": [[0.958088773493053, -0.11242418164717621, -0.26348961304729607, -11.898929657473467], [0.15421053058839487, -0.5727353643065471, 0.8051045980698849, 13.533237531715567], [-0.24142303366552137, -0.8119945192204092, -0.5313942840963808, 38.58820840886055], [0.0, 0.0, 0.0, 1.0]]}]}