{"camera": {"camera": "RealSense D415", "extrinsics": [[-0.9806739, -0.15679489, -0.11702142, 0.5311734], [-0.053491056, 0.7902023, -0.61050713, -0.20161393], [0.188195, -0.59244883, -0.783318, 0.13706264], [0.0, 0.0, 0.0, 1.0]], "height": 480, "intrinsics": [[603.0301, 0.0, 326.28275], [0.0, 603.81976, 245.73769], [0.0, 0.0, 1.0]], "width": 640}, "objects": [{"class": "MacaroniAndCheese", "pose": [[0.9007176897951457, -0.07954745741833101, 0.42705949263982046, -3.9635769642999974], [-0.3780953175937396, -0.627620743069919, 0.6805410556053101, 20.396224911926204], [0.21389608603030275, -0.7744446421581217, -0.595385614849925, 25.363570464352712], [0.0, 0.0, 0.0, 1.0]]}, {"class": "OrangeJuice", "pose": [[-0.4352905844370652, -0.10047121213746195, 0.894666198968907, 10.58654862403266], [-0.6633108679547451, -0.6361238294123621, -0.39416387555078025, 10.352292940102853], [0.6087206004402731, -0.7650177171913746, 0.21025506590723764, 29.49568356653521], [0.0, 0.0, 0.0, 1.0]]}, {"class": "TomatoSauce", "pose": [[-0.40357213800622155, -0.17663296566830117, -0.8977362027955196, 14.045751562338227], [0.7796864978681067, -0.5798222948135097, -0.23642137416423276, 0.9382853108718309], [-0.4787676424903085, -0.7953659551827126, 0.37171845743424453, 43.43656655246554], [0.0, 0.0, 0.0, 1.0]]}, {"class": "Mushrooms", "pose": [[-0.011974014342544609, -0.06891106626395319, -0.9975509274579896, -6.849070959911119], [0.8080359228023462, -0.5883200902930655, 0.03094209916694342, 4.4146101005070655], [-0.589011490168203, -0.8056865626109827, 0.06272716345139752, 46.68574886859878], [0.0, 0.0, 0.0, 1.0]]}, {"class": "Pineapple", "pose": [[0.9268855696806522, -0.13119832173930585, 0.3516676073168641, -23.166828803905602], [-0.34835248886691517, -0.6495580212801776, 0.6758142608536337, 19.02310819581855], [0.13976281686209002, -0.7489068531709793, -0.647769210485526, 35.58981972011316], [0.0, 0.0, 0.0, 1.0]]}, {"class": "Cherries", "pose": [[0.9976452607021156, -0.06043701546970823, -0.032423230948305126, -35.83040650441202], [-0.01223505666175727, -0.6219916837104633, 0.7829282492450014, 14.214217182421807], [-0.06748481912129506, -0.7806880372875173, -0.6212664946551163, 40.45078842070984], [0.0, 0.0, 0.0, 1.0]]}, {"class": "PeasAndCarrots", "pose": [[0.9017564508512691, -0.13020282521498283, 0.4121680392747198, -22.591675132944488], [-0.399706981295558, -0.6141422934642624, 0.6804877421117793, 5.119650160852096], [0.1645283949850689, -0.7783807342217008, -0.6058497417618098, 41.49426400794247], [0.0, 0.0, 0.0, 1.0]]}, {"class": "BBQSauce", "pose": [[0.989414742547283, -0.04442694805517338, -0.13814730711094747, 4.1723967727763265], [0.07833789229651532, -0.637833725705675, 0.7661796836678053, -6.269611001042555], [-0.12215402682144581, -0.7688917234350908, -0.6276017695330786, 46.23323181871772], [0.0, 0.0, 0.0, 1.0]]}, {"class": "Raisins", "pose": [[-0.08672067587015873, 0.2390976059937736, -0.9671152072685417, 11.72908420112811], [-0.6008254301497752, -0.7869059441693042, -0.1406692297508254, -15.439528425350224], [-0.7946624612436116, 0.568868468004394, 0.2118969290888977, 56.26010881220063], [0.0, 0.0, 0.0, 1.0]]}, {"class": "Ketchup", "pose": [[0.9928663649419663, -0.08737185417851784, 0.0811326408404143, -5.843917553885691], [-0.11900186368808396, -0.6838671202022258, 0.7198363098840003, -6.69408710357845], [-0.007409483037000494, -0.7243562766748813, -0.6893860701809645, 48.012901642400394], [0.0, 0.0, 0.0, 1.0]]}, {"class": "AlphabetSoup", "pose": [[0.9099949077431786, -0.12007800883621156, -0.3968507334260837, -3.9765560785673393], [0.2502418325680977, -0.60409771966982, 0.7566009284986512, -14.681239431104462], [-0.33058774871301505, -0.7878117270091238, -0.5196772969300163, 58.507011872465185], [0.0, 0.0, 0.0, 1.0]]}, {"class": "Mayo", "pose": [[-0.6489646518607571, 0.7395256849840696, -0.17873613744705905, -4.266809939939986], [0.6536500949290482, 0.42172682525719285, -0.6284011719754128, -21.49642585291397], [-0.3893409744519568, -0.5246410363629964, -0.757076917052348, 65.85362635087073], [0.0, 0.0, 0.0, 1.0]]}, {"class": "SaladDressing", "pose": [[0.7542239053056281, -0.10445431072309452, -0.6482557848429089, -12.15301860779341], [0.42761651264099315, -0.6710698817840531, 0.6056478568949366, -9.827355070415747], [-0.4982874557146124, -0.7339990507322235, -0.4614705567621617, 51.19327011727049], [0.0, 0.0, 0.0, 1.0]]}, {"class": "Mustard", "pose": [[0.581887488930074, -0.11569436811334997, 0.8049979679222252, -19.875767937317367], [-0.7139360212475313, -0.546715531934727, 0.43748997632964176, -13.705978259090623], [0.38948975265808233, -0.8292870690635522, -0.40072529170874144, 53.84120673745396], [0.0, 0.0, 0.0, 1.0]]}, {"class": "Cookies", "pose": [[-0.11604480337272378, -0.9876207391253851, 0.10554072296994475, -22.44213166811949], [0.8052791603003765, -0.031349434709392006, 0.5920664503344689, 6.707956039135443], [-0.5814284496930983, 0.1536959743082744, 0.7989484183134953, 46.11914398802432], [0.0, 0.0, 0.0, 1.0]]}, {"class": "Parmesan", "pose": [[0.8500917891182376, -0.10658891458337974, 0.5157351241743151, -28.68548965598806], [-0.4494883756540099, -0.6571416859822242, 0.6050826384707269, -6.220011504328271], [0.2744159464735814, -0.7461928066699713, -0.6065412214777537, 53.11156562407297], [0.0, 0.0, 0.0, 1.0]]}, {"class": "CreamCheese", "pose": [[0.9728166091155467, -0.12041487514992383, 0.19780815912637303, -28.646641983624733], [-0.23094186959236754, -0.5676651209741348, 0.7902038711503134, -13.593320979261424], [0.017136491284503102, -0.8144057159664084, -0.5800428779188874, 61.237308917614676], [0.0, 0.0, 0.0, 1.0]]}, {"class": "Milk", "pose": [[0.9854345491083337, -0.09310344123127529, 0.14230412362245526, -36.61260935307473], [-0.16925294347166028, -0.618150149591225, 0.7676221911649389, -3.414983024995588], [0.016497050651710966, -0.7805268998144245, -0.6249045333029712, 45.77581595655673], [0.0, 0.0, 0.0, 1.0]]}, {"class": "ChocolatePudding", "pose": [[0.8692124431399104, -0.03463430296610525, -0.4932242478773775, -16.60336913979872], [0.3527690281770694, -0.6555201732228835, 0.6677179868321531, -20.79169168335386], [-0.34644437946119533, -0.754383101483826, -0.5575683795662344, 66.2968552176677], [0.0, 0.0, 0.0, 1.0]]}, {"class": "Yogurt", "pose": [[0.9696701520379143, -0.08558160781606444, -0.2289444246881545, -12.571857588082402], [0.13874779779451696, -0.5784036990083777, 0.8038645434791448, 14.901479232011134], [-0.20121831349289188, -0.8112490683038918, -0.548986529204378, 37.8026285883593], [0.0, 0.0, 0.0, 1.0]]}]}