{"camera": {"camera": "RealSense D415", "extrinsics": [[-0.9927861, 0.11014616, -0.047366254, 0.5206858], [0.117127866, 0.8065121, -0.5794991, -0.26781544], [-0.025628148, -0.58086663, -0.81359524, 0.25078976], [0.0, 0.0, 0.0, 1.0]], "height": 480, "intrinsics": [[603.0301, 0.0, 326.28275], [0.0, 603.81976, 245.73769], [0.0, 0.0, 1.0]], "width": 640}, "objects": [{"class": "MacaroniAndCheese", "pose": [[0.7564685416444769, -0.016122021035093116, 0.6538313395119517, 1.5145213357448783], [-0.5290351852422409, -0.6028714715767525, 0.5972166625533463, 23.043336237349376], [0.3845479517238172, -0.7976754303129243, -0.46458244493008427, 25.980508511524757], [0.0, 0.0, 0.0, 1.0]]}, {"class": "OrangeJuice", "pose": [[-0.6617025494089999, -0.03971222870333364, 0.7487140105440884, 12.923483421488912], [-0.5788442531619232, -0.6076325129378449, -0.5438033103053183, 10.619595120261987], [0.47653864302453275, -0.7932248676725397, 0.3790848169570025, 32.69968546949046], [0.0, 0.0, 0.0, 1.0]]}, {"class": "TomatoSauce", "pose": [[-0.15344014118604385, -0.0969271436077809, -0.9833927224119662, 11.6621006349172], [0.8387640717940432, -0.5389144869430963, -0.07775595235806011, 0.722510293258416], [-0.5224279585586828, -0.8367654002215661, 0.16399012331649798, 46.67804322415989], [0.0, 0.0, 0.0, 1.0]]}, {"class": "Mushrooms", "pose": [[0.2517212655622261, 0.007469724944289108, -0.9677709451419679, -8.546878211255649], [0.798941371328351, -0.5659549147671838, 0.20343967196102958, 7.765523302122368], [-0.546195118954527, -0.8244023680589598, -0.14843077513149233, 45.56953829514712], [0.0, 0.0, 0.0, 1.0]]}, {"class": "Pineapple", "pose": [[0.8026049749230415, -0.07500264671212926, 0.5917768598069121, -19.38723462900056], [-0.504147280796631, -0.6155612175705261, 0.6057391246941395, 25.004116221109783], [0.31884287319413956, -0.7845119579984279, -0.5318649052230137, 31.854046915012564], [0.0, 0.0, 0.0, 1.0]]}, {"class": "Cherries", "pose": [[0.9720471520534418, 0.004553699121022238, 0.23474154425043228, -33.4260301951059], [-0.18502400249236178, -0.6006321021892155, 0.7778220727250142, 22.4564418258204], [0.1445352899231953, -0.7995125793855193, -0.5830002168166296, 33.736128163527546], [0.0, 0.0, 0.0, 1.0]]}, {"class": "PeasAndCarrots", "pose": [[0.7644276058005489, -0.06172110567062005, 0.641748342571143, -22.45393371785883], [-0.5504083036486586, -0.5808011449523932, 0.5997672130029826, 11.200891232772703], [0.33570990419401386, -0.8117022612292983, -0.47795226412100866, 37.19874096309666], [0.0, 0.0, 0.0, 1.0]]}, {"class": "BBQSauce", "pose": [[0.9911961046028281, 0.01473897728104018, 0.1315790232402661, 0.3453712081278759], [-0.09429619993482605, -0.6190334308751149, 0.7796831527188512, -4.668099951002075], [0.09294355800069587, -0.7852263334311886, -0.612193733837168, 47.04025929625352], [0.0, 0.0, 0.0, 1.0]]}, {"class": "Raisins", "pose": [[-0.014145074046301736, -0.025354646668731867, -0.9995784378229144, 3.907984046848739], [-0.5752007684839143, -0.8175024391538822, 0.028875914006925855, -15.028530682658946], [-0.8178899796702175, 0.5753667750739473, -0.003020386260565899, 58.07196147256055], [0.0, 0.0, 0.0, 1.0]]}, {"class": "Ketchup", "pose": [[0.9364848028302882, -0.04392564568251778, 0.34794647046242644, -9.743415068090611], [-0.2894527451909982, -0.656999321797296, 0.6961098907184529, -3.3515107315271075], [0.19802353741629927, -0.7526104208921248, -0.6279843154337699, 46.64409671714937], [0.0, 0.0, 0.0, 1.0]]}, {"class": "AlphabetSoup", "pose": [[0.9886778071063748, -0.04825661519134905, -0.14208267809122443, -11.553697435841793], [0.08916401691420124, -0.5726482956947246, 0.8149378430422896, -11.560838362450173], [-0.12068954619009016, -0.818379652189655, -0.5618619454630074, 56.9754963675277], [0.0, 0.0, 0.0, 1.0]]}, {"class": "Mayo", "pose": [[-0.4300099699112056, 0.8954191704733057, -0.11539466848096133, -14.56451483111415], [0.757052215083009, 0.2879828943164394, -0.5864620846361713, -18.235817102836137], [-0.4918977383210148, -0.3395443469592359, -0.8017146118911657, 63.822641805199275], [0.0, 0.0, 0.0, 1.0]]}, {"class": "SaladDressing", "pose": [[0.9048869197941379, -0.0561201711403562, -0.42193623139595965, -17.025423061717415], [0.2911844400135225, -0.6414145094081464, 0.7097880173062141, -5.348432726811852], [-0.31046945871946735, -0.7651391848909433, -0.5640663173634554, 48.29380329278277], [0.0, 0.0, 0.0, 1.0]]}, {"class": "Mustard", "pose": [[0.35526637940870204, -0.025422255070488738, 0.9344193401235517, -25.678721955616744], [-0.8047855420662757, -0.5168207346894634, 0.2919187215183404, -7.8331441803993345], [0.47550609271497357, -0.8557161150701466, -0.20406850231552492, 49.09553448613379], [0.0, 0.0, 0.0, 1.0]]}, {"class": "Cookies", "pose": [[0.1495221488940506, -0.9883078360720314, 0.029845313479555845, -23.035877757914314], [0.8142695119233501, 0.14020250099889778, 0.5633013413462907, 12.730636794451339], [-0.5608995533926695, -0.05992390881392628, 0.8257123491830974, 41.80914355859664], [0.0, 0.0, 0.0, 1.0]]}, {"class": "Parmesan", "pose": [[0.682691973846615, -0.05319713900955663, 0.7287672658912312, -32.73010015493581], [-0.590672792244901, -0.6273047592921084, 0.5075375571993166, 1.0691630345615377], [0.43015966033313113, -0.776954840229787, -0.45967805070799, 46.81293357939318], [0.0, 0.0, 0.0, 1.0]]}, {"class": "CreamCheese", "pose": [[0.8929977338156343, -0.03670387351917451, 0.44856199979133443, -35.68622579854309], [-0.3962611523782168, -0.5366609078813783, 0.7449645290647008, -6.214009399965229], [0.21338262681506845, -0.842999363025144, -0.49378132401885155, 54.46875706036101], [0.0, 0.0, 0.0, 1.0]]}, {"class": "Milk", "pose": [[0.9157012032906979, -0.026252412258059448, 0.40100138619532305, -38.30363874690909], [-0.3376961242338657, -0.5911812702357655, 0.7324384028002765, 5.220569936665548], [0.2178362541159133, -0.8061113700501457, -0.5502107713465179, 38.08240501273288], [0.0, 0.0, 0.0, 1.0]]}, {"class": "ChocolatePudding", "pose": [[0.9701926083455515, 0.018048954751861593, -0.24166202128590622, -26.406852801546478], [0.19724123264138455, -0.6381774147428068, 0.744194506802531, -15.40210502298127], [-0.14079131435241388, -0.7696777513830254, -0.6227150490119819, 61.67487376270328], [0.0, 0.0, 0.0, 1.0]]}, {"class": "Yogurt", "pose": [[0.9994153286096236, -0.005692847085027306, 0.03371330627739678, -10.368765748874342], [-0.031231173907226944, -0.5532862366022621, 0.8324055109498311, 19.102626192613805], [0.013914358148106024, -0.8329717643648721, -0.5531405769289609, 36.09402382103472], [0.0, 0.0, 0.0, 1.0]]}]}