{"camera": {"camera": "RealSense D415", "extrinsics": [[-0.98812354, 0.14846931, -0.039607868, 0.51684433], [0.14409262, 0.80573946, -0.5744747, -0.27437282], [-0.053378243, -0.5733592, -0.8175635, 0.26190493], [0.0, 0.0, 0.0, 1.0]], "height": 480, "intrinsics": [[603.0301, 0.0, 326.28275], [0.0, 603.81976, 245.73769], [0.0, 0.0, 1.0]], "width": 640}, "objects": [{"class": "MacaroniAndCheese", "pose": [[0.7305866599179778, -0.009474711341391802, 0.6827542950127663, 2.486890221164151], [-0.5509963992994653, -0.5987537171612062, 0.581289053963688, 23.734615186631984], [0.4032941270053278, -0.800877204489363, -0.4426619993156714, 25.901892598510113], [0.0, 0.0, 0.0, 1.0]]}, {"class": "OrangeJuice", "pose": [[-0.6904671661368875, -0.03330267657048912, 0.7225967681796155, 13.359296628598976], [-0.562762075055674, -0.6028931003763809, -0.5655252129754448, 10.977349745780064], [0.45448209865794376, -0.7971266660485209, 0.39753640771591375, 32.88072247937266], [0.0, 0.0, 0.0, 1.0]]}, {"class": "TomatoSauce", "pose": [[-0.11571992751411775, -0.08737144028212895, -0.9894317535649679, 11.431012468953883], [0.8448676750714966, -0.5324622672578079, -0.05179339416662647, 1.0576383200431805], [-0.5223098035447298, -0.841932451001219, 0.13543379289521262, 46.76664719503803], [0.0, 0.0, 0.0, 1.0]]}, {"class": "Mushrooms", "pose": [[0.28873575836186466, 0.015860807366671722, -0.9572774737746444, -8.540626419080578], [0.7941857106374608, -0.5623745067123721, 0.23022593540394928, 8.650328279678703], [-0.5346968676933683, -0.826730568235586, -0.17497406210521282, 45.11729232062493], [0.0, 0.0, 0.0, 1.0]]}, {"class": "Pineapple", "pose": [[0.7792434898763606, -0.06902947258581871, 0.6229081638278012, -18.514327665369144], [-0.5270833448743105, -0.6099004131114705, 0.591780908576732, 26.23552215646206], [0.3390616235530474, -0.7894659574937173, -0.5116452018517648, 31.18591170235603], [0.0, 0.0, 0.0, 1.0]]}, {"class": "Cherries", "pose": [[0.9621585897320659, 0.011298061185033015, 0.27225588548596974, -32.66492152434224], [-0.21191618748779006, -0.5970674097688136, 0.773693768739244, 24.06101491175337], [0.17129636204202986, -0.8021115524493445, -0.5720792855577805, 32.65318161714666], [0.0, 0.0, 0.0, 1.0]]}, {"class": "PeasAndCarrots", "pose": [[0.739364649058638, -0.05404100565486826, 0.6711330349444129, -22.104111332638666], [-0.5723656363624868, -0.575395530901994, 0.5842239052304486, 12.497437560339842], [0.3545949017669039, -0.8160880073751162, -0.4563583186984406, 36.37030221628928], [0.0, 0.0, 0.0, 1.0]]}, {"class": "BBQSauce", "pose": [[0.9852188434621277, 0.02056947046999033, 0.17006114351968984, -0.0326576166413961], [-0.12151795212293987, -0.6157996248624775, 0.7784755740833612, -4.025903212506857], [0.12073642606063616, -0.7876343045083694, -0.6041978260218742, 46.777936438078235], [0.0, 0.0, 0.0, 1.0]]}, {"class": "Raisins", "pose": [[-0.0061733417748094715, -0.06388200880352508, -0.9979383968793094, 2.9313693742523794], [-0.5710594622182426, -0.8189991308866914, 0.05596002440306374, -14.52672492481692], [-0.8208855361570836, 0.5702276162138941, -0.03142447168927825, 57.85387775992279], [0.0, 0.0, 0.0, 1.0]]}, {"class": "Ketchup", "pose": [[0.9222738955863536, -0.0400089910400511, 0.3844609308101638, -10.066762706337807], [-0.3155737238057233, -0.6523030333348594, 0.6891400348687244, -2.434755458431276], [0.22321323852193184, -0.7569016508054692, -0.6142278374856841, 46.10047669694897], [0.0, 0.0, 0.0, 1.0]]}, {"class": "AlphabetSoup", "pose": [[0.9937778882771573, -0.0401755775488699, -0.1038821298563782, -12.393382297839405], [0.0628664784691196, -0.5675816349651235, 0.8209134568567781, -10.63668190501118], [-0.09194225300778017, -0.822336363194568, -0.5615243744180816, 56.33391427799433], [0.0, 0.0, 0.0, 1.0]]}, {"class": "Mayo", "pose": [[-0.39515413123833587, 0.9122308063143748, -0.10811213502558308, -15.778271545782385], [0.7705475767321379, 0.26508485554961386, -0.579643391632999, -17.25722347791823], [-0.5001096643375246, -0.3123540156873541, -0.8076666315417677, 63.05810326333297], [0.0, 0.0, 0.0, 1.0]]}, {"class": "SaladDressing", "pose": [[0.9209432977685954, -0.05141444443176072, -0.38629012718728184, -17.444292603266977], [0.26790278651292876, -0.6363394471024163, 0.7233949233671298, -4.2407752688953835], [-0.2830045848135964, -0.7696939263975011, -0.572258472918589, 47.531287083391405], [0.0, 0.0, 0.0, 1.0]]}, {"class": "Mustard", "pose": [[0.31965199519352794, -0.014782638602547832, 0.9474197278546782, -26.180869850359144], [-0.8161669047659433, -0.5122320792308696, 0.2673759351268104, -6.4935762740971095], [0.4813462492274847, -0.8587198950656404, -0.175801096011718, 48.072818778420526], [0.0, 0.0, 0.0, 1.0]]}, {"class": "Cookies", "pose": [[0.18745099655415406, -0.9820426719449572, 0.021316180088170947, -22.776648114988085], [0.8123406660757875, 0.16718574089483115, 0.5587052714932331, 14.022410611293045], [-0.5522361695252866, -0.08741386622232586, 0.8290923496486603, 40.969948398946485], [0.0, 0.0, 0.0, 1.0]]}, {"class": "Parmesan", "pose": [[0.6538969423998742, -0.047774286108295975, 0.7550738185571174, -32.92129788508582], [-0.6108094525849556, -0.6222630405525998, 0.4895922089948291, 2.606308749121472], [0.4464646116653938, -0.7813490927186357, -0.43607687513105636, 45.63519642157213], [0.0, 0.0, 0.0, 1.0]]}, {"class": "CreamCheese", "pose": [[0.8755004876858048, -0.026955239723667288, 0.4824648964192601, -36.29113644895005], [-0.4212302193329541, -0.5318141915481397, 0.7346691623459142, -4.6271809852729575], [0.23677849808846263, -0.8464320215010944, -0.4769579342105307, 53.166180896640256], [0.0, 0.0, 0.0, 1.0]]}, {"class": "Milk", "pose": [[0.8996373802688558, -0.019040055144639776, 0.43622256416486277, -38.12810188662913], [-0.3633216353149659, -0.5867569223598501, 0.7236806709372522, 6.944962438358459], [0.24217769317981674, -0.8095392962427846, -0.5347861142089166, 36.770326432779164], [0.0, 0.0, 0.0, 1.0]]}, {"class": "ChocolatePudding", "pose": [[0.9787973564388446, 0.022914669218987705, -0.20354537117409913, -27.473412312904056], [0.1714908758046424, -0.6350934068342384, 0.7531581867209388, -14.094429849809506], [-0.11201194268743042, -0.7720954341064681, -0.6255573998548534, 60.587429375529254], [0.0, 0.0, 0.0, 1.0]]}, {"class": "Yogurt", "pose": [[0.9973993472186953, 0.00329584066841911, 0.07199822751635225, -9.783598909557757], [-0.058357150292520775, -0.5493168737048193, 0.833573887178716, 20.07355402049723], [0.04229717567796305, -0.8356076796862488, -0.5476959464564836, 35.6515919340094], [0.0, 0.0, 0.0, 1.0]]}]}