{"camera": {"camera": "RealSense D415", "extrinsics": [[-0.6039321, -0.7839541, 0.14381224, 0.5307964], [-0.6015152, 0.32992175, -0.72755146, 0.20313382], [0.5229202, -0.52589697, -0.67081064, 0.0020180675], [0.0, 0.0, 0.0, 1.0]], "height": 480, "intrinsics": [[607.7151, 0.0, 326.28275], [0.0, 609.8564, 245.73769], [0.0, 0.0, 1.0]], "width": 640}, "objects": [{"class": "Cookies", "pose": [[-0.910371484513364, 0.18059114556557573, 0.3723044499569548, -3.4850270803146954], [-0.3815643692194337, -0.7144892427243879, -0.5864416506307101, -1.59443230611698], [0.1601013728498732, -0.6759378423281166, 0.719357810083915, 59.42699196551625], [0.0, 0.0, 0.0, 1.0]]}, {"class": "Mustard", "pose": [[0.42761514250738997, 0.17820045037010743, -0.8862222602235725, 3.130867461324305], [0.6598937439434991, -0.7315701415360143, 0.17130507913769447, 7.1442733656107595], [-0.6178071354914333, -0.6580651438714606, -0.43042384339814627, 52.88792793772438], [0.0, 0.0, 0.0, 1.0]]}, {"class": "AlphabetSoup", "pose": [[0.697489000285592, 0.17131638885443728, -0.6958159199960743, 10.32524808721768], [0.5570499941572307, -0.7404424895075735, 0.3760854678958238, 11.275128852933952], [-0.45078209543852243, -0.6499197035238417, -0.6118823061764945, 56.202998896975295], [0.0, 0.0, 0.0, 1.0]]}, {"class": "GranolaBars", "pose": [[0.6993807378791806, 0.17821160437136152, -0.6921757093978815, 13.813409426469459], [0.570731057003579, -0.7222187600217286, 0.3907251958415518, 3.7740783495817247], [-0.43027054664607695, -0.6683118232958384, -0.6068168082215644, 61.526549754860916], [0.0, 0.0, 0.0, 1.0]]}, {"class": "Milk", "pose": [[-0.6839309220901024, -0.7023994843932403, -0.19716354445635914, -11.64811213864535], [0.3822534155336551, -0.5752054908356546, 0.7232019254997408, 6.679932142032715], [-0.6213862342767056, 0.4192537496990509, 0.6618953968891378, 55.595181291985696], [0.0, 0.0, 0.0, 1.0]]}]}