{"camera": {"camera": "RealSense D415", "extrinsics": [[-0.97519875, 0.2126389, -0.061417535, 0.57226133], [0.2122587, 0.81986403, -0.53176045, -0.3024546], [-0.06271893, -0.5316085, -0.8446649, 0.26049274], [0.0, 0.0, 0.0, 1.0]], "height": 480, "intrinsics": [[603.0301, 0.0, 326.28275], [0.0, 603.81976, 245.73769], [0.0, 0.0, 1.0]], "width": 640}, "objects": [{"class": "MacaroniAndCheese", "pose": [[0.6845040681942852, -0.033288742907675674, 0.7282486348811827, 11.533592767120993], [-0.6168895139088922, -0.5587545020099889, 0.5542930269654438, 24.06306653327387], [0.388460452942449, -0.8286648247272024, -0.4030051498009864, 27.398449437925404], [0.0, 0.0, 0.0, 1.0]]}, {"class": "OrangeJuice", "pose": [[-0.7349508794093447, -0.0574072893463833, 0.6756860528163477, 21.39977978257077], [-0.5358629645505786, -0.5614597618667513, -0.630566288868418, 10.294806394553174], [0.41556957665458416, -0.8255104270109822, 0.3818828719146839, 33.93713924084679], [0.0, 0.0, 0.0, 1.0]]}, {"class": "TomatoSauce", "pose": [[-0.04933849613905492, -0.10581170567942985, -0.9931614318554445, 18.547560671871814], [0.8741676472591494, -0.48555328790279156, 0.008303897993735009, -0.11061715905035241], [-0.48311138340565035, -0.8677799327809469, 0.11645361949338784, 47.29864527544028], [0.0, 0.0, 0.0, 1.0]]}, {"class": "Mushrooms", "pose": [[0.35104806389402476, -0.005100975554146506, -0.9363435645476814, -0.8422866961197095], [0.7971538683748773, -0.5229865892674186, 0.30171304779723124, 8.870831925361683], [-0.4912340909888392, -0.8523257190486183, -0.17952716369718777, 45.6852474988245], [0.0, 0.0, 0.0, 1.0]]}, {"class": "Pineapple", "pose": [[0.7358878818409255, -0.09366274165560863, 0.67059402783684, -9.356176686755735], [-0.5933168512738759, -0.5664091873511965, 0.5719753247372689, 27.71514504651743], [0.3262578116372791, -0.81878449548194, -0.4723852837574125, 32.448834284170296], [0.0, 0.0, 0.0, 1.0]]}, {"class": "Cherries", "pose": [[0.9424955249171744, -0.012429700726446155, 0.3339876076086598, -23.64564758424137], [-0.2836195688213875, -0.558406989259837, 0.779577834572679, 26.426829709305068], [0.1768110932386382, -0.8294740876404583, -0.5298213295511219, 33.576631959330484], [0.0, 0.0, 0.0, 1.0]]}, {"class": "PeasAndCarrots", "pose": [[0.6928057593661693, -0.07590617646495984, 0.7171181674931569, -13.947320815075859], [-0.6365029356184572, -0.5317807373837927, 0.5586351993262969, 14.021325043237987], [0.3389457320706102, -0.843473547533803, -0.4167352052903548, 36.909787405932626], [0.0, 0.0, 0.0, 1.0]]}, {"class": "BBQSauce", "pose": [[0.972469371582361, -0.004702970973595054, 0.23298334142903732, 6.77495608353389], [-0.19270769399269305, -0.5783729480312246, 0.7926843654894339, -4.410223116556367], [0.13102329594163323, -0.8157589965432445, -0.5633562118996172, 46.877432701539654], [0.0, 0.0, 0.0, 1.0]]}, {"class": "Raisins", "pose": [[-0.02777157683599475, -0.1290678008366876, -0.9912468291462166, 8.820214444111791], [-0.5304400850320645, -0.8385965868028463, 0.12405283722465124, -15.591255155054299], [-0.8472674786731014, 0.5292421296160869, -0.04517359659012125, 57.48547743540553], [0.0, 0.0, 0.0, 1.0]]}, {"class": "Ketchup", "pose": [[0.8948342389572563, -0.06815388799255105, 0.44116523698778926, -3.116784828050878], [-0.3866834163190898, -0.6121327461863603, 0.6897604382826231, -2.1209769899803], [0.2230418216105283, -0.787812588974263, -0.5741112579220676, 46.111417815737234], [0.0, 0.0, 0.0, 1.0]]}, {"class": "AlphabetSoup", "pose": [[0.9973744351846208, -0.06143449992508074, -0.03834152115291745, -6.181077216969289], [0.00041201867043449796, -0.5246296712327835, 0.851330466935426, -10.617255738670142], [-0.0724161409116007, -0.8491110854689664, -0.5232268466695082, 55.900766455947284], [0.0, 0.0, 0.0, 1.0]]}, {"class": "Mayo", "pose": [[-0.3334560618944263, 0.9337185541957895, -0.13029485915257846, -10.12763656175567], [0.8177680727067387, 0.21769973012844573, -0.5327872299456898, -17.302834740316047], [-0.46910811162890287, -0.2842120723693885, -0.8361585636289294, 62.243593827101584], [0.0, 0.0, 0.0, 1.0]]}, {"class": "SaladDressing", "pose": [[0.9420198046396239, -0.07822568803041101, -0.32631191118943126, -10.624241457555893], [0.2185555454645983, -0.594861923641875, 0.7735455972193584, -3.493797925907832], [-0.25462163242341473, -0.8000126001485783, -0.5432750039455881, 47.332208036639145], [0.0, 0.0, 0.0, 1.0]]}, {"class": "Mustard", "pose": [[0.2554871354998509, -0.03172866372756807, 0.9662916999940288, -19.499565264186458], [-0.8573048077181359, -0.469467206053741, 0.2112558513583904, -5.179427433520257], [0.4469393393083931, -0.8823797120590428, -0.14714393202477224, 47.6210487434383], [0.0, 0.0, 0.0, 1.0]]}, {"class": "Cookies", "pose": [[0.25154901463914014, -0.9669371602561163, 0.04190054098839265, -14.607852231690021], [0.8228477740181668, 0.23645573260775102, 0.5167303483829571, 15.371625770017488], [-0.5095533318174004, -0.09550524496603202, 0.855122339916515, 41.56542697813783], [0.0, 0.0, 0.0, 1.0]]}, {"class": "Parmesan", "pose": [[0.6031951624780818, -0.07343476820615422, 0.7942058705189443, -25.57458598979364], [-0.6733828755725415, -0.5805323651043363, 0.45775288265800584, 4.4551230131837265], [0.427447197350721, -0.8109190061825247, -0.3996239793799823, 45.51087360940242], [0.0, 0.0, 0.0, 1.0]]}, {"class": "CreamCheese", "pose": [[0.8409221745293741, -0.04540805270220479, 0.5392476602821651, -29.562498166326222], [-0.4894889133277726, -0.48874237062045, 0.7221713955282316, -2.880011428311752], [0.23076076326524594, -0.8712457329626091, -0.4332209701044268, 52.63037242294085], [0.0, 0.0, 0.0, 1.0]]}, {"class": "Milk", "pose": [[0.8687230076646056, -0.04186816373649931, 0.4935255077548683, -30.30802475383917], [-0.4336413865574884, -0.5457531468794776, 0.7170137210439835, 9.541530887328953], [0.23932303616791945, -0.8368994473868132, -0.49226401994209096, 36.7791126949394], [0.0, 0.0, 0.0, 1.0]]}, {"class": "ChocolatePudding", "pose": [[0.9900035345696329, -0.0039439450321291925, -0.14098752009458848, -21.537341799675914], [0.11061351061633162, -0.5984844160267131, 0.7934614550638159, -13.252307281983525], [-0.08750817346273715, -0.8011248184044315, -0.5920653772348234, 59.7344784919797], [0.0, 0.0, 0.0, 1.0]]}, {"class": "Yogurt", "pose": [[0.9903369602706635, -0.016598537461224236, 0.1376852485243606, -1.1412637637358225], [-0.1269131835560395, -0.5087170730881654, 0.8515280435886853, 20.780833065893045], [0.0559087271852248, -0.8607738098145868, -0.5059078261584229, 36.75792862243812], [0.0, 0.0, 0.0, 1.0]]}]}