{"camera": {"camera": "RealSense D415", "extrinsics": [[-0.9757599, 0.21235617, -0.0528903, 0.58159256], [0.20840584, 0.8279265, -0.52067715, -0.30083528], [-0.06677972, -0.51907855, -0.8521138, 0.25905332], [0.0, 0.0, 0.0, 1.0]], "height": 480, "intrinsics": [[603.0301, 0.0, 326.28275], [0.0, 603.81976, 245.73769], [0.0, 0.0, 1.0]], "width": 640}, "objects": [{"class": "MacaroniAndCheese", "pose": [[0.6847668452464163, -0.024742937196759244, 0.7283420077726989, 12.193604674952946], [-0.6187552913333012, -0.5477482005159168, 0.563128619468547, 23.982495559945754], [0.38501455993074013, -0.8362773140581873, -0.3903896190642385, 27.65697259235344], [0.0, 0.0, 0.0, 1.0]]}, {"class": "OrangeJuice", "pose": [[-0.7352222109252374, -0.048869519449696606, 0.6760621245175463, 22.080810320683852], [-0.5449009750402117, -0.5506110261407006, -0.6323847476643035, 10.175241056661354], [0.40315158813753615, -0.8333302579106079, 0.3781923984865101, 34.080676745956204], [0.0, 0.0, 0.0, 1.0]]}, {"class": "TomatoSauce", "pose": [[-0.050217240010838465, -0.09734638202058198, -0.9939828148863638, 19.185770002781656], [0.8803193259687873, -0.47437747973722605, 0.0019836405815238595, -0.4219187726746787], [-0.4717161462874984, -0.8749227021529977, 0.10951782790546342, 47.28131268435754], [0.0, 0.0, 0.0, 1.0]]}, {"class": "Mushrooms", "pose": [[0.35058790051778943, 0.003435091547294215, -0.9365234912872223, -0.23592363476140354], [0.8053404930815993, -0.5115316645370092, 0.2996032212193609, 8.487353000756064], [-0.4780322402554482, -0.8592575884817041, -0.18210322883771718, 45.65088169051842], [0.0, 0.0, 0.0, 1.0]]}, {"class": "Pineapple", "pose": [[0.7364701028099853, -0.08514666173518987, 0.6710899784966399, -8.748681092762467], [-0.5941049429716104, -0.5558238181339885, 0.5814630200774498, 27.46641533090432], [0.3234981505841859, -0.8269280384758694, -0.45993366672947594, 32.607674706973135], [0.0, 0.0, 0.0, 1.0]]}, {"class": "Cherries", "pose": [[0.9426058924699003, -0.0038806776278487685, 0.3338847067452904, -23.039248933511125], [-0.2814456898161888, -0.5472899384527706, 0.7882018083829709, 26.094650456482775], [0.179672982203556, -0.8369341151966563, -0.5169709066535835, 33.616918979483216], [0.0, 0.0, 0.0, 1.0]]}, {"class": "PeasAndCarrots", "pose": [[0.6935115037087868, -0.06738667185795988, 0.717287080781262, -13.304061189222349], [-0.6376631527200711, -0.5207828216612046, 0.5676010924158177, 13.69218284351979], [0.3353020315830248, -0.8510254627212371, -0.4041388640759025, 36.85248978399962], [0.0, 0.0, 0.0, 1.0]]}, {"class": "BBQSauce", "pose": [[0.9724558052941576, 0.0038470690876310134, 0.23305542771055196, 7.437557208358347], [-0.18978558703370133, -0.5674007212552121, 0.8012726728519304, -4.771844648178436], [0.13531836978479667, -0.8234328583445948, -0.5510419935335216, 46.719281530797474], [0.0, 0.0, 0.0, 1.0]]}, {"class": "Raisins", "pose": [[-0.019233761303334557, -0.12868000984752354, -0.9914995930750476, 9.46292567178308], [-0.5191608309358442, -0.8462250464479457, 0.11989681468708847, -16.084157412163012], [-0.8544601466213854, 0.5170538041026709, -0.050529531354200956, 57.19108365697676], [0.0, 0.0, 0.0, 1.0]]}, {"class": "Ketchup", "pose": [[0.8951254464445709, -0.05963270087622479, 0.4418079918808986, -2.459630114903155], [-0.3853472121914248, -0.6018357435743573, 0.699500755967091, -2.519952456725727], [0.22418271829930247, -0.7963904400208497, -0.5616977727385887, 45.913913476768485], [0.0, 0.0, 0.0, 1.0]]}, {"class": "AlphabetSoup", "pose": [[0.9978440656456197, -0.052910901100805666, -0.03882760328347478, -5.550996401431929], [0.006161206301342562, -0.513487569073685, 0.8580749382948114, -11.161288268653063], [-0.06533900735897788, -0.8564642440481148, -0.5120545135281912, 55.56682818879819], [0.0, 0.0, 0.0, 1.0]]}, {"class": "Mayo", "pose": [[-0.33414713591299783, 0.9346151930707998, -0.12181977679584563, -9.509258469126925], [0.8223765328206153, 0.2259612828279447, -0.5221478533084543, -17.950130327510266], [-0.4604807496880236, -0.27465593091663276, -0.8441099518541595, 61.791580748634956], [0.0, 0.0, 0.0, 1.0]]}, {"class": "SaladDressing", "pose": [[0.9427043178350247, -0.06970289688642224, -0.3262667633655921, -9.968671669806728], [0.226460090130943, -0.5844513704187175, 0.7791870551924633, -3.944968471061716], [-0.24499864679676964, -0.8084294372860766, -0.5351798950233719, 47.0630393598341], [0.0, 0.0, 0.0, 1.0]]}, {"class": "Mustard", "pose": [[0.2565297766291607, -0.023242189379563672, 0.9662567981192453, -18.837462507520865], [-0.8619856129176046, -0.45774237066607304, 0.2178365648967128, -5.67682098495608], [0.4372336627551128, -0.8887810566965352, -0.1374589737023277, 47.266452458721986], [0.0, 0.0, 0.0, 1.0]]}, {"class": "Cookies", "pose": [[0.2510955189314487, -0.9673867570132814, 0.0333740663403461, -14.003834486741573], [0.83080068575792, 0.23307953858250086, 0.5054148721835078, 14.97676815109502], [-0.496710450491613, -0.09918021097437307, 0.8622308427350849, 41.520974528235364], [0.0, 0.0, 0.0, 1.0]]}, {"class": "Parmesan", "pose": [[0.6034633300710945, -0.06490562544804776, 0.7947447355100381, -24.944521603280943], [-0.6761551388396719, -0.5699540982824738, 0.4668689300624429, 3.9559370214195253], [0.42266558981822905, -0.8191090513080834, -0.3878326614519954, 45.24232884186389], [0.0, 0.0, 0.0, 1.0]]}, {"class": "CreamCheese", "pose": [[0.8416634319795324, -0.03690504045007415, 0.5387398359449878, -28.946411706820786], [-0.48850406465218704, -0.477230383111406, 0.7304895509448222, -3.4930049147338718], [0.23014426499862, -0.8780029755359416, -0.41969560907690795, 52.2346852232632], [0.0, 0.0, 0.0, 1.0]]}, {"class": "Milk", "pose": [[0.8691303295348899, -0.03332777652837012, 0.4934588687727339, -29.641363838238345], [-0.4326437903182752, -0.5346788725710503, 0.7259048819997843, 9.136210509269082], [0.23964923105258254, -0.8443978990891213, -0.4791246665638722, 36.54606117792438], [0.0, 0.0, 0.0, 1.0]]}, {"class": "ChocolatePudding", "pose": [[0.990040964626381, 0.004601628552367808, -0.1407040829277816, -20.920727420422057], [0.11651854258129064, -0.5877027021134249, 0.8006428710412931, -13.921039647227444], [-0.07900790313579972, -0.8090639102009146, -0.5823859137141351, 59.25611351134028], [0.0, 0.0, 0.0, 1.0]]}, {"class": "Yogurt", "pose": [[0.9905284011977523, -0.008072479511711757, 0.1370702267867619, -0.5304299273494517], [-0.1229051466206537, -0.49720542306011356, 0.8588836568474816, 20.514395428262507], [0.061218740577681716, -0.8675953254465302, -0.49348822590368774, 36.88172772262045], [0.0, 0.0, 0.0, 1.0]]}]}