{"camera": {"camera": "RealSense D415", "extrinsics": [[-0.96258515, 0.2691642, 0.031311844, 0.57063967], [0.21763435, 0.8367562, -0.5024682, -0.3112594], [-0.16144684, -0.47685394, -0.8640285, 0.33784065], [0.0, 0.0, 0.0, 1.0]], "height": 480, "intrinsics": [[603.0301, 0.0, 326.28275], [0.0, 603.81976, 245.73769], [0.0, 0.0, 1.0]], "width": 640}, "objects": [{"class": "MacaroniAndCheese", "pose": [[0.6381851086101805, 0.057533677379497286, 0.767730178398632, 11.481507416349269], [-0.6321197848072788, -0.530088409965995, 0.5651821482171349, 23.262415997745016], [0.43948189178328306, -0.8459882780601061, -0.30192635807349605, 31.997908248079394], [0.0, 0.0, 0.0, 1.0]]}, {"class": "OrangeJuice", "pose": [[-0.7757693049834401, 0.03321570629879659, 0.6301417983352415, 20.578913198895183], [-0.5471677051611713, -0.532816324981742, -0.6455340979762567, 9.245489883242591], [0.31430797063812904, -0.8455787926177382, 0.43151712664563996, 39.09889998305748], [0.0, 0.0, 0.0, 1.0]]}, {"class": "TomatoSauce", "pose": [[0.0034425745220113845, -0.010307009075485428, -0.9999409472329723, 16.288133745638234], [0.8902798875158627, -0.45534770446856887, 0.0077585635503345934, -1.5990796411274821], [-0.4554007955523884, -0.8902540372895538, 0.007608549135476933, 51.70534183357416], [0.0, 0.0, 0.0, 1.0]]}, {"class": "Mushrooms", "pose": [[0.40234523411559, 0.08812558704075904, -0.9112366197655708, -2.8123018235483577], [0.8122067895935033, -0.49363282110321993, 0.3108806431032705, 7.498940557480055], [-0.4224197739880737, -0.8651939272660636, -0.2701870246437294, 48.29432700195595], [0.0, 0.0, 0.0, 1.0]]}, {"class": "Pineapple", "pose": [[0.6960453990750637, -0.0035558739343197884, 0.7179889566668762, -9.83580002935468], [-0.6066196061978699, -0.5378668685153667, 0.5854159978325042, 26.812399493174503], [0.3841008202899214, -0.8430223024765909, -0.37653682807889854, 34.860865662043274], [0.0, 0.0, 0.0, 1.0]]}, {"class": "Cherries", "pose": [[0.9176430783456743, 0.07835629871036374, 0.38960422857725435, -24.16261390014095], [-0.2927264829729991, -0.5297854902392679, 0.7960141618630968, 25.53571813268864], [0.2687794021311207, -0.8445043735992565, -0.4632170349650422, 34.37801664375606], [0.0, 0.0, 0.0, 1.0]]}, {"class": "PeasAndCarrots", "pose": [[0.651848169449124, 0.01677974493055683, 0.758163826527278, -14.882525172874717], [-0.6500639092444354, -0.502479074260799, 0.5700278056518535, 12.990506028943305], [0.39052639300926284, -0.8644265355306611, -0.3166321628541183, 38.32283742249316], [0.0, 0.0, 0.0, 1.0]]}, {"class": "BBQSauce", "pose": [[0.952409932550476, 0.08454541054768704, 0.29286067957838935, 4.6331143827751164], [-0.2004117884456469, -0.5502335255427087, 0.8106035947423837, -5.841210152972614], [0.2296745883592271, -0.8307196592769511, -0.5071039899989458, 49.85518023910621], [0.0, 0.0, 0.0, 1.0]]}, {"class": "Raisins", "pose": [[0.06504044733812152, -0.18582881562335923, -0.9804271391606146, 5.511350595233178], [-0.5011760270467934, -0.8556854543298731, 0.12893796396051163, -17.384046164377317], [-0.8628976438197948, 0.48298040792490515, -0.1487871209849143, 60.23404438495579], [0.0, 0.0, 0.0, 1.0]]}, {"class": "Ketchup", "pose": [[0.8652496577327962, 0.018432689207088345, 0.501002244975474, -5.116548534063026], [-0.3971401012800515, -0.5847064999467769, 0.7073881920584147, -3.4930948368320616], [0.30597834822006004, -0.8110354849137058, -0.4985967490380929, 48.09325337095826], [0.0, 0.0, 0.0, 1.0]]}, {"class": "AlphabetSoup", "pose": [[0.9993188675395105, 0.03177828768757118, 0.018759667368775632, -9.228729306386384], [-0.0005621743665076709, -0.49519010838985345, 0.86878446458327, -12.307241844327784], [0.036898090479159665, -0.8682032664750159, -0.49483496695478696, 57.19318629874649], [0.0, 0.0, 0.0, 1.0]]}, {"class": "Mayo", "pose": [[-0.2804893177811145, 0.9591013904141316, -0.03808213787269319, -13.842186327973371], [0.8344164795564994, 0.224031375678207, -0.5035465090184619, -19.191320968279395], [-0.474420577833028, -0.17301577933973614, -0.8631284266828896, 62.83492637616506], [0.0, 0.0, 0.0, 1.0]]}, {"class": "SaladDressing", "pose": [[0.9641225200709649, 0.009747907632422389, -0.26527858620211386, -12.712007969601501], [0.22385022465859916, -0.5669955344930004, 0.7927213546850519, -4.880793758331614], [-0.14268439778521852, -0.8236631932233228, -0.5488352505787778, 48.43989010932598], [0.0, 0.0, 0.0, 1.0]]}, {"class": "Mustard", "pose": [[0.2054178838230007, 0.06492241530771671, 0.9765185900457215, -21.565332090261446], [-0.8729060370754861, -0.43902933892620183, 0.21281046822843264, -6.544657950388425], [0.44253649448599136, -0.8961240622227935, -0.03351330591586745, 47.70073280280048], [0.0, 0.0, 0.0, 1.0]]}, {"class": "Cookies", "pose": [[0.3054332373304665, -0.9508007977278737, -0.051849438593486216, -16.047735798518737], [0.8388527927280571, 0.24290538088616137, 0.4871580579825188, 14.183725882692173], [-0.45059577355537606, -0.19228831907767752, 0.8717732943376699, 42.922087601390494], [0.0, 0.0, 0.0, 1.0]]}, {"class": "Parmesan", "pose": [[0.5531224800114944, 0.01569665282345239, 0.832952051984185, -27.376475018068035], [-0.6896274234854968, -0.5523194365708565, 0.46835591397058146, 3.177071834772244], [0.46740724343272483, -0.833484774297206, -0.29467545761633757, 45.27135799386346], [0.0, 0.0, 0.0, 1.0]]}, {"class": "CreamCheese", "pose": [[0.810846907303927, 0.05011491098720607, 0.583108713981358, -32.11563561452461], [-0.4999622738998758, -0.4586252346586806, 0.7346431951631682, -4.382492242612895], [0.30424496173930965, -0.8872155347728115, -0.34681929536010864, 51.65792664070465], [0.0, 0.0, 0.0, 1.0]]}, {"class": "Milk", "pose": [[0.837530719967876, 0.04990070704834107, 0.544106787547038, -31.129887738590035], [-0.4445350047337065, -0.5167846156766164, 0.7316572257244421, 8.574223845182265], [0.31769624268864527, -0.854659928935415, -0.4106403886293572, 36.25452486085313], [0.0, 0.0, 0.0, 1.0]]}, {"class": "ChocolatePudding", "pose": [[0.9936076585443142, 0.08370817038305234, -0.07574131502553598, -24.910964422791093], [0.11011417308639808, -0.5708342534903349, 0.8136480377387033, -15.018351746983749], [0.02487325681880135, -0.8167871252932515, -0.5764027572543807, 59.23599918818751], [0.0, 0.0, 0.0, 1.0]]}, {"class": "Yogurt", "pose": [[0.9783516280009209, 0.0776148522780058, 0.19184371348157514, -2.1383819482997612], [-0.13215912629653348, -0.4790442725297732, 0.8677848556418627, 19.707050311866688], [0.159254634470165, -0.8743526367678409, -0.4584162448004416, 39.80065662938186], [0.0, 0.0, 0.0, 1.0]]}]}