{"camera": {"camera": "RealSense D415", "extrinsics": [[-0.9613544, 0.27250424, 0.039232973, 0.58518505], [0.21987315, 0.84568983, -0.48627615, -0.3213741], [-0.16569124, -0.45885742, -0.872924, 0.3420012], [0.0, 0.0, 0.0, 1.0]], "height": 480, "intrinsics": [[603.0301, 0.0, 326.28275], [0.0, 603.81976, 245.73769], [0.0, 0.0, 1.0]], "width": 640}, "objects": [{"class": "MacaroniAndCheese", "pose": [[0.6349458799583743, 0.06532337324497567, 0.7697900169590397, 12.903286968968553], [-0.6397068684061843, -0.5142074918435039, 0.571284365890819, 22.24026759533596], [0.4331499856978847, -0.8551745934848487, -0.28470607398542275, 33.03187961456352], [0.0, 0.0, 0.0, 1.0]]}, {"class": "OrangeJuice", "pose": [[-0.7779522897267191, 0.0410052845670615, 0.626983959383765, 21.951889614020764], [-0.5535095752804872, -0.5169609534171822, -0.6529767006410877, 8.100493286765536], [0.2973506860165935, -0.8550263229566069, 0.4248677448253876, 39.94929856467216], [0.0, 0.0, 0.0, 1.0]]}, {"class": "TomatoSauce", "pose": [[0.0065582564087558175, -0.0022010736872650387, -0.9999761138774864, 17.56235839061085], [0.8986039090882504, -0.43870721052237166, 0.006859072262954458, -2.9800707722607234], [-0.4387117796659398, -0.8986274031542643, -0.0008992768305785062, 52.3142071348292], [0.0, 0.0, 0.0, 1.0]]}, {"class": "Mushrooms", "pose": [[0.40523271618445333, 0.09604653449141376, -0.9091543283315405, -1.5162492091249202], [0.8202323186654827, -0.4773776289044854, 0.3151659748505317, 6.165405462878542], [-0.4037392864252011, -0.8734333022693921, -0.27222949711576144, 48.90793665986539], [0.0, 0.0, 0.0, 1.0]]}, {"class": "Pineapple", "pose": [[0.6932588389458237, 0.004217646188241827, 0.7206764027371327, -8.44119775100488], [-0.6131365919552285, -0.5220860225230981, 0.5928657129205968, 25.7202219662907], [0.3787555486420804, -0.8528824486131463, -0.3593547094956832, 35.77586292947327], [0.0, 0.0, 0.0, 1.0]]}, {"class": "Cherries", "pose": [[0.9155560454050017, 0.08613211828681278, 0.3928593510402866, -22.762131164672518], [-0.29698391861639467, -0.5139164889218076, 0.8047921740193801, 24.441909421609044], [0.2712153460266637, -0.8535052274822458, -0.4449394416730915, 35.14542087917072], [0.0, 0.0, 0.0, 1.0]]}, {"class": "PeasAndCarrots", "pose": [[0.6490476442237927, 0.02470486838066379, 0.760346571494773, -13.504947605048079], [-0.6567263889903053, -0.48629060889092474, 0.5763956476011585, 11.832474287810241], [0.38398914764372893, -0.8734478724196474, -0.2994013905673827, 38.936294420721225], [0.0, 0.0, 0.0, 1.0]]}, {"class": "BBQSauce", "pose": [[0.9505745844106679, 0.09222071957017108, 0.29648504537744375, 5.927646980421553], [-0.2039311210124187, -0.5346128537235986, 0.8201227001988427, -7.195848339857025], [0.23413701999022385, -0.8400503014817697, -0.4893826630222362, 50.284683008082396], [0.0, 0.0, 0.0, 1.0]]}, {"class": "Raisins", "pose": [[0.07294935518675084, -0.18920753199307597, -0.9792236645388737, 6.726813636820561], [-0.4849797301611453, -0.864666775597043, 0.1309430310354247, -18.9291875723684], [-0.8714775525287677, 0.4653513667393889, -0.15483870617031656, 60.45420932801006], [0.0, 0.0, 0.0, 1.0]]}, {"class": "Ketchup", "pose": [[0.8629391621834952, 0.02597213298779994, 0.5046400048114756, -3.8085879917194476], [-0.4021114052165564, -0.5694962267581819, 0.7169243435455855, -4.822724017343816], [0.30601062011878727, -0.8215835757761458, -0.4809968528022233, 48.482467836995504], [0.0, 0.0, 0.0, 1.0]]}, {"class": "AlphabetSoup", "pose": [[0.9989631184110177, 0.03972877290947153, 0.02223502722412842, -7.9911096638623835], [-0.0004927542383744384, -0.47892126785805095, 0.8778577477312633, -13.807819963744716], [0.04552505262660757, -0.876958445882172, -0.47840505619769136, 57.38092603771037], [0.0, 0.0, 0.0, 1.0]]}, {"class": "Mayo", "pose": [[-0.27714744596251417, 0.9603538092565305, -0.030165178947605474, -12.646796274090233], [0.8428893688122883, 0.22793829639942262, -0.4874235261485229, -20.799198654233635], [-0.46122319681063945, -0.160514063889773, -0.8726445106878344, 62.85349105204594], [0.0, 0.0, 0.0, 1.0]]}, {"class": "SaladDressing", "pose": [[0.965112989595183, 0.017380475790412894, -0.2612564260529525, -11.40548161908671], [0.22719645177339237, -0.5515598792057069, 0.8025979820666604, -6.2223803375779205], [-0.13014899916436284, -0.8339542518616694, -0.5362663403893669, 48.737504981307275], [0.0, 0.0, 0.0, 1.0]]}, {"class": "Mustard", "pose": [[0.20238948652244174, 0.07306123681777196, 0.9765759751283333, -20.25056282535357], [-0.8808356241165072, -0.4222255065966357, 0.21413611029391277, -7.8788970306358594], [0.42798029016229505, -0.9035417786562283, -0.02109903958913385, 47.89095678556811], [0.0, 0.0, 0.0, 1.0]]}, {"class": "Cookies", "pose": [[0.30854323577410675, -0.9493273453532773, -0.05982262783058755, -14.710925880090864], [0.8473247857147774, 0.24572273045912177, 0.4708089804946673, 12.939004889780753], [-0.4322520081039702, -0.19595412012161856, 0.8802046513815368, 43.54669559658973], [0.0, 0.0, 0.0, 1.0]]}, {"class": "Parmesan", "pose": [[0.5496980665448432, 0.02340034638540231, 0.835035653851929, -26.049427399324866], [-0.6977886305525235, -0.5366990285443526, 0.4743893218617915, 1.8819648482441553], [0.45926366419677755, -0.8434492583170828, -0.278693881183564, 45.59269035908681], [0.0, 0.0, 0.0, 1.0]]}, {"class": "CreamCheese", "pose": [[0.808647764607417, 0.05819533909154527, 0.5854077032987037, -30.83662508023075], [-0.5049246386759093, -0.4419950103032586, 0.7414118754041742, -5.79873937424103], [0.30189398237866455, -0.895127802728184, -0.3280339680624723, 51.796272503338216], [0.0, 0.0, 0.0, 1.0]]}, {"class": "Milk", "pose": [[0.8351635615157824, 0.0577533685927632, 0.5469611116985162, -29.72978566373824], [-0.4497371501875668, -0.5007503847683619, 0.7395847461655845, 7.443160981142777], [0.31660448221432397, -0.8636629395902209, -0.39223458878128553, 36.64569647948333], [0.0, 0.0, 0.0, 1.0]]}, {"class": "ChocolatePudding", "pose": [[0.9932544233948687, 0.09128209703954834, -0.07150743279270373, -23.68790758230852], [0.11038387674139025, -0.5554699518834404, 0.8241775179992827, -16.56834499757063], [0.03551244002045357, -0.8265112132727259, -0.5617990076125854, 59.237201300286976], [0.0, 0.0, 0.0, 1.0]]}, {"class": "Yogurt", "pose": [[0.9770607946946709, 0.08560190105340769, 0.1949989789323896, -0.7802081697249164], [-0.1343600249201367, -0.46262910261113827, 0.8763114434868352, 18.529990364166004], [0.16522613213171208, -0.8824095978063823, -0.4405152335347985, 40.64901231138303], [0.0, 0.0, 0.0, 1.0]]}]}