{"camera": {"camera": "RealSense D415", "extrinsics": [[-0.9675501, 0.252593, 0.006600777, 0.6433182], [0.21710247, 0.8444027, -0.48974553, -0.31103033], [-0.12928002, -0.4724203, -0.8718404, 0.3106371], [0.0, 0.0, 0.0, 1.0]], "height": 480, "intrinsics": [[603.0301, 0.0, 326.28275], [0.0, 603.81976, 245.73769], [0.0, 0.0, 1.0]], "width": 640}, "objects": [{"class": "MacaroniAndCheese", "pose": [[0.6527025731741525, 0.03342275541301688, 0.7568766579913964, 18.578808662415252], [-0.6365514832262829, -0.5175473972486175, 0.5717928397146018, 23.170009430712156], [0.41083042998795577, -0.8550015170928722, -0.3165291842664952, 31.44269802181213], [0.0, 0.0, 0.0, 1.0]]}, {"class": "OrangeJuice", "pose": [[-0.7645855796871076, 0.009135056219461719, 0.6444574827730521, 27.920957602258284], [-0.5539844381432323, -0.5203531590893317, -0.6498722819648224, 9.078292526204784], [0.32940883613601335, -0.8539022924867564, 0.4029151951577303, 38.061527260117025], [0.0, 0.0, 0.0, 1.0]]}, {"class": "TomatoSauce", "pose": [[-0.012498390582775614, -0.03590656064525542, -0.9992769957100265, 24.038450336668955], [0.8968194781766138, -0.442372111039382, 0.0046786411358297345, -1.9612821156512639], [-0.4422202528868661, -0.8961124981632574, 0.03773061753934747, 50.63100590176054], [0.0, 0.0, 0.0, 1.0]]}, {"class": "Mushrooms", "pose": [[0.3874115587205674, 0.06333129275485075, -0.919729001688803, 4.821168617927929], [0.8194591574374902, -0.4807255120564992, 0.3120734242051724, 7.1286762208070895], [-0.4223731578922446, -0.8745811031255329, -0.23813603355114654, 47.92834013488457], [0.0, 0.0, 0.0, 1.0]]}, {"class": "Pineapple", "pose": [[0.7088075630820643, -0.027530182572872913, 0.7048644781693517, -2.6517372175642206], [-0.6100763879472916, -0.5255495077897185, 0.5929626181104986, 26.614655832145274], [0.3541168096918497, -0.8503174646935434, -0.38930894577240954, 34.995844242753705], [0.0, 0.0, 0.0, 1.0]]}, {"class": "Cherries", "pose": [[0.926044308760467, 0.05427973566240673, 0.37349116927786985, -16.983315089426], [-0.2938817623330728, -0.5172042941422034, 0.8038242212288444, 25.3026128297549], [0.2368026083316262, -0.8541389880361262, -0.46300224052543626, 34.92459199584559], [0.0, 0.0, 0.0, 1.0]]}, {"class": "PeasAndCarrots", "pose": [[0.6649334761194984, -0.007936646219676607, 0.7468604200265329, -7.557147574764677], [-0.6537406142203024, -0.48979374913572093, 0.5768235808041526, 12.72892220225112], [0.3612295195118015, -0.871802198532898, -0.3308687380126668, 38.405066996721224], [0.0, 0.0, 0.0, 1.0]]}, {"class": "BBQSauce", "pose": [[0.9593865006630823, 0.06093206207858458, 0.2754357115119316, 12.343860132068308], [-0.20090494043044413, -0.537832313771965, 0.8187635543419264, -6.21061741380147], [0.19802718485763232, -0.8408469966823355, -0.5037474795522806, 49.06960953801309], [0.0, 0.0, 0.0, 1.0]]}, {"class": "Raisins", "pose": [[0.040344754230028736, -0.1690635064237877, -0.9847790801096431, 13.562834485258568], [-0.48836983316698296, -0.8631716447288729, 0.12817865865186692, -17.90061901610902], [-0.8717036109059191, 0.47576503531747977, -0.11738997755580707, 59.2473876369199], [0.0, 0.0, 0.0, 1.0]]}, {"class": "Ketchup", "pose": [[0.8750569003017123, -0.004471761497022632, 0.48399941074680614, 2.539737628818195], [-0.39898076261899407, -0.5727842111384087, 0.716053593857194, -3.866061385020003], [0.2740252038393536, -0.8196939948548039, -0.5030028860626821, 47.63566325605687], [0.0, 0.0, 0.0, 1.0]]}, {"class": "AlphabetSoup", "pose": [[0.9999746245958793, 0.0069231231052596645, 0.0016809374119141193, -1.274776337072514], [0.001867396616921726, -0.4824061000850848, 0.8759457849523913, -12.823876439665922], [0.006875195299631808, -0.875920318127288, -0.48240676706385066, 56.72494477105783], [0.0, 0.0, 0.0, 1.0]]}, {"class": "Mayo", "pose": [[-0.2967314072492674, 0.9528983110918884, -0.06273185546338057, -5.699156605459699], [0.8403961701754514, 0.22937170857532987, -0.491042816060834, -19.802996846714365], [-0.45352494524199766, -0.19842740458821068, -0.8688737825940216, 62.401255651012086], [0.0, 0.0, 0.0, 1.0]]}, {"class": "SaladDressing", "pose": [[0.9588292148487337, -0.013576923848331951, -0.2836586133209426, -5.038337326307207], [0.22876406589815562, -0.5549172061375405, 0.799833762247842, -5.281199213949527], [-0.1682662977562533, -0.8317947780978043, -0.528964895901649, 48.189770864544926], [0.0, 0.0, 0.0, 1.0]]}, {"class": "Mustard", "pose": [[0.2208332412864086, 0.03907093081503435, 0.9745286793768405, -13.905639197216912], [-0.8786403217388101, -0.4257467974578506, 0.2161735418925985, -6.9604041434416315], [0.42334855631016793, -0.9039983942946285, -0.05968973035995586, 47.69240234774418], [0.0, 0.0, 0.0, 1.0]]}, {"class": "Cookies", "pose": [[0.2896294135996747, -0.9567619772636374, -0.026857525207380266, -8.586618029527394], [0.8462245879158694, 0.24285453755429498, 0.4742633984835766, 13.851618031569151], [-0.44723469146832606, -0.16008814025032492, 0.8799732263120489, 43.05418893127222], [0.0, 0.0, 0.0, 1.0]]}, {"class": "Parmesan", "pose": [[0.5686634286615144, -0.007963201047046516, 0.8225317606948666, -19.81174919687614], [-0.6947116937005855, -0.540082132253737, 0.47506536792446463, 2.7783585297816105], [0.4404516566445514, -0.8415746350660026, -0.3126570528553745, 45.58108565029241], [0.0, 0.0, 0.0, 1.0]]}, {"class": "CreamCheese", "pose": [[0.8208869507464038, 0.024587484954610182, 0.5705611927722231, -24.337681240745646], [-0.5019278695890294, -0.44551413636249054, 0.7413404877492461, -4.887385116793014], [0.27242078137628833, -0.8949371949559587, -0.3533755734148978, 51.99569641951509], [0.0, 0.0, 0.0, 1.0]]}, {"class": "Milk", "pose": [[0.8478226629965934, 0.025498974312726803, 0.5296664416764066, -23.84810760384165], [-0.4466232576693383, -0.5041415283322307, 0.7391678671756212, 8.294996776490265], [0.28587487566786624, -0.8632445210125645, -0.41603414923691473, 36.76092953326297], [0.0, 0.0, 0.0, 1.0]]}, {"class": "ChocolatePudding", "pose": [[0.9936245921290356, 0.06056606202681863, -0.09508904809047705, -16.881621648940538], [0.11268958880432615, -0.5586360182794518, 0.8217219763407072, -15.610969762816751], [-0.0033516852427219663, -0.8271986102072125, -0.5618996230688388, 59.19763425509539], [0.0, 0.0, 0.0, 1.0]]}, {"class": "Yogurt", "pose": [[0.9830272607490201, 0.052513167506697093, 0.17578332367569188, 5.208619932627412], [-0.13155796229879183, -0.46603648493368155, 0.8749300817846725, 19.46105033205877], [0.12786680452805563, -0.8832057159779542, -0.4512180232340751, 39.597853905164555], [0.0, 0.0, 0.0, 1.0]]}]}