{"camera": {"camera": "RealSense D415", "extrinsics": [[-0.96241784, 0.27138475, 0.01011039, 0.6417502], [0.22843674, 0.82912034, -0.5102706, -0.30911258], [-0.14686239, -0.48878393, -0.8599545, 0.3212949], [0.0, 0.0, 0.0, 1.0]], "height": 480, "intrinsics": [[603.0301, 0.0, 326.28275], [0.0, 603.81976, 245.73769], [0.0, 0.0, 1.0]], "width": 640}, "objects": [{"class": "MacaroniAndCheese", "pose": [[0.6376820532872722, 0.03629058303162448, 0.7694443507500105, 19.254576444726524], [-0.6363522669231728, -0.5380646696252209, 0.5527587504650245, 24.034052531664102], [0.43407073288768727, -0.842122019076489, -0.3200205486371983, 30.642508824119187], [0.0, 0.0, 0.0, 1.0]]}, {"class": "OrangeJuice", "pose": [[-0.77704224449139, 0.011950965317492056, 0.6293349991112152, 28.29640714407394], [-0.5345373915776728, -0.5404799401238303, -0.6497316706625063, 9.964605203330528], [0.3323779829088425, -0.8412720722440781, 0.42636395796639753, 37.71053881464405], [0.0, 0.0, 0.0, 1.0]]}, {"class": "TomatoSauce", "pose": [[0.00676478741477008, -0.03135969957102622, -0.9994852791795406, 24.087773991416743], [0.8861971300779163, -0.4628537459169997, 0.020520454797216082, -0.7152989659450215], [-0.4632589738410661, -0.8858798266782959, 0.02465975574348773, 50.48414029950934], [0.0, 0.0, 0.0, 1.0]]}, {"class": "Mushrooms", "pose": [[0.4051655405566768, 0.0670020027782755, -0.9117848610125455, 5.047054748881874], [0.8033529536739502, -0.5021677419014104, 0.3200806513205571, 8.59471576425967], [-0.43642285198455805, -0.8621707362361938, -0.2572873171315938, 47.32023608348334], [0.0, 0.0, 0.0, 1.0]]}, {"class": "Pineapple", "pose": [[0.6948947919792561, -0.02483157631962907, 0.7186825706110732, -1.9640071941792958], [-0.6120682144450276, -0.5450408841835143, 0.5729772839889401, 27.87903306363843], [0.37748343185707106, -0.8380417167673355, -0.3939446501023137, 33.83849963954881], [0.0, 0.0, 0.0, 1.0]]}, {"class": "Cherries", "pose": [[0.9183933965675974, 0.057137845845137245, 0.39152120263883494, -16.31190583105805], [-0.3020221401007355, -0.5380133687220484, 0.7869715843015793, 26.780250500671084], [0.2556094989672627, -0.8409976047695599, -0.47685098356062616, 33.61235448904195], [0.0, 0.0, 0.0, 1.0]]}, {"class": "PeasAndCarrots", "pose": [[0.6502732163669154, -0.004425402869149481, 0.759687551752578, -7.123356892042166], [-0.6548906771154719, -0.5101003853798186, 0.5575982697206074, 14.152758824290974], [0.38504929034212754, -0.8601035417778481, -0.3346027333142945, 37.50863926890188], [0.0, 0.0, 0.0, 1.0]]}, {"class": "BBQSauce", "pose": [[0.9536367882529031, 0.06330652793655484, 0.29422640264575384, 12.350291149048287], [-0.2104976089556471, -0.5584184993408035, 0.8024086046091095, -4.824918738551864], [0.21509917103771944, -0.8271403467536362, -0.5192025049095328, 48.87144970781336], [0.0, 0.0, 0.0, 1.0]]}, {"class": "Raisins", "pose": [[0.04386703108065717, -0.18820023996201327, -0.9811505336414796, 13.262350332644901], [-0.5093970903385685, -0.849052615957254, 0.1400867310759929, -16.287885643299088], [-0.8594128092553784, 0.49364999053311026, -0.13311407832234576, 59.33556522866772], [0.0, 0.0, 0.0, 1.0]]}, {"class": "Ketchup", "pose": [[0.8653427885041083, -0.002884509426803195, 0.5011721803849972, 2.6019436577707333], [-0.40543681333133536, -0.5918778754151418, 0.6966359189150412, -2.368501487931607], [0.2946232630180607, -0.8060225510202291, -0.5133466936180676, 47.255993558287436], [0.0, 0.0, 0.0, 1.0]]}, {"class": "AlphabetSoup", "pose": [[0.9997206104579764, 0.010596106975930986, 0.021129125515197057, -1.4630814737553122], [-0.012932536826892342, -0.5030353539186586, 0.8641690892018556, -11.050781978381297], [0.019785538441777224, -0.8642009283300308, -0.5027577305773139, 56.50269926471668], [0.0, 0.0, 0.0, 1.0]]}, {"class": "Mayo", "pose": [[-0.27813130278684867, 0.9587129677627689, -0.05926584392502236, -6.0646456199130565], [0.8337813224439388, 0.2103318254140535, -0.5104598535579878, -17.826731267252338], [-0.476918947778886, -0.19138959333464595, -0.8578568578299343, 62.28334602317743], [0.0, 0.0, 0.0, 1.0]]}, {"class": "SaladDressing", "pose": [[0.9642533772994566, -0.011562699247411545, -0.26472956909883893, -5.003228661791392], [0.21034896123217384, -0.5741678072969106, 0.7912551270640951, -3.6565964456387103], [-0.1611482167395881, -0.8186560482558266, -0.5512110073365496, 47.74490663614973], [0.0, 0.0, 0.0, 1.0]]}, {"class": "Mustard", "pose": [[0.20204452618878677, 0.04395622998167012, 0.9783894294632883, -13.888156293419696], [-0.8715885331561909, -0.4475432642392292, 0.20009619695923553, -5.2142317785292045], [0.44666703017538895, -0.8931813713334847, -0.052111896629304606, 47.17221056986439], [0.0, 0.0, 0.0, 1.0]]}, {"class": "Cookies", "pose": [[0.3081243545120702, -0.9508505604525914, -0.03070195834247598, -8.194072979783096], [0.8309829832237705, 0.2532887256649932, 0.49528995101489715, 15.400365036384356], [-0.46317021940483116, -0.17812370118545898, 0.8681850854775391, 42.1164194979667], [0.0, 0.0, 0.0, 1.0]]}, {"class": "Parmesan", "pose": [[0.5523984045584384, -0.005600409989114753, 0.8335614281214052, -19.617860019972778], [-0.6925317754247512, -0.5596538216180347, 0.4551783963548628, 4.5591539008783935], [0.4639566241868794, -0.8287076246386524, -0.3130303043669193, 44.756696993127676], [0.0, 0.0, 0.0, 1.0]]}, {"class": "CreamCheese", "pose": [[0.8096323639155127, 0.029059728681036383, 0.5862175226587103, -24.34073938626503], [-0.5075710381488358, -0.46687186813795306, 0.7241562901105713, -2.8841701920552354], [0.2947322396646619, -0.883847429136302, -0.3632446511988472, 51.29016800638866], [0.0, 0.0, 0.0, 1.0]]}, {"class": "Milk", "pose": [[0.8372373917447343, 0.028676840191623185, 0.5460871772012683, -23.45808401007239], [-0.45237293041625226, -0.5247404335889052, 0.7211145829314187, 9.925436166480894], [0.3072332974834308, -0.850779175813098, -0.42635964001463844, 35.75801208698846], [0.0, 0.0, 0.0, 1.0]]}, {"class": "ChocolatePudding", "pose": [[0.9951921926032105, 0.062451085940552355, -0.07544784986340443, -17.140567765801652], [0.09769940058177608, -0.5788858082209555, 0.8095344839468829, -13.544794654185925], [0.006880637032423211, -0.8130136368083132, -0.582204028593857, 58.83765726702834], [0.0, 0.0, 0.0, 1.0]]}, {"class": "Yogurt", "pose": [[0.979215460701801, 0.05651887649773303, 0.19478889733386634, 5.727633634945817], [-0.14319073363933688, -0.48752656926640536, 0.8612864161194986, 20.719454523439413], [0.14364370942525087, -0.8712769641544476, -0.46930052651742465, 38.70849620865317], [0.0, 0.0, 0.0, 1.0]]}]}