{"camera": {"camera": "RealSense D415", "extrinsics": [[-0.94837797, 0.3155454, 0.031784948, 0.62629426], [0.24899742, 0.80292094, -0.5415886, -0.31457752], [-0.1964166, -0.5057163, -0.84004253, 0.363544], [0.0, 0.0, 0.0, 1.0]], "height": 480, "intrinsics": [[603.0301, 0.0, 326.28275], [0.0, 603.81976, 245.73769], [0.0, 0.0, 1.0]], "width": 640}, "objects": [{"class": "MacaroniAndCheese", "pose": [[0.600189807486395, 0.056377408861716334, 0.7978682560284335, 19.410969514409242], [-0.6371032819476945, -0.5694113332458945, 0.5194902982570184, 24.59803922381601], [0.48360271580554764, -0.8201172563683683, -0.30583659292378385, 30.97315965520003], [0.0, 0.0, 0.0, 1.0]]}, {"class": "OrangeJuice", "pose": [[-0.8054546753454959, 0.031964232378633654, 0.5917947490734402, 27.737426183180514], [-0.5006274618235955, -0.5711304753206956, -0.6505245213737726, 10.556749512281804], [0.3171984461388817, -0.8202367108043901, 0.4760218550810268, 38.921328949190084], [0.0, 0.0, 0.0, 1.0]]}, {"class": "TomatoSauce", "pose": [[0.05183398988111784, -0.007170799862229836, -0.9986299556596103, 22.686981183948912], [0.8680768769962243, -0.494044633220704, 0.048605187900704054, 0.47156753206836766], [-0.49371625308300743, -0.8694069605232891, -0.01938352223526477, 51.87200186252967], [0.0, 0.0, 0.0, 1.0]]}, {"class": "Mushrooms", "pose": [[0.44619586917964454, 0.08892888388736575, -0.8905059635712381, 4.072739924658664], [0.77546228373973, -0.5351238750579123, 0.3351129856044404, 10.17386804458556], [-0.44672971831373415, -0.8400798048793522, -0.3077310558070312, 47.557951723616966], [0.0, 0.0, 0.0, 1.0]]}, {"class": "Pineapple", "pose": [[0.6604189889013796, -0.005037957409108646, 0.7508803828187243, -1.8044056763582117], [-0.6164794246866777, -0.5745670134810617, 0.5383548033016817, 29.133810993039372], [0.42871886641457874, -0.818442032931929, -0.38256070735160314, 33.10884086725075], [0.0, 0.0, 0.0, 1.0]]}, {"class": "Cherries", "pose": [[0.897696195632672, 0.07715132030858246, 0.4338077746417644, -16.15556949322062], [-0.3173148013989727, -0.5698861517834896, 0.7579849069071831, 28.418347023389884], [0.30570057849195076, -0.8180937844790744, -0.4871033140980469, 32.30084370125291], [0.0, 0.0, 0.0, 1.0]]}, {"class": "PeasAndCarrots", "pose": [[0.6143042203159578, 0.017279374100328652, 0.788880041166638, -7.506992627462661], [-0.6577649691851025, -0.5410284482785638, 0.5240548556656722, 15.697052121214755], [0.435861857268323, -0.8408267543512153, -0.32099023823898465, 37.03738084076597], [0.0, 0.0, 0.0, 1.0]]}, {"class": "BBQSauce", "pose": [[0.9372389050909944, 0.08213907238444854, 0.3388751669716017, 10.914851674423154], [-0.2283325220481455, -0.5899290231660844, 0.7744985702259253, -3.3735406986739767], [0.26352889541305635, -0.80326640407768, -0.5341493497715789, 49.8996044752255], [0.0, 0.0, 0.0, 1.0]]}, {"class": "Raisins", "pose": [[0.065499634395358, -0.2332487968287377, -0.9702086208081181, 11.053535089005017], [-0.5416147907184486, -0.8249175566229524, 0.16175435552338255, -14.465125751779023], [-0.8380711214452375, 0.5148844290040387, -0.18036280843792493, 60.79394572369272], [0.0, 0.0, 0.0, 1.0]]}, {"class": "Ketchup", "pose": [[0.8400908731256143, 0.014179308096477366, 0.5422603095666496, 1.3182227934931068], [-0.417745130666857, -0.6207766542932446, 0.6634194597456216, -0.7137086428752437], [0.3460293614147831, -0.7838592314027276, -0.5155854040627136, 47.77734928333019], [0.0, 0.0, 0.0, 1.0]]}, {"class": "AlphabetSoup", "pose": [[0.9972038042007736, 0.032657693091532956, 0.06721621223942137, -3.382208204537096], [-0.03939964763976202, -0.5345300549812796, 0.8442306061545797, -8.936764337696559], [0.0634997315578193, -0.8445182552255492, -0.5317486466196106, 57.141925172633165], [0.0, 0.0, 0.0, 1.0]]}, {"class": "Mayo", "pose": [[-0.23361924565305098, 0.9716010815918766, -0.0375946476026203, -8.417080516388854], [0.8229676394682418, 0.17699342385669065, -0.5398125791236358, -15.368146988055159], [-0.517828433477831, -0.15704974752222745, -0.8409453090326438, 62.95493905032971], [0.0, 0.0, 0.0, 1.0]]}, {"class": "SaladDressing", "pose": [[0.975855944837156, 0.006556069153911369, -0.21831666015584184, -6.3347199172032465], [0.17797017328407733, -0.6033127991267967, 0.7773932802073744, -1.7755328590976172], [-0.1266165538508821, -0.7974777011203958, -0.5899131181839952, 47.98195883091418], [0.0, 0.0, 0.0, 1.0]]}, {"class": "Mustard", "pose": [[0.15782386329776418, 0.06879568573477172, 0.9850678925923949, -15.228604495585119], [-0.8597754610341516, -0.481067953129126, 0.1713470436168112, -3.110768094025118], [0.48567248308104055, -0.8739798377422333, -0.016775127327838396, 47.08078849798473], [0.0, 0.0, 0.0, 1.0]]}, {"class": "Cookies", "pose": [[0.3512073983511524, -0.9347891200968697, -0.05312848115939759, -8.735269143390777], [0.804722270869157, 0.2723607728842073, 0.5274862125607259, 17.14168373722295], [-0.4786181984919868, -0.2280107369893636, 0.8479007290884707, 41.54725515156219], [0.0, 0.0, 0.0, 1.0]]}, {"class": "Parmesan", "pose": [[0.5121381746626448, 0.013353046928681611, 0.858799253265456, -20.567567552741473], [-0.6898057535242204, -0.5893453193064331, 0.4205236560492603, 6.719643226952249], [0.5117445582055251, -0.8077708758182088, -0.2926151770257729, 44.073835898358965], [0.0, 0.0, 0.0, 1.0]]}, {"class": "CreamCheese", "pose": [[0.7815111735297892, 0.05296805554552053, 0.6216386747606603, -25.774625241595096], [-0.5182524814185734, -0.49962822818544095, 0.6941080804776194, -0.34747283558997366], [0.3473537711691638, -0.8646189916374312, -0.36301415875051185, 50.65694459129565], [0.0, 0.0, 0.0, 1.0]]}, {"class": "Milk", "pose": [[0.8101390564140059, 0.0495229356187288, 0.584142242385104, -23.867903215469322], [-0.4634043004348457, -0.5562116911481506, 0.6898442123038804, 11.854411921546454], [0.359069843678733, -0.8295637554895798, -0.427659613989284, 34.732392675554834], [0.0, 0.0, 0.0, 1.0]]}, {"class": "ChocolatePudding", "pose": [[0.9964089864519641, 0.08009870940420466, -0.0274463055422748, -19.209648213741637], [0.07076607421899107, -0.6098329544438095, 0.7893642750305603, -10.915776688838266], [0.046489425032920556, -0.7884719165307388, -0.6133112527105306, 58.88300095610604], [0.0, 0.0, 0.0, 1.0]]}, {"class": "Yogurt", "pose": [[0.9677415464273917, 0.07926564891465579, 0.23915105569248113, 5.465314591070081], [-0.1644158217247967, -0.5205470722110661, 0.8378533352918052, 21.9512063106501], [0.1909023813905896, -0.8501456857913217, -0.49072244314756297, 38.55853111538916], [0.0, 0.0, 0.0, 1.0]]}]}