{"camera": {"camera": "RealSense D415", "extrinsics": [[-0.9505441, 0.3082836, 0.037777033, 0.64813286], [0.23571962, 0.79525256, -0.5585782, -0.3065792], [-0.20224278, -0.5220484, -0.82859117, 0.38278547], [0.0, 0.0, 0.0, 1.0]], "height": 480, "intrinsics": [[603.0301, 0.0, 326.28275], [0.0, 603.81976, 245.73769], [0.0, 0.0, 1.0]], "width": 640}, "objects": [{"class": "MacaroniAndCheese", "pose": [[0.6058351924642771, 0.0626172244162924, 0.7931221757792084, 21.06289061479497], [-0.6211164125223138, -0.5857431484191414, 0.5206912823803811, 24.855180561929075], [0.4971700903856468, -0.8080743329967867, -0.31597118129342766, 31.702609127885218], [0.0, 0.0, 0.0, 1.0]]}, {"class": "OrangeJuice", "pose": [[-0.8009002437871229, 0.03822182881594148, 0.5975766680839072, 29.516532034195404], [-0.5016706134624999, -0.5876994832204009, -0.6347723673744112, 11.0627615912543], [0.32693329325679943, -0.8081760271368463, 0.4898633939699957, 39.94677165248681], [0.0, 0.0, 0.0, 1.0]]}, {"class": "TomatoSauce", "pose": [[0.04394677465861318, -0.0016065674478845302, -0.9990325734793226, 24.551175953640897], [0.8581002952544725, -0.5120314766895294, 0.03857065639594708, 1.2004014685900677], [-0.5115980331566603, -0.8589652274769747, -0.02112354813726973, 53.100361531193755], [0.0, 0.0, 0.0, 1.0]]}, {"class": "Mushrooms", "pose": [[0.43913679950375484, 0.09485617745265391, -0.8933986567346306, 5.848549906517919], [0.7702840459497984, -0.5515654948905487, 0.32005943006391063, 10.631306001924013], [-0.4624082010000462, -0.8287206322099397, -0.31527889752994215, 48.57206661652112], [0.0, 0.0, 0.0, 1.0]]}, {"class": "Pineapple", "pose": [[0.6659146164588217, 0.001252729402032861, 0.7460269011169226, -0.19710570956502638], [-0.6010570686893164, -0.5914542962330037, 0.5375055916152048, 29.229736998083016], [0.44191413453105177, -0.8063376027117378, -0.393105052098032, 33.72802740546625], [0.0, 0.0, 0.0, 1.0]]}, {"class": "Cherries", "pose": [[0.9004193191624972, 0.08339283863411563, 0.4269551113150675, -14.539964466482191], [-0.30223879435875184, -0.5859757318426138, 0.7518538410140385, 28.35944842650124], [0.31288455230796086, -0.8060261506569165, -0.5024192623839945, 32.92450122546204], [0.0, 0.0, 0.0, 1.0]]}, {"class": "PeasAndCarrots", "pose": [[0.6201922867877783, 0.023267483746911923, 0.7841046706553969, -5.773904744270508], [-0.642627734540971, -0.5581742008231111, 0.5248535049951606, 15.823114429574414], [0.449878984717642, -0.8293975315798873, -0.331222957460459, 37.930550872328325], [0.0, 0.0, 0.0, 1.0]]}, {"class": "BBQSauce", "pose": [[0.939144057431101, 0.08855920090070421, 0.33191217251293254, 12.818413068006917], [-0.2137743155009121, -0.6056575227779432, 0.7664721472474314, -2.7980395217258924], [0.2689032638318499, -0.7907820899345974, -0.5498679248414932, 51.19957458587383], [0.0, 0.0, 0.0, 1.0]]}, {"class": "Raisins", "pose": [[0.07148855339874242, -0.22578791254398928, -0.9715498897208292, 13.053544276974671], [-0.5582387000215995, -0.816260371118203, 0.1486223593933644, -13.659239499260437], [-0.8265948330831898, 0.531731892646383, -0.18439682777397728, 62.321994251102986], [0.0, 0.0, 0.0, 1.0]]}, {"class": "Ketchup", "pose": [[0.8437446110473653, 0.02088105560329135, 0.5363385085745711, 3.1986428546447954], [-0.4023605707754643, -0.6367488537273761, 0.6577666103821309, -0.275398595820292], [0.3552477768680631, -0.7707885345040448, -0.5288516483264878, 49.01548140472724], [0.0, 0.0, 0.0, 1.0]]}, {"class": "AlphabetSoup", "pose": [[0.9974766939956904, 0.03858605572021219, 0.059593155428769896, -1.431264755444439], [-0.02846550038421842, -0.5516060036218572, 0.8336189641722903, -8.347188683661605], [0.0650380226046673, -0.8332118647084756, -0.5491157054345984, 58.54533698444978], [0.0, 0.0, 0.0, 1.0]]}, {"class": "Mayo", "pose": [[-0.2410368422518442, 0.9700008660487023, -0.031615557508913365, -6.40950216305769], [0.809752682342699, 0.18304611843949187, -0.557489692581416, -14.704719760577628], [-0.5349783294735264, -0.15997631087355946, -0.8295816902410746, 64.48694517749858], [0.0, 0.0, 0.0, 1.0]]}, {"class": "SaladDressing", "pose": [[0.974217661765809, 0.013102996129751803, -0.22522930966141216, -4.443924518416875], [0.18469532967663677, -0.6196456957775042, 0.7628413283714602, -1.4064154942003915], [-0.12956683866713653, -0.7847723290163084, -0.6060897951280491, 49.23646497936653], [0.0, 0.0, 0.0, 1.0]]}, {"class": "Mustard", "pose": [[0.16562900250219817, 0.07423587844135306, 0.9833900806987738, -13.323712226708428], [-0.8479484675879956, -0.49842136090468064, 0.18044275735140822, -2.8456791284817315], [0.5035378956319143, -0.8637506891496353, -0.019604807735632983, 48.356671839103626], [0.0, 0.0, 0.0, 1.0]]}, {"class": "Cookies", "pose": [[0.34390125756311035, -0.9371509651671447, -0.058991325356972345, -7.020234485696342], [0.797959440474281, 0.2585519203613404, 0.5444370314434139, 17.34915214236788], [-0.4949673113604917, -0.23430526099729318, 0.8367248168805516, 42.40854856624361], [0.0, 0.0, 0.0, 1.0]]}, {"class": "Parmesan", "pose": [[0.5182680827205416, 0.01977498749535995, 0.8549895480281058, -18.754134403313238], [-0.6740690843202555, -0.6058300664144869, 0.42261193258514707, 6.868311330035404], [0.5263354827754357, -0.7953483289459515, -0.3006526385127335, 45.142301001183405], [0.0, 0.0, 0.0, 1.0]]}, {"class": "CreamCheese", "pose": [[0.7861328095126872, 0.05857868934633868, 0.6152753252786335, -23.899157015494232], [-0.5033783868486476, -0.5169349250721073, 0.6923788906847405, -0.11045965742292885], [0.358615930197295, -0.8540180879975061, -0.3768922044989138, 51.866912717643054], [0.0, 0.0, 0.0, 1.0]]}, {"class": "Milk", "pose": [[0.8142210141547755, 0.05564499243325849, 0.577882131459733, -22.09494711219898], [-0.44802560464255814, -0.5728090799000776, 0.6864130396052941, 11.77603484215179], [0.3692115622232935, -0.8177979410433196, -0.4414627546873904, 35.693816889310725], [0.0, 0.0, 0.0, 1.0]]}, {"class": "ChocolatePudding", "pose": [[0.9956385586495639, 0.08669647087509462, -0.034461070827745105, -17.24056672728954], [0.08131061663911587, -0.625268792066613, 0.7761620749951696, -10.442001548534712], [0.045743099949837454, -0.7755789720632671, -0.6295910106811418, 60.31548600786698], [0.0, 0.0, 0.0, 1.0]]}, {"class": "Yogurt", "pose": [[0.9690986589242643, 0.0850626526160551, 0.23154290603619118, 7.136238499780989], [-0.15108811269090724, -0.5372945391626178, 0.8297511709910457, 22.232164420152206], [0.19498757821345084, -0.8390941534059714, -0.507839403643126, 39.33104501502378], [0.0, 0.0, 0.0, 1.0]]}]}