{"camera": {"camera": "RealSense D415", "extrinsics": [[-0.9618438, 0.27336824, 0.011238246, 0.70420295], [0.2226487, 0.80593795, -0.5485358, -0.31234178], [-0.1590096, -0.52510357, -0.8360515, 0.35381985], [0.0, 0.0, 0.0, 1.0]], "height": 480, "intrinsics": [[603.0301, 0.0, 326.28275], [0.0, 603.81976, 245.73769], [0.0, 0.0, 1.0]], "width": 640}, "objects": [{"class": "MacaroniAndCheese", "pose": [[0.6360381196324293, 0.037348921003568396, 0.7707532497524028, 25.56892911103448], [-0.6168399022906152, -0.5755265638554282, 0.5369150047925952, 23.637935391252185], [0.4636421455932582, -0.8169297459028717, -0.34301849255168565, 31.326053488005524], [0.0, 0.0, 0.0, 1.0]]}, {"class": "OrangeJuice", "pose": [[-0.778354261484018, 0.013004752030919681, 0.6276906272869293, 34.57954534065221], [-0.5181466049675868, -0.5778740933327637, -0.630543924836298, 9.89146940853915], [0.3545260483615846, -0.8160222955033267, 0.4565291112495243, 39.03997352888579], [0.0, 0.0, 0.0, 1.0]]}, {"class": "TomatoSauce", "pose": [[0.008765858471631787, -0.03012235485138546, -0.999507782357418, 30.33225610505827], [0.864400639622531, -0.5022901694255696, 0.022718561819806617, -0.1969746274264772], [-0.502727233548547, -0.864174288483899, 0.02163476174254949, 52.27332758105901], [0.0, 0.0, 0.0, 1.0]]}, {"class": "Mushrooms", "pose": [[0.4070117705905654, 0.06814391078169628, -0.9108775052407901, 11.309166124615688], [0.7824094268142961, -0.5406041313717777, 0.30916447905355143, 8.98200525156707], [-0.47135642583026516, -0.838512703371147, -0.27334868073105706, 48.65337949647726], [0.0, 0.0, 0.0, 1.0]]}, {"class": "Pineapple", "pose": [[0.6933943607992888, -0.023789698773067386, 0.7201654769381889, 4.348551226032149], [-0.5951953191208529, -0.5822440029999504, 0.5538361365961811, 27.646606777596805], [0.40613641899811354, -0.8126659526514843, -0.4178841869562966, 34.30139082408649], [0.0, 0.0, 0.0, 1.0]]}, {"class": "Cherries", "pose": [[0.9175110911962988, 0.05819391206425176, 0.393429624786964, -10.000168681766874], [-0.29120731300408387, -0.5754477107949607, 0.7642370353014463, 26.554639307113128], [0.27087211816295514, -0.8157655163784052, -0.511033123225362, 34.09523214384447], [0.0, 0.0, 0.0, 1.0]]}, {"class": "PeasAndCarrots", "pose": [[0.6487062035706016, -0.0032970006384945225, 0.7610317961592575, -0.8346853392769416], [-0.6375836523620098, -0.5483563770676034, 0.5411029320772326, 14.105492904400323], [0.4155326037323806, -0.8362382369232523, -0.35782426061764167, 38.5759328555175], [0.0, 0.0, 0.0, 1.0]]}, {"class": "BBQSauce", "pose": [[0.9529462113566124, 0.06431004433345056, 0.29623932890230625, 18.59313718964347], [-0.20164146713599385, -0.5952141206528466, 0.7778565950348884, -4.362123046418731], [0.2263498261740013, -0.8009896052804547, -0.5542394280158581, 50.82319930699899], [0.0, 0.0, 0.0, 1.0]]}, {"class": "Raisins", "pose": [[0.044994745567367565, -0.19021773038725107, -0.9807102994499584, 19.4702599984933], [-0.5476761482839564, -0.8257226887116167, 0.13502922306031423, -15.342634302053298], [-0.8354796728540722, 0.5310359941109281, -0.1413309037328761, 61.79535481563113], [0.0, 0.0, 0.0, 1.0]]}, {"class": "Ketchup", "pose": [[0.8642575624519049, -0.0019637026510129587, 0.5030457366345198, 8.851034077836694], [-0.3926989528679693, -0.6276139786264048, 0.672226330473375, -1.9702440351669737], [0.31439847748695404, -0.7785222035422065, -0.5431912288405929, 49.07840603809211], [0.0, 0.0, 0.0, 1.0]]}, {"class": "AlphabetSoup", "pose": [[0.9996622755044471, 0.011741238698622992, 0.023183653220955266, 4.756887363411188], [-0.013134696271097025, -0.5414999155145356, 0.8405982003217595, -10.222275330255723], [0.022423625282369762, -0.8406187953728234, -0.5411627823851339, 58.698693243409416], [0.0, 0.0, 0.0, 1.0]]}, {"class": "Mayo", "pose": [[-0.27616470553336603, 0.9593500589800182, -0.05814226760525327, 0.1355053386840943], [0.8117378571968884, 0.2004265293562238, -0.5485534346407709, -16.725597073773578], [-0.5146014856479081, -0.1986873503086214, -0.8340914715665095, 64.76939255284209], [0.0, 0.0, 0.0, 1.0]]}, {"class": "SaladDressing", "pose": [[0.9648292740039458, -0.010595046760177782, -0.26266370236244097, 1.2433475046079057], [0.2018010202837116, -0.6104819326192958, 0.7658904433993329, -3.2265600201001945], [-0.1684660636701935, -0.7919593026089202, -0.5868727149445132, 49.609108389413834], [0.0, 0.0, 0.0, 1.0]]}, {"class": "Mustard", "pose": [[0.20009398590477284, 0.0452265171565284, 0.9787323242236399, -7.642265938438586], [-0.8507862986449946, -0.4874079045320027, 0.19645921146700301, -4.798589861235358], [0.48592700505796665, -0.8720023307891591, -0.05904926754287478, 49.08877926479279], [0.0, 0.0, 0.0, 1.0]]}, {"class": "Cookies", "pose": [[0.31005814341298055, -0.9501834621270875, -0.03186439287124422, -1.9132259148851638], [0.8089128605510738, 0.24605308733536638, 0.5339643015973787, 15.5607691541938], [-0.49952367642938805, -0.19133550017008064, 0.8449063606133007, 43.12054629696495], [0.0, 0.0, 0.0, 1.0]]}, {"class": "Parmesan", "pose": [[0.5506268021198738, -0.004595013309814969, 0.8347388898149529, -13.355335730858409], [-0.6715202919051453, -0.5964425216736968, 0.4396780970570559, 4.862287799375398], [0.49585341807496836, -0.8026426257194285, -0.3315028481103483, 46.22319849557767], [0.0, 0.0, 0.0, 1.0]]}, {"class": "CreamCheese", "pose": [[0.8084244932393734, 0.03028797036160553, 0.5878201094821563, -18.10035710003204], [-0.49466262270333916, -0.5062794942543516, 0.7063922257006916, -2.273652249425523], [0.3189964455096076, -0.8618373877310443, -0.3943063783466447, 53.07579180086117], [0.0, 0.0, 0.0, 1.0]]}, {"class": "Milk", "pose": [[0.8360703932240061, 0.029768710217643813, 0.5478139510781102, -17.170897896536264], [-0.4389876201062589, -0.5625977825939781, 0.7005523660272268, 9.821634565152632], [0.32905344654799734, -0.8261946108765301, -0.4573032138714352, 36.98377242746774], [0.0, 0.0, 0.0, 1.0]]}, {"class": "ChocolatePudding", "pose": [[0.9952927633243243, 0.06340145208577087, -0.07329784906272456, -10.928273951364664], [0.09680782923256778, -0.6150227158760972, 0.7825441305691524, -12.591106469191956], [0.004534609564475312, -0.7859562939406535, -0.6182653770629979, 61.111172131028525], [0.0, 0.0, 0.0, 1.0]]}, {"class": "Yogurt", "pose": [[0.9787501976456031, 0.057696813855158686, 0.19677177594673334, 12.021722540124358], [-0.13765316821362678, -0.526376822684719, 0.8390345993781507, 20.70536985721828], [0.15198573233296495, -0.848291512431416, -0.5072492308990847, 39.505181749956975], [0.0, 0.0, 0.0, 1.0]]}]}