{"camera": {"camera": "RealSense D415", "extrinsics": [[-0.96296954, 0.2691983, 0.014898878, 0.708276], [0.21978103, 0.8158019, -0.53494257, -0.31215706], [-0.15616016, -0.5118589, -0.844757, 0.3425885], [0.0, 0.0, 0.0, 1.0]], "height": 480, "intrinsics": [[603.0301, 0.0, 326.28275], [0.0, 603.81976, 245.73769], [0.0, 0.0, 1.0]], "width": 640}, "objects": [{"class": "MacaroniAndCheese", "pose": [[0.6391734185759337, 0.041147576680954326, 0.7679611117555732, 25.671412543639775], [-0.6206429871426282, -0.5620906366384342, 0.5466776555669635, 23.46219266036179], [0.4541581805589032, -0.8260514253682162, -0.3337354052256795, 31.05093294801291], [0.0, 0.0, 0.0, 1.0]]}, {"class": "OrangeJuice", "pose": [[-0.7756754291543411, 0.016816361098894513, 0.6309079884224289, 34.75379403958974], [-0.5281397386460568, -0.564588934781735, -0.634277393233446, 9.644145233757973], [0.3455373965355216, -0.8252008905990648, 0.44681912310525146, 38.549800821613935], [0.0, 0.0, 0.0, 1.0]]}, {"class": "TomatoSauce", "pose": [[0.00425615068175991, -0.02670147509172271, -0.9996344170039971, 30.55410809053432], [0.8724123498505238, -0.48848313414848227, 0.016762453963648578, -0.6795529263230016], [-0.48875209732313396, -0.8721646722668851, 0.021215627127708383, 51.61585366990577], [0.0, 0.0, 0.0, 1.0]]}, {"class": "Mushrooms", "pose": [[0.40293472313108025, 0.0717607639887639, -0.9124111205463493, 11.482247062440587], [0.7921615007250562, -0.5266533571686388, 0.3084095629745361, 8.44966140532763], [-0.4583926342715777, -0.8470458034514282, -0.2690530258582326, 48.12913209618014], [0.0, 0.0, 0.0, 1.0]]}, {"class": "Pineapple", "pose": [[0.6964468972056462, -0.019955266806262518, 0.7173308566825597, 4.42678975551326], [-0.5977547531946853, -0.5692185330354593, 0.5645171184864426, 27.30342093390583], [0.3970529033580097, -0.8219440466849486, -0.40835879698707245, 34.07376338311007], [0.0, 0.0, 0.0, 1.0]]}, {"class": "Cherries", "pose": [[0.9189454061611493, 0.06199098559279162, 0.3894823608973459, -9.915421746108366], [-0.2903779615232498, -0.5619136370351102, 0.7745539131381955, 26.134468141336377], [0.2668707972812185, -0.82486977520711, -0.4983670961558765, 33.83884569256034], [0.0, 0.0, 0.0, 1.0]]}, {"class": "PeasAndCarrots", "pose": [[0.6519911493608341, 0.0003629849345903235, 0.7582265233073123, -0.6832288869636938], [-0.6405386921040724, -0.534841675311379, 0.5510486608729209, 13.666437280601635], [0.40573114057873066, -0.8449521951864395, -0.34847949787166005, 38.1259007981531], [0.0, 0.0, 0.0, 1.0]]}, {"class": "BBQSauce", "pose": [[0.9539074593347144, 0.06820787194784012, 0.29224697856360693, 18.839585689182382], [-0.19991012546586323, -0.5818806006070314, 0.7883216150503186, -4.886594027830505], [0.22382257760174018, -0.8104089211042116, -0.5414247550426629, 50.089739405470915], [0.0, 0.0, 0.0, 1.0]]}, {"class": "Raisins", "pose": [[0.04864961104164634, -0.1859420480432362, -0.98135560392989, 19.770806956112263], [-0.5339029529817305, -0.8352129428427073, 0.13178405551328246, -16.03711605077538], [-0.8441450186011955, 0.5175373692588977, -0.13990779111239363, 60.884546737600154], [0.0, 0.0, 0.0, 1.0]]}, {"class": "Ketchup", "pose": [[0.8662329337365141, 0.002101708142925103, 0.49963600609116454, 9.085404784818829], [-0.3928537548615474, -0.6150088481406232, 0.683688601910287, -2.521620363488947], [0.3087174617805283, -0.7885173888309742, -0.5319152068944385, 48.37602405357693], [0.0, 0.0, 0.0, 1.0]]}, {"class": "AlphabetSoup", "pose": [[0.9997045720190144, 0.015365485343532787, 0.018834059415146393, 5.031039071431431], [-0.007887935288932944, -0.5278314062703119, 0.8493125734461361, -10.950185621334638], [0.022991315588525803, -0.8492101439823775, -0.5275542263952788, 57.85913534103832], [0.0, 0.0, 0.0, 1.0]]}, {"class": "Mayo", "pose": [[-0.2803657080167046, 0.958345896028073, -0.05448178212997269, 0.44207556939503956], [0.8183504963187137, 0.20897353502224103, -0.5353807871201006, -17.576144926022227], [-0.5016946927883188, -0.1946875815544428, -0.8428517733499166, 63.82083302380905], [0.0, 0.0, 0.0, 1.0]]}, {"class": "SaladDressing", "pose": [[0.9637963918396291, -0.006616472618916715, -0.2665572895581951, 1.4845324871821552], [0.20989234359366038, -0.5977115093154027, 0.7737481606535682, -3.82895224246661], [-0.1644438207334816, -0.8016839430355394, -0.5746834052973407, 48.88050076129888], [0.0, 0.0, 0.0, 1.0]]}, {"class": "Mustard", "pose": [[0.20453547018040022, 0.048567978057740394, 0.9776535399593673, -7.391744995161764], [-0.8573585156483923, -0.47305457032196824, 0.20286894667444713, -5.442208884714766], [0.4723363752639144, -0.8796933999425027, -0.055116256428840195, 48.328004812760504], [0.0, 0.0, 0.0, 1.0]]}, {"class": "Cookies", "pose": [[0.30585320241353137, -0.9514185422743823, -0.03544893848187956, -1.7730739698519238], [0.8185705819330995, 0.24376747335373308, 0.5201150658369343, 15.042339535106352], [-0.4862057785784344, -0.18809631064384477, 0.8533602110607774, 42.69248819768258], [0.0, 0.0, 0.0, 1.0]]}, {"class": "Parmesan", "pose": [[0.5540484514920441, -0.0006880365243116307, 0.8324841687711694, -13.15702868900237], [-0.6763126087248872, -0.5834686146401826, 0.44962839255514003, 4.231332854808134], [0.48541899024650714, -0.8121353770443349, -0.3237351761605466, 45.61371367837158], [0.0, 0.0, 0.0, 1.0]]}, {"class": "CreamCheese", "pose": [[0.81097054618538, 0.033728683980544606, 0.5841140302597981, -17.866615588257083], [-0.4951896847676673, -0.4921707254410988, 0.7159296149067991, -3.040425561036786], [0.3116311729647645, -0.8698449909513655, -0.3824338305851195, 52.346932184323194], [0.0, 0.0, 0.0, 1.0]]}, {"class": "Milk", "pose": [[0.8382961889847356, 0.033501245568725795, 0.5441849109711041, -16.99400602462191], [-0.4395295369894961, -0.5490571822709155, 0.7108797768206923, 9.317210307492463], [0.3226039739182239, -0.8351130700305145, -0.44554771607422866, 36.45226796966309], [0.0, 0.0, 0.0, 1.0]]}, {"class": "ChocolatePudding", "pose": [[0.9947297007730194, 0.06740020518915488, -0.07726633154288123, -10.642228944446908], [0.10230193574868658, -0.601933275722932, 0.7919663540212093, -13.445440176259801], [0.006869526958158921, -0.7956968728371973, -0.605656030415828, 60.22093322708584], [0.0, 0.0, 0.0, 1.0]]}, {"class": "Yogurt", "pose": [[0.9794029070932844, 0.06124065130206993, 0.19240472825514665, 12.135243372842053], [-0.1345900286946851, -0.5123293714425831, 0.8481769860797488, 20.32249881872343], [0.15051750135199138, -0.8566026821868339, -0.4935344543997484, 39.17123746099317], [0.0, 0.0, 0.0, 1.0]]}]}