{"camera": {"camera": "RealSense D415", "extrinsics": [[-0.95916927, 0.2816041, 0.026333002, 0.7023533], [0.22552903, 0.81769836, -0.5296282, -0.31499657], [-0.17067795, -0.5020643, -0.84782106, 0.3421523], [0.0, 0.0, 0.0, 1.0]], "height": 480, "intrinsics": [[603.0301, 0.0, 326.28275], [0.0, 603.81976, 245.73769], [0.0, 0.0, 1.0]], "width": 640}, "objects": [{"class": "MacaroniAndCheese", "pose": [[0.6285341656766256, 0.05213583718483011, 0.7760326387939538, 25.40375889966168], [-0.6266712404988238, -0.5570241214021756, 0.5449837903562902, 23.420180022399823], [0.4606821218382778, -0.8288582684305252, -0.31743667182848967, 30.611587083899217], [0.0, 0.0, 0.0, 1.0]]}, {"class": "OrangeJuice", "pose": [[-0.7838520346731284, 0.027782049735932183, 0.6203258376583611, 34.293412088458766], [-0.5264833574554236, -0.5594074171825562, -0.6402176685838292, 9.509989095147574], [0.32922832531939933, -0.8284271522058207, 0.453119465973545, 38.17080475303288], [0.0, 0.0, 0.0, 1.0]]}, {"class": "TomatoSauce", "pose": [[0.016591901409190958, -0.014581261102911372, -0.9997560177601147, 29.827465280986214], [0.8754703247105416, -0.4827902900138819, 0.021570666722283468, -0.8756745673506983], [-0.4829870598791369, -0.8756146279978443, 0.00475503671091078, 51.09872727307345], [0.0, 0.0, 0.0, 1.0]]}, {"class": "Mushrooms", "pose": [[0.4143184422062809, 0.08326449717900034, -0.9063152053080485, 10.860524219783564], [0.7930574199704047, -0.5216059120693198, 0.3146223901242988, 8.36972989394187], [-0.44654251959840835, -0.8491138579412242, -0.28214450480470027, 47.35529365384375], [0.0, 0.0, 0.0, 1.0]]}, {"class": "Pineapple", "pose": [[0.6868579330236314, -0.009060554163279508, 0.7267352238718311, 4.1307158752021955], [-0.6037039350229921, -0.5638757190687632, 0.5635474953593077, 27.347129625799], [0.404682330299461, -0.8258099829020058, -0.39277241607755614, 33.30662349113969], [0.0, 0.0, 0.0, 1.0]]}, {"class": "Cherries", "pose": [[0.9129720044829132, 0.0729573667573265, 0.40144656067971174, -10.211107173889179], [-0.29660981477367615, -0.5569577200651316, 0.7757710764672036, 26.2506369361095], [0.2801870042184943, -0.8273302643909473, -0.48684696100364416, 32.82654818909113], [0.0, 0.0, 0.0, 1.0]]}, {"class": "PeasAndCarrots", "pose": [[0.6420577092615392, 0.011803012037790103, 0.7665654481516527, -1.1118076808593336], [-0.6463218056942385, -0.529454181110893, 0.5494965339578071, 13.710097566958195], [0.4123470324870969, -0.848256452301577, -0.3323116053893447, 37.18563551356791], [0.0, 0.0, 0.0, 1.0]]}, {"class": "BBQSauce", "pose": [[0.9490813389065483, 0.07883661036037713, 0.30500721372047135, 18.119673211415066], [-0.20604413017650952, -0.5770467185599504, 0.7902929509127051, -5.014943074190143], [0.23830745447473603, -0.8128972367559892, -0.5314204801895261, 49.35164170972033], [0.0, 0.0, 0.0, 1.0]]}, {"class": "Raisins", "pose": [[0.06007355758267239, -0.19854851339369903, -0.9782482583290372, 18.817573363787552], [-0.528759419949005, -0.8375566142900436, 0.13752251058462825, -16.23833854821333], [-0.8466431902953514, 0.5089965464417826, -0.15529942429211158, 60.08837915980254], [0.0, 0.0, 0.0, 1.0]]}, {"class": "Ketchup", "pose": [[0.8590767444255403, 0.012216561572570575, 0.5117009890803808, 8.406848052961347], [-0.39908764418603143, -0.6099861460684132, 0.6845772426147081, -2.5909121065643417], [0.3204937253408501, -0.7923179295370845, -0.5191494560334485, 47.491785942989154], [0.0, 0.0, 0.0, 1.0]]}, {"class": "AlphabetSoup", "pose": [[0.999135161782135, 0.026907886070924394, 0.03170005635740576, 4.154856752704516], [-0.012977836545891, -0.5224912629140229, 0.8525458950580938, -11.059443832506954], [0.039503226723834925, -0.8522199808137472, -0.5216902208483837, 56.851943430977194], [0.0, 0.0, 0.0, 1.0]]}, {"class": "Mayo", "pose": [[-0.268034128724083, 0.9624461498451302, -0.043071033220576975, -0.5644646558921051], [0.8229000923993539, 0.20546506747975243, -0.5297353973617243, -17.70039624552918], [-0.5009922386836576, -0.17743031768258727, -0.8470686786172693, 62.693991283532924], [0.0, 0.0, 0.0, 1.0]]}, {"class": "SaladDressing", "pose": [[0.967398153958328, 0.0038019899061527756, -0.2532318226567387, 0.7924104426911827], [0.20616461094011523, -0.5925625444286726, 0.7786949539963881, -3.8638191602776093], [-0.1470950969184825, -0.805515500467218, -0.5740277851447643, 47.861809508327156], [0.0, 0.0, 0.0, 1.0]]}, {"class": "Mustard", "pose": [[0.19251388336279046, 0.06087659351130607, 0.9794041272581606, -8.081173636923634], [-0.8613451808783392, -0.4676866026109687, 0.19837784240983117, -5.429613708571502], [0.47013079326087104, -0.881795517489531, -0.03760039510282599, 47.15192256132747], [0.0, 0.0, 0.0, 1.0]]}, {"class": "Cookies", "pose": [[0.31784101183618463, -0.9469737014671341, -0.047094578667466115, -2.2706482429130648], [0.8201225828869939, 0.2496606100848326, 0.514848109692696, 15.062312047219361], [-0.4757899871541244, -0.20226319732924236, 0.8559869007634655, 41.742300653850805], [0.0, 0.0, 0.0, 1.0]]}, {"class": "Parmesan", "pose": [[0.542633520009688, 0.009971985188995261, 0.8399103653894069, -13.753717739593219], [-0.6821168210731186, -0.5782829837652279, 0.44755500258627046, 4.289382663649988], [0.4901689217952167, -0.8157753346783355, -0.3069936784124033, 44.404808507454284], [0.0, 0.0, 0.0, 1.0]]}, {"class": "CreamCheese", "pose": [[0.8032790128957706, 0.04578350158669701, 0.5938406333680273, -18.609578916812154], [-0.5011654809640552, -0.48679136358709385, 0.7154490731494413, -3.0016564531836876], [0.3218322885816366, -0.8723176549139184, -0.36808419430940387, 51.01209825025865], [0.0, 0.0, 0.0, 1.0]]}, {"class": "Milk", "pose": [[0.8306877487025023, 0.04470416875347013, 0.55494089853507, -17.413405931827796], [-0.44571203819916533, -0.5438956643527493, 0.7109981241507853, 9.452316210898337], [0.33361456101483905, -0.837961270753499, -0.43188229941116, 35.213973597578224], [0.0, 0.0, 0.0, 1.0]]}, {"class": "ChocolatePudding", "pose": [[0.9949619391681551, 0.07768776625857368, -0.06336678937565195, -11.567354143659403], [0.09733555942709268, -0.5971882832764015, 0.7961733419499218, -13.49212166990516], [0.024011037218765248, -0.7983300119860017, -0.6017414305187259, 58.93757645996014], [0.0, 0.0, 0.0, 1.0]]}, {"class": "Yogurt", "pose": [[0.9761061265958313, 0.07297394440883138, 0.20467445486620933, 11.719602805053796], [-0.1403861889114348, -0.5071696048600008, 0.8503356731975797, 20.29590415489026], [0.16585703282826128, -0.8587513287032057, -0.48480685562448145, 38.486082014840115], [0.0, 0.0, 0.0, 1.0]]}]}