{"camera": {"camera": "RealSense D415", "extrinsics": [[-0.9547513, 0.2956467, 0.032294706, 0.6971443], [0.23519994, 0.81704897, -0.5264142, -0.31823936], [-0.182019, -0.49499896, -0.8496147, 0.3414464], [0.0, 0.0, 0.0, 1.0]], "height": 480, "intrinsics": [[603.0301, 0.0, 326.28275], [0.0, 603.81976, 245.73769], [0.0, 0.0, 1.0]], "width": 640}, "objects": [{"class": "MacaroniAndCheese", "pose": [[0.6166895480812351, 0.057595076620964254, 0.7850966738227791, 25.446787862590654], [-0.6343961260793658, -0.5541273646508212, 0.5389660707755092, 23.527892825332003], [0.4660853611635982, -0.8304370584212585, -0.3051864465090217, 30.19555736381287], [0.0, 0.0, 0.0, 1.0]]}, {"class": "OrangeJuice", "pose": [[-0.7928942579684277, 0.0332166015639511, 0.6084532289933553, 34.10845339337291], [-0.5204410516403798, -0.5562839827774041, -0.6478342756904152, 9.504482538677617], [0.3169539188183908, -0.8303281435395025, 0.4583616764249223, 37.8100575053609], [0.0, 0.0, 0.0, 1.0]]}, {"class": "TomatoSauce", "pose": [[0.030961140733058688, -0.007820404690751473, -0.9994899838648654, 29.38002239333595], [0.8772249662104539, -0.47908264216348656, 0.030922275486883304, -0.8911256549322899], [-0.4790801293824807, -0.8777349853610944, -0.007972711407498527, 50.636246225663996], [0.0, 0.0, 0.0, 1.0]]}, {"class": "Mushrooms", "pose": [[0.42740066810378435, 0.08931042359108757, -0.8996400924556568, 10.549790902443224], [0.7909403803986088, -0.518920786931311, 0.3242445651542273, 8.546756849552557], [-0.43788351932041303, -0.8501440475356978, -0.29242633426274794, 46.68853854564071], [0.0, 0.0, 0.0, 1.0]]}, {"class": "Pineapple", "pose": [[0.6759401382885143, -0.0036966600357666037, 0.7369472457145678, 4.178378327361343], [-0.6117499920896184, -0.5604172770003668, 0.5582960050944368, 27.643143512166063], [0.41093415636386454, -0.8282021792367545, -0.3810699521927273, 32.63399380074464], [0.0, 0.0, 0.0, 1.0]]}, {"class": "Cherries", "pose": [[0.9064891273587168, 0.07839495048433998, 0.41488754202818995, -10.165683449572827], [-0.3062874051612025, -0.5542623411607399, 0.7739388148278864, 26.683096280160306], [0.2906294585508219, -0.8286419764195755, -0.4784213955929154, 31.965522590853396], [0.0, 0.0, 0.0, 1.0]]}, {"class": "PeasAndCarrots", "pose": [[0.6306497440131116, 0.01777376955474484, 0.7758640166312761, -1.2404810254852405], [-0.6539767081523643, -0.5261022189363012, 0.5436275626852092, 14.04025966745779], [0.41784610869823074, -0.85023560719006, -0.32016258484566307, 36.38858185340633], [0.0, 0.0, 0.0, 1.0]]}, {"class": "BBQSauce", "pose": [[0.9439766360195972, 0.08390060145928789, 0.3191688871665002, 17.657588322213012], [-0.21589535323472253, -0.5744638516217891, 0.7895444801390727, -4.913351406388084], [0.249594268810659, -0.8142186485668365, -0.524166702801722, 48.72196223007802], [0.0, 0.0, 0.0, 1.0]]}, {"class": "Raisins", "pose": [[0.06602395798047102, -0.21287583897291465, -0.9748459842279568, 18.112720005362593], [-0.525866528309332, -0.8377128464603509, 0.14731458775609535, -16.186181901909986], [-0.8480007480826279, 0.5029125809192474, -0.16725341918060269, 59.419874603388536], [0.0, 0.0, 0.0, 1.0]]}, {"class": "Ketchup", "pose": [[0.8511271221081484, 0.016717285852055563, 0.5246933706240675, 7.992499436355316], [-0.40841788126298095, -0.6068603816054016, 0.6818469901590573, -2.3908647329627772], [0.32981427204788516, -0.7946326490031128, -0.5096876868386927, 46.74786048521867], [0.0, 0.0, 0.0, 1.0]]}, {"class": "AlphabetSoup", "pose": [[0.9983801963672959, 0.03299260936875128, 0.04635137581393016, 3.5417446689635423], [-0.022503296034982096, -0.5192652109878493, 0.8543168316332458, -10.856999099693967], [0.052254820247153375, -0.8539760929402114, -0.5176816642210412, 56.01734504665811], [0.0, 0.0, 0.0, 1.0]]}, {"class": "Mayo", "pose": [[-0.25388749609651545, 0.9665215327946205, -0.03711124871763606, -1.3140068193273735], [0.8273985504868073, 0.19715061340297393, -0.5258738259066735, -17.477022110625043], [-0.5009518802498092, -0.16421856452551054, -0.8497526203328349, 61.770668595564736], [0.0, 0.0, 0.0, 1.0]]}, {"class": "SaladDressing", "pose": [[0.9710893586850331, 0.008635894620708046, -0.2385599664319115, 0.36239882729443007], [0.19768085729014637, -0.5893053650551542, 0.7833527122981102, -3.5938239496727533], [-0.13381969792206624, -0.8078642498227048, -0.5739753316385674, 47.01492296205131], [0.0, 0.0, 0.0, 1.0]]}, {"class": "Mustard", "pose": [[0.17841525161677285, 0.06784819972866056, 0.9816132632535622, -8.5155332295061], [-0.8650087134734186, -0.46466207600861764, 0.18933855186143317, -5.073478729565728], [0.4689647432084948, -0.8828849388723377, -0.024213495471272033, 46.18480914456613], [0.0, 0.0, 0.0, 1.0]]}, {"class": "Cookies", "pose": [[0.33156378239841694, -0.9419261789333111, -0.053296439402175495, -2.4451639638279232], [0.8190269745158679, 0.2593438403419697, 0.5117964380284638, 15.384814820383507], [-0.4682523565251748, -0.21334440663182422, 0.8574520008669245, 40.935614120384805], [0.0, 0.0, 0.0, 1.0]]}, {"class": "Parmesan", "pose": [[0.5299037367732877, 0.015070147729203105, 0.8479238758357552, -14.061441565749766], [-0.6891529642187443, -0.5750428415347276, 0.4409012687606438, 4.709311063294969], [0.4942370187264314, -0.8179845104407605, -0.2943316989767772, 43.4057443939932], [0.0, 0.0, 0.0, 1.0]]}, {"class": "CreamCheese", "pose": [[0.7943676974467134, 0.052457052603315964, 0.6051679086803796, -19.069615474618264], [-0.509972750832421, -0.4836627340151314, 0.7113354761432781, -2.56258360742877], [0.3300117473165333, -0.873681095211418, -0.3574543740485275, 49.9197792142529], [0.0, 0.0, 0.0, 1.0]]}, {"class": "Milk", "pose": [[0.8221383796705432, 0.05040377621542964, 0.567051957784401, -17.554358762877932], [-0.4548268495379554, -0.5408930635064454, 0.7075077648171443, 9.94350027300326], [0.34237555476233744, -0.839579770433013, -0.4217639477290446, 34.1903534174676], [0.0, 0.0, 0.0, 1.0]]}, {"class": "ChocolatePudding", "pose": [[0.995434997861275, 0.0823768356260945, -0.048199593321493116, -12.227978009798868], [0.08790620218333849, -0.5946525857533204, 0.799162566916865, -13.150611411762695], [0.037170493187327805, -0.7997514577357114, -0.5991794383229223, 57.89108055623042], [0.0, 0.0, 0.0, 1.0]]}, {"class": "Yogurt", "pose": [[0.9725416707835369, 0.0792796632109574, 0.21880907751262493, 11.633978387306653], [-0.1502007885211661, -0.5043497395567021, 0.8503358570725258, 20.500171432712627], [0.17777066482810655, -0.8598523782583105, -0.47859326923104256, 37.88087355310974], [0.0, 0.0, 0.0, 1.0]]}]}