{"camera": {"camera": "RealSense D415", "extrinsics": [[-0.98698443, -0.13049452, 0.0939835, 0.6604103], [-0.16053362, 0.834092, -0.5277494, -0.096130654], [-0.009522478, -0.535968, -0.8441846, 0.2192715], [0.0, 0.0, 0.0, 1.0]], "height": 480, "intrinsics": [[603.75165, 0.0, 326.28275], [0.0, 603.20245, 245.73769], [0.0, 0.0, 1.0]], "width": 640}, "objects": [{"class": "ChocolatePudding", "pose": [[0.9033351890331591, 0.07465828892740549, 0.42238797389950083, 15.147404109786123], [-0.2986605324459354, -0.5973342612507602, 0.744307469589724, 11.853238177355125], [0.30787556123115606, -0.7985097749233901, -0.5172956421720634, 48.6042657652799], [0.0, 0.0, 0.0, 1.0]]}, {"class": "MacaroniAndCheese", "pose": [[0.12465107501878916, 0.9666269038865307, 0.2238179227083192, 8.575884386940702], [-0.5003920410646843, 0.25603345633575736, -0.8270759439542567, 1.9434221028082233], [-0.8567787726326498, -0.008900816524541747, 0.5156073249024853, 49.3029963560942], [0.0, 0.0, 0.0, 1.0]]}, {"class": "Milk", "pose": [[0.19515659003121646, 0.9732778530199097, 0.12101260485755276, 0.2895608151651685], [0.8292559069715654, -0.09786469946438967, -0.55023366304094, -8.909659158908065], [-0.5236874480276908, 0.20773215786489066, -0.8261953828416444, 57.83661587647695], [0.0, 0.0, 0.0, 1.0]]}, {"class": "Ketchup", "pose": [[0.8094583265871015, 0.09696916491403834, 0.5791149479341297, -5.098763906567594], [-0.4330437275586863, -0.5674858602463235, 0.7003091253400224, 2.70019433929386], [0.3965479783808594, -0.817653180092686, -0.4173643266837514, 45.68871004169016], [0.0, 0.0, 0.0, 1.0]]}, {"class": "OrangeJuice", "pose": [[-0.7547163765370906, -0.6495103741943036, -0.09240881530875199, 21.207112741613223], [0.525804220450306, -0.6830878527727969, 0.5068736033202308, 0.2845766441080394], [-0.392343049780322, 0.3339569184964374, 0.8570529220178004, 55.36857726301666], [0.0, 0.0, 0.0, 1.0]]}]}