{"camera": {"camera": "RealSense D415", "extrinsics": [[-0.6655283, -0.7425948, 0.075000614, 0.5553787], [-0.51752627, 0.38672674, -0.76328826, 0.13875742], [0.53780913, -0.5468047, -0.6416899, 0.006563402], [0.0, 0.0, 0.0, 1.0]], "height": 480, "intrinsics": [[607.7151, 0.0, 326.28275], [0.0, 609.8564, 245.73769], [0.0, 0.0, 1.0]], "width": 640}, "objects": [{"class": "Cookies", "pose": [[-0.945406069952486, 0.11294736947929888, 0.3056964841900175, -3.406654241308149], [-0.28187525793584156, -0.7541888957022299, -0.5930813207488319, 0.02502879975922745], [0.16356592317253504, -0.646870925596734, 0.7448517735420987, 59.9929822933977], [0.0, 0.0, 0.0, 1.0]]}, {"class": "Mustard", "pose": [[0.49673651703731914, 0.1087084105215409, -0.8610664317838359, 4.106894947883777], [0.5896614072270546, -0.7702515738111856, 0.24292373767609665, 7.800421153729584], [-0.6368298862497392, -0.6284067060678096, -0.44671319423385847, 53.211814251987974], [0.0, 0.0, 0.0, 1.0]]}, {"class": "AlphabetSoup", "pose": [[0.7535631209813827, 0.10090207005185703, -0.6495856223605034, 11.654807114054721], [0.4666679251727346, -0.778071841265709, 0.4205059594137621, 11.311154940972603], [-0.4629943409199451, -0.6200185290371437, -0.6334139515997339, 56.45473701502476], [0.0, 0.0, 0.0, 1.0]]}, {"class": "GranolaBars", "pose": [[0.7566636706211639, 0.10974169105203314, -0.644528460681591, 14.327771674798228], [0.48085982203995986, -0.761344918215668, 0.4348882057644244, 3.7056514001656757], [-0.4429830836442674, -0.6389919171193554, -0.6288523575654419, 62.092537009158335], [0.0, 0.0, 0.0, 1.0]]}, {"class": "Milk", "pose": [[-0.637065848199263, -0.7600318647147751, -0.12844748147694282, -10.66432545763315], [0.42508373610612166, -0.4854241720518658, 0.7639811482909415, 8.925432418987405], [-0.6430014755669831, 0.43210534617600754, 0.6323243174030734, 55.762987414387325], [0.0, 0.0, 0.0, 1.0]]}]}