{"camera": {"camera": "RealSense D415", "extrinsics": [[-0.9440325, 0.3263302, -0.04807498, 0.7350714], [0.3065072, 0.81399643, -0.4934199, -0.34664145], [-0.12188496, -0.48053974, -0.8684616, 0.28987327], [0.0, 0.0, 0.0, 1.0]], "height": 480, "intrinsics": [[603.0301, 0.0, 326.28275], [0.0, 603.81976, 245.73769], [0.0, 0.0, 1.0]], "width": 640}, "objects": [{"class": "MacaroniAndCheese", "pose": [[0.5938660919471065, -0.023825978730968003, 0.8042110227946568, 33.07289903312794], [-0.6927298282951775, -0.5235232672923148, 0.49603314957241645, 23.67912086826014], [0.409204687279626, -0.8516781724269646, -0.32740764252709165, 29.411698061334757], [0.0, 0.0, 0.0, 1.0]]}, {"class": "OrangeJuice", "pose": [[-0.8100825947225272, -0.04825801820247932, 0.5843263942508768, 41.11123246044911], [-0.4775006265467836, -0.5240217925917295, -0.7052619544661373, 8.810002869495648], [0.3402342674055663, -0.8503365946477051, 0.40145768014977523, 36.041602949876214], [0.0, 0.0, 0.0, 1.0]]}, {"class": "TomatoSauce", "pose": [[0.06765966110927134, -0.0861691113295055, -0.9939804002709067, 36.32991209143081], [0.8913344169530789, -0.44239936259001095, 0.09902460813297267, -1.7389693354858793], [-0.4482691221348954, -0.8926688506981328, 0.04687288127465014, 48.72213959605937], [0.0, 0.0, 0.0, 1.0]]}, {"class": "Mushrooms", "pose": [[0.4586852107026051, 0.009223189470043063, -0.8885509506326307, 18.028236065970148], [0.7767640310607757, -0.48980111417162825, 0.3958947088399424, 9.104580052978845], [-0.4315617917715809, -0.8717854046632273, -0.2318287686297231, 46.13336877117725], [0.0, 0.0, 0.0, 1.0]]}, {"class": "Pineapple", "pose": [[0.6516563147489719, -0.08521274793977099, 0.7537126883951121, 12.296774576407977], [-0.6719993478281824, -0.5257192253800398, 0.521570977399362, 29.129830225657262], [0.35179674007580325, -0.8463793983209221, -0.39985111933724754, 33.1357982500705], [0.0, 0.0, 0.0, 1.0]]}, {"class": "Cherries", "pose": [[0.8965375314409976, -0.0030218943406141157, 0.442957452227323, -2.0946790159916184], [-0.3783872518344074, -0.5251414117776052, 0.7622661590064488, 29.173370586921898], [0.23031181387968339, -0.8510096138538396, -0.47195238677337603, 33.20522775705093], [0.0, 0.0, 0.0, 1.0]]}, {"class": "PeasAndCarrots", "pose": [[0.6039380245798992, -0.06255129782040111, 0.7945729539941313, 6.139478466141989], [-0.7112925399192642, -0.4920981294429933, 0.5018988598661369, 15.788723908617996], [0.359613423320268, -0.868289560719954, -0.34168900242461314, 36.68573150812754], [0.0, 0.0, 0.0, 1.0]]}, {"class": "BBQSauce", "pose": [[0.9381037569740811, 0.0017886732016001012, 0.3463497125893736, 24.27247640982958], [-0.28919977072061676, -0.54622413621777, 0.786131539571664, -4.8769856977404435], [0.1905907087516222, -0.8376371494699267, -0.5118975849041995, 47.297589066425054], [0.0, 0.0, 0.0, 1.0]]}, {"class": "Raisins", "pose": [[-0.014351651336955538, -0.2449100226473804, -0.9694395765194481, 24.48507462215055], [-0.49522848453707063, -0.8405306232829175, 0.219675058456265, -16.56845534207915], [-0.8686442142323924, 0.48324675050611393, -0.1092234273000493, 57.54422400283015], [0.0, 0.0, 0.0, 1.0]]}, {"class": "Ketchup", "pose": [[0.8362488421139501, -0.06640495021425794, 0.5443144663350084, 14.719062545064542], [-0.47798978567632, -0.5747312485840818, 0.6642363047674416, -1.6278883487742146], [0.2687259497714378, -0.8156435400850113, -0.5123591799727293, 45.93758563115217], [0.0, 0.0, 0.0, 1.0]]}, {"class": "AlphabetSoup", "pose": [[0.9957280206643879, -0.04710305278727, 0.07941657820219664, 10.167338858156604], [-0.092305454822047, -0.4861681323336105, 0.868976617633847, -10.131718035282763], [-0.002321622754392146, -0.872594890382962, -0.4884390619213728, 55.123155218586525], [0.0, 0.0, 0.0, 1.0]]}, {"class": "Mayo", "pose": [[-0.22071997425207904, 0.9682713043251008, -0.11718940139011955, 5.161350872739701], [0.8618722236822471, 0.13738406077903975, -0.4881618602163595, -16.628745929418383], [-0.45657313449036985, -0.20874932905241783, -0.8648494899964396, 60.887916760046856], [0.0, 0.0, 0.0, 1.0]]}, {"class": "SaladDressing", "pose": [[0.9744137462942286, -0.07390561577504282, -0.21226349804241854, 7.047207847111336], [0.1364016527161335, -0.5561589728845523, 0.8198060123573897, -2.319459663559842], [-0.17864048512370945, -0.8277832831338962, -0.5318480639281598, 46.57102345305503], [0.0, 0.0, 0.0, 1.0]]}, {"class": "Mustard", "pose": [[0.1412664905985394, -0.01004026615587056, 0.9899206803077396, -1.9432437498023147], [-0.8929767121702561, -0.43295918014846174, 0.12304085389735048, -3.158782193683174], [0.42735985293186385, -0.9013576006475723, -0.07012832325249081, 46.16671791784718], [0.0, 0.0, 0.0, 1.0]]}, {"class": "Cookies", "pose": [[0.36361849886266373, -0.9311700502429425, 0.026531234929102532, 5.2658583642242185], [0.8124724068177562, 0.3309427887897603, 0.4799641346901189, 17.031330863864625], [-0.45570850637060983, -0.15296794806796687, 0.8768868307544827, 41.33624825888585], [0.0, 0.0, 0.0, 1.0]]}, {"class": "Parmesan", "pose": [[0.5050187599633428, -0.06701619918331621, 0.8605026802651776, -6.926639238854005], [-0.7425351213131687, -0.5419777805612616, 0.3935756482245106, 7.0802062598234405], [0.4399973650213524, -0.8377164904686698, -0.3234707872999041, 44.04253106844788], [0.0, 0.0, 0.0, 1.0]]}, {"class": "CreamCheese", "pose": [[0.7726142527189039, -0.026230977059828128, 0.6343336140782253, -12.091136098124021], [-0.5753835552850802, -0.4512193298885924, 0.6821546690622362, -0.0863746432376633], [0.26832999899307064, -0.8920274876202987, -0.3637113179920245, 50.551217746951906], [0.0, 0.0, 0.0, 1.0]]}, {"class": "Milk", "pose": [[0.8047675398651298, -0.03053278891677399, 0.5928042992352834, -10.511878869806745], [-0.5227826236540171, -0.5094803173398051, 0.6834678094319956, 12.89946030309112], [0.2811539381777099, -0.8599404346214562, -0.4259751892018163, 35.221931691048546], [0.0, 0.0, 0.0, 1.0]]}, {"class": "ChocolatePudding", "pose": [[0.9997399016643039, -0.00040062434893870224, -0.022802415043659652, -5.607614287014084], [0.018558609256953677, -0.5668184350889036, 0.8236337484263443, -11.42121179303305], [-0.013254776554190432, -0.8238426461094004, -0.5666635291028151, 57.7582559106349], [0.0, 0.0, 0.0, 1.0]]}, {"class": "Yogurt", "pose": [[0.9674800738966133, -0.00024790159115570476, 0.2529470829427551, 19.493419187679095], [-0.2228112723474956, -0.4742103585026412, 0.8517510109678196, 21.29531687523849], [0.11973898603199605, -0.8804115304494823, -0.45884426785231497, 37.71471500872835], [0.0, 0.0, 0.0, 1.0]]}]}