{"camera": {"camera": "RealSense D415", "extrinsics": [[-0.935192, 0.35124013, -0.04523661, 0.72323716], [0.32816356, 0.8114726, -0.4835503, -0.34375542], [-0.13313401, -0.46705735, -0.8741469, 0.2966203], [0.0, 0.0, 0.0, 1.0]], "height": 480, "intrinsics": [[603.0301, 0.0, 326.28275], [0.0, 603.81976, 245.73769], [0.0, 0.0, 1.0]], "width": 640}, "objects": [{"class": "MacaroniAndCheese", "pose": [[0.5723552808008296, -0.021906337427524434, 0.819713132293295, 33.156561576141584], [-0.7095347798311554, -0.5143400797756935, 0.48167907920159864, 24.82590762126003], [0.41105946560579554, -0.8573065285011999, -0.30992851147693623, 30.07078737404048], [0.0, 0.0, 0.0, 1.0]]}, {"class": "OrangeJuice", "pose": [[-0.8253815673472219, -0.04636131738694674, 0.5626686154991755, 40.7682456672033], [-0.4631524447187133, -0.5143206646313204, -0.7217784450082224, 9.719988971871906], [0.32285463830685335, -0.8563439568725442, 0.4030384105179478, 36.6688627494889], [0.0, 0.0, 0.0, 1.0]]}, {"class": "TomatoSauce", "pose": [[0.09382977567763585, -0.08184044402165175, -0.9922188212550687, 35.56419698511461], [0.8940899056284245, -0.4314740903508474, 0.1201391143777939, -0.8487864546842194], [-0.4379488946981028, -0.8984054422501575, 0.0326875705616545, 49.16513057302455], [0.0, 0.0, 0.0, 1.0]]}, {"class": "Mushrooms", "pose": [[0.48198490573127767, 0.012170990965432234, -0.8760950245037923, 17.543212382357908], [0.7708834615550827, -0.4811451179515598, 0.4174184003687964, 10.415462301084794], [-0.41644838507929055, -0.8765565173255168, -0.241287100360176, 46.40895706207246], [0.0, 0.0, 0.0, 1.0]]}, {"class": "Pineapple", "pose": [[0.6314631240609758, -0.08340101797162194, 0.7709076906391708, 12.447664236927192], [-0.6894927610768362, -0.5152536917150965, 0.5090318481105258, 30.689544312873824], [0.3547592363776568, -0.8529701023514381, -0.3828680438486984, 33.53285097254158], [0.0, 0.0, 0.0, 1.0]]}, {"class": "Cherries", "pose": [[0.8844802274930345, -0.001154903425050255, 0.46657632570257757, -1.9388418789391904], [-0.40007443838444684, -0.5164167756906832, 0.7571355323393688, 31.0452826497199], [0.24007342472563412, -0.856336655858106, -0.45722241073187775, 33.382637196769736], [0.0, 0.0, 0.0, 1.0]]}, {"class": "PeasAndCarrots", "pose": [[0.5827922615823037, -0.05968195054814798, 0.810426627741663, 5.949496400426635], [-0.7278153416634936, -0.48191587832904237, 0.48789545134978884, 17.450640656882747], [0.36143888170203514, -0.8741826126600789, -0.32429422569326233, 36.85017979256374], [0.0, 0.0, 0.0, 1.0]]}, {"class": "BBQSauce", "pose": [[0.9285731305144584, 0.0029914341129936898, 0.37113753103492486, 23.465383560717274], [-0.3114191133734961, -0.5377317549029875, 0.7834939389611351, -3.709503684206039], [0.20191621431031126, -0.8431107282730592, -0.4983916056382551, 47.524012451364264], [0.0, 0.0, 0.0, 1.0]]}, {"class": "Raisins", "pose": [[-0.011561403005061031, -0.2704634732871776, -0.9626608530069973, 23.266583885366682], [-0.486089766528036, -0.8397965279324023, 0.2417821071618269, -15.50469453073122], [-0.8738324552941683, 0.4707348679777818, -0.12176031556182448, 57.65135827147905], [0.0, 0.0, 0.0, 1.0]]}, {"class": "Ketchup", "pose": [[0.82146693338605, -0.06613462482528645, 0.5664083006866223, 14.006576663185456], [-0.49872169468400745, -0.5649679054359117, 0.6573340048050784, -0.24002534293318112], [0.27652996742596286, -0.8224582486081677, -0.4970851604232329, 46.05171447793178], [0.0, 0.0, 0.0, 1.0]]}, {"class": "AlphabetSoup", "pose": [[0.9934197496411376, -0.04404437254766273, 0.10572307507820627, 9.130406057369333], [-0.11390531328186491, -0.47628041610247246, 0.8718845116399466, -8.734292776429198], [0.011952249630192724, -0.8781896985693983, -0.47816320159185854, 55.078251730061666], [0.0, 0.0, 0.0, 1.0]]}, {"class": "Mayo", "pose": [[-0.1949551176136842, 0.9741330188402096, -0.11426914743562039, 3.896516139127648], [0.8709892383942772, 0.11837928619777523, -0.4768271678447802, -15.178254641830053], [-0.4509659406490556, -0.19248705145294792, -0.8715380116200739, 60.69835071770521], [0.0, 0.0, 0.0, 1.0]]}, {"class": "SaladDressing", "pose": [[0.9797850135795528, -0.07304342278625252, -0.1862419391188619, 6.312678063589361], [0.11696257530634023, -0.5461164917066145, 0.8295038217259644, -0.7709273238199255], [-0.16229955102327223, -0.8345187408901346, -0.5265333580524587, 46.56057732490143], [0.0, 0.0, 0.0, 1.0]]}, {"class": "Mustard", "pose": [[0.11531147009942787, -0.005399936108003752, 0.9933147436174037, -2.6864426272791175], [-0.9000652305030432, -0.42360496339867243, 0.10218352419899053, -1.4104932354115862], [0.4202212209756938, -0.9058309769178926, -0.05370676865054771, 46.01018230942837], [0.0, 0.0, 0.0, 1.0]]}, {"class": "Cookies", "pose": [[0.388097156521902, -0.9213244512412934, 0.023279325134384035, 5.030865266176865], [0.8088900100686256, 0.35262326212179357, 0.4704825644123009, 18.6653897222996], [-0.4416758591443079, -0.16376253947495253, 0.8821022142671793, 41.49938340925953], [0.0, 0.0, 0.0, 1.0]]}, {"class": "Parmesan", "pose": [[0.4819865752831323, -0.06569623709558657, 0.8737122066289833, -7.414109080301612], [-0.7577019243133515, -0.5319898397566076, 0.3779876467317354, 8.955151494500551], [0.43997361699083665, -0.8441983812374573, -0.306190071310725, 43.91593719856447], [0.0, 0.0, 0.0, 1.0]]}, {"class": "CreamCheese", "pose": [[0.7557586504365724, -0.02212382160561466, 0.6544764878450748, -12.832445006544358], [-0.5947000423203321, -0.44160114228159925, 0.6718038014137724, 1.8378368749500995], [0.27415468527121906, -0.8969387117928882, -0.3469008592269034, 50.270492875605164], [0.0, 0.0, 0.0, 1.0]]}, {"class": "Milk", "pose": [[0.7888370740372538, -0.02817947983311939, 0.6139560748741302, -10.735637210449012], [-0.5429414814516472, -0.50007272248638, 0.6746420360001018, 14.938880199344995], [0.28801161487861593, -0.8655248568419663, -0.40977564859922405, 35.10213661426829], [0.0, 0.0, 0.0, 1.0]]}, {"class": "ChocolatePudding", "pose": [[0.9999929017343757, 0.00014437574389369843, 0.0037749133336585166, -6.707685980357581], [-0.0030509189054687483, -0.5584104742443252, 0.8295592148498332, -9.706778141998917], [0.0022277501839233164, -0.829564832630566, -0.5584060134820792, 57.45834228462561], [0.0, 0.0, 0.0, 1.0]]}, {"class": "Yogurt", "pose": [[0.9604712198868397, 0.003173599427302809, 0.2783613449635735, 19.401620657024566], [-0.2449799546865021, -0.46526665822108965, 0.8505949772622634, 22.655021914250046], [0.13221171493999948, -0.8851649282322142, -0.4460977051739813, 38.14009703874857], [0.0, 0.0, 0.0, 1.0]]}]}