{"camera": {"camera": "RealSense D415", "extrinsics": [[-0.8650455, 0.49961683, 0.045599684, 0.60425264], [0.43869177, 0.7973813, -0.41440633, -0.37044117], [-0.24340472, -0.33847612, -0.9089489, 0.37067333], [0.0, 0.0, 0.0, 1.0]], "height": 480, "intrinsics": [[603.0301, 0.0, 326.28275], [0.0, 603.81976, 245.73769], [0.0, 0.0, 1.0]], "width": 640}, "objects": [{"class": "MacaroniAndCheese", "pose": [[0.4267219481710424, 0.06279441828281809, 0.9022002447260876, 27.773102969123357], [-0.7954075001284288, -0.4486861996617243, 0.4074403899189144, 25.9851701793561], [0.43038976347358376, -0.8914805878479258, -0.14151706366744873, 36.63137841952615], [0.0, 0.0, 0.0, 1.0]]}, {"class": "OrangeJuice", "pose": [[-0.9079684562198156, 0.0386194957880417, 0.4172551481492596, 32.705058449942605], [-0.389327759853794, -0.4460076397163271, -0.8059163412455477, 9.708400612529712], [0.1549748667334132, -0.8941956184012022, 0.4199964916932499, 42.98776917700838], [0.0, 0.0, 0.0, 1.0]]}, {"class": "TomatoSauce", "pose": [[0.2503552345958084, 0.018655297294698784, -0.967974316805724, 24.56602837824356], [0.9059785526062895, -0.3570351078381359, 0.2274397994044613, -1.0464925081111187], [-0.3413578226971019, -0.9339047024306185, -0.10628692291652382, 53.61915272009165], [0.0, 0.0, 0.0, 1.0]]}, {"class": "Mushrooms", "pose": [[0.6160243094247593, 0.10261741034561654, -0.7810145702186911, 8.418479515482858], [0.7391000989502899, -0.4182542251411914, 0.5280099575272482, 12.318213969975867], [-0.2724795912826705, -0.9025149032985519, -0.3334993073156541, 49.160794356390056], [0.0, 0.0, 0.0, 1.0]]}, {"class": "Pineapple", "pose": [[0.4956819199755427, 0.0016054096055386831, 0.8685026761452941, 7.464822534118665], [-0.7782640973179163, -0.4430362171555499, 0.4449988466042836, 33.868826835260066], [0.3854925307506939, -0.8965023247877204, -0.21835557402371225, 37.43651371924031], [0.0, 0.0, 0.0, 1.0]]}, {"class": "Cherries", "pose": [[0.7911697709821568, 0.08282084568120697, 0.6059629878192808, -6.60943548626709], [-0.5116663565171017, -0.4531241385864901, 0.7299836457095996, 35.83507372909182], [0.33503431930578814, -0.8875918572938395, -0.31612144197217273, 35.162793967380054], [0.0, 0.0, 0.0, 1.0]]}, {"class": "PeasAndCarrots", "pose": [[0.4429986161534769, 0.031576758515650706, 0.8959660573983425, -0.7605617259783259], [-0.8112912468103443, -0.4111736891762443, 0.415623361401678, 21.240434092103854], [0.38152169085879706, -0.9110099828102496, -0.15653139284470155, 38.60535045551744], [0.0, 0.0, 0.0, 1.0]]}, {"class": "BBQSauce", "pose": [[0.8493385552832456, 0.08268313667747607, 0.5213324841410961, 12.65480701046639], [-0.4260704500281214, -0.4756249060086855, 0.7695745504899317, -2.421752430659596], [0.31158955499773683, -0.8757536931558657, -0.3687376905901605, 49.94631731586242], [0.0, 0.0, 0.0, 1.0]]}, {"class": "Raisins", "pose": [[0.0783800480701533, -0.42366075205516357, -0.9024235019295278, 9.685330524452318], [-0.4206983700408726, -0.8347158291000429, 0.3553342573683181, -14.787862807121979], [-0.9038083486430457, 0.3517969426646077, -0.2436584625588696, 58.890069954048926], [0.0, 0.0, 0.0, 1.0]]}, {"class": "Ketchup", "pose": [[0.7136880656052439, 0.0087992939439176, 0.700408423022534, 3.940313346287694], [-0.6049431267312674, -0.49633956629966297, 0.6226483090082023, 2.172970944953562], [0.35311927352397493, -0.8680839211734058, -0.3489085134927082, 47.373364831783405], [0.0, 0.0, 0.0, 1.0]]}, {"class": "AlphabetSoup", "pose": [[0.9627193381236345, 0.04813323181295429, 0.26618547969453693, -3.1218266561008456], [-0.22445463307007227, -0.40705458069338174, 0.8853963826414856, -6.3238513688982145], [0.15096902261854056, -0.9121347721907522, -0.3810755540463252, 54.81232891122095], [0.0, 0.0, 0.0, 1.0]]}, {"class": "Mayo", "pose": [[-0.03359009808207861, 0.9991943911232257, -0.021961686203507094, -9.79302283847826], [0.9161520255461817, 0.022001699191918748, -0.4002267603309529, -12.514532926979186], [-0.39942111016468296, -0.033563874257918104, -0.9161529945490532, 59.016418075369415], [0.0, 0.0, 0.0, 1.0]]}, {"class": "SaladDressing", "pose": [[0.9998350441608461, 0.005793832014674477, -0.017215039373867418, -3.751467844492107], [0.01789717151798043, -0.47605324804034604, 0.8792343627535303, 2.4691642740094446], [-0.003101114779578565, -0.8793974203231405, -0.4760783827666579, 46.67648303029093], [0.0, 0.0, 0.0, 1.0]]}, {"class": "Mustard", "pose": [[-0.04268635552261845, 0.09570746292003883, 0.9944938402000214, -12.568910501516594], [-0.9339940098176829, -0.35724313936640917, -0.005709410217557235, 2.8757242340033464], [0.35472963759314513, -0.9290949893212641, 0.10463962611144598, 44.7313443688301], [0.0, 0.0, 0.0, 1.0]]}, {"class": "Cookies", "pose": [[0.5315570572575707, -0.8441475689322714, -0.06972817470424675, -2.2769408767924215], [0.7889729301037274, 0.4634961060215573, 0.4033523814620471, 22.228291281900603], [-0.3081701567161098, -0.2694184506353961, 0.9123841950014131, 43.15060349177872], [0.0, 0.0, 0.0, 1.0]]}, {"class": "Parmesan", "pose": [[0.3285808738335574, 0.015947149484633046, 0.944341219780366, -15.851044003908655], [-0.8350724089539208, -0.46220305704522074, 0.2983663423153847, 13.822721975329921], [0.4412354698798645, -0.8866307619286987, -0.1385540271634752, 42.84080873643482], [0.0, 0.0, 0.0, 1.0]]}, {"class": "CreamCheese", "pose": [[0.6399614610240044, 0.0760818412338508, 0.7646312336287795, -22.886515350339387], [-0.6926106838190172, -0.37383063097675806, 0.6168801896381394, 6.934666413255364], [0.3327759489047926, -0.9243712958543469, -0.18654206376219315, 47.68350890709455], [0.0, 0.0, 0.0, 1.0]]}, {"class": "Milk", "pose": [[0.6754178509824331, 0.05935008892062733, 0.7350430838539768, -17.125793121570243], [-0.6459337258694686, -0.4332788419598171, 0.6285213880681065, 20.729573416224255], [0.3557814096055633, -0.8993036722274949, -0.2543080022704895, 34.16953093844537], [0.0, 0.0, 0.0, 1.0]]}, {"class": "ChocolatePudding", "pose": [[0.9817436665031072, 0.07568781005396821, 0.17450149080294056, -19.154187397145293], [-0.11461902462641002, -0.4967374655608879, 0.8602990397917163, -5.686157142141973], [0.1517955960824244, -0.8645943153226471, -0.4789935628412252, 54.700668731753055], [0.0, 0.0, 0.0, 1.0]]}, {"class": "Yogurt", "pose": [[0.8983024326826512, 0.09671871502071006, 0.4286003630462203, 12.768858536829237], [-0.3589773030363843, -0.4009192702973717, 0.8428517680907239, 24.81247497007224], [0.25335369227735843, -0.9109935833340237, -0.3254268951012664, 42.334214184374936], [0.0, 0.0, 0.0, 1.0]]}]}