{"camera": {"camera": "RealSense D415", "extrinsics": [[-0.86123204, 0.50630206, 0.044018183, 0.58671623], [0.44912615, 0.7987769, -0.40030125, -0.3620899], [-0.23783405, -0.32498255, -0.91532576, 0.40658325], [0.0, 0.0, 0.0, 1.0]], "height": 480, "intrinsics": [[603.0301, 0.0, 326.28275], [0.0, 603.81976, 245.73769], [0.0, 0.0, 1.0]], "width": 640}, "objects": [{"class": "MacaroniAndCheese", "pose": [[0.4198620606209481, 0.06091920627959872, 0.9055411200911567, 26.50397565893879], [-0.8053782882992151, -0.43498453813199955, 0.40268380164619083, 27.06839103117465], [0.4184275405716337, -0.8983748010261395, -0.13357047939833477, 41.16789729753381], [0.0, 0.0, 0.0, 1.0]]}, {"class": "OrangeJuice", "pose": [[-0.9111940272036557, 0.03677030616247402, 0.4103332903770439, 31.299969214170698], [-0.38474272145853367, -0.43207760356862174, -0.8156481855340498, 10.655597014927492], [0.1473041723409563, -0.9010864948852325, 0.4078536163143254, 47.27360919462623], [0.0, 0.0, 0.0, 1.0]]}, {"class": "TomatoSauce", "pose": [[0.2578849603491927, 0.017557794227850948, -0.9660160924674617, 23.060176650757676], [0.9093187181808836, -0.3423367044106513, 0.23652701614201346, -0.20340135724781216], [-0.32654984376755175, -0.9394132655864066, -0.10424911879703255, 57.719939345525454], [0.0, 0.0, 0.0, 1.0]]}, {"class": "Mushrooms", "pose": [[0.6221438444956823, 0.10099339567920808, -0.77636163648384, 7.023304358872606], [0.738565128786774, -0.4046886427299685, 0.5392111207787372, 13.35392965704511], [-0.25972794803575444, -0.9088605035010707, -0.32636473611467115, 53.447571257717975], [0.0, 0.0, 0.0, 1.0]]}, {"class": "Pineapple", "pose": [[0.4890299316131821, -0.0002158341486622535, 0.8722669884963995, 6.255291398204477], [-0.788056695724933, -0.428785638000659, 0.4417120111038173, 35.09416316758773], [0.37392019952081484, -0.9034062285891201, -0.20985907969630227, 42.06471225135191], [0.0, 0.0, 0.0, 1.0]]}, {"class": "Cherries", "pose": [[0.7866390075776643, 0.08090420624180382, 0.6120895367412856, -7.799485581474475], [-0.5229724061373836, -0.4396372778833939, 0.730218396166561, 37.2042764977119], [0.32817510571930586, -0.8945242052983395, -0.30352513720576435, 39.79946967635062], [0.0, 0.0, 0.0, 1.0]]}, {"class": "PeasAndCarrots", "pose": [[0.43610226269115693, 0.030024063416703554, 0.8993961262481377, -2.0686092236890663], [-0.8206109468568217, -0.39692870014547904, 0.41115114092689037, 22.512439174674952], [0.369340541030987, -0.9173582416529011, -0.14846340968979452, 43.01986847391067], [0.0, 0.0, 0.0, 1.0]]}, {"class": "BBQSauce", "pose": [[0.8455026847274713, 0.08057340999369912, 0.527857135538756, 11.145230299365505], [-0.4374656328011697, -0.46232093387500467, 0.7712866872990419, -1.428749587964867], [0.3061845934245835, -0.8830443143918058, -0.3556454644221048, 54.00633937464205], [0.0, 0.0, 0.0, 1.0]]}, {"class": "Raisins", "pose": [[0.07674033018812358, -0.4306576305284668, -0.8992468775640953, 8.06545065046944], [-0.40692564732913017, -0.8369003329324419, 0.36607284803607937, -13.911727360558116], [-0.9102320685698433, 0.3378340375433871, -0.23946963736240015, 62.74815804555095], [0.0, 0.0, 0.0, 1.0]]}, {"class": "Ketchup", "pose": [[0.7084135764489006, 0.006519746270511768, 0.7057674669676954, 2.4707083658015105], [-0.6159255570834795, -0.4825859663777926, 0.6226929202845718, 3.2729768581503285], [0.34465326009260383, -0.8758243339075172, -0.3378547457669881, 51.49229959112668], [0.0, 0.0, 0.0, 1.0]]}, {"class": "AlphabetSoup", "pose": [[0.9607057893099151, 0.04661354602087362, 0.27362672298648755, -4.669334917268464], [-0.23420937328457653, -0.3929196702035895, 0.8892469184757735, -5.286031855103513], [0.14896427351335437, -0.9183905977919018, -0.3665628430410726, 58.78415420096235], [0.0, 0.0, 0.0, 1.0]]}, {"class": "Mayo", "pose": [[-0.02587187182865438, 0.9993909024399773, -0.02341986735316723, -11.39511137495215], [0.9225922639686578, 0.014850136604276547, -0.3854905546105261, -11.49104419425863], [-0.38490793687492864, -0.031580341685108544, -0.9224145082033455, 62.878725491381516], [0.0, 0.0, 0.0, 1.0]]}, {"class": "SaladDressing", "pose": [[0.9999466826529767, 0.003689588187452274, -0.00964565232969039, -5.217344786093614], [0.010259005577673863, -0.46210056579402287, 0.8867681769680912, 3.6392751820170046], [-0.0011854436909253434, -0.8868198459464213, -0.4621137504479863, 50.787647116357014], [0.0, 0.0, 0.0, 1.0]]}, {"class": "Mustard", "pose": [[-0.050460511568011866, 0.09459755342811695, 0.9942359174141018, -14.02799052783099], [-0.9391376434799973, -0.34321306016498804, -0.015008721362357187, 4.14433819152677], [0.33981493510397853, -0.9344817142539548, 0.10615883571117203, 48.834808074336536], [0.0, 0.0, 0.0, 1.0]]}, {"class": "Cookies", "pose": [[0.5381237597780619, -0.8400991628445927, -0.06823661457521961, -3.585345664219586], [0.7896445150656938, 0.4741779006411985, 0.3893800690277825, 23.439833072791], [-0.2947615474019049, -0.26341732614217306, 0.9185460822711203, 47.577723412004374], [0.0, 0.0, 0.0, 1.0]]}, {"class": "Parmesan", "pose": [[0.32140120546643003, 0.013961354350197156, 0.9468402006294329, -17.22286462635364], [-0.8444544824614736, -0.4482160314716199, 0.29325585410775173, 15.144798336323866], [0.42848318129002533, -0.8938162303887465, -0.13226742773454386, 47.11262160157625], [0.0, 0.0, 0.0, 1.0]]}, {"class": "CreamCheese", "pose": [[0.6340534751310224, 0.07483721124189065, 0.7696594066899739, -24.31936598879787], [-0.7026907917112952, -0.35972193400659497, 0.6138613534216172, 8.235208674238493], [0.32280302504555375, -0.9300534927946461, -0.1754954995326148, 51.834077809935785], [0.0, 0.0, 0.0, 1.0]]}, {"class": "Milk", "pose": [[0.6698259287167581, 0.05760670593502292, 0.7402801580946224, -18.429469745680514], [-0.6566578191998241, -0.41942923273083055, 0.6268010904589016, 22.19766901211991], [0.3466030686904665, -0.9059583692817783, -0.2431166565600446, 38.549809741773174], [0.0, 0.0, 0.0, 1.0]]}, {"class": "ChocolatePudding", "pose": [[0.980569311201869, 0.07339703041002196, 0.18192504411057012, -20.69612070593716], [-0.12455008548971211, -0.4835531438771607, 0.8664084562358156, -4.523447629833366], [0.15156223708074087, -0.872232317452584, -0.4650157368053877, 58.656449061348056], [0.0, 0.0, 0.0, 1.0]]}, {"class": "Yogurt", "pose": [[0.8950810329056468, 0.09524251820401124, 0.4356131621947035, 11.481212943020253], [-0.36983715982064186, -0.38717679515132114, 0.8445795310674196, 25.92090382465491], [0.2490991835276817, -0.9170730450069223, -0.31133035457830815, 46.826940531389496], [0.0, 0.0, 0.0, 1.0]]}]}