{"camera": {"camera": "RealSense D415", "extrinsics": [[-0.86175764, 0.5069839, 0.018467808, 0.5934219], [0.4669962, 0.80695844, -0.36156973, -0.38110793], [-0.19821279, -0.30296108, -0.93216217, 0.40849578], [0.0, 0.0, 0.0, 1.0]], "height": 480, "intrinsics": [[603.0301, 0.0, 326.28275], [0.0, 603.81976, 245.73769], [0.0, 0.0, 1.0]], "width": 640}, "objects": [{"class": "MacaroniAndCheese", "pose": [[0.42098435991795324, 0.035392663696386294, 0.9063771349098326, 27.863640566737335], [-0.8263504380122023, -0.3970996522126472, 0.39932056847413366, 25.39229949814389], [0.3740550466903689, -0.9170928580464557, -0.13792596912303562, 44.786949038396], [0.0, 0.0, 0.0, 1.0]]}, {"class": "OrangeJuice", "pose": [[-0.9115192974593274, 0.011219127888903254, 0.41110422541622743, 32.62733870177516], [-0.38192423532799674, -0.39385013557127907, -0.8360717946303882, 8.69057315446119], [0.15253342811698503, -0.9191062438794366, 0.36328683840952936, 50.080401287513745], [0.0, 0.0, 0.0, 1.0]]}, {"class": "TomatoSauce", "pose": [[0.2597761960076004, -0.007934200532964807, -0.9656362457344582, 24.519122436547093], [0.9198330472362488, -0.3023869717988865, 0.24993875468852306, -2.522067171073439], [-0.2939788516623336, -0.9531522690700355, -0.07125480990656882, 60.252489591724746], [0.0, 0.0, 0.0, 1.0]]}, {"class": "Mushrooms", "pose": [[0.623673212194896, 0.07552875171318991, -0.7780277081708323, 8.530831914518622], [0.7429337292907412, -0.3667705756614494, 0.5599365279279332, 11.356499278644888], [-0.2430663283983811, -0.9272404396758125, -0.28485783861711567, 56.936525927550406], [0.0, 0.0, 0.0, 1.0]]}, {"class": "Pineapple", "pose": [[0.4892755434861003, -0.025774267159855622, 0.8717483078992263, 7.7270236589770835], [-0.8078198817010571, -0.3901100485862364, 0.44186116067991665, 33.5657462340433], [0.3286891125166262, -0.9204074772264037, -0.21169223975299228, 46.50099110729421], [0.0, 0.0, 0.0, 1.0]]}, {"class": "Cherries", "pose": [[0.7885149827335811, 0.05541179097706702, 0.6125141941635182, -6.353685423150246], [-0.5438878950038997, -0.40210183617492257, 0.7365461069137835, 35.903952467411735], [0.2871064200817933, -0.9139166979387898, -0.28692548504682075, 44.66058964375958], [0.0, 0.0, 0.0, 1.0]]}, {"class": "PeasAndCarrots", "pose": [[0.43591550413788505, 0.004466459139722876, 0.8999765033718266, -0.7044771896699942], [-0.8396443401610387, -0.3579807167250845, 0.4084694420460353, 21.03486261602503], [0.3239986292434702, -0.9337183412107992, -0.15229907658218536, 47.12242649351756], [0.0, 0.0, 0.0, 1.0]]}, {"class": "BBQSauce", "pose": [[0.8477481924667591, 0.05510946872068732, 0.5275281331389646, 12.508668111347653], [-0.45809196672929203, -0.4252472402111627, 0.7805873630207906, -3.4752434056624484], [0.2673476403269017, -0.903397928241306, -0.3352573394481261, 56.774172816173476], [0.0, 0.0, 0.0, 1.0]]}, {"class": "Raisins", "pose": [[0.051228097894543814, -0.43146656039421954, -0.9006732325733338, 9.501968880498401], [-0.3687159217491969, -0.8463121956295951, 0.38445329127752614, -16.28736900342388], [-0.9281294807229468, 0.3123977158354425, -0.20244356089199145, 65.05296438227204], [0.0, 0.0, 0.0, 1.0]]}, {"class": "Ketchup", "pose": [[0.7097195035792122, -0.018965359436491584, 0.7042290280918078, 3.827967571357127], [-0.636704899347752, -0.4450923079846368, 0.6296823049096639, 1.4113269804939876], [0.30150476697527273, -0.8952838895968864, -0.32796599474996657, 54.66684516509305], [0.0, 0.0, 0.0, 1.0]]}, {"class": "AlphabetSoup", "pose": [[0.9613935286924794, 0.021068717211855013, 0.27436941296303513, -3.2300939426420427], [-0.2494667965768826, -0.35409005037991437, 0.9013249415302379, -7.380361355530585], [0.1161412515926281, -0.9349740252315205, -0.33516390469999024, 61.75895220520796], [0.0, 0.0, 0.0, 1.0]]}, {"class": "Mayo", "pose": [[-0.025107228208628086, 0.9984852514093295, -0.04895725110888309, -9.923687114155355], [0.9382740792323119, 0.006636677728582032, -0.3458291534072173, -13.688786960649828], [-0.34498036784767, -0.05461810996350432, -0.9370194603403811, 65.74685127737007], [0.0, 0.0, 0.0, 1.0]]}, {"class": "SaladDressing", "pose": [[0.9997003833102467, -0.021834838915814392, -0.011061918697806945, -3.870125238861788], [0.0007570169819541326, -0.4241334397142688, 0.9055994417170875, 1.880496947553123], [-0.024465326746091646, -0.9053364867697522, -0.42398980495229815, 54.16076655115951], [0.0, 0.0, 0.0, 1.0]]}, {"class": "Mustard", "pose": [[-0.052424770090206387, 0.06918600586261149, 0.9962253373108811, -12.718052377367151], [-0.9521652299715844, -0.3042065994617133, -0.02897958374390054, 2.5518880063228], [0.30105331109818306, -0.9500903736152465, 0.08182448920305377, 52.44042797412464], [0.0, 0.0, 0.0, 1.0]]}, {"class": "Cookies", "pose": [[0.5394028350794589, -0.8409635563162215, -0.04271839279075307, -2.1047925646169197], [0.7962508029065393, 0.4929063826196392, 0.35075355085926213, 21.78278117239082], [-0.2739147500658454, -0.22321201633739313, 0.9354930072704114, 51.74998818410267], [0.0, 0.0, 0.0, 1.0]]}, {"class": "Parmesan", "pose": [[0.3223781577011188, -0.011583084369251656, 0.9465400880153665, -15.836087167750135], [-0.8648761282456531, -0.4100636510457741, 0.2895465100440456, 13.645415352924706], [0.3847878225927347, -0.9119834000786934, -0.14221346897578413, 51.259412789668154], [0.0, 0.0, 0.0, 1.0]]}, {"class": "CreamCheese", "pose": [[0.633960608443924, 0.04936131162617219, 0.7717884363492145, -22.893107455955853], [-0.7217530844403169, -0.32069891291805347, 0.6133716564619996, 6.610059359694259], [0.2777885331392121, -0.9458941520888847, -0.16768376514526984, 55.852575332362356], [0.0, 0.0, 0.0, 1.0]]}, {"class": "Milk", "pose": [[0.6707607055829229, 0.03206851932783619, 0.7409802079276006, -17.167416699939142], [-0.6771130973855348, -0.3812061594194686, 0.6294440514982204, 21.065877464874184], [0.3026515508574273, -0.9239337410665709, -0.23398406372059366, 43.03232674441897], [0.0, 0.0, 0.0, 1.0]]}, {"class": "ChocolatePudding", "pose": [[0.9824664835000378, 0.04796353784595241, 0.18016406540367452, -19.246581551803022], [-0.140210543740017, -0.44684894691097515, 0.8835536874834201, -6.4601424203294675], [0.12288449896264055, -0.8933227888804672, -0.4322890884285685, 62.04359038135625], [0.0, 0.0, 0.0, 1.0]]}, {"class": "Yogurt", "pose": [[0.8966933623041188, 0.06977299303829414, 0.43711866360134066, 12.965497911600554], [-0.38858221444021357, -0.3488724725767722, 0.8528141398310518, 24.149535030940626], [0.21200207010750213, -0.9345693162666177, -0.2857190517903171, 50.747298900387996], [0.0, 0.0, 0.0, 1.0]]}]}