{"camera": {"camera": "RealSense D415", "extrinsics": [[-0.8659526, 0.5000063, 0.010942777, 0.5981431], [0.46443516, 0.8120798, -0.35330775, -0.3861131], [-0.18554251, -0.30086556, -0.93544316, 0.40774584], [0.0, 0.0, 0.0, 1.0]], "height": 480, "intrinsics": [[603.0301, 0.0, 326.28275], [0.0, 603.81976, 245.73769], [0.0, 0.0, 1.0]], "width": 640}, "objects": [{"class": "MacaroniAndCheese", "pose": [[0.42870743563018987, 0.028189672069543332, 0.9030034577992458, 28.067725090574385], [-0.827493533477506, -0.3888837839448551, 0.40499863239393225, 24.698129714542226], [0.3625801654572657, -0.9208554742066233, -0.1433905750810123, 45.5822427558361], [0.0, 0.0, 0.0, 1.0]]}, {"class": "OrangeJuice", "pose": [[-0.9080845141887725, 0.003981747369606412, 0.41876798892921663, 32.965171171916055], [-0.38775641212074174, -0.3857366282348775, -0.837169192039786, 7.9745630906641445], [0.15820073321403874, -0.9226003792536526, 0.3518253913419862, 50.681109177185725], [0.0, 0.0, 0.0, 1.0]]}, {"class": "TomatoSauce", "pose": [[0.2523536845754921, -0.01595482123601767, -0.9675035035253878, 25.013359658243733], [0.9236449802315784, -0.2940752648561223, 0.245763558519413, -3.3666543703584626], [-0.2884399341052696, -0.9556491190866959, -0.05947439267079645, 60.834105166540134], [0.0, 0.0, 0.0, 1.0]]}, {"class": "Mushrooms", "pose": [[0.6175967170163342, 0.06807455602480249, -0.7835433094131221, 8.925452356395446], [0.7481128345745562, -0.3582685800825176, 0.5585435066973661, 10.460971711663014], [-0.24269631887148796, -0.9311334679298515, -0.2721929453320621, 57.79903920159928], [0.0, 0.0, 0.0, 1.0]]}, {"class": "Pineapple", "pose": [[0.4964523554919771, -0.033040544105976725, 0.8674349249050585, 7.909622467103827], [-0.8082287158545639, -0.382168690599263, 0.44801057174696113, 32.75637564273577], [0.316703942436897, -0.9235017467983273, -0.2164328401300293, 47.56770677320428], [0.0, 0.0, 0.0, 1.0]]}, {"class": "Cherries", "pose": [[0.7939741970087658, 0.04826355825569302, 0.6060326486272665, -6.199935895981157], [-0.5424633747491567, -0.39381427670075214, 0.7420537986734723, 35.04077447735742], [0.274478464010707, -0.9179221115945454, -0.28649713370559055, 45.88766694111908], [0.0, 0.0, 0.0, 1.0]]}, {"class": "PeasAndCarrots", "pose": [[0.44320382686204446, -0.0030906850692803624, 0.8964155193290884, -0.4541598025073368], [-0.8402749987392227, -0.3497746997653854, 0.4142410210265849, 20.178904051166548], [0.312263164812934, -0.9368287816164437, -0.1576184875496785, 48.16250193159446], [0.0, 0.0, 0.0, 1.0]]}, {"class": "BBQSauce", "pose": [[0.8525892423021068, 0.048178712636234765, 0.5203559967299641, 12.973640411060867], [-0.45620542317374485, -0.41705200032228895, 0.7860943190847759, -4.348887081300223], [0.2548885229923547, -0.9076048150305892, -0.33359463179352233, 57.46681807160394], [0.0, 0.0, 0.0, 1.0]]}, {"class": "Raisins", "pose": [[0.04377601253914093, -0.4242080060227537, -0.9045060509061106, 10.111962808615111], [-0.36032648738269735, -0.8511398280457745, 0.38174055745750624, -17.247667990342944], [-0.931798551414348, 0.3092063803899738, -0.19011289196064274, 65.66202606962972], [0.0, 0.0, 0.0, 1.0]]}, {"class": "Ketchup", "pose": [[0.7157788793146544, -0.02571412450325662, 0.6978533853908598, 4.248692531671661], [-0.6357921191478577, -0.4373341423652017, 0.6360088574497069, 0.5128440376586552], [0.2888406950792517, -0.8989314189725465, -0.32938335512215056, 55.48873513064079], [0.0, 0.0, 0.0, 1.0]]}, {"class": "AlphabetSoup", "pose": [[0.9637058176430564, 0.013479102953666092, 0.2666259150905785, -2.6954925708886246], [-0.2457052032596188, -0.3457909674027462, 0.905570316185957, -8.375403416368165], [0.10440311590115411, -0.938214782797484, -0.32992885371210806, 62.57289668835303], [0.0, 0.0, 0.0, 1.0]]}, {"class": "Mayo", "pose": [[-0.03310999063088074, 0.9978475731064478, -0.05660315485368794, -9.318240205412875], [0.9411192220128862, 0.012062518591386977, -0.3378596501602458, -14.75155967676359], [-0.3364496309781194, -0.06445683360869472, -0.9394929484552899, 66.57134710644566], [0.0, 0.0, 0.0, 1.0]]}, {"class": "SaladDressing", "pose": [[0.9993915787126136, -0.028785596707213743, -0.019693389599431246, -3.4562519799827385], [0.005925477741566772, -0.41630264038506753, 0.9092068180151682, 0.948264239716623], [-0.03437045726163109, -0.9087703585004616, -0.41587876233339294, 55.06316827336361], [0.0, 0.0, 0.0, 1.0]]}, {"class": "Mustard", "pose": [[-0.04478712135251016, 0.06120000103352746, 0.9971201740050433, -12.324038740682253], [-0.9550097591979086, -0.29553936860241325, -0.024756394045815425, 1.5908159502524888], [0.2931731486899518, -0.9533682889954725, 0.07168297012855074, 53.43662932536438], [0.0, 0.0, 0.0, 1.0]]}, {"class": "Cookies", "pose": [[0.5327646772937509, -0.8455349388299526, -0.0351060339444425, -1.8119401614902886], [0.8012793500895454, 0.4906657181554291, 0.3423428015168471, 20.879374707272056], [-0.2722374435503659, -0.21051789168270002, 0.9389190749963583, 52.810121257052735], [0.0, 0.0, 0.0, 1.0]]}, {"class": "Parmesan", "pose": [[0.33040176774626784, -0.01866917896897956, 0.9436557112634675, -15.507657390354801], [-0.866599833716492, -0.4021246248224482, 0.29546666803087107, 12.678657935908944], [0.3739510615361616, -0.9153946199297956, -0.1490413739904074, 52.3841987140228], [0.0, 0.0, 0.0, 1.0]]}, {"class": "CreamCheese", "pose": [[0.6402025132185155, 0.04149861801896207, 0.7670844637617226, -22.484242081547578], [-0.7210040586135356, -0.3121657978084533, 0.6186321198779885, 5.568513583095747], [0.2651299016980039, -0.9491208744202544, -0.16992862839064296, 56.98507067232684], [0.0, 0.0, 0.0, 1.0]]}, {"class": "Milk", "pose": [[0.6770306388408993, 0.02472021404831192, 0.7355395250164907, -16.956975789989983], [-0.6764013842912509, -0.372947742576724, 0.635130841826404, 20.16409636299642], [0.2900183681877944, -0.9275230191975875, -0.23577623449717308, 44.23629575034917], [0.0, 0.0, 0.0, 1.0]]}, {"class": "ChocolatePudding", "pose": [[0.9843126886738917, 0.04123874445995135, 0.17154551770400747, -18.712641166542078], [-0.1364090083099506, -0.43877614198722703, 0.8881824797179978, -7.537098381650381], [0.1118976219395173, -0.8976496666842204, -0.4262675637289027, 63.02443656134529], [0.0, 0.0, 0.0, 1.0]]}, {"class": "Yogurt", "pose": [[0.9006417309243973, 0.06215901261607118, 0.4300938239983169, 13.235913934560262], [-0.38597258965545195, -0.3403358131785054, 0.8574361386751203, 23.32946660200661], [0.19967371850529148, -0.9382472204235374, -0.2825289317701119, 51.67888326061859], [0.0, 0.0, 0.0, 1.0]]}]}