{"camera": {"camera": "RealSense D415", "extrinsics": [[-0.9126164, 0.40854877, 0.014807188, 0.61376995], [0.38291204, 0.8669149, -0.3191189, -0.41432717], [-0.1432122, -0.28556326, -0.947599, 0.40313506], [0.0, 0.0, 0.0, 1.0]], "height": 480, "intrinsics": [[603.0301, 0.0, 326.28275], [0.0, 603.81976, 245.73769], [0.0, 0.0, 1.0]], "width": 640}, "objects": [{"class": "MacaroniAndCheese", "pose": [[0.518772119902609, 0.035899864805070215, 0.854158502564246, 23.793973707222182], [-0.7929301177826459, -0.35329211526323456, 0.49643379113385494, 18.250350631932882], [0.31958932810429524, -0.93482400275643, -0.1548119647680948, 48.3442341507416], [0.0, 0.0, 0.0, 1.0]]}, {"class": "OrangeJuice", "pose": [[-0.8604083398954175, 0.011456661286370611, 0.5094764898743059, 30.458930456921863], [-0.4802787515973449, -0.35248553889792705, -0.803172624661371, 1.9290535457200053], [0.17038136787482805, -0.935747148118068, 0.30878384587453667, 52.686435487400566], [0.0, 0.0, 0.0, 1.0]]}, {"class": "TomatoSauce", "pose": [[0.15175170621129508, -0.018370152916697424, -0.9882479533638541, 23.983265707080033], [0.9530961277488398, -0.26217935171884127, 0.15122750469396298, -10.471794000544039], [-0.26187621632177155, -0.9648443152219992, -0.02227765499001997, 62.64748823966306], [0.0, 0.0, 0.0, 1.0]]}, {"class": "Mushrooms", "pose": [[0.5336369898151123, 0.07226045440963087, -0.8426209408824603, 6.535911630078761], [0.8129232834527751, -0.318575597124792, 0.4875093060757339, 1.7993989042810354], [-0.23321076181922262, -0.9451391680409688, -0.22874591320849608, 60.587552217376164], [0.0, 0.0, 0.0, 1.0]]}, {"class": "Pineapple", "pose": [[0.582791112892945, -0.02574674986955436, 0.8122140627865422, 3.0227843876868943], [-0.7655741664336174, -0.35254936192859826, 0.5381497398184937, 24.215472640668917], [0.2724899051521252, -0.9354389816422893, -0.22517362726857798, 51.20807130078098], [0.0, 0.0, 0.0, 1.0]]}, {"class": "Cherries", "pose": [[0.8515064528025589, 0.0564430804460413, 0.521297419607491, -11.289290629376925], [-0.47056614725363427, -0.35631875505393157, 0.8072201962470891, 25.15534671438336], [0.23131002776181497, -0.9326581145323029, -0.27684745196035887, 50.024088242095324], [0.0, 0.0, 0.0, 1.0]]}, {"class": "PeasAndCarrots", "pose": [[0.5327974361867036, 0.00045888941687368523, 0.8462427202625995, -4.053589818417558], [-0.8025379057635063, -0.31693946391169087, 0.5054525550450807, 10.863329082807654], [0.2684396202252271, -0.9484456747845184, -0.16849620612626082, 51.588339736730134], [0.0, 0.0, 0.0, 1.0]]}, {"class": "BBQSauce", "pose": [[0.9007806353594012, 0.05895583662704739, 0.4302540138954965, 11.9930390901404], [-0.3783545637082014, -0.3797832092524402, 0.8441638096155272, -12.520954418907564], [0.2131716262721951, -0.9231949742865466, -0.31979508502727166, 59.598937477059756], [0.0, 0.0, 0.0, 1.0]]}, {"class": "Raisins", "pose": [[0.048268765604185755, -0.32907812618560633, -0.9430682760634469, 10.668459703951072], [-0.3229908514124362, -0.8985841946441695, 0.29702416469550275, -25.90483415563416], [-0.9451703911309196, 0.2902653700905391, -0.14966277379058623, 67.39934887824947], [0.0, 0.0, 0.0, 1.0]]}, {"class": "Ketchup", "pose": [[0.7832731863520838, -0.012290937409071006, 0.6215561990548594, 2.7766519798067213], [-0.5715623484022379, -0.40751500415895825, 0.7122134530095214, -8.47797630125256], [0.244539684322876, -0.9131158166957122, -0.32622055007993694, 58.054105716595764], [0.0, 0.0, 0.0, 1.0]]}, {"class": "AlphabetSoup", "pose": [[0.9859274961765322, 0.016508436773674813, 0.1663565567761838, -3.035319768588618], [-0.15304164857074176, -0.31130080419017264, 0.9379072781926815, -18.237632102159875], [0.0672703240440116, -0.9501680442742984, -0.3043934794735825, 65.00954136292079], [0.0, 0.0, 0.0, 1.0]]}, {"class": "Mayo", "pose": [[-0.13546874168228507, 0.9893080468988815, -0.05401729863850953, -8.872467959448693], [0.9439911538890795, 0.11232253200384035, -0.3102649666928461, -25.364244164207427], [-0.30088021027053474, -0.09302302600950012, -0.9491142264778566, 68.96464648147067], [0.0, 0.0, 0.0, 1.0]]}, {"class": "SaladDressing", "pose": [[0.9924206890113968, -0.01771309193858545, -0.1216037934448721, -4.943849000167555], [0.10536711611563829, -0.38657133011901545, 0.9162207031850959, -8.788785640277618], [-0.06323761225721972, -0.9220894164563227, -0.3817749489664161, 57.86934774673684], [0.0, 0.0, 0.0, 1.0]]}, {"class": "Mustard", "pose": [[0.057925404437475375, 0.05859414687101946, 0.9965999366131209, -13.880313087430329], [-0.9640271762826488, -0.2561205621662379, 0.07109050849203394, -8.967936130487992], [0.2594151639677104, -0.9648673529625974, 0.04165048731554638, 56.526341396098154], [0.0, 0.0, 0.0, 1.0]]}, {"class": "Cookies", "pose": [[0.44311733017720445, -0.8956721551664978, -0.037662744723264564, -5.321040324060389], [0.8584410407124482, 0.4118425247069664, 0.30571999253732496, 11.27140600849485], [-0.25831369984793984, -0.16780106449584292, 0.9513762843523035, 56.29595418421039], [0.0, 0.0, 0.0, 1.0]]}, {"class": "Parmesan", "pose": [[0.42516095533022363, -0.009245396880899417, 0.9050705745317706, -18.160334722032466], [-0.8418760961961383, -0.37125376104170743, 0.3916826303775025, 1.78178571760223], [0.3323895462722213, -0.9284854360534691, -0.16562603590200342, 55.97120655844295], [0.0, 0.0, 0.0, 1.0]]}, {"class": "CreamCheese", "pose": [[0.7156155713158742, 0.04075294209548482, 0.697304533173908, -24.2584144212865], [-0.6629581159190119, -0.2747370577587578, 0.6964237826242572, -6.129748916671468], [0.21995668636233442, -0.9606553878905965, -0.16958856401401615, 60.51168516472515], [0.0, 0.0, 0.0, 1.0]]}, {"class": "Milk", "pose": [[0.7487194443400064, 0.03068091591409588, 0.6621766646824151, -20.595691917843517], [-0.6158034901892341, -0.33756126522889257, 0.711925876100405, 9.355889563615378], [0.24536770570649066, -0.9408034371597905, -0.23384520698043487, 48.146718287206944], [0.0, 0.0, 0.0, 1.0]]}, {"class": "ChocolatePudding", "pose": [[0.9960341704308336, 0.05449057870754782, 0.07033326631360236, -19.03479543224469], [-0.0425593635283989, -0.4024046485372515, 0.9144720874828113, -18.994805661982213], [0.07813256369539577, -0.9138387795181363, -0.3984896319131189, 65.9577936661916], [0.0, 0.0, 0.0, 1.0]]}, {"class": "Yogurt", "pose": [[0.9399474627729925, 0.06439950497546615, 0.335188799290178, 9.372137667803615], [-0.301932386350435, -0.30108460642649415, 0.9045357335225824, 15.226487573151399], [0.1591718403239428, -0.9514204082489994, -0.26355935046638246, 54.816621237654694], [0.0, 0.0, 0.0, 1.0]]}]}