{"camera": {"camera": "RealSense D415", "extrinsics": [[-0.92382985, 0.38234952, 0.018633347, 0.6190674], [0.35612458, 0.8762801, -0.3245125, -0.41597033], [-0.14040524, -0.29315856, -0.94569784, 0.40614685], [0.0, 0.0, 0.0, 1.0]], "height": 480, "intrinsics": [[603.0301, 0.0, 326.28275], [0.0, 603.81976, 245.73769], [0.0, 0.0, 1.0]], "width": 640}, "objects": [{"class": "MacaroniAndCheese", "pose": [[0.542685432040798, 0.040751694654262025, 0.8389468314175492, 22.698428056713343], [-0.775968830305987, -0.35799665676535547, 0.5193368027353091, 17.051934044681012], [0.3215040178830521, -0.9328331595693419, -0.16265750653531733, 48.49193205491458], [0.0, 0.0, 0.0, 1.0]]}, {"class": "OrangeJuice", "pose": [[-0.8455650610531422, 0.01629078744298423, 0.5336237461758324, 29.845051338741463], [-0.5032670392095409, -0.3578853337496847, -0.7865369169143204, 0.9525893572969568], [0.17816278881474687, -0.9336234303001921, 0.310813951771162, 52.896242526550076], [0.0, 0.0, 0.0, 1.0]]}, {"class": "TomatoSauce", "pose": [[0.12335533756589313, -0.01623171619775604, -0.992229790318418, 23.776511267335238], [0.9553340917233127, -0.2686402527480628, 0.12316303963284057, -11.563167817498071], [-0.26855199424009685, -0.9631038146508081, -0.01763150969390975, 62.969299323798985], [0.0, 0.0, 0.0, 1.0]]}, {"class": "Mushrooms", "pose": [[0.5091959981850075, 0.07606095905420042, -0.8572829933296098, 5.9787372166500425], [0.826166017462561, -0.3223342163868057, 0.4621150409511694, 0.1980912602133733], [-0.24118271011043801, -0.9435652559419906, -0.2269702836546304, 60.93272292300108], [0.0, 0.0, 0.0, 1.0]]}, {"class": "Pineapple", "pose": [[0.6056485259550312, -0.020893757659286402, 0.7954579049902136, 1.7830888176556647], [-0.7471148579311062, -0.3589960709982256, 0.5594114376765691, 22.446930806923376], [0.27387805730756154, -0.9331051842128789, -0.23303546180750834, 51.43626374929459], [0.0, 0.0, 0.0, 1.0]]}, {"class": "Cherries", "pose": [[0.8657005768641685, 0.061383680355183795, 0.49678417820532983, -12.556065773373849], [-0.4449123577179868, -0.360429273536585, 0.8198436919710104, 22.975486116630456], [0.22938059523942161, -0.9307646276785443, -0.2847134558277529, 50.327244157372476], [0.0, 0.0, 0.0, 1.0]]}, {"class": "PeasAndCarrots", "pose": [[0.5566967829019551, 0.004224836651454448, 0.8307050062290048, -4.911388009140105], [-0.7854980519856809, -0.32274380517865825, 0.5280427947453208, 8.903239397382318], [0.270335789117629, -0.9464769404114481, -0.17635181862087018, 51.938072034632086], [0.0, 0.0, 0.0, 1.0]]}, {"class": "BBQSauce", "pose": [[0.9122524367232842, 0.06460942115061812, 0.4045010248479768, 11.832433601921476], [-0.3514638414958057, -0.3837537347771638, 0.8539357034944371, -13.968636444650018], [0.21040108447210976, -0.9211724611317009, -0.3273723904743379, 60.00097124491434], [0.0, 0.0, 0.0, 1.0]]}, {"class": "Raisins", "pose": [[0.052203649477829996, -0.301992112340849, -0.9518799860156502, 10.92879660929783], [-0.3274242209555991, -0.9056661740921798, 0.269373545794308, -27.3353448792113], [-0.9434342416712995, 0.29760626571300425, -0.14615862543761698, 67.89043951045926], [0.0, 0.0, 0.0, 1.0]]}, {"class": "Ketchup", "pose": [[0.8004186269685135, -0.005770053156715906, 0.5994136241365018, 2.497297074107885], [-0.5477071311306836, -0.41341939095007046, 0.7273934645238539, -10.19687282353594], [0.2436121250664533, -0.9105224466689974, -0.3340688674088964, 58.48341350248686], [0.0, 0.0, 0.0, 1.0]]}, {"class": "AlphabetSoup", "pose": [[0.9902072410372875, 0.020099177217930704, 0.13815066986639077, -2.998794096361601], [-0.12475961247602277, -0.31666581811325345, 0.940296626214538, -20.07268266463135], [0.06264679786680921, -0.9483242028951505, -0.31105720769605305, 65.53106172862628], [0.0, 0.0, 0.0, 1.0]]}, {"class": "Mayo", "pose": [[-0.1637023846436405, 0.9852203959061515, -0.05042088321874107, -8.610762133625693], [0.9378906562444898, 0.13958365874147133, -0.31761213087439, -27.336077879317234], [-0.3058800095131711, -0.099283124439283, -0.9468792333350379, 69.56252048100954], [0.0, 0.0, 0.0, 1.0]]}, {"class": "SaladDressing", "pose": [[0.9886907651018054, -0.011830160892511495, -0.14950111373401465, -5.212247748427423], [0.13290574032030625, -0.3926936118607889, 0.9100152404935785, -10.726375164247154], [-0.0694737437901245, -0.9195932726241994, -0.3866802469837997, 58.34408014536787], [0.0, 0.0, 0.0, 1.0]]}, {"class": "Mustard", "pose": [[0.08653019636304445, 0.060529614482698876, 0.9944086964623732, -14.147295423855955], [-0.9603646011870018, -0.26041428476405176, 0.09941921149709854, -11.165820754421423], [0.2649760239409439, -0.9635977245447217, 0.03559681907188651, 57.05258706825644], [0.0, 0.0, 0.0, 1.0]]}, {"class": "Cookies", "pose": [[0.41729181339316407, -0.9078435387035262, -0.041080608823987945, -6.164121438032044], [0.868955299674857, 0.3853664593317109, 0.3104985116326089, 9.304943313281827], [-0.2660529616128673, -0.16526571069155171, 0.9496857733092513, 56.65017178750802], [0.0, 0.0, 0.0, 1.0]]}, {"class": "Parmesan", "pose": [[0.4505644942006163, -0.0038332737958182675, 0.8927356312424164, -18.732015032671633], [-0.8274532684549368, -0.3771838257134733, 0.4159968709982517, -0.5447325319775764], [0.3351308109331196, -0.9261304875206932, -0.17311747799498994, 56.4558469731094], [0.0, 0.0, 0.0, 1.0]]}, {"class": "CreamCheese", "pose": [[0.735234571799333, 0.04324428396149584, 0.6764318303035102, -24.579453281792784], [-0.6411264421353974, -0.2794995883490398, 0.7147284881998697, -8.596407279831459], [0.21997034390855838, -0.9591714767042223, -0.17777268523917333, 61.078930592537425], [0.0, 0.0, 0.0, 1.0]]}, {"class": "Milk", "pose": [[0.7671325007019397, 0.035058205901017395, 0.6405299472138964, -21.422897409045728], [-0.5928987929783875, -0.3424570157673908, 0.7288306800440071, 6.908469162024233], [0.24490547725128212, -0.9388791856272749, -0.24192392099075177, 48.599030505145016], [0.0, 0.0, 0.0, 1.0]]}, {"class": "ChocolatePudding", "pose": [[0.997250448865156, 0.06083565269659777, 0.04231465834991341, -18.96510283979356], [-0.013970346855512142, -0.40643293448490614, 0.913573776830131, -21.27466446120312], [0.07277594569209563, -0.9116530604263263, -0.40446552471537883, 66.57409465884434], [0.0, 0.0, 0.0, 1.0]]}, {"class": "Yogurt", "pose": [[0.9489509452265726, 0.06767522967288932, 0.30807812573170706, 8.403260796182654], [-0.2743080551707317, -0.3051115480614486, 0.9119550321397114, 13.663339115396662], [0.15571497419795263, -0.9499089511727884, -0.270972014849682, 55.06388008586751], [0.0, 0.0, 0.0, 1.0]]}]}