{"camera": {"camera": "RealSense D415", "extrinsics": [[-0.93550724, 0.35273197, 0.020158062, 0.6262467], [0.327418, 0.88698167, -0.32566997, -0.41393098], [-0.13275404, -0.29806653, -0.9452686, 0.40652168], [0.0, 0.0, 0.0, 1.0]], "height": 480, "intrinsics": [[603.0301, 0.0, 326.28275], [0.0, 603.81976, 245.73769], [0.0, 0.0, 1.0]], "width": 640}, "objects": [{"class": "MacaroniAndCheese", "pose": [[0.5690146567164546, 0.043404255710096255, 0.8211810962092759, 21.711175658140004], [-0.7583642153655205, -0.35843621357821914, 0.5444329261710167, 16.044578359250956], [0.31797174498800934, -0.9325446886170569, -0.17103921951090337, 48.77889370874567], [0.0, 0.0, 0.0, 1.0]]}, {"class": "OrangeJuice", "pose": [[-0.828150114864073, 0.01894534772272988, 0.560186096572957, 29.386027826222634], [-0.5285423439464662, -0.359074777169309, -0.7692257851286403, 0.18017108956046024], [0.18657544301314286, -0.9331165112161939, 0.307381232429159, 53.14676747144694], [0.0, 0.0, 0.0, 1.0]]}, {"class": "TomatoSauce", "pose": [[0.09166827099086289, -0.01655392572615854, -0.995651996121116, 23.79308735303344], [0.9581247514328827, -0.27092510872407316, 0.09271763373230475, -12.495317819588191], [-0.27128195852567083, -0.9624581022695315, -0.008974510778544742, 63.29510963809981], [0.0, 0.0, 0.0, 1.0]]}, {"class": "Mushrooms", "pose": [[0.48150940528281744, 0.07750877314841524, -0.8730069211939698, 5.626294889970229], [0.8408747165295817, -0.32173175024230294, 0.4352222483257343, -1.2880712084800183], [-0.24714049509639913, -0.9436530693463898, -0.2200920304921234, 61.39750194822141], [0.0, 0.0, 0.0, 1.0]]}, {"class": "Pineapple", "pose": [[0.6306397140934635, -0.01818171231998958, 0.7758627314728986, 0.6674834539782681], [-0.7276924270151515, -0.3613214437612975, 0.5830184897526296, 20.803089139512636], [0.2697355639012726, -0.9322640642289647, -0.24109434170808924, 51.90076941424094], [0.0, 0.0, 0.0, 1.0]]}, {"class": "Cherries", "pose": [[0.8809151166832567, 0.06411858537865263, 0.46891082942423445, -13.6904136646381], [-0.4177653623930635, -0.3602324391760785, 0.8340891470341955, 20.890554256025823], [0.22239750739229489, -0.9306564571617069, -0.2905476706814476, 50.91903768855398], [0.0, 0.0, 0.0, 1.0]]}, {"class": "PeasAndCarrots", "pose": [[0.582856160112862, 0.005695817589994573, 0.8125553864345697, -5.604609625206402], [-0.7675620674063253, -0.32434441390719204, 0.5528554850017473, 7.061974722157805], [0.26669676007226784, -0.9459219335431742, -0.18467424102565475, 52.48561635151591], [0.0, 0.0, 0.0, 1.0]]}, {"class": "BBQSauce", "pose": [[0.9244146405840631, 0.06814175295487869, 0.3752522824999702, 11.902340148257906], [-0.32297446102558697, -0.38342819512832926, 0.8652573779842935, -15.270928182773847], [0.20284246015125942, -0.9210535081996412, -0.332438585128778, 60.43777429007386], [0.0, 0.0, 0.0, 1.0]]}, {"class": "Raisins", "pose": [[0.05382053279291385, -0.2714764710913199, -0.960939060313946, 11.478333268549223], [-0.32754890155469, -0.9138869462249309, 0.23983823727748874, -28.643313987265046], [-0.9433001177253121, 0.30184630501107584, -0.1381077026819079, 68.35791932749298], [0.0, 0.0, 0.0, 1.0]]}, {"class": "Ketchup", "pose": [[0.8189389105677527, -0.0011994318837608318, 0.5738794506380396, 2.443027697953415], [-0.5224805240513668, -0.41521165918644704, 0.7447237028005985, -11.789517221444468], [0.23738819178702864, -0.9097240707013228, -0.3406596587155593, 58.99723758881306], [0.0, 0.0, 0.0, 1.0]]}, {"class": "AlphabetSoup", "pose": [[0.9940790885309941, 0.021359664050423135, 0.10653887666199949, -2.685421117623865], [-0.09428583988469456, -0.31778735651425927, 0.9434624475236436, -21.81480233818496], [0.05400874994093194, -0.9479214134563476, -0.31389184495656974, 66.11065221486673], [0.0, 0.0, 0.0, 1.0]]}, {"class": "Mayo", "pose": [[-0.1950412457350395, 0.9795661257329861, -0.04908278233709745, -8.03642987354899], [0.9318341638696814, 0.16945875656198306, -0.3208875727106696, -29.23844110654042], [-0.3060130827024158, -0.10832332344236391, -0.9458446449089124, 70.20455678833561], [0.0, 0.0, 0.0, 1.0]]}, {"class": "SaladDressing", "pose": [[0.9835038368885453, -0.007971360103259634, -0.18071154359081035, -5.247632280081705], [0.162949393988912, -0.3946990315652012, 0.9042456430254592, -12.554883998735345], [-0.0785347366485073, -0.9187759125567746, -0.38688907859297, 58.92771820224396], [0.0, 0.0, 0.0, 1.0]]}, {"class": "Mustard", "pose": [[0.11823286854546135, 0.05991226050806069, 0.9911768316398875, -14.176160493184398], [-0.9567395715236606, -0.26035584611136753, 0.12986238534211467, -13.270015081075815], [0.2658390243540342, -0.9636521151255137, 0.026537815172328887, 57.71688458912932], [0.0, 0.0, 0.0, 1.0]]}, {"class": "Cookies", "pose": [[0.38812140855023697, -0.9206448130957334, -0.04212958685129089, -6.82715678746203], [0.8807830861276044, 0.35708574110883046, 0.31098382938454616, 7.434535786594937], [-0.2712617676080706, -0.1578065086924518, 0.9494810165232082, 57.20802769655421], [0.0, 0.0, 0.0, 1.0]]}, {"class": "Parmesan", "pose": [[0.4786372862071465, -0.0005112900221627114, 0.8780125788268244, -19.08892675294066], [-0.8126153655201127, -0.3789649032620484, 0.44276617222478365, -2.7953516733064507], [0.3325095657661227, -0.9254109283046178, -0.18180221103691643, 57.1429246554327], [0.0, 0.0, 0.0, 1.0]]}, {"class": "CreamCheese", "pose": [[0.7564372719754371, 0.04325915350872188, 0.6526341248719898, -24.645905712291814], [-0.617896923417248, -0.27995214308187544, 0.7347313815713558, -11.012926510770683], [0.21449017630898928, -0.9590388355578062, -0.18503653057806815, 61.8318861128953], [0.0, 0.0, 0.0, 1.0]]}, {"class": "Milk", "pose": [[0.7870643426328607, 0.03718435175050925, 0.615749174814028, -22.07633080707325], [-0.5686666060401857, -0.34309005893301653, 0.7476011744817302, 4.556414291898375], [0.23905648342901717, -0.9385662365968194, -0.24888844637816454, 49.29769743351311], [0.0, 0.0, 0.0, 1.0]]}, {"class": "ChocolatePudding", "pose": [[0.9978177784387438, 0.0651485710131955, 0.010739947386614072, -18.597569103010127], [0.0166869510466842, -0.4061932536050125, 0.9136348284960059, -23.502557917757805], [0.06388450012723836, -0.9114618744667005, -0.4063939757509239, 67.29839411025536], [0.0, 0.0, 0.0, 1.0]]}, {"class": "Yogurt", "pose": [[0.9582473992495892, 0.06854384076889285, 0.2776034320166187, 7.585343629489483], [-0.24484103041943034, -0.30478630701756043, 0.920411967723223, 12.233348718665965], [0.14769829670149623, -0.9499511005541746, -0.27527833404917607, 55.48413757434789], [0.0, 0.0, 0.0, 1.0]]}]}