{"camera": {"camera": "RealSense D415", "extrinsics": [[-0.9449702, 0.32563806, 0.03148254, 0.62532866], [0.2975208, 0.8954029, -0.33126274, -0.41140294], [-0.13606131, -0.3036667, -0.9430132, 0.41149372], [0.0, 0.0, 0.0, 1.0]], "height": 480, "intrinsics": [[603.0301, 0.0, 326.28275], [0.0, 603.81976, 245.73769], [0.0, 0.0, 1.0]], "width": 640}, "objects": [{"class": "MacaroniAndCheese", "pose": [[0.5916787900847215, 0.055710000821889365, 0.804246601142449, 19.857563849889708], [-0.7383007776683479, -0.36321023137237035, 0.5683223799443885, 15.062367384409537], [0.32377180984880616, -0.9300402228550088, -0.1737730207625793, 48.83858559623272], [0.0, 0.0, 0.0, 1.0]]}, {"class": "OrangeJuice", "pose": [[-0.8117233475584325, 0.031283198109946384, 0.5832037026815079, 28.011680019801137], [-0.5525497430270148, -0.3646063227406138, -0.7495005329706296, -0.528084833233966], [0.1891929522049062, -0.9306361716381434, 0.3132449626101083, 53.32292410610161], [0.0, 0.0, 0.0, 1.0]]}, {"class": "TomatoSauce", "pose": [[0.06246934541351037, -0.006875517453563649, -0.9980231953317686, 22.798107044442723], [0.9586434843638492, -0.2777928059510339, 0.06191821116202933, -13.30121717803805], [-0.2776693410996366, -0.9606164542076481, -0.010762371706118578, 63.55051373321182], [0.0, 0.0, 0.0, 1.0]]}, {"class": "Mushrooms", "pose": [[0.4557052345088635, 0.08868236925562867, -0.8857020757011386, 4.2971785933304085], [0.8536322218232275, -0.3255476480912368, 0.4066088989585882, -2.672375365854668], [-0.252279145471241, -0.941357666097197, -0.22405588804192492, 61.55576641575171], [0.0, 0.0, 0.0, 1.0]]}, {"class": "Pineapple", "pose": [[0.6523954795243899, -0.005758123552857369, 0.7578568285541584, -1.3270466940308645], [-0.7060699440895905, -0.36799062666553856, 0.6050191490891327, 19.190858643696473], [0.2754004110758738, -0.9298117209400911, -0.24414102667839963, 51.903606107852184], [0.0, 0.0, 0.0, 1.0]]}, {"class": "Cherries", "pose": [[0.8930653531624817, 0.07646723625031078, 0.4433813562136842, -15.679458253857737], [-0.3889013710350283, -0.3643542698996222, 0.8461688529116981, 18.829050638032484], [0.22625207770937963, -0.9281157362523741, -0.2956539212978896, 50.90459046444741], [0.0, 0.0, 0.0, 1.0]]}, {"class": "PeasAndCarrots", "pose": [[0.6058675489765929, 0.016987224318165097, 0.7953841446646631, -7.173481155032446], [-0.7474132389629647, -0.3303880750667612, 0.5763828658986001, 5.267184310145446], [0.2725765558319826, -0.9436923466887416, -0.18747490428798524, 52.57436627034193], [0.0, 0.0, 0.0, 1.0]]}, {"class": "BBQSauce", "pose": [[0.933649732016422, 0.08119015882794013, 0.3488643379482014, 11.00248050962006], [-0.29294863721773967, -0.38734967578219726, 0.8741517961135873, -16.46127261991477], [0.206105009882272, -0.918350956930609, -0.3378643345071872, 60.69823573839137], [0.0, 0.0, 0.0, 1.0]]}, {"class": "Raisins", "pose": [[0.06518419269463016, -0.24359725030124849, -0.9676835179671582, 10.979916633089037], [-0.3320897529120291, -0.9197644379400053, 0.20916455898800018, -29.786643832781763], [-0.9409928306699653, 0.307723515635026, -0.14085025480581417, 68.70842624365845], [0.0, 0.0, 0.0, 1.0]]}, {"class": "Ketchup", "pose": [[0.834325198856254, 0.012845933850928835, 0.5511228854020175, 1.4423566917995512], [-0.4953737879317293, -0.4211784510977316, 0.7597457210053881, -13.282912465701092], [0.24188071481376647, -0.90688686760588, -0.34503621968004117, 59.22310168511511], [0.0, 0.0, 0.0, 1.0]]}, {"class": "AlphabetSoup", "pose": [[0.9964375498288639, 0.03244428364702766, 0.07784322723626913, -3.3844543141541172], [-0.06323034291260397, -0.32336490534145956, 0.9441594673324918, -23.41331435184438], [0.055804353057343846, -0.9457180324405451, -0.32016142962972943, 66.39839571428054], [0.0, 0.0, 0.0, 1.0]]}, {"class": "Mayo", "pose": [[-0.22324581289859713, 0.9740261871043461, -0.03787194390428312, -8.509752662869364], [0.9232933877033703, 0.19884049897680806, -0.32862107999152906, -30.970594606374224], [-0.3125550239935529, -0.10833017817817396, -0.9437022799581399, 70.53634092897725], [0.0, 0.0, 0.0, 1.0]]}, {"class": "SaladDressing", "pose": [[0.9781217419007668, 0.005457491561223847, -0.20796168898079365, -6.220960343472126], [0.19265670555645137, -0.40094585514702136, 0.8956147905597975, -14.285445047088002], [-0.07849354945128707, -0.9160855486339432, -0.39322524588904884, 59.149824122886386], [0.0, 0.0, 0.0, 1.0]]}, {"class": "Mustard", "pose": [[0.14729667603057942, 0.0692301888126802, 0.9866665396496321, -15.121538021233027], [-0.9508251409625196, -0.2648796575545141, 0.16053148087624405, -15.283625200579715], [0.2724614797455061, -0.9617931344586631, 0.026809928925428772, 57.93347755423645], [0.0, 0.0, 0.0, 1.0]]}, {"class": "Cookies", "pose": [[0.36116489110644834, -0.9309947647559169, -0.05299678958216794, -8.413410284813082], [0.8904791573381207, 0.32746293372804924, 0.3159350176943351, 5.633727983167663], [-0.2767793211829039, -0.16129716880690376, 0.9472995800834729, 57.29271494810402], [0.0, 0.0, 0.0, 1.0]]}, {"class": "Parmesan", "pose": [[0.5029964008528728, 0.012438221242872647, 0.8641989942474155, -20.35398840716787], [-0.795212884802425, -0.3850343497604507, 0.4683855840796799, -4.969494529039725], [0.33857215346330377, -0.9228184732750386, -0.1837798302520296, 57.28274570243761], [0.0, 0.0, 0.0, 1.0]]}, {"class": "CreamCheese", "pose": [[0.7748252986814411, 0.05318259771396783, 0.6299344077763067, -25.661508056957395], [-0.5928238511634073, -0.2849484373629679, 0.7532358910468231, -13.322650867041652], [0.21955784907928363, -0.9570663961913675, -0.18925730610696398, 62.02088050083383], [0.0, 0.0, 0.0, 1.0]]}, {"class": "Milk", "pose": [[0.803886882757847, 0.04902838189755286, 0.5927580347622918, -23.55577007144799], [-0.5425082045243759, -0.34810407732204524, 0.7645315149818329, 2.233597826220779], [0.24382521759093076, -0.9361729865930456, -0.2532379635167468, 49.38434772429267], [0.0, 0.0, 0.0, 1.0]]}, {"class": "ChocolatePudding", "pose": [[0.9967409240837852, 0.07888681347131515, -0.016863902093476952, -19.238645829016974], [0.04786905179758258, -0.41013096622625395, 0.9107695550726486, -25.582737166704828], [0.06493131281720833, -0.9086085822867931, -0.4125705182590415, 67.57903724610523], [0.0, 0.0, 0.0, 1.0]]}, {"class": "Yogurt", "pose": [[0.9651341505646562, 0.07920812071751655, 0.2494837375523966, 5.846706191335693], [-0.21418314194802782, -0.30892948724453306, 0.9266542999635901, 10.86281294795205], [0.15047143046018244, -0.9477809525218334, -0.2811933114033632, 55.55308482098591], [0.0, 0.0, 0.0, 1.0]]}]}