{"camera": {"camera": "RealSense D415", "extrinsics": [[-0.9533551, 0.2984314, 0.045308366, 0.6245528], [0.26685056, 0.90341914, -0.33559594, -0.40755892], [-0.1410848, -0.30785152, -0.94091576, 0.4175869], [0.0, 0.0, 0.0, 1.0]], "height": 480, "intrinsics": [[603.0301, 0.0, 326.28275], [0.0, 603.81976, 245.73769], [0.0, 0.0, 1.0]], "width": 640}, "objects": [{"class": "MacaroniAndCheese", "pose": [[0.6134143978896709, 0.07048082159784705, 0.7866100303547647, 18.006632110793063], [-0.7174247970878651, -0.3666894017238804, 0.5923179873717946, 14.12037951772605], [0.33018857781345273, -0.927669840027396, -0.17436783224210703, 48.96683058297662], [0.0, 0.0, 0.0, 1.0]]}, {"class": "OrangeJuice", "pose": [[-0.7946349110699407, 0.04611230455485602, 0.6053338938831075, 26.63045793028459], [-0.5766987937416791, -0.3688566300991957, -0.7289467351639014, -1.1794720036711392], [0.18966796790652965, -0.9283417677243179, 0.31969922456025934, 53.57175034501017], [0.0, 0.0, 0.0, 1.0]]}, {"class": "TomatoSauce", "pose": [[0.033311959398874914, 0.0053526519116053875, -0.9994307240047727, 21.783846119550905], [0.9585004407527804, -0.28346252140927464, 0.0304295746007294, -14.050490911366676], [-0.28313822537232297, -0.958968370996676, -0.014573218475461348, 63.85693742584693], [0.0, 0.0, 0.0, 1.0]]}, {"class": "Mushrooms", "pose": [[0.42955971614724353, 0.10229387553569787, -0.8972260155042122, 2.9653100845719815], [0.8660606257634403, -0.32807482698858376, 0.3772346158241623, -4.020682128446207], [-0.25576843123267645, -0.9390968337142926, -0.22952040525474332, 61.735304568185356], [0.0, 0.0, 0.0, 1.0]]}, {"class": "Pineapple", "pose": [[0.6732633324197027, 0.009192922579234503, 0.7393457141282065, -3.308293643569049], [-0.6835822948894239, -0.37339958731995515, 0.6271268207311426, 17.598219135239972], [0.2818364768487232, -0.927625050908281, -0.2451120869737852, 51.93417572164903], [0.0, 0.0, 0.0, 1.0]]}, {"class": "Cherries", "pose": [[0.9040209752797081, 0.09125662978683147, 0.4176343057992872, -17.638512533065985], [-0.359291736005893, -0.3671686958333206, 0.857960752141544, 16.77930129925333], [0.23163682821325476, -0.9256669876902126, -0.29914039789297275, 50.88781078452841], [0.0, 0.0, 0.0, 1.0]]}, {"class": "PeasAndCarrots", "pose": [[0.628068618059976, 0.03079528247407884, 0.7775484365566907, -8.7165399410574], [-0.7263844804756324, -0.335181649782757, 0.6000157524185606, 3.501670724453038], [0.27909758524565437, -0.9416500969235669, -0.1881478216977806, 52.66740567192527], [0.0, 0.0, 0.0, 1.0]]}, {"class": "BBQSauce", "pose": [[0.9416419412201243, 0.09666456323245398, 0.32243840707406063, 10.103833635475324], [-0.26222883218998744, -0.38994688523918986, 0.882710326912452, -17.59659189223583], [0.21106064328395735, -0.9157496311603182, -0.3418420509856025, 60.98278748696696], [0.0, 0.0, 0.0, 1.0]]}, {"class": "Raisins", "pose": [[0.07901179480517741, -0.21568060262766933, -0.9732621042340075, 10.471052316562368], [-0.3353506270038462, -0.9251638661025908, 0.17779716759158176, -30.86919278410139], [-0.9387742465240989, 0.3123359310438259, -0.14542747394434247, 69.07181695495052], [0.0, 0.0, 0.0, 1.0]]}, {"class": "Ketchup", "pose": [[0.8486004441237499, 0.029376314876648824, 0.5282181632274877, 0.45394622693030184], [-0.46746637448954653, -0.42584143264565694, 0.7746833662479453, -14.729178684911687], [0.24769449553032458, -0.9043207993291664, -0.34763673384780786, 59.45583423336619], [0.0, 0.0, 0.0, 1.0]]}, {"class": "AlphabetSoup", "pose": [[0.9977233782345207, 0.046031187900281496, 0.04928792824782984, -4.078077007833459], [-0.0315285424973179, -0.32768765049127374, 0.9442599269803089, -24.96443336135264], [0.059616454361729444, -0.9436640956723454, -0.32549028072120056, 66.67444371446479], [0.0, 0.0, 0.0, 1.0]]}, {"class": "Mayo", "pose": [[-0.25102204923870547, 0.9676815693133711, -0.024091924235939748, -8.978283967281763], [0.9139776468259457, 0.2287470900341367, -0.33514129092186723, -32.65496544073333], [-0.31879904422442423, -0.10614730951011316, -0.9418598027419439, 70.83947091268722], [0.0, 0.0, 0.0, 1.0]]}, {"class": "SaladDressing", "pose": [[0.971860998694541, 0.021388989137563263, -0.2345822243186833, -7.17375164852877], [0.22286909262856966, -0.40590518926056635, 0.8863240941436811, -15.972685616792115], [-0.07626054439243013, -0.9136648664863452, -0.39925031127501376, 59.36206885015083], [0.0, 0.0, 0.0, 1.0]]}, {"class": "Mustard", "pose": [[0.1761221751548307, 0.08101859180414994, 0.9810285810347131, -16.03407198248348], [-0.9441179435739301, -0.26816882239869144, 0.19164249605029524, -17.257420573286797], [0.27860783847778475, -0.9599590914171733, 0.029260640457584173, 58.12096664671045], [0.0, 0.0, 0.0, 1.0]]}, {"class": "Cookies", "pose": [[0.3339974768213992, -0.9402361713948824, -0.06634558827691306, -9.984523364192787], [0.8997720848710851, 0.2970699857872292, 0.3196242697425678, 3.8565075680544125], [-0.28081296668866695, -0.16644959403405232, 0.9452188002368254, 57.37918873288636], [0.0, 0.0, 0.0, 1.0]]}, {"class": "Parmesan", "pose": [[0.5265116797726526, 0.0278905118969447, 0.8497103506579664, -21.585767227705897], [-0.7770111936812621, -0.38982145867145257, 0.49425994196438305, -7.116953879765675], [0.3450204455780628, -0.920468004767678, -0.18357427452630895, 57.39096660908643], [0.0, 0.0, 0.0, 1.0]]}, {"class": "CreamCheese", "pose": [[0.792274890382164, 0.06559272754013791, 0.60662855337509, -26.64526728619433], [-0.5668682449609815, -0.28870459679313687, 0.771563415166067, -15.605190588997608], [0.22574537388062207, -0.9551686962722833, -0.19155092735025242, 62.160265203647455], [0.0, 0.0, 0.0, 1.0]]}, {"class": "Milk", "pose": [[0.8196519997918768, 0.0633499723859846, 0.5693483027480195, -24.983665766653196], [-0.515522819885035, -0.3518368831006131, 0.7813111319091656, -0.0642734333146544], [0.2498137430027763, -0.9339151904242299, -0.2557254012364687, 49.43894681200561], [0.0, 0.0, 0.0, 1.0]]}, {"class": "ChocolatePudding", "pose": [[0.9945009465980869, 0.09504309790491096, -0.04398620650072372, -19.860424120510157], [0.07957669482753962, -0.4127322206574689, 0.9073696703377477, -27.62458486554503], [0.06808470411902415, -0.9058801929188949, -0.4180257397314023, 67.81323370921861], [0.0, 0.0, 0.0, 1.0]]}, {"class": "Yogurt", "pose": [[0.9708367995416005, 0.09232532050331814, 0.22125110950221033, 4.110396806895123], [-0.18283733218395015, -0.31180061395664876, 0.9323899088221979, 9.521355113010117], [0.15506941894774248, -0.9456513114924443, -0.2858269446982994, 55.657759564872265], [0.0, 0.0, 0.0, 1.0]]}]}