{"camera": {"camera": "RealSense D415", "extrinsics": [[-0.9933323, 0.10640399, 0.044374432, 0.6963173], [0.075054735, 0.8890295, -0.45165625, -0.2772057], [-0.08750821, -0.44531423, -0.89108783, 0.44306976], [0.0, 0.0, 0.0, 1.0]], "height": 480, "intrinsics": [[603.0301, 0.0, 326.28275], [0.0, 603.81976, 245.73769], [0.0, 0.0, 1.0]], "width": 640}, "objects": [{"class": "MacaroniAndCheese", "pose": [[0.7551744417683903, 0.07564813272103833, 0.6511442959695543, 16.423019033167808], [-0.546565531937091, -0.47573927982642494, 0.6891577138465201, 19.082426894613143], [0.36190839689656124, -0.8763272911888513, -0.3179194511308187, 48.473153866773195], [0.0, 0.0, 0.0, 1.0]]}, {"class": "OrangeJuice", "pose": [[-0.6608819471293751, 0.052102701499443696, 0.7486790581504269, 27.995852530226074], [-0.673170686730378, -0.48216934452168064, -0.5606728523444713, 6.310968305445602], [0.3317774880080613, -0.874527333371815, 0.3537310108975336, 54.18458762778715], [0.0, 0.0, 0.0, 1.0]]}, {"class": "TomatoSauce", "pose": [[-0.16211924483264267, -0.0055815265798905556, -0.9867553742817933, 26.283694550208807], [0.9002536763498913, -0.4103022836761346, -0.14558657855125542, -5.628152525008026], [-0.404055358080432, -0.9119325087112454, 0.07154266975771563, 66.41012486660975], [0.0, 0.0, 0.0, 1.0]]}, {"class": "Mushrooms", "pose": [[0.24529610649118422, 0.09900045502489276, -0.9643799571243666, 5.844077464923847], [0.8826653847774094, -0.43419359561215315, 0.1799384274432224, 0.5889034126613124], [-0.40091358073639416, -0.8953629706885989, -0.1938902729245559, 64.73504149032807], [0.0, 0.0, 0.0, 1.0]]}, {"class": "Pineapple", "pose": [[0.8044770257252796, 0.016775731909982345, 0.5937467991974, -4.926464543568998], [-0.5100080686781774, -0.49289484695948826, 0.7049443505338138, 19.19619265998958], [0.30448068297020886, -0.8699271648238512, -0.38796678728143774, 52.879184853535335], [0.0, 0.0, 0.0, 1.0]]}, {"class": "Cherries", "pose": [[0.9678845715724784, 0.09624384801401362, 0.23224243688327142, -18.899146722010595], [-0.16097296182185608, -0.47232431599300273, 0.8666011445351561, 15.767342213823222], [0.19309877910947754, -0.876154600997856, -0.4416627254938605, 53.236662081227195], [0.0, 0.0, 0.0, 1.0]]}, {"class": "PeasAndCarrots", "pose": [[0.7678405207426404, 0.030016175112000165, 0.6399374466269219, -7.591098172085586], [-0.5599477336078231, -0.45387079775822503, 0.6931521710240681, 4.621247556192082], [0.3112546826417956, -0.8905618172456511, -0.3316928679239724, 55.874204014806736], [0.0, 0.0, 0.0, 1.0]]}, {"class": "BBQSauce", "pose": [[0.9855876815212975, 0.10638611970887094, 0.1315252341751679, 15.291624486823284], [-0.06273440666233815, -0.4921953084514966, 0.8682213255758386, -11.513259000425], [0.15710280454181114, -0.8639593721439462, -0.4784275269293027, 65.06916849789557], [0.0, 0.0, 0.0, 1.0]]}, {"class": "Raisins", "pose": [[0.07752497344985772, -0.02095326601596488, -0.9967701895587209, 18.622679919614214], [-0.445275139464282, -0.8952542164025076, -0.015812520804675358, -23.2492723444839], [-0.8920313606983126, 0.44506281670356035, -0.07873453595823607, 74.70759406621981], [0.0, 0.0, 0.0, 1.0]]}, {"class": "Ketchup", "pose": [[0.9344704658913172, 0.047741116561027426, 0.35282531913744036, 5.200016143322528], [-0.2737632142940259, -0.5372370703311428, 0.7977657114635953, -10.605318579393352], [0.22763706303139172, -0.8420790631296505, -0.4889623762694646, 64.06465689662441], [0.0, 0.0, 0.0, 1.0]]}, {"class": "AlphabetSoup", "pose": [[0.9882393085998961, 0.043449136105106284, -0.14661245911512893, 3.1105729511408553], [0.15055669954759326, -0.44420890425422227, 0.883182442776237, -20.352105804117425], [-0.02675303095881563, -0.894869064485696, -0.4455262272806851, 72.89881583185758], [0.0, 0.0, 0.0, 1.0]]}, {"class": "Mayo", "pose": [[-0.4351392727981047, 0.9000475615080693, -0.0238363577372839, -0.00820370859473396], [0.8025629059401488, 0.3757373957306834, -0.46337273234840837, -28.111797792923372], [-0.4081012613088692, -0.22076182479233689, -0.8858428549502537, 78.42730350238543], [0.0, 0.0, 0.0, 1.0]]}, {"class": "SaladDressing", "pose": [[0.9071887915592656, 0.035629151020621606, -0.41921239452675363, -2.0585020555870304], [0.374936827922565, -0.5205026605426752, 0.767137180079915, -13.15249702908756], [-0.19086869588405775, -0.8531163897982535, -0.4855528321645982, 64.81476655542119], [0.0, 0.0, 0.0, 1.0]]}, {"class": "Mustard", "pose": [[0.36458315667300695, 0.06575228409976654, 0.9288464516076246, -10.593657040695692], [-0.8505772174803828, -0.3824211949923627, 0.36093285296512617, -16.11489414666911], [0.378942703558088, -0.9216456366705471, -0.08349691168048304, 64.54741295755859], [0.0, 0.0, 0.0, 1.0]]}, {"class": "Cookies", "pose": [[0.14373101814777833, -0.9876859639137078, -0.06178837081617845, -8.59066405168737], [0.8954420653255422, 0.10321651940640644, 0.43304729001894876, 5.410305807587873], [-0.4213371153719416, -0.1175702387191381, 0.8992509441816139, 60.597851562215844], [0.0, 0.0, 0.0, 1.0]]}, {"class": "Parmesan", "pose": [[0.6818710562722627, 0.03860231718979362, 0.7304530754153838, -17.950648891085663], [-0.6176217077582548, -0.5046552008678327, 0.6032136039318298, -7.295080708884061], [0.391912367379205, -0.862457545471172, -0.3202681142246558, 63.0411450395141], [0.0, 0.0, 0.0, 1.0]]}, {"class": "CreamCheese", "pose": [[0.8960614286956499, 0.05471279139748323, 0.4405455687207317, -21.039346452247276], [-0.3835061484880763, -0.40443810384076495, 0.8302728177286859, -15.774938795087252], [0.22359995226090598, -0.9129273499240615, -0.3414186602157249, 69.28188754578855], [0.0, 0.0, 0.0, 1.0]]}, {"class": "Milk", "pose": [[0.9150524878685937, 0.06551412199851035, 0.3979784113772088, -23.101647071138064], [-0.3253256393763445, -0.46337593543979266, 0.8242851863555911, -2.1279815244169553], [0.23841593380664272, -0.8837367620757746, -0.40269984392457975, 54.59786732920997], [0.0, 0.0, 0.0, 1.0]]}, {"class": "ChocolatePudding", "pose": [[0.9652095640237166, 0.10963238474267568, -0.2373840967521739, -11.804396153851327], [0.2594915851607066, -0.5132981798815682, 0.8180398482877558, -25.519947617819554], [-0.03216514892252545, -0.8511790330211065, -0.5238889609201497, 75.77853892560643], [0.0, 0.0, 0.0, 1.0]]}, {"class": "Yogurt", "pose": [[0.9959509502696956, 0.08580167922653814, 0.02682812249973915, 4.0787269045907015], [0.011835776706788342, -0.4209796849282874, 0.9069928979286598, 13.132632824557305], [0.08911561589319518, -0.9030028756233766, -0.4202906138064914, 56.91372797168393], [0.0, 0.0, 0.0, 1.0]]}]}