{"camera": {"camera": "RealSense D415", "extrinsics": [[-0.9950216, 0.064529076, 0.0759476, 0.6924232], [0.021284396, 0.8820847, -0.47060972, -0.26205647], [-0.09736022, -0.46665034, -0.8790668, 0.4521007], [0.0, 0.0, 0.0, 1.0]], "height": 480, "intrinsics": [[603.0301, 0.0, 326.28275], [0.0, 603.81976, 245.73769], [0.0, 0.0, 1.0]], "width": 640}, "objects": [{"class": "MacaroniAndCheese", "pose": [[0.7789659714146085, 0.10828344574300384, 0.6176461355739036, 13.652207957858886], [-0.49758747330939296, -0.4926676587891887, 0.7139224761113354, 17.865100355609947], [0.38160023931560816, -0.86345428496777, -0.3298908314771054, 47.76999459400963], [0.0, 0.0, 0.0, 1.0]]}, {"class": "OrangeJuice", "pose": [[-0.6283249753300253, 0.08508550468047621, 0.7732840489128493, 25.814969978934617], [-0.698124422337745, -0.5002630842665107, -0.5122100691746824, 5.855547059899541], [0.34326378735919, -0.8616828490650098, 0.37372803678961386, 53.893633339839056], [0.0, 0.0, 0.0, 1.0]]}, {"class": "TomatoSauce", "pose": [[-0.20458917394164391, 0.024120594586507303, -0.9785507165476571, 24.60723108270911], [0.8803908820435169, -0.43242786684659407, -0.1947255820310549, -5.850811734521416], [-0.4278494646568276, -0.9013458618501368, 0.06723450368740862, 66.40124591718164], [0.0, 0.0, 0.0, 1.0]]}, {"class": "Mushrooms", "pose": [[0.2031438163966341, 0.12963701646288817, -0.9705291710482846, 3.8905010157139874], [0.884026238337662, -0.45045004380558085, 0.12486947374878642, -0.7447856681469744], [-0.4209871710990303, -0.8833397021418947, -0.20610865570735276, 64.40593778616294], [0.0, 0.0, 0.0, 1.0]]}, {"class": "Pineapple", "pose": [[0.8268500971238755, 0.05031780110556462, 0.5601670052862787, -7.714906925375653], [-0.4599525933513761, -0.5126883918104563, 0.724978787469218, 16.980868483477728], [0.32367043980013654, -0.857099038012509, -0.4007726175840929, 51.99977815831572], [0.0, 0.0, 0.0, 1.0]]}, {"class": "Cherries", "pose": [[0.9730574497063915, 0.12867293310817376, 0.19131783473971134, -21.494712863126853], [-0.10577317894185975, -0.48818655109826425, 0.8663059179363258, 12.842269230254061], [0.20486890849951048, -0.8632017125216558, -0.46142338410345735, 52.33084959847163], [0.0, 0.0, 0.0, 1.0]]}, {"class": "PeasAndCarrots", "pose": [[0.7927783997122357, 0.061718499866893574, 0.6063771712038211, -9.651557000016009], [-0.5115415934991852, -0.4735518438037611, 0.7169894468250985, 2.365789016999403], [0.33140251949443467, -0.8786008796550369, -0.3438500689395397, 55.33867887003288], [0.0, 0.0, 0.0, 1.0]]}, {"class": "BBQSauce", "pose": [[0.9860017744482396, 0.1397129922469804, 0.0909990033768596, 13.94657587909689], [-0.0076677127168463585, -0.5071980103613601, 0.8617954525148986, -12.329054666787744], [0.1665585291841411, -0.850429590155936, -0.499026827045214, 65.12021141747924], [0.0, 0.0, 0.0, 1.0]]}, {"class": "Raisins", "pose": [[0.10873195756235492, 0.021127655194277065, -0.993846578513962, 17.788786014632475], [-0.4625441748998738, -0.8838762901321845, -0.06939457843770537, -23.635110555710778], [-0.8799035602523734, 0.4672433220526242, -0.08633312353907385, 75.0771034250538], [0.0, 0.0, 0.0, 1.0]]}, {"class": "Ketchup", "pose": [[0.945188456708982, 0.08326920767293396, 0.3157294069149622, 3.8313773389618055], [-0.2192566565940882, -0.5546649943563483, 0.8026663566408151, -11.970476704038663], [0.24196142892418293, -0.8278967411583419, -0.5060055913326976, 64.01199426220852], [0.0, 0.0, 0.0, 1.0]]}, {"class": "AlphabetSoup", "pose": [[0.9793577782456375, 0.07467449628624669, -0.1878352997373583, 2.165387774283778], [0.2008701498144242, -0.46331596563442307, 0.8631277520795857, -21.591396835844634], [-0.022573459300493898, -0.8830413710607543, -0.4687519402604534, 73.07126387208355], [0.0, 0.0, 0.0, 1.0]]}, {"class": "Mayo", "pose": [[-0.4721532695991373, 0.8814765993172905, 0.008386471017546082, -0.6002101610967703], [0.7686102376784217, 0.4163187670810973, -0.48571288249353717, -29.36345913390549], [-0.43163595616713096, -0.2228849841448832, -0.8740781948738964, 78.76777815894886], [0.0, 0.0, 0.0, 1.0]]}, {"class": "SaladDressing", "pose": [[0.8883701440104861, 0.07041324715765494, -0.45369648432488696, -3.2926815904670614], [0.4166276394206547, -0.5388584517646957, 0.7321564016934592, -14.871157914310368], [-0.19292466226582633, -0.8394483747448633, -0.5080418352807297, 64.76744419946822], [0.0, 0.0, 0.0, 1.0]]}, {"class": "Mustard", "pose": [[0.40444485622578774, 0.094007837328864, 0.9097180457847979, -11.660686149379751], [-0.8209222482429394, -0.4011351940980185, 0.4064200239947449, -18.277661620391306], [0.403126562965861, -0.9111822581267581, -0.08506393051077313, 64.50594651851107], [0.0, 0.0, 0.0, 1.0]]}, {"class": "Cookies", "pose": [[0.10124980996674209, -0.9905558545962744, -0.09245330140130865, -10.73458899363442], [0.8910133431253673, 0.0489502438122536, 0.4513303817731109, 3.218349982501861], [-0.44254230905336317, -0.12807423491244865, 0.8875546747197578, 60.03279999823897], [0.0, 0.0, 0.0, 1.0]]}, {"class": "Parmesan", "pose": [[0.7091508499258526, 0.07265159164175236, 0.7013036833744848, -19.44871828934003], [-0.5715851834439305, -0.5231136329678747, 0.6321728581477581, -9.890907278344327], [0.4127898576156891, -0.8491607050233579, -0.3294398823176093, 62.71927746587102], [0.0, 0.0, 0.0, 1.0]]}, {"class": "CreamCheese", "pose": [[0.9125343818128008, 0.08403852368936193, 0.4002731149838846, -22.153758980109583], [-0.33090905593943565, -0.4234727553926985, 0.8433089823105017, -18.36280522231735], [0.24037518600216706, -0.9020024267168114, -0.3586243127828837, 69.14614355945409], [0.0, 0.0, 0.0, 1.0]]}, {"class": "Milk", "pose": [[0.9283579403410168, 0.09759444888540665, 0.3586459203529265, -24.78047276024342], [-0.27147440391441635, -0.4810328894943358, 0.8336120349132611, -5.207756910419217], [0.2538763767097473, -0.8712535285936608, -0.42007627858451246, 54.10759170883361], [0.0, 0.0, 0.0, 1.0]]}, {"class": "ChocolatePudding", "pose": [[0.9507876019383651, 0.1439246566848093, -0.2743878044514939, -12.489205462487618], [0.30829807521318514, -0.5277823045462916, 0.7914531908684403, -27.45269249236731], [-0.030907392428647446, -0.8370971047261035, -0.5461805341826302, 75.9598309685731], [0.0, 0.0, 0.0, 1.0]]}, {"class": "Yogurt", "pose": [[0.9931367763862794, 0.11584572346658462, -0.016098129606603714, 1.5531798663419139], [0.06563821041283788, -0.43813065222962905, 0.8965116699847385, 11.493666721978924], [0.09680395674415694, -0.8914153502518299, -0.4427275379527114, 56.25782415190247], [0.0, 0.0, 0.0, 1.0]]}]}