{"camera": {"camera": "RealSense D415", "extrinsics": [[-0.99489576, 0.04032622, 0.09249979, 0.69279605], [-0.009688327, 0.8742665, -0.4853496, -0.24992213], [-0.10044178, -0.48376843, -0.8694133, 0.45297828], [0.0, 0.0, 0.0, 1.0]], "height": 480, "intrinsics": [[603.0301, 0.0, 326.28275], [0.0, 603.81976, 245.73769], [0.0, 0.0, 1.0]], "width": 640}, "objects": [{"class": "MacaroniAndCheese", "pose": [[0.791881511922207, 0.12541338377572353, 0.5976580600247384, 12.420982786178325], [-0.4670505205198876, -0.5061435213205475, 0.7250397397429136, 17.47856203967803], [0.39343042163400804, -0.8532820141565656, -0.34223128520315665, 46.838887506678375], [0.0, 0.0, 0.0, 1.0]]}, {"class": "OrangeJuice", "pose": [[-0.60883630864054, 0.10244092535326806, 0.7866538047709023, 24.908410434267115], [-0.7093008325673383, -0.5143767427433678, -0.4819844110997116, 5.951680314641342], [0.35526146617071336, -0.8514237494175977, 0.38583265090439944, 53.230777232210656], [0.0, 0.0, 0.0, 1.0]]}, {"class": "TomatoSauce", "pose": [[-0.22875380358993988, 0.039655420228807026, -0.9726762809159208, 24.001385554260118], [0.8654782595058645, -0.44914158385380126, -0.22185422483048511, -5.537279199671577], [-0.44566706096251224, -0.8925801112696194, 0.06842193114021948, 65.9633717069705], [0.0, 0.0, 0.0, 1.0]]}, {"class": "Mushrooms", "pose": [[0.17867555278253847, 0.14559272048869, -0.9730764661861713, 3.1513145138730936], [0.8811496012695884, -0.46371879921887543, 0.09241391958239875, -1.0783792011051285], [-0.43777902749092334, -0.8739379877269077, -0.21114417259054757, 63.812001000862615], [0.0, 0.0, 0.0, 1.0]]}, {"class": "Pineapple", "pose": [[0.8388378668448756, 0.06803520917318417, 0.540113178812284, -8.925008304213488], [-0.4291776265200169, -0.5277194494058391, 0.733020343996383, 16.05406715533795], [0.3348994053979382, -0.8466896554365881, -0.4134718376900433, 51.027681353820356], [0.0, 0.0, 0.0, 1.0]]}, {"class": "Cherries", "pose": [[0.9750513220047072, 0.1456627189619287, 0.1675031170704018, -22.579390494772245], [-0.07327995528010775, -0.5010649685705313, 0.8623015844382345, 11.522229489617922], [0.20953512972861668, -0.8530628615134701, -0.4778898708259712, 51.40311840085439], [0.0, 0.0, 0.0, 1.0]]}, {"class": "PeasAndCarrots", "pose": [[0.8062586375761197, 0.07836100561316531, 0.5863502064466296, -10.445915186507227], [-0.4815776980695807, -0.488696173669065, 0.7275019227894547, 1.4570054159828176], [0.34355486750700887, -0.8689278318839283, -0.3562785720636898, 54.64873981711633], [0.0, 0.0, 0.0, 1.0]]}, {"class": "BBQSauce", "pose": [[0.9852569055781575, 0.15721020299385505, 0.06748173495101542, 13.538249929314238], [0.024391009097298758, -0.519491748837204, 0.8541273199379676, -12.347881948153805], [0.1693337287299938, -0.8398888340916266, -0.5156673148500021, 64.78153743270752], [0.0, 0.0, 0.0, 1.0]]}, {"class": "Raisins", "pose": [[0.125037791382665, 0.045343948634679006, -0.9911152705488756, 17.675676836959287], [-0.4763483391111031, -0.8735446351601408, -0.10006051822853249, -23.339403431437233], [-0.8703205061402488, 0.48462742847262036, -0.08762657750818738, 74.96963525524986], [0.0, 0.0, 0.0, 1.0]]}, {"class": "Ketchup", "pose": [[0.9503795192613149, 0.10210002992653705, 0.29386111638738915, 3.4205746060810394], [-0.18677902998763465, -0.568135089343674, 0.8014587895284865, -12.30657930161281], [0.24878176770173496, -0.8165770566938938, -0.5208737730605562, 63.63921456828088], [0.0, 0.0, 0.0, 1.0]]}, {"class": "AlphabetSoup", "pose": [[0.9731579951569602, 0.09102771413326147, -0.2113704666895767, 2.006005676562539], [0.2288948560669489, -0.47817551278368087, 0.8479123781024118, -21.792429777179294], [-0.02388864830346516, -0.8735342622191542, -0.4861760690670339, 72.88181328463827], [0.0, 0.0, 0.0, 1.0]]}, {"class": "Mayo", "pose": [[-0.4929336656165283, 0.8696963138276171, 0.025391445081317982, -0.5505760248620706], [0.7458810734045462, 0.43742219501638707, -0.5023179518423169, -29.52865046946113], [-0.44797082710771174, -0.228670410826691, -0.8643100868292508, 78.72292123101643], [0.0, 0.0, 0.0, 1.0]]}, {"class": "SaladDressing", "pose": [[0.876479971532972, 0.08882681423265613, -0.4731729694748509, -3.6183768355899093], [0.4385199882368861, -0.5529403094654789, 0.7084894573556297, -15.398626490642082], [-0.19870352856635226, -0.8284725670590626, -0.523593409324306, 64.43248463364813], [0.0, 0.0, 0.0, 1.0]]}, {"class": "Mustard", "pose": [[0.42687170031925403, 0.10863302755480271, 0.8977635653431462, -11.882677676924036], [-0.8006968191327649, -0.4160209498137194, 0.431058291007024, -19.052453367262164], [0.4203155942848596, -0.902842954477471, -0.09060543953515861, 64.2156250458982], [0.0, 0.0, 0.0, 1.0]]}, {"class": "Cookies", "pose": [[0.07669222729032521, -0.9911376166028222, -0.10846441672242395, -11.568664278730466], [0.8847346927658917, 0.0174881298227369, 0.465766857806433, 2.3695245150097493], [-0.4597421837262535, -0.13168292765346612, 0.8782349776621454, 59.32221105743013], [0.0, 0.0, 0.0, 1.0]]}, {"class": "Parmesan", "pose": [[0.7241504529332922, 0.09063720114707509, 0.6836600191261315, -19.90587781258708], [-0.5424286834976256, -0.537330454102899, 0.6457919041856575, -10.933313767156609], [0.42588409622192597, -0.8384872460306655, -0.33994384793837, 62.243034589259125], [0.0, 0.0, 0.0, 1.0]]}, {"class": "CreamCheese", "pose": [[0.9209977616472217, 0.09928882107407849, 0.37670260885390533, -22.383925079067524], [-0.2993467822779899, -0.4384556185374095, 0.8474362817415391, -19.352838699989388], [0.24930831439539544, -0.8932515708780845, -0.37409482811068684, 68.82830552170107], [0.0, 0.0, 0.0, 1.0]]}, {"class": "Milk", "pose": [[0.9350387065907447, 0.1144154840401567, 0.3355766926587334, -25.343641049761757], [-0.23922203783487678, -0.49498104314113844, 0.8353242847207135, -6.577691442350256], [0.2616781225755535, -0.8613378194034059, -0.43545569918502747, 53.52638856773836], [0.0, 0.0, 0.0, 1.0]]}, {"class": "ChocolatePudding", "pose": [[0.9414973296417666, 0.16197622232521036, -0.29554438608352307, -12.480954482645279], [0.33525868710618634, -0.5396787477539591, 0.7722360643233952, -28.02125566985599], [-0.03441513600620215, -0.8261419576220626, -0.5624100009708775, 75.84583383677798], [0.0, 0.0, 0.0, 1.0]]}, {"class": "Yogurt", "pose": [[0.9904809952652561, 0.13147481462091312, -0.04076485748231259, 0.48505149075819265], [0.09649120283452751, -0.45196811600405884, 0.88680006032387, 10.924386813989354], [0.09816745726877452, -0.8822919954085002, -0.46035196327752503, 55.41800305699689], [0.0, 0.0, 0.0, 1.0]]}]}