{"camera": {"camera": "RealSense D415", "extrinsics": [[-0.72697836, -0.6862157, -0.02470934, 0.6036443], [-0.4196416, 0.47247648, -0.77502704, 0.026543636], [0.54351026, -0.5530588, -0.6314448, 0.012615754], [0.0, 0.0, 0.0, 1.0]], "height": 480, "intrinsics": [[607.7151, 0.0, 326.28275], [0.0, 609.8564, 245.73769], [0.0, 0.0, 1.0]], "width": 640}, "objects": [{"class": "Cookies", "pose": [[-0.9739643810287842, 0.014096580716225323, 0.22626265948589724, 0.12757346362970434], [-0.1546739950356484, -0.7709959900505591, -0.6177711271906356, -2.644412918377442], [0.165739123446722, -0.636683967835598, 0.7531029443344267, 60.680261926197346], [0.0, 0.0, 0.0, 1.0]]}, {"class": "Mustard", "pose": [[0.5689589359388514, 0.007811858905385578, -0.82232890272328, 8.585493422822388], [0.5117379965945567, -0.7861264065162181, 0.34659706118777794, 3.9999748338353727], [-0.6437468405607196, -0.6180163868171652, -0.4512712350665585, 53.80930215378977], [0.0, 0.0, 0.0, 1.0]]}, {"class": "AlphabetSoup", "pose": [[0.8076803909717633, -0.0009420290779443843, -0.5896198934900497, 16.525369026968416], [0.3587931358378824, -0.7927559572440351, 0.49275298571843257, 6.544846333317318], [-0.46788882690120565, -0.6095384419204942, -0.6399553970294338, 57.017850722772536], [0.0, 0.0, 0.0, 1.0]]}, {"class": "GranolaBars", "pose": [[0.8125977395378551, 0.009990593641739315, -0.5827394116712508, 18.18981867465977], [0.37272764042306644, -0.7775704499704547, 0.5064171486058854, -1.2675140973396293], [-0.44806149646871973, -0.628716461662135, -0.6355757098270879, 62.75978844432814], [0.0, 0.0, 0.0, 1.0]]}, {"class": "Milk", "pose": [[-0.5766131124147558, -0.8165306865203328, -0.028197105175954786, -5.914735030966312], [0.4955404422363893, -0.3769607033532351, 0.7825217730135788, 7.065149509980073], [-0.6495821893528528, 0.43723946787181023, 0.621984407936148, 56.3215066599755], [0.0, 0.0, 0.0, 1.0]]}]}