{"camera": {"camera": "RealSense D415", "extrinsics": [[-0.73674226, -0.67535764, -0.033209316, 0.60732365], [-0.42094484, 0.49653342, -0.7591179, 0.016823748], [0.5291656, -0.545295, -0.6501055, 0.006995178], [0.0, 0.0, 0.0, 1.0]], "height": 480, "intrinsics": [[607.7151, 0.0, 326.28275], [0.0, 609.8564, 245.73769], [0.0, 0.0, 1.0]], "width": 640}, "objects": [{"class": "Cookies", "pose": [[-0.9772567678962436, 0.005685960346417016, 0.2119832175777242, 0.06708492817245615], [-0.14305848741870933, -0.7555815878957766, -0.6392423107730624, -4.08273141134286], [0.15653588203255986, -0.655029880231759, 0.7392106640994566, 59.636969156197594], [0.0, 0.0, 0.0, 1.0]]}, {"class": "Mustard", "pose": [[0.5807977986992358, -0.0009481274220440487, -0.8140473101479977, 8.669725137083184], [0.5179354715588667, -0.7710545550834501, 0.37042910125727524, 2.589258277949892], [-0.6280260928166622, -0.6367683911809955, -0.4473357519947472, 52.97562445125708], [0.0, 0.0, 0.0, 1.0]]}, {"class": "AlphabetSoup", "pose": [[0.8160208908430813, -0.009856011720719577, -0.5779383789118889, 16.629640933366684], [0.35701484833892533, -0.7777456544884385, 0.5173510352381645, 4.92920256267539], [-0.4545880627398352, -0.6285018426350214, -0.6311379875251759, 56.28880653936208], [0.0, 0.0, 0.0, 1.0]]}, {"class": "GranolaBars", "pose": [[0.8210400478450138, 0.0014292189032131884, -0.5708688135173099, 18.136164773938095], [0.37038806910333116, -0.7622794910876097, 0.5307943616931482, -3.044601436242401], [-0.4344029490130056, -0.6472464329124931, -0.6263913834411838, 61.84956662147234], [0.0, 0.0, 0.0, 1.0]]}, {"class": "Milk", "pose": [[-0.5648321429139777, -0.8249750467831489, -0.01951480450893979, -5.794890476962678], [0.5201614314954067, -0.3742962549585573, 0.7676811821197413, 5.824049953351111], [-0.6406221653439778, 0.4234601399573678, 0.6405347636278471, 55.48043650861511], [0.0, 0.0, 0.0, 1.0]]}]}