{"camera": {"camera": "RealSense D415", "extrinsics": [[-0.7728141, -0.63211244, -0.0565, 0.61596495], [-0.4017753, 0.55622804, -0.7274524, -0.010027499], [0.49125856, -0.53948516, -0.68382806, 0.0007377107], [0.0, 0.0, 0.0, 1.0]], "height": 480, "intrinsics": [[607.7151, 0.0, 326.28275], [0.0, 609.8564, 245.73769], [0.0, 0.0, 1.0]], "width": 640}, "objects": [{"class": "Cookies", "pose": [[-0.9875246692756623, -0.017349234792786276, 0.15650591618271328, -0.8918267747920039], [-0.09520777457389926, -0.7258713880440733, -0.681209395632444, -5.921240764218653], [0.1254216064634689, -0.6876116608309497, 0.7151640733488254, 57.15401507833129], [0.0, 0.0, 0.0, 1.0]]}, {"class": "Mustard", "pose": [[0.6251508445496518, -0.025314465182291426, -0.7800933723519782, 8.240750842852995], [0.5114303372983192, -0.7417231826777245, 0.43391907469897745, 0.5433242850632892], [-0.5895977203604956, -0.6702282915622604, -0.45074226851128263, 51.01399795665178], [0.0, 0.0, 0.0, 1.0]]}, {"class": "AlphabetSoup", "pose": [[0.8464187694659285, -0.03479694646144751, -0.5313798165049489, 16.22182733625917], [0.33039752448355353, -0.7482588852598282, 0.5752791926213932, 2.293357738073562], [-0.4176275897947498, -0.6624936818941896, -0.6218435052165184, 54.626833298272814], [0.0, 0.0, 0.0, 1.0]]}, {"class": "GranolaBars", "pose": [[0.8515996164384027, -0.02217628063622381, -0.523723568340398, 17.139202238166572], [0.34259142096273004, -0.732651198618331, 0.5880929964419942, -5.983448300955773], [-0.39674837712257766, -0.680242969952106, -0.6163280411994869, 59.863828699463085], [0.0, 0.0, 0.0, 1.0]]}, {"class": "Milk", "pose": [[-0.5178841274164664, -0.8554384357071583, 0.0046025494093802095, -6.090188502395877], [0.5777631489891152, -0.34580114706583204, 0.7393316869825064, 4.465085328916737], [-0.6308611395843552, 0.3855472909947441, 0.6733257282002523, 53.295893472088586], [0.0, 0.0, 0.0, 1.0]]}]}