{"camera": {"camera": "RealSense D415", "extrinsics": [[-0.790022, -0.61071706, -0.05375805, 0.6220189], [-0.3900711, 0.56836313, -0.7244363, -0.012352711], [0.47297966, -0.55135113, -0.68724245, 0.0034029915], [0.0, 0.0, 0.0, 1.0]], "height": 480, "intrinsics": [[607.7151, 0.0, 326.28275], [0.0, 609.8564, 245.73769], [0.0, 0.0, 1.0]], "width": 640}, "objects": [{"class": "Cookies", "pose": [[-0.9914931956680549, -0.014512845846539805, 0.12934715885583456, -1.593774870639153], [-0.0788767846945274, -0.7235058134526589, -0.6857972498198195, -5.2610583674349325], [0.1035362731743719, -0.6901657681880081, 0.7162063009694826, 56.02730227032603], [0.0, 0.0, 0.0, 1.0]]}, {"class": "Mustard", "pose": [[0.6464101132166241, -0.023121859989970496, -0.7626397657980912, 7.778347130209184], [0.5024847371469063, -0.7392704860884565, 0.4483172029455359, 1.065899813687343], [-0.5741629413728038, -0.6730115911631466, -0.46625350176052194, 50.108914614832564], [0.0, 0.0, 0.0, 1.0]]}, {"class": "AlphabetSoup", "pose": [[0.8607877037727736, -0.03287982436070722, -0.5079010862739884, 15.706803956626336], [0.3172503391024917, -0.7456672223716628, 0.5859459812507045, 2.670575039165547], [-0.397990950947383, -0.665506863329401, -0.6314299888469264, 53.90066437526598], [0.0, 0.0, 0.0, 1.0]]}, {"class": "GranolaBars", "pose": [[0.8657150269790046, -0.01961324991489884, -0.5001528563801368, 16.370077005356386], [0.3292952597569887, -0.7302241887981896, 0.5986128491099827, -5.635482989094405], [-0.3769644160210298, -0.6829260776563049, -0.625707451210762, 59.12968803186294], [0.0, 0.0, 0.0, 1.0]]}, {"class": "Milk", "pose": [[-0.49417153031611244, -0.8693613923011057, 0.0023098606033860364, -6.531080719653559], [0.5882274658795595, -0.3324076631666711, 0.7372202323437358, 5.222557713406259], [-0.6401429396508089, 0.3656719332586781, 0.6756486268999968, 52.09021570345011], [0.0, 0.0, 0.0, 1.0]]}]}