{"camera": {"camera": "RealSense D415", "extrinsics": [[-0.8051923, -0.59064835, -0.05291409, 0.6318621], [-0.37716106, 0.578922, -0.72291005, -0.012842646], [0.45761874, -0.56212443, -0.68891305, 0.0059589287], [0.0, 0.0, 0.0, 1.0]], "height": 480, "intrinsics": [[607.7151, 0.0, 326.28275], [0.0, 609.8564, 245.73769], [0.0, 0.0, 1.0]], "width": 640}, "objects": [{"class": "Cookies", "pose": [[-0.994445879160543, -0.013610750815781884, 0.10436574013745191, -1.7045629325291856], [-0.06235743386925298, -0.722634021745595, -0.6884124647935214, -4.2847671087897155], [0.08478805653694477, -0.6910968508588977, 0.7177716244909833, 55.06901309683002], [0.0, 0.0, 0.0, 1.0]]}, {"class": "Mustard", "pose": [[0.6654088980187529, -0.022803347618810255, -0.7461307342593758, 7.881713683632996], [0.4920388641041839, -0.7382655690485515, 0.4613694900993609, 1.889034401681179], [-0.5613633604642434, -0.6741246166948227, -0.48002828605944836, 49.33474201314191], [0.0, 0.0, 0.0, 1.0]]}, {"class": "AlphabetSoup", "pose": [[0.8733072752294629, -0.03280636569737457, -0.4860640001405292, 15.763115442521302], [0.3031093001881727, -0.7445038963694871, 0.5948435097201197, 3.3579452642500756], [-0.3813911770325496, -0.6668116178299744, -0.6402366852434501, 53.27664272233974], [0.0, 0.0, 0.0, 1.0]]}, {"class": "GranolaBars", "pose": [[0.8780386145209345, -0.018958071437254354, -0.4782142299943917, 16.188953045757543], [0.31505402700525575, -0.7292716602392157, 0.6073746012682546, -4.962041242038895], [-0.3602627200004517, -0.6839616052293926, -0.634355792810888, 58.50824947261965], [0.0, 0.0, 0.0, 1.0]]}, {"class": "Milk", "pose": [[-0.4721366855305313, -0.8815233141729124, 0.0019140473975616057, -6.391001518031469], [0.5969016422812342, -0.3180963596455851, 0.7365617666212749, 6.282988059667602], [-0.6486874482219289, 0.348900313836497, 0.67636760880969, 51.05109173630843], [0.0, 0.0, 0.0, 1.0]]}]}