{"camera": {"camera": "RealSense D415", "extrinsics": [[-0.8151271, -0.5767541, -0.054060113, 0.6425379], [-0.3677233, 0.58728635, -0.7210231, -0.015013106], [0.44760182, -0.5678463, -0.69079894, 0.0070473165], [0.0, 0.0, 0.0, 1.0]], "height": 480, "intrinsics": [[607.7151, 0.0, 326.28275], [0.0, 609.8564, 245.73769], [0.0, 0.0, 1.0]], "width": 640}, "objects": [{"class": "Cookies", "pose": [[-0.9960677972305207, -0.014733790166247495, 0.08736068296217145, -1.295435130098821], [-0.049925801099274456, -0.7212401916642922, -0.6908834964663334, -3.7730558546155244], [0.07318739694968995, -0.6925283317915952, 0.7176685167052241, 54.419482594781684], [0.0, 0.0, 0.0, 1.0]]}, {"class": "Mustard", "pose": [[0.6780138750608574, -0.02431861722941427, -0.7346467316070696, 8.433674012158809], [0.484533131432714, -0.7367828398791735, 0.47157045791746005, 2.288728154951445], [-0.5527430566780511, -0.6756919721676992, -0.48776578120910297, 48.807566996760634], [0.0, 0.0, 0.0, 1.0]]}, {"class": "AlphabetSoup", "pose": [[0.8814158859225496, -0.03448348238525332, -0.4710806254410106, 16.286860683827552], [0.2926883483806193, -0.7429065338374671, 0.6020161277579866, 3.651269322821766], [-0.3707285065873031, -0.6685063659006195, -0.644716680744412, 52.842875162495105], [0.0, 0.0, 0.0, 1.0]]}, {"class": "GranolaBars", "pose": [[0.8860528686770841, -0.020246623042215545, -0.4631418987140302, 16.547129779274826], [0.3045367459297854, -0.7278217106232583, 0.6144370865278447, -4.68222678101891], [-0.34952502525762125, -0.6854674470850066, -0.6387226479322773, 58.063825170153684], [0.0, 0.0, 0.0, 1.0]]}, {"class": "Milk", "pose": [[-0.4570316288050284, -0.8894440188578236, 0.003384932762482085, -5.801354690006832], [0.6039122807449746, -0.30751566514098866, 0.7353394306272394, 6.859835253318907], [-0.6530023123533546, 0.3381176007791221, 0.677690529209859, 50.36705737093147], [0.0, 0.0, 0.0, 1.0]]}]}