{"camera": {"camera": "RealSense D415", "extrinsics": [[-0.8216237, -0.566999, -0.058707964, 0.6519891], [-0.3624811, 0.59917617, -0.7138595, -0.016191201], [0.43993402, -0.56524336, -0.69782376, 0.0028732799], [0.0, 0.0, 0.0, 1.0]], "height": 480, "intrinsics": [[607.7151, 0.0, 326.28275], [0.0, 609.8564, 245.73769], [0.0, 0.0, 1.0]], "width": 640}, "objects": [{"class": "Cookies", "pose": [[-0.9969444924676931, -0.019378200475734724, 0.07567174945642964, -0.6524409774887774], [-0.03913234770703333, -0.7145133452106357, -0.698526568600605, -3.638066599621065], [0.06760465209206479, -0.6993534015934467, 0.7115718014988223, 53.641423333880276], [0.0, 0.0, 0.0, 1.0]]}, {"class": "Mustard", "pose": [[0.686411665227408, -0.029228692012256828, -0.726625597391207, 9.174805839256727], [0.48184078844341427, -0.7301013698456053, 0.48454253941619135, 2.3634846066222197], [-0.5446728611317843, -0.6827134758316171, -0.48706650701677223, 48.136789945299], [0.0, 0.0, 0.0, 1.0]]}, {"class": "AlphabetSoup", "pose": [[0.8866440754864211, -0.03950061098848302, -0.46076244911831277, 17.02186450188045], [0.28597184874029946, -0.7361745251794735, 0.6134062262211921, 3.5976787670775363], [-0.3634314761748773, -0.6756380598455975, -0.6414286961202458, 52.224969294544834], [0.0, 0.0, 0.0, 1.0]]}, {"class": "GranolaBars", "pose": [[0.8913055480723089, -0.025003054670507733, -0.4527132830101236, 17.159194608167173], [0.2975672014627883, -0.721096689837889, 0.6256783140564615, -4.786733410086494], [-0.3420938979729327, -0.6923831506185315, -0.6352773691092202, 57.36850801949811], [0.0, 0.0, 0.0, 1.0]]}, {"class": "Milk", "pose": [[-0.44664943350916764, -0.8946708589195843, 0.008269650970402, -5.0148309546286685], [0.6152178585534759, -0.3004000315632637, 0.7288805359698922, 7.08345802966241], [-0.6496239489104505, 0.3306416949302778, 0.6845909673437981, 49.66621245641459], [0.0, 0.0, 0.0, 1.0]]}]}