{"camera": {"camera": "RealSense D415", "extrinsics": [[-0.82789755, -0.55789036, -0.057827394, 0.6594425], [-0.35699752, 0.60366523, -0.71284014, -0.014956494], [0.43259504, -0.56951433, -0.6989384, 0.0032048703], [0.0, 0.0, 0.0, 1.0]], "height": 480, "intrinsics": [[607.7151, 0.0, 326.28275], [0.0, 609.8564, 245.73769], [0.0, 0.0, 1.0]], "width": 640}, "objects": [{"class": "Cookies", "pose": [[-0.9977373095158737, -0.018491657952137995, 0.06464045741491177, -0.37213491548105937], [-0.03209903443667385, -0.7137723464491118, -0.6996418407826481, -3.090924790259704], [0.0590761434246388, -0.7001336020786387, 0.7115636837998301, 53.10996022265413], [0.0, 0.0, 0.0, 1.0]]}, {"class": "Mustard", "pose": [[0.6944343816680952, -0.0285940933371864, -0.7189877163986009, 9.54405437704564], [0.47740318042289465, -0.7293038452897042, 0.49010419352289286, 2.8451988688328766], [-0.538374580466522, -0.6835921638066562, -0.4928026910173598, 47.69460974014081], [0.0, 0.0, 0.0, 1.0]]}, {"class": "AlphabetSoup", "pose": [[0.8917184177696704, -0.03896882407653281, -0.45090992793356044, 17.3645526657769], [0.279963916303785, -0.7353097230603629, 0.6172032345036025, 4.020145206221685], [-0.35561014802770724, -0.6766099398582229, -0.6447792951771063, 51.85057897689922], [0.0, 0.0, 0.0, 1.0]]}, {"class": "GranolaBars", "pose": [[0.8962801043051355, -0.024222337554217648, -0.4428265144938659, 17.398478714326775], [0.29150798072152756, -0.7203213557902126, 0.6294126289717871, -4.369330227162349], [-0.334223251951199, -0.6932174180201706, -0.6385486330679403, 56.98757876600652], [0.0, 0.0, 0.0, 1.0]]}, {"class": "Milk", "pose": [[-0.4367150629745463, -0.8995677213127857, 0.0076116681391779715, -4.624217616878501], [0.6189213226651382, -0.2943072310614932, 0.728230503368488, 7.664668682456642], [-0.6528524224311352, 0.3227402663990976, 0.6852899842802022, 49.10735685082892], [0.0, 0.0, 0.0, 1.0]]}]}