{"camera": {"camera": "RealSense D415", "extrinsics": [[-0.83413035, -0.5486582, -0.056575075, 0.6652961], [-0.35245723, 0.60910434, -0.71046877, -0.015997993], [0.42426464, -0.5726833, -0.70145094, 0.0044391933], [0.0, 0.0, 0.0, 1.0]], "height": 480, "intrinsics": [[607.7151, 0.0, 326.28275], [0.0, 609.8564, 245.73769], [0.0, 0.0, 1.0]], "width": 640}, "objects": [{"class": "Cookies", "pose": [[-0.9984178882803596, -0.017237694935427945, 0.053522307082180635, -0.25972476741801254], [-0.025348249601872257, -0.711670229104613, -0.702056288071376, -2.8827623731154652], [0.05019205430971386, -0.7023022037206453, 0.7101073441298756, 52.64233922567676], [0.0, 0.0, 0.0, 1.0]]}, {"class": "Mustard", "pose": [[0.7024410037325596, -0.027592800021799743, -0.7112069521471568, 9.744647923311522], [0.4740797230735421, -0.7271774474365048, 0.49644884578624177, 2.9995862909506132], [-0.5308720624610442, -0.6858947708751206, -0.4977180772670519, 47.33151133879394], [0.0, 0.0, 0.0, 1.0]]}, {"class": "AlphabetSoup", "pose": [[0.896735518346103, -0.03807000162117092, -0.4409264567174526, 17.536073655418278], [0.2747686026183715, -0.7331307434900957, 0.622110607799816, 4.108701031440004], [-0.34694048261205196, -0.6790213752558247, -0.6469639412861383, 51.559551786824606], [0.0, 0.0, 0.0, 1.0]]}, {"class": "GranolaBars", "pose": [[0.9011878021914811, -0.023074304707955098, -0.43281425203409113, 17.466707112123746], [0.2862210401288588, -0.7181986426448957, 0.6342462504917414, -4.295112937366461], [-0.3254813904015367, -0.6954554803082446, -0.6406275105436855, 56.67270400752956], [0.0, 0.0, 0.0, 1.0]]}, {"class": "Milk", "pose": [[-0.42664933831946944, -0.9043931548189709, 0.006589290435627562, -4.401926616899409], [0.6237528032183336, -0.28896537890522916, 0.7262448145382361, 7.913171320276715], [-0.6549067669923992, 0.31396194925007237, 0.6874046034356671, 48.63312122709921], [0.0, 0.0, 0.0, 1.0]]}]}