{"camera": {"camera": "RealSense D415", "extrinsics": [[-0.8427528, -0.5356315, -0.05354078, 0.6713537], [-0.35211256, 0.62375945, -0.6978115, -0.025861334], [0.4071664, -0.5692302, -0.7142776, 0.010807655], [0.0, 0.0, 0.0, 1.0]], "height": 480, "intrinsics": [[607.7151, 0.0, 326.28275], [0.0, 609.8564, 245.73769], [0.0, 0.0, 1.0]], "width": 640}, "objects": [{"class": "Cookies", "pose": [[-0.9991798660784926, -0.014207698816947218, 0.03791823655085288, -0.34828176497873065], [-0.01717310872644836, -0.6993539322524852, -0.7145692188462437, -4.158693341536603], [0.03667067328112649, -0.7146343259912381, 0.6985363478197169, 52.37033640617299], [0.0, 0.0, 0.0, 1.0]]}, {"class": "Mustard", "pose": [[0.7135647879718943, -0.024915579354230902, -0.700146101479899, 9.777045424826502], [0.4767289150085929, -0.7150455642784943, 0.5113114406535937, 1.723017716926284], [-0.5133759798066596, -0.6986337070715403, -0.49835332254353315, 47.29317061751327], [0.0, 0.0, 0.0, 1.0]]}, {"class": "AlphabetSoup", "pose": [[0.903640694898524, -0.035535000181814186, -0.4268147308034526, 17.521256699672755], [0.27254811730806805, -0.7210206919504912, 0.6370609800277653, 2.6890519278577343], [-0.33038022146668605, -0.6920017540671544, -0.6418586051621922, 51.64135906453174], [0.0, 0.0, 0.0, 1.0]]}, {"class": "GranolaBars", "pose": [[0.9079091374116769, -0.020191833429933814, -0.41868047985612517, 17.310062207758353], [0.2835906529604822, -0.7059455833545578, 0.6490124664738843, -5.800120754062223], [-0.30867039496570964, -0.7079781950144918, -0.6352081942519985, 56.60750042288954], [0.0, 0.0, 0.0, 1.0]]}, {"class": "Milk", "pose": [[-0.41241972264737337, -0.9109856879202385, 0.0038865050348536466, -4.341652504871862], [0.6387097623839804, -0.2861082170384968, 0.7142772111171724, 6.741335910051783], [-0.6495843189871371, 0.297064366264557, 0.6998521002404751, 48.49397376329448], [0.0, 0.0, 0.0, 1.0]]}]}