{"camera": {"camera": "RealSense D415", "extrinsics": [[-0.86079204, -0.5068537, -0.046221152, 0.6705473], [-0.3550678, 0.6631048, -0.6589529, -0.048139233], [0.36464214, -0.55080974, -0.75076276, 0.024398953], [0.0, 0.0, 0.0, 1.0]], "height": 480, "intrinsics": [[607.7151, 0.0, 326.28275], [0.0, 609.8564, 245.73769], [0.0, 0.0, 1.0]], "width": 640}, "objects": [{"class": "Cookies", "pose": [[-0.9999681934949158, -0.0069310887956498, 0.003953808165614538, -1.9034342352372335], [0.0016176221207734685, -0.6612874493403625, -0.7501308854430861, -7.623559744874646], [0.0078138062189741, -0.7501006043358368, 0.6612775583181898, 51.67416708987377], [0.0, 0.0, 0.0, 1.0]]}, {"class": "Mustard", "pose": [[0.7371491931315771, -0.01839698860469791, -0.6754795914519778, 8.475684686932395], [0.4876171536396802, -0.6775554687675244, 0.550588912775759, -1.6993620456526355], [-0.4678040059999101, -0.7352415840128403, -0.49048874241577256, 47.19397147170227], [0.0, 0.0, 0.0, 1.0]]}, {"class": "AlphabetSoup", "pose": [[0.9178926823550003, -0.029316713981109344, -0.39574438031749765, 16.10786509567309], [0.27042373000258474, -0.6836425767250849, 0.6778671596944431, -1.1181441978455615], [-0.29042049784199186, -0.7292279532687688, -0.619582527136243, 51.801007813065695], [0.0, 0.0, 0.0, 1.0]]}, {"class": "GranolaBars", "pose": [[0.9217419097524394, -0.013230859649412752, -0.387578194370183, 15.590060546237972], [0.2802462052090053, -0.668087163349063, 0.6892906928765182, -9.84497510671587], [-0.26805587824002464, -0.7439654122953451, -0.6120959833041443, 56.3118300738805], [0.0, 0.0, 0.0, 1.0]]}, {"class": "Milk", "pose": [[-0.38110271950254543, -0.9245288810965585, -0.0026694191310611534, -5.572935746903052], [0.6796127060490047, -0.28210029795986075, 0.6771602796382423, 3.541350324676481], [-0.6268072225072964, 0.2562534069780807, 0.7358307404238394, 48.25899739555602], [0.0, 0.0, 0.0, 1.0]]}]}