{"camera": {"camera": "RealSense D415", "extrinsics": [[-0.94025487, -0.3299849, 0.08384951, 0.66963017], [-0.31273517, 0.7396954, -0.5958585, -0.10223377], [0.13460122, -0.5864816, -0.7987001, 0.18847798], [0.0, 0.0, 0.0, 1.0]], "height": 480, "intrinsics": [[607.7151, 0.0, 326.28275], [0.0, 609.8564, 245.73769], [0.0, 0.0, 1.0]], "width": 640}, "objects": [{"class": "Cookies", "pose": [[-0.9743653782906293, 0.12178068826175295, -0.18916031636342903, -11.31436735326411], [0.07920268009276756, -0.6013000863171971, -0.7950880904242752, -11.275001438516293], [-0.2105685138695491, -0.7896883035988338, 0.5762406546769309, 51.385181322611665], [0.0, 0.0, 0.0, 1.0]]}, {"class": "Mustard", "pose": [[0.8510202274088471, 0.10632556371861837, -0.5142562578837231, 0.1398124218191077], [0.4618253644547333, -0.6176784162985456, 0.6365458637511036, -5.864609444183297], [-0.24996389201064229, -0.7792099807452625, -0.5747607037492998, 49.82832268615087], [0.0, 0.0, 0.0, 1.0]]}, {"class": "AlphabetSoup", "pose": [[0.9741092172126959, 0.09399220901116133, -0.2056131059006936, 6.566505918011744], [0.21861851603135105, -0.6233221654321981, 0.7507831593760153, -6.224899544265241], [-0.05759542600568003, -0.7762956191186097, -0.6277323367622621, 56.02352864083247], [0.0, 0.0, 0.0, 1.0]]}, {"class": "GranolaBars", "pose": [[0.9734300126837467, 0.1138715189050919, -0.1986638852948029, 4.530421973601562], [0.22642525604606364, -0.6080224745775161, 0.7609469125415871, -15.194803821860145], [-0.034141913558703496, -0.7857110753194732, -0.6176507458389396, 59.51185093763027], [0.0, 0.0, 0.0, 1.0]]}, {"class": "Milk", "pose": [[-0.1896474975095274, -0.9736075388872577, -0.1269733776896923, -13.451168015532177], [0.751909410113983, -0.22717589071496333, 0.6188887489148355, 0.3649314443083848], [-0.6314000744786255, 0.021898211954968994, 0.7751480002155023, 48.265906701218285], [0.0, 0.0, 0.0, 1.0]]}]}