{"camera": {"camera": "RealSense D415", "extrinsics": [[-0.9538259, -0.29596794, 0.0511773, 0.6963306], [-0.26872, 0.7647514, -0.5856149, -0.12823899], [0.13418534, -0.5723271, -0.8089722, 0.17874159], [0.0, 0.0, 0.0, 1.0]], "height": 480, "intrinsics": [[607.7151, 0.0, 326.28275], [0.0, 609.8564, 245.73769], [0.0, 0.0, 1.0]], "width": 640}, "objects": [{"class": "Cookies", "pose": [[-0.9702301663469693, 0.08883575542244838, -0.22530351998315729, -8.460937894881859], [0.13021031636335298, -0.5930528281278474, -0.7945650223378914, -10.606173371356393], [-0.20420270405144142, -0.8002477761451136, 0.5638304624846111, 50.79140783216174], [0.0, 0.0, 0.0, 1.0]]}, {"class": "Mustard", "pose": [[0.8714872470151563, 0.07264401351202665, -0.48500811213705736, 3.2371527855674875], [0.42392095240608774, -0.608832793200263, 0.6705323364281371, -5.735515361376124], [-0.24657869435565982, -0.7899654597171633, -0.5613853916307747, 49.26636697669487], [0.0, 0.0, 0.0, 1.0]]}, {"class": "AlphabetSoup", "pose": [[0.9833721171953478, 0.06006226371103175, -0.17138216607509119, 9.665249756531512], [0.17177168385299474, -0.6139166100968221, 0.7704549582125025, -6.513933613470542], [-0.0589390806267617, -0.7870825056111045, -0.614025530518518, 55.42156075778018], [0.0, 0.0, 0.0, 1.0]]}, {"class": "GranolaBars", "pose": [[0.9831765593292506, 0.08062473445609888, -0.16390103302702103, 7.208283509688707], [0.17920356046553015, -0.5994477384249306, 0.7800951550768719, -15.431646737691379], [-0.035355129909233916, -0.7963428986692059, -0.6038112623336515, 58.76983297482201], [0.0, 0.0, 0.0, 1.0]]}, {"class": "Milk", "pose": [[-0.1553965803768704, -0.9834434304823232, -0.09322534578256629, -10.03974085126018], [0.77086284427954, -0.1797369760579931, 0.6111178715333738, 1.1753622190897568], [-0.6177559552177404, 0.02310166309916579, 0.7860304898334409, 47.878224838004016], [0.0, 0.0, 0.0, 1.0]]}]}