{"camera": {"camera": "RealSense D415", "extrinsics": [[-0.95972997, -0.28092393, -0.00030685024, 0.70531654], [-0.22195654, 0.7589463, -0.6121567, -0.1569843], [0.17220235, -0.58743703, -0.79073644, 0.17258717], [0.0, 0.0, 0.0, 1.0]], "height": 480, "intrinsics": [[607.7151, 0.0, 326.28275], [0.0, 609.8564, 245.73769], [0.0, 0.0, 1.0]], "width": 640}, "objects": [{"class": "Cookies", "pose": [[-0.9697720342242389, 0.03725648747333364, -0.2411517774000747, -6.291268895003266], [0.16660278803640577, -0.6209788679520062, -0.7659169523798517, -9.006019674450046], [-0.17828554030769378, -0.7829414041200914, 0.5960008864221997, 52.480672808892784], [0.0, 0.0, 0.0, 1.0]]}, {"class": "Mustard", "pose": [[0.8805979560075857, 0.020737545121727877, -0.47341020063267397, 5.551226425796829], [0.3770815976680373, -0.6356999004044882, 0.6735689472453, -4.70744141568584], [-0.2869786330265021, -0.7716577181874542, -0.5676157705106198, 50.43814709959295], [0.0, 0.0, 0.0, 1.0]]}, {"class": "AlphabetSoup", "pose": [[0.987467453242412, 0.008047248440054397, -0.15761755785753048, 12.13479080328639], [0.12618057510709713, -0.6401300398750105, 0.7578337653354841, -5.577893152746349], [-0.09479724312786353, -0.7682244577782658, -0.6331229722186993, 56.41407946634147], [0.0, 0.0, 0.0, 1.0]]}, {"class": "GranolaBars", "pose": [[0.9883540541552956, 0.028906816651664113, -0.14940108283188816, 9.40375908968274], [0.13434296416725214, -0.6268798136390061, 0.7674462121855703, -14.269830100146732], [-0.07147208213909853, -0.7785795644041579, -0.6234626180865435, 60.1241893930073], [0.0, 0.0, 0.0, 1.0]]}, {"class": "Milk", "pose": [[-0.1417579028724231, -0.9890387388680872, -0.04131699356099013, -7.452264807177866], [0.7574178815764235, -0.135244494625974, 0.6387699904573987, 2.7376295312732224], [-0.637356147065088, 0.05925645070490879, 0.7682876073662752, 49.2368123716159], [0.0, 0.0, 0.0, 1.0]]}]}