{"camera": {"camera": "RealSense D415", "extrinsics": [[-0.95838636, -0.28376812, -0.031164493, 0.7159687], [-0.204953, 0.75994235, -0.61683214, -0.15794428], [0.19872051, -0.5847762, -0.78647757, 0.16124272], [0.0, 0.0, 0.0, 1.0]], "height": 480, "intrinsics": [[607.7151, 0.0, 326.28275], [0.0, 609.8564, 245.73769], [0.0, 0.0, 1.0]], "width": 640}, "objects": [{"class": "Cookies", "pose": [[-0.9712571150352478, 0.006440829965046469, -0.2379457495653121, -4.152700230484562], [0.18159544660030755, -0.6262292956609747, -0.7581952012915515, -7.615277558153317], [-0.1538919886321086, -0.77961238710679, 0.6070599608727861, 53.30276473073994], [0.0, 0.0, 0.0, 1.0]]}, {"class": "Mustard", "pose": [[0.8788226723083387, -0.0100152872938007, -0.4770434489547897, 7.70101320780091], [0.36067398184395183, -0.6406057105424213, 0.6778927663523259, -3.526258774844536], [-0.31238601286170764, -0.7678047327121699, -0.5593665039877862, 50.9228935271572], [0.0, 0.0, 0.0, 1.0]]}, {"class": "AlphabetSoup", "pose": [[0.9865725649689556, -0.02268197652092253, -0.16174099519017635, 14.424288088806602], [0.10919913641380895, -0.6448037988958164, 0.756507508070834, -4.4697489015106395], [-0.12145028199151105, -0.7640115700717519, -0.6336688127019028, 56.72980095175228], [0.0, 0.0, 0.0, 1.0]]}, {"class": "GranolaBars", "pose": [[0.9882063792428377, -0.0018870671211863863, -0.15311642150621657, 11.649321205001506], [0.1174864204429097, -0.6319643943756261, 0.7660404333222243, -13.092593527245372], [-0.09820968432469265, -0.774995182403906, -0.6242894677518922, 60.56637772805501], [0.0, 0.0, 0.0, 1.0]]}, {"class": "Milk", "pose": [[-0.14600714613250607, -0.9892268499916256, -0.010592453318988216, -5.205476801949704], [0.7558028952622804, -0.11845022851584344, 0.6439965272493631, 4.126216115017018], [-0.6383132617145661, 0.08602227632308543, 0.7649551374334749, 50.01447973019077], [0.0, 0.0, 0.0, 1.0]]}]}