{"camera": {"camera": "RealSense D415", "extrinsics": [[-0.9721446, -0.23438084, -0.0006826293, 0.7178695], [-0.18144077, 0.7544017, -0.63083863, -0.1579515], [0.14837146, -0.6131425, -0.7759138, 0.20139228], [0.0, 0.0, 0.0, 1.0]], "height": 480, "intrinsics": [[607.7151, 0.0, 326.28275], [0.0, 609.8564, 245.73769], [0.0, 0.0, 1.0]], "width": 640}, "objects": [{"class": "Cookies", "pose": [[-0.9570617218769576, 0.0362716811947288, -0.28760607308987307, -5.718297880315937], [0.1985468459293479, -0.6408740275083943, -0.7415252452930154, -5.360703700849913], [-0.21121563366885973, -0.7667887067151758, 0.6061543351141573, 52.868342624727326], [0.0, 0.0, 0.0, 1.0]]}, {"class": "Mustard", "pose": [[0.9023965051660874, 0.01887867491270261, -0.430492939215647, 6.334736989703826], [0.3365826129661766, -0.6546835781597883, 0.6768320439421772, -1.5616234691618018], [-0.26905893769881933, -0.7556673102053351, -0.5971383817518107, 51.08348392722449], [0.0, 0.0, 0.0, 1.0]]}, {"class": "AlphabetSoup", "pose": [[0.9939219732736497, 0.005933198170558467, -0.1099269567496451, 12.702927781488393], [0.08660829652271163, -0.6585482480342539, 0.7475381371907638, -2.532826995522322], [-0.06795689463302117, -0.7525151680630652, -0.6550594056546385, 57.27345035992572], [0.0, 0.0, 0.0, 1.0]]}, {"class": "GranolaBars", "pose": [[0.9944395698410318, 0.027578350939937157, -0.10163367606641185, 9.533815431892167], [0.095298718371466, -0.6463485648160331, 0.7570678606354907, -11.022734465290911], [-0.044812079541882294, -0.7625437970665315, -0.6453827373832084, 61.10116730402474], [0.0, 0.0, 0.0, 1.0]]}, {"class": "Milk", "pose": [[-0.09397810353867583, -0.9948015227347372, -0.039218287021197534, -6.333394593721431], [0.746422950220507, -0.09647189113330153, 0.6584421099652321, 6.3355798328019794], [-0.6588026429448095, 0.03260569353803736, 0.7516089335735654, 49.318349529575634], [0.0, 0.0, 0.0, 1.0]]}]}