{"camera": {"camera": "RealSense D415", "extrinsics": [[-0.9800884, -0.19852386, -0.0038646155, 0.7235365], [-0.15155211, 0.7604863, -0.6314211, -0.1759406], [0.12829113, -0.61826277, -0.7754305, 0.2087923], [0.0, 0.0, 0.0, 1.0]], "height": 480, "intrinsics": [[607.7151, 0.0, 326.28275], [0.0, 609.8564, 245.73769], [0.0, 0.0, 1.0]], "width": 640}, "objects": [{"class": "Cookies", "pose": [[-0.9459847471858064, 0.032569668067685506, -0.3225710232297096, -5.458024184630905], [0.2273833006914211, -0.6425677149175892, -0.7317128052260155, -4.764138829040013], [-0.2311053651920209, -0.7655363857611341, 0.6004533970905237, 51.98987457836264], [0.0, 0.0, 0.0, 1.0]]}, {"class": "Mustard", "pose": [[0.9176170453062911, 0.01453714110437136, -0.39719972294244765, 6.739627551606087], [0.30860831129321364, -0.6558278143460268, 0.6889490918422968, -1.3362878936340166], [-0.2504792362725425, -0.7547705358200234, -0.6062850157117399, 50.45315572778024], [0.0, 0.0, 0.0, 1.0]]}, {"class": "AlphabetSoup", "pose": [[0.9972944702922388, 0.0014173573716706259, -0.07349640015876704, 12.94576812366145], [0.05619289908796102, -0.6592924407869704, 0.7497839012893721, -2.4939988642387085], [-0.04739288720174162, -0.7518852850219031, -0.6575882923475154, 56.77425480331936], [0.0, 0.0, 0.0, 1.0]]}, {"class": "GranolaBars", "pose": [[0.9975977813677321, 0.02362742686120657, -0.06511836548770826, 9.440658581157745], [0.0648902514030001, -0.6477698097287912, 0.7590675805857096, -10.878931057136546], [-0.024246876569391593, -0.7614696506792503, -0.6477468563361427, 60.539933520139414], [0.0, 0.0, 0.0, 1.0]]}, {"class": "Milk", "pose": [[-0.05751492966882707, -0.9977426564873019, -0.034664311684289933, -5.642507934833974], [0.7481787566513256, -0.06606595392912419, 0.6601998946126638, 6.941347929341937], [-0.6609996684542272, 0.012036228701074589, 0.7502896089673396, 48.42176749524619], [0.0, 0.0, 0.0, 1.0]]}]}