{"camera": {"camera": "RealSense D415", "extrinsics": [[-0.9834471, -0.18114072, -0.0044551846, 0.7334816], [-0.1386454, 0.7681071, -0.62513113, -0.1824725], [0.11665876, -0.61416566, -0.780507, 0.20548037], [0.0, 0.0, 0.0, 1.0]], "height": 480, "intrinsics": [[607.7151, 0.0, 326.28275], [0.0, 609.8564, 245.73769], [0.0, 0.0, 1.0]], "width": 640}, "objects": [{"class": "Cookies", "pose": [[-0.9401523815857997, 0.03171013135764747, -0.33927575015282113, -4.603901903593], [0.24260730139868222, -0.6368716555578511, -0.7318033807288531, -4.5619242620663165], [-0.23928067288662305, -0.7703174180250489, 0.5910632279074323, 50.934284770675674], [0.0, 0.0, 0.0, 1.0]]}, {"class": "Mustard", "pose": [[0.9245101740037422, 0.013378031909105931, -0.38092260906874154, 7.656648585762604], [0.2975364761937248, -0.6499595848687055, 0.6993029241771034, -1.2953823981010248], [-0.2382289709395346, -0.7598509927999139, -0.6048746402853076, 49.554794196840724], [0.0, 0.0, 0.0, 1.0]]}, {"class": "AlphabetSoup", "pose": [[0.9984385050711657, 0.00018051881855951459, -0.05586221154000962, 13.77772607130946], [0.042412900834876636, -0.6532605134258902, 0.7559443391099906, -2.591133527442746], [-0.036356103029965996, -0.757133168575585, -0.6522480380417979, 55.93180046652345], [0.0, 0.0, 0.0, 1.0]]}, {"class": "GranolaBars", "pose": [[0.9986162826875291, 0.022652338626457078, -0.04746007985688341, 10.114556577896295], [0.05092117710264215, -0.6419784624593993, 0.7650298581440296, -10.955105094411117], [-0.013138623566816898, -0.7663879493232308, -0.6422435612889456, 59.59218079363645], [0.0, 0.0, 0.0, 1.0]]}, {"class": "Milk", "pose": [[-0.0398693120212058, -0.9986468125621655, -0.03339235529745347, -4.58503998680968], [0.7541397418608423, -0.05199779849664691, 0.6546521787091911, 7.172939712193557], [-0.6555025714889103, 0.0009180206038586683, 0.7551923200905858, 47.45916674635081], [0.0, 0.0, 0.0, 1.0]]}]}