{"camera": {"camera": "RealSense D415", "extrinsics": [[-0.98718125, -0.15953937, -0.0045147506, 0.7452085], [-0.12271609, 0.776809, -0.6176638, -0.194019], [0.10204879, -0.6091921, -0.78642935, 0.20827857], [0.0, 0.0, 0.0, 1.0]], "height": 480, "intrinsics": [[607.7151, 0.0, 326.28275], [0.0, 609.8564, 245.73769], [0.0, 0.0, 1.0]], "width": 640}, "objects": [{"class": "Cookies", "pose": [[-0.9324988653893813, 0.031301411161908134, -0.35981406515754866, -3.592770523538036], [0.2610306296527068, -0.6301217364310168, -0.7313068036788831, -4.6556050674107565], [-0.24961761269768537, -0.7758652582785739, 0.5794171595256106, 50.28877032466721], [0.0, 0.0, 0.0, 1.0]]}, {"class": "Mustard", "pose": [[0.9326431634742725, 0.01260636752855918, -0.3605799258151317, 8.739683990412017], [0.28372706599079384, -0.6429879436083469, 0.7113828012015168, -1.588646266854682], [-0.22288056958448435, -0.7657725927236811, -0.6032550739614563, 49.10609629751487], [0.0, 0.0, 0.0, 1.0]]}, {"class": "AlphabetSoup", "pose": [[0.9994223355316455, -0.0006816902877587318, -0.03397946905460179, 14.74998830908204], [0.025495173000925492, -0.6460855620911743, 0.7628390892303148, -3.049288606727335], [-0.022473644414514066, -0.763264739104125, -0.6456949509422678, 55.552455340875916], [0.0, 0.0, 0.0, 1.0]]}, {"class": "GranolaBars", "pose": [[0.9994289063045098, 0.02210456727522312, -0.0255601863638878, 10.894295133139941], [0.03378248215302893, -0.6351076855952444, 0.7716845243000435, -11.382461758787699], [0.0008243015831340497, -0.772107308535041, -0.6354917158854004, 59.08304669634104], [0.0, 0.0, 0.0, 1.0]]}, {"class": "Milk", "pose": [[-0.017976912229941015, -0.999311005984218, -0.032471798901467556, -3.325238137462261], [0.7607888735598363, -0.03474454097098291, 0.648068777358563, 7.109041700860402], [-0.6487504686232168, -0.013053927625507715, 0.7608892959951532, 46.92642667694342], [0.0, 0.0, 0.0, 1.0]]}]}