{"camera": {"camera": "RealSense D415", "extrinsics": [[-0.8236674, -0.5498163, 0.13883102, 0.46618104], [-0.5245498, 0.6457005, -0.554904, 0.054837126], [0.21545199, -0.5298801, -0.8202484, 0.058477346], [0.0, 0.0, 0.0, 1.0]], "height": 480, "intrinsics": [[603.75165, 0.0, 326.28275], [0.0, 603.20245, 245.73769], [0.0, 0.0, 1.0]], "width": 640}, "objects": [{"class": "ChocolatePudding", "pose": [[0.9873770934101084, 0.1577556186099858, -0.014128121138325983, -2.706030242423474], [0.11019945026393481, -0.6201697933834505, 0.7766888505204226, 9.13032135120637], [0.11376521077915339, -0.7684416199110087, -0.6297260215221067, 42.13084135180014], [0.0, 0.0, 0.0, 1.0]]}, {"class": "MacaroniAndCheese", "pose": [[0.15309548717613733, 0.7638117535812287, 0.6270194099853548, -4.5157201050639415], [-0.5197648847311257, 0.6018835328347296, -0.6062843718003174, -2.3602180426706254], [-0.8404797153143048, -0.23308325827937576, 0.4891481896441981, 44.69406091165411], [0.0, 0.0, 0.0, 1.0]]}, {"class": "Milk", "pose": [[-0.25325674883116867, 0.9513623460785056, 0.17541570407572174, -6.03587062495397], [0.7670106076853735, 0.3079699308205907, -0.5628936945773647, -14.37044906689849], [-0.5895386272965631, -0.008010907389978065, -0.8077004029126238, 55.31096704445101], [0.0, 0.0, 0.0, 1.0]]}, {"class": "Ketchup", "pose": [[0.9732381033591355, 0.1623086440039785, 0.16267594122184914, -17.76430179722585], [-0.037348826159406844, -0.5867704170448128, 0.808891590296284, -7.341898766221446], [0.22674353996780533, -0.793319801242181, -0.5650052819373248, 44.15580056003222], [0.0, 0.0, 0.0, 1.0]]}, {"class": "OrangeJuice", "pose": [[-0.9603853406276209, -0.24821297003051118, -0.12668970998906554, 8.610936807597458], [0.14369249919167632, -0.8305886497528885, 0.5380288306068776, 1.7098298968096663], [-0.23877278483029582, 0.49851063464826556, 0.833351434236547, 47.890396867609894], [0.0, 0.0, 0.0, 1.0]]}]}