{"camera": {"camera": "RealSense D415", "extrinsics": [[-0.9889454, -0.14745128, -0.015654396, 0.7547807], [-0.10732038, 0.7846178, -0.61062044, -0.21264796], [0.10231949, -0.60219026, -0.79176867, 0.20571764], [0.0, 0.0, 0.0, 1.0]], "height": 480, "intrinsics": [[607.7151, 0.0, 326.28275], [0.0, 609.8564, 245.73769], [0.0, 0.0, 1.0]], "width": 640}, "objects": [{"class": "Cookies", "pose": [[-0.9283714065906402, 0.019964325207004113, -0.3711171802772674, -2.3459071741709914], [0.2785270125413297, -0.6237584895368679, -0.7303068738237698, -5.491114311285994], [-0.24606758544273466, -0.7813621366346502, 0.5735189381902229, 50.266131073721766], [0.0, 0.0, 0.0, 1.0]]}, {"class": "Mustard", "pose": [[0.9369223885902435, 0.0010719878344394335, -0.34953582499285907, 10.033988251262505], [0.27025620588144517, -0.6364025008845231, 0.7224635077214971, -2.6175587096303965], [-0.22167099004864, -0.7713564188394181, -0.5965494656110308, 49.09342258888812], [0.0, 0.0, 0.0, 1.0]]}, {"class": "AlphabetSoup", "pose": [[0.9996787200517502, -0.012262273614899366, -0.022183274656627294, 16.02723138824921], [0.009220377582504512, -0.639302528610751, 0.7689000855038941, -4.233217587490098], [-0.023610274832916296, -0.7688575492859917, -0.6389840698037597, 55.51864295344633], [0.0, 0.0, 0.0, 1.0]]}, {"class": "GranolaBars", "pose": [[0.9998502673127396, 0.010691105974908226, -0.013606893865970771, 12.038969860878579], [0.01730286253621601, -0.6286248336362522, 0.7775162438319901, -12.532220886393592], [-0.0002411118421882743, -0.7776352199671777, -0.628715694226255, 58.981811573317835], [0.0, 0.0, 0.0, 1.0]]}, {"class": "Milk", "pose": [[-0.00622042480123658, -0.9997631226452712, -0.020856875769680813, -1.8885359323818185], [0.7666132280888376, -0.018159992589022088, 0.6418523608487686, 6.296416715566913], [-0.6420790799923449, -0.011996573076800139, 0.7665445550686011, 47.00595100184321], [0.0, 0.0, 0.0, 1.0]]}]}