{"camera": {"camera": "RealSense D415", "extrinsics": [[-0.9866559, -0.15989007, -0.030746428, 0.76690453], [-0.108953334, 0.78868586, -0.6050651, -0.22301899], [0.120993175, -0.5936411, -0.7955821, 0.19799508], [0.0, 0.0, 0.0, 1.0]], "height": 480, "intrinsics": [[607.7151, 0.0, 326.28275], [0.0, 609.8564, 245.73769], [0.0, 0.0, 1.0]], "width": 640}, "objects": [{"class": "Cookies", "pose": [[-0.9332526574353759, 0.005080507395571773, -0.3591848671946049, -0.5466879128241176], [0.279384664242992, -0.6182427681120319, -0.7346564375024265, -6.8091581657761715], [-0.2257958658943321, -0.7859707821862985, 0.575557244219788, 51.12897485898104], [0.0, 0.0, 0.0, 1.0]]}, {"class": "Mustard", "pose": [[0.9321661257629805, -0.013601326506953972, -0.36177537351853917, 11.805466161062029], [0.2726740859442078, -0.6309741900635305, 0.7263060005458546, -3.9159579191503315], [-0.2381496225092956, -0.7756845869337249, -0.5844639969848655, 49.73324042487991], [0.0, 0.0, 0.0, 1.0]]}, {"class": "AlphabetSoup", "pose": [[0.9990131681327366, -0.026881549593898425, -0.035357816335516205, 17.925234829701907], [0.010313579243384111, -0.6339040510290435, 0.773342922818145, -5.571089284093447], [-0.043202107430522406, -0.7729443963310385, -0.6330012029794232, 56.027821119927665], [0.0, 0.0, 0.0, 1.0]]}, {"class": "GranolaBars", "pose": [[0.9996380668085872, -0.004113746565118953, -0.026587881893463564, 14.012436691706453], [0.018232077278373345, -0.6231437423007904, 0.7818947882485434, -13.897881331316098], [-0.019784578673474346, -0.7820965133252629, -0.6228431577617023, 59.51031463584167], [0.0, 0.0, 0.0, 1.0]]}, {"class": "Milk", "pose": [[-0.019457145755137805, -0.9997910283549993, -0.006278701068582624, -0.16285767249856198], [0.771092650476101, -0.01900325302659898, 0.6364393080702205, 5.001373060912864], [-0.6364255794063519, 0.007541822245462473, 0.77130123017787, 47.94340408056294], [0.0, 0.0, 0.0, 1.0]]}]}