{"camera": {"camera": "RealSense D415", "extrinsics": [[-0.9868723, -0.1527689, -0.052389666, 0.76633686], [-0.0924476, 0.80034584, -0.5923681, -0.24920237], [0.13242528, -0.5797484, -0.8039623, 0.19782089], [0.0, 0.0, 0.0, 1.0]], "height": 480, "intrinsics": [[607.7151, 0.0, 326.28275], [0.0, 609.8564, 245.73769], [0.0, 0.0, 1.0]], "width": 640}, "objects": [{"class": "Cookies", "pose": [[-0.9307034604223903, -0.016694308756887977, -0.36539345972810316, 0.11306149452702252], [0.300000637161404, -0.6063506751778899, -0.7364363288966426, -8.470682937907483], [-0.20926229264873064, -0.7950221301273122, 0.5693409788153014, 52.3572660173662], [0.0, 0.0, 0.0, 1.0]]}, {"class": "Mustard", "pose": [[0.9339450887551204, -0.03547645748229273, -0.35565152010619994, 12.498117830692724], [0.2588923980384463, -0.6188866696994402, 0.7415888391898389, -5.786345187066274], [-0.24641692023166956, -0.7846787489576174, -0.5688215950831887, 50.84099166163265], [0.0, 0.0, 0.0, 1.0]]}, {"class": "AlphabetSoup", "pose": [[0.9983868834497938, -0.048772597352696685, -0.02906675595992184, 18.66689940298012], [-0.007562077147769573, -0.6216106533193851, 0.7832898574434325, -7.649050844350722], [-0.0562712724535579, -0.7818065345198708, -0.620976755727317, 57.02882132382411], [0.0, 0.0, 0.0, 1.0]]}, {"class": "GranolaBars", "pose": [[0.9994635939286313, -0.025927766450732637, -0.0200071721463573, 14.644262293202326], [-9.298147720896357e-06, -0.6111380062124477, 0.7915240535706499, -15.953256276435713], [-0.03274958000951894, -0.7910993090135992, -0.6108104394675506, 60.43936052680768], [0.0, 0.0, 0.0, 1.0]]}, {"class": "Milk", "pose": [[-0.013256772138839511, -0.9997896960070625, 0.015647151488948845, 0.6767663161001303], [0.7807968802699939, -0.0005748590861304256, 0.6247846760303664, 3.377235552907992], [-0.6246442969623942, 0.020499860796271793, 0.7806403158016026, 49.34182244618823], [0.0, 0.0, 0.0, 1.0]]}]}