{"camera": {"camera": "RealSense D415", "extrinsics": [[-0.98986274, -0.1216043, -0.07337708, 0.7593502], [-0.055068716, 0.8048368, -0.5909358, -0.27971265], [0.13091691, -0.58090454, -0.8033745, 0.19933541], [0.0, 0.0, 0.0, 1.0]], "height": 480, "intrinsics": [[607.7151, 0.0, 326.28275], [0.0, 609.8564, 245.73769], [0.0, 0.0, 1.0]], "width": 640}, "objects": [{"class": "Cookies", "pose": [[-0.9184141816489896, -0.038247756670255054, -0.3937671990544509, 0.036279163705932316], [0.3345780395073943, -0.6062416754472049, -0.7214766288386105, -8.6135174617402], [-0.21112322183268184, -0.7943601509652163, 0.5695777802320389, 52.36493158800446], [0.0, 0.0, 0.0, 1.0]]}, {"class": "Mustard", "pose": [[0.9434212757658136, -0.05750501167165135, -0.3265724683137329, 12.516018922476647], [0.2232518646627339, -0.6180492802145879, 0.7537729443810071, -6.39918517269141], [-0.24518357963856746, -0.7840332718435854, -0.5702427140178197, 50.86585822077796], [0.0, 0.0, 0.0, 1.0]]}, {"class": "AlphabetSoup", "pose": [[0.9974825348331947, -0.07089883724544202, 0.0014333790376885268, 18.60044383858206], [-0.04521251240660309, -0.6202673085420309, 0.7830863644617232, -8.48542615402749], [-0.05463082176395141, -0.7811797052779796, -0.6219112905774852, 57.06586988305094], [0.0, 0.0, 0.0, 1.0]]}, {"class": "GranolaBars", "pose": [[0.9988054393218807, -0.04766114421921126, 0.010780385346407987, 14.2625760522175], [-0.03767752819214426, -0.6106732887235166, 0.7909857760028973, -16.628213670056464], [-0.03111598296050847, -0.790446999878706, -0.6117395262362102, 60.47924500074042], [0.0, 0.0, 0.0, 1.0]]}, {"class": "Milk", "pose": [[0.017144103253492273, -0.9991338202380313, 0.037918280230879065, 1.0504680583007908], [0.779995539852477, 0.03709142749896711, 0.624684835213968, 3.2011665223250994], [-0.6255501573470875, 0.0188664182881979, 0.7799557493066881, 49.336979242820725], [0.0, 0.0, 0.0, 1.0]]}]}