{"camera": {"camera": "RealSense D415", "extrinsics": [[-0.9975735, 0.012990476, -0.068398416, 0.7645576], [0.04898611, 0.8290738, -0.55698925, -0.33749488], [0.049471777, -0.55898833, -0.8276984, 0.20897755], [0.0, 0.0, 0.0, 1.0]], "height": 480, "intrinsics": [[607.7151, 0.0, 326.28275], [0.0, 609.8564, 245.73769], [0.0, 0.0, 1.0]], "width": 640}, "objects": [{"class": "Cookies", "pose": [[-0.8570904990387507, -0.03595823284182229, -0.5139094509330632, 0.5977717848804742], [0.437921048001313, -0.5762582666192212, -0.6900373883934775, -7.182330866113762], [-0.271332075399959, -0.8164762274246109, 0.5096523635460102, 47.85861320753749], [0.0, 0.0, 0.0, 1.0]]}, {"class": "Mustard", "pose": [[0.9788565304247434, -0.05714875585491864, -0.19640253144751188, 13.322959469511853], [0.12634473730817977, -0.5861898055214606, 0.8002615514740705, -6.293625888928256], [-0.1608630976374205, -0.8081556445922526, -0.5665753036363139, 47.44125823119647], [0.0, 0.0, 0.0, 1.0]]}, {"class": "AlphabetSoup", "pose": [[0.9881665682145611, -0.07089279053303833, 0.13601870284420137, 18.615456385044414], [-0.1515788010306384, -0.5870206197392303, 0.7952551103825312, -9.19845990359534], [0.023467954375813695, -0.8064620380747625, -0.5908200174504269, 54.026407710353695], [0.0, 0.0, 0.0, 1.0]]}, {"class": "GranolaBars", "pose": [[0.9883183675613967, -0.04608042276426143, 0.1452702336632176, 13.17150111650507], [-0.1448866513786991, -0.5797497689976199, 0.8018092635470866, -16.914339283690413], [0.04727269922167687, -0.8134905127617691, -0.5796538055713067, 56.7835396373219], [0.0, 0.0, 0.0, 1.0]]}, {"class": "Milk", "pose": [[0.15156215964474276, -0.9876866613261719, 0.038781601463889225, 3.1047492300949497], [0.7905809651689429, 0.14467950633540166, 0.5950206798671239, 4.532098914853444], [-0.593304913149928, -0.05952264788986273, 0.8027741844247005, 45.35440822450059], [0.0, 0.0, 0.0, 1.0]]}]}