{"camera": {"camera": "RealSense D415", "extrinsics": [[-0.99571776, 0.04121997, -0.08274697, 0.7661472], [0.08047134, 0.8270447, -0.5563465, -0.3519031], [0.045502856, -0.5606229, -0.82682014, 0.20116898], [0.0, 0.0, 0.0, 1.0]], "height": 480, "intrinsics": [[607.7151, 0.0, 326.28275], [0.0, 609.8564, 245.73769], [0.0, 0.0, 1.0]], "width": 640}, "objects": [{"class": "Cookies", "pose": [[-0.8418360893280553, -0.050972613075536806, -0.5373209967413911, 1.5286509981841], [0.4640974312833318, -0.5766028728896334, -0.6724155740081412, -6.190204477906019], [-0.2755460863428937, -0.8154329870375678, 0.5090613848177777, 46.72915716476117], [0.0, 0.0, 0.0, 1.0]]}, {"class": "Mustard", "pose": [[0.9829554992010482, -0.07249690870113641, -0.16894598822481605, 14.277010349765762], [0.0951208067256931, -0.5858444353774724, 0.8048219260073411, -5.7034215930831245], [-0.1573231552640858, -0.8071744121876425, -0.5689630820077645, 46.35934239741656], [0.0, 0.0, 0.0, 1.0]]}, {"class": "AlphabetSoup", "pose": [[0.9828071642722116, -0.08626664455103682, 0.16324278241681042, 19.45027765297691], [-0.18255928347620878, -0.586238527350155, 0.7893012732689829, -8.759189431476083], [0.027608860963297517, -0.8055324272037899, -0.5919082319751675, 52.97087534930878], [0.0, 0.0, 0.0, 1.0]]}, {"class": "GranolaBars", "pose": [[0.9830788637972812, -0.06121102938512755, 0.1726534666744997, 13.755599762379312], [-0.17582382946396974, -0.5797675499830337, 0.7955850500709263, -16.293900619268864], [0.05140032263355602, -0.8124794362606167, -0.5807196122461209, 55.72260028971121], [0.0, 0.0, 0.0, 1.0]]}, {"class": "Milk", "pose": [[0.1786407154712902, -0.9824073025340053, 0.05443756811088605, 4.412767815980024], [0.7841347935792269, 0.17557044368887467, 0.5952374717021917, 5.434065940420724], [-0.5943232970147345, -0.06364728189460776, 0.801703771784474, 44.21081501504611], [0.0, 0.0, 0.0, 1.0]]}]}