{"camera": {"camera": "RealSense D415", "extrinsics": [[-0.9898242, 0.090495296, -0.10981226, 0.7581897], [0.13687432, 0.81650114, -0.5608844, -0.38100138], [0.038904436, -0.5702074, -0.82057905, 0.19620171], [0.0, 0.0, 0.0, 1.0]], "height": 480, "intrinsics": [[607.7151, 0.0, 326.28275], [0.0, 609.8564, 245.73769], [0.0, 0.0, 1.0]], "width": 640}, "objects": [{"class": "Cookies", "pose": [[-0.8129976759305844, -0.07928548502355522, -0.5768437614370742, 2.3526355160884638], [0.5072873484099537, -0.5827543306887878, -0.6348676562522207, -4.601237157353766], [-0.28582240180417984, -0.8087714313273101, 0.5139983890091008, 45.45925129820433], [0.0, 0.0, 0.0, 1.0]]}, {"class": "Mustard", "pose": [[0.9875222097717977, -0.10133666868895284, -0.12054417903521242, 15.109867425337065], [0.03777695050053414, -0.590669478297456, 0.8060288296129469, -4.836503141035397], [-0.15288201473264698, -0.800525123565116, -0.5794709945464291, 45.155800093550525], [0.0, 0.0, 0.0, 1.0]]}, {"class": "AlphabetSoup", "pose": [[0.9708242350445082, -0.11511476182017803, 0.21035453542567628, 20.06996038879508], [-0.23717319263220757, -0.5902686946064708, 0.7715774423949578, -8.097197349090923], [0.03534575717005579, -0.7989564985226267, -0.6003492386326689, 51.83248549098726], [0.0, 0.0, 0.0, 1.0]]}, {"class": "GranolaBars", "pose": [[0.9713561569057987, -0.0897003720003914, 0.2200481629485044, 13.94659078307361], [-0.2301732138819646, -0.5853020355469074, 0.7774585670917905, -15.26561695116019], [0.05905632731702716, -0.8058383192584121, -0.5891833083403563, 54.64163531258668], [0.0, 0.0, 0.0, 1.0]]}, {"class": "Milk", "pose": [[0.2254490974686362, -0.9706389579386612, 0.08386210166189442, 5.8989525394733455], [0.7655243057543193, 0.22973271830889158, 0.600995357874169, 6.810832669435884], [-0.6026153252594092, -0.07129539541707623, 0.7948407096790556, 42.818771452658375], [0.0, 0.0, 0.0, 1.0]]}]}