{"camera": {"camera": "RealSense D415", "extrinsics": [[-0.9698829, 0.1737365, -0.17071265, 0.7130742], [0.2396276, 0.8062197, -0.5409145, -0.46601704], [0.043655314, -0.56553113, -0.8235707, 0.1913386], [0.0, 0.0, 0.0, 1.0]], "height": 480, "intrinsics": [[607.7151, 0.0, 326.28275], [0.0, 609.8564, 245.73769], [0.0, 0.0, 1.0]], "width": 640}, "objects": [{"class": "Cookies", "pose": [[-0.7562593718775331, -0.14260868410480146, -0.6385409927625101, 1.8438284545428063], [0.59157426140061, -0.5659406799823912, -0.5742396136670601, -5.755190318483544], [-0.2794847414766056, -0.8120184249630878, 0.512361499268207, 45.46840131002619], [0.0, 0.0, 0.0, 1.0]]}, {"class": "Mustard", "pose": [[0.9855321330150281, -0.165341042339661, -0.037266986539267376, 14.505002777351683], [-0.06495715775739826, -0.5715542196065364, 0.8179892637566494, -7.324528261490665], [-0.1565472709895097, -0.8037338669028187, -0.5740250624052242, 45.11311047516007], [0.0, 0.0, 0.0, 1.0]]}, {"class": "AlphabetSoup", "pose": [[0.9407149137678467, -0.17899593410162468, 0.28812493880723844, 19.11776021655681], [-0.33786451442482635, -0.5697215190471484, 0.7491762506528007, -11.130735373138245], [0.030051481013805847, -0.802108385451747, -0.5964218269035862, 51.74997931069561], [0.0, 0.0, 0.0, 1.0]]}, {"class": "GranolaBars", "pose": [[0.9420557574433593, -0.15322360649407182, 0.2984184144009935, 12.285767415872984], [-0.3311137702162315, -0.5674016329920591, 0.7539357744305807, -17.635919574499788], [0.05380234071134273, -0.8090599030799255, -0.5852583450856768, 54.53918632401229], [0.0, 0.0, 0.0, 1.0]]}, {"class": "Milk", "pose": [[0.30249407231623376, -0.9414289045106067, 0.1490269362844671, 6.558506426389743], [0.7415890075397196, 0.3306804080380278, 0.5836919611842869, 5.239225304783113], [-0.5987846941967467, -0.06604662268747206, 0.7981821112737555, 42.88412453782679], [0.0, 0.0, 0.0, 1.0]]}]}