{"camera": {"camera": "RealSense D415", "extrinsics": [[-0.9593754, 0.21151203, -0.18671243, 0.690001], [0.27933192, 0.80511206, -0.5232287, -0.5029573], [0.03965528, -0.55412745, -0.83148676, 0.19068046], [0.0, 0.0, 0.0, 1.0]], "height": 480, "intrinsics": [[607.7151, 0.0, 326.28275], [0.0, 609.8564, 245.73769], [0.0, 0.0, 1.0]], "width": 640}, "objects": [{"class": "Cookies", "pose": [[-0.7287955798299596, -0.15976471999662037, -0.6658320491078172, 1.095643028327209], [0.6259776750864142, -0.5495447307711389, -0.5533105548463295, -6.911228095128502], [-0.277504965796941, -0.8200462588125764, 0.5005148723926656, 45.41014324461768], [0.0, 0.0, 0.0, 1.0]]}, {"class": "Mustard", "pose": [[0.9831541237127084, -0.18277439304402177, 0.0012533269663792732, 13.682881667167536], [-0.10410153799163331, -0.5543056860205953, 0.8257772745494278, -9.002972319557772], [-0.1502361988070525, -0.811996780840837, -0.5639949668151611, 45.12656021500176], [0.0, 0.0, 0.0, 1.0]]}, {"class": "AlphabetSoup", "pose": [[0.9255746092864654, -0.1963533103647264, 0.3236620161641151, 18.081772015124585], [-0.3771587325130864, -0.5519248737567369, 0.7437272720204631, -13.079034890422758], [0.03260380380727084, -0.8104470099872156, -0.5849039631433428, 51.74836136648747], [0.0, 0.0, 0.0, 1.0]]}, {"class": "GranolaBars", "pose": [[0.9270117323938681, -0.17045380250292222, 0.33405812334205154, 10.96355525672752], [-0.3707602078981832, -0.5505975575888366, 0.747916592104876, -19.327082649820536], [0.056446356960584775, -0.8171828893442424, -0.573607831422814, 54.40657679430827], [0.0, 0.0, 0.0, 1.0]]}, {"class": "Milk", "pose": [[0.337720684194629, -0.9263088627776324, 0.16702308451564368, 6.283736629366688], [0.7355765588084099, 0.3704505541821352, 0.5671803451874847, 3.907641011479124], [-0.5872579228026197, -0.06869026510403824, 0.8064798755742134, 42.99775913352428], [0.0, 0.0, 0.0, 1.0]]}]}