{"camera": {"camera": "RealSense D415", "extrinsics": [[-0.95821947, 0.22771782, -0.17308965, 0.68519086], [0.28451318, 0.82112175, -0.49478412, -0.51799923], [0.02945652, -0.52335805, -0.85160357, 0.18619776], [0.0, 0.0, 0.0, 1.0]], "height": 480, "intrinsics": [[607.7151, 0.0, 326.28275], [0.0, 609.8564, 245.73769], [0.0, 0.0, 1.0]], "width": 640}, "objects": [{"class": "Cookies", "pose": [[-0.7191014248949374, -0.14654407697029057, -0.679277565112174, 0.36699519941014724], [0.6396294022380149, -0.5216413216878049, -0.5645923935524209, -8.822184234722547], [-0.2716015736962596, -0.8404850772736401, 0.4688468855037385, 44.98912663673079], [0.0, 0.0, 0.0, 1.0]]}, {"class": "Mustard", "pose": [[0.9853272541351851, -0.1697413916769636, 0.017835314847524337, 12.944092303100618], [-0.10596879347821958, -0.5265011507717263, 0.8435444058267643, -10.990416621276689], [-0.13379406670111008, -0.8330572602880749, -0.5367631980654237, 44.8902300299782], [0.0, 0.0, 0.0, 1.0]]}, {"class": "AlphabetSoup", "pose": [[0.9223515202016368, -0.18333379475403147, 0.34008297388805453, 17.18238190651813], [-0.38438870690090043, -0.5240780897976987, 0.7599917692698124, -15.308583922976354], [0.03889787186519971, -0.831703598919927, -0.5538556320093857, 51.463136907006145], [0.0, 0.0, 0.0, 1.0]]}, {"class": "GranolaBars", "pose": [[0.9233451798703284, -0.15729534480734664, 0.35027402067223795, 9.972902461498833], [-0.37877411181743303, -0.5227124032670224, 0.7637420554379204, -21.59004200904466], [0.06295951604961075, -0.8378722565706164, -0.5422233515891567, 53.77396052047732], [0.0, 0.0, 0.0, 1.0]]}, {"class": "Milk", "pose": [[0.3541352950025333, -0.9223963226120027, 0.1541857746714964, 5.670337998640706], [0.7518246395293157, 0.3788554698531158, 0.5396556827420609, 2.032963471299143], [-0.5561905099773158, -0.07519047038075878, 0.827646356710165, 43.033580811288104], [0.0, 0.0, 0.0, 1.0]]}]}