{"camera": {"camera": "RealSense D415", "extrinsics": [[-0.96331924, 0.19958256, -0.17939591, 0.74432546], [0.26319766, 0.8331276, -0.4864415, -0.47921386], [0.052374456, -0.515815, -0.85509753, 0.15598072], [0.0, 0.0, 0.0, 1.0]], "height": 480, "intrinsics": [[607.7151, 0.0, 326.28275], [0.0, 609.8564, 245.73769], [0.0, 0.0, 1.0]], "width": 640}, "objects": [{"class": "Cookies", "pose": [[-0.7379195784985151, -0.15206432169308248, -0.6575342114846605, 5.914456236416132], [0.6276072469618647, -0.5128691306639332, -0.5857254860074248, -6.807507734842039], [-0.24816102982691857, -0.8448915399735679, 0.47389279197594253, 43.91868078361735], [0.0, 0.0, 0.0, 1.0]]}, {"class": "Mustard", "pose": [[0.9845076135436353, -0.1749993831555365, -0.010957933470968672, 18.530661769260583], [-0.08266190024753814, -0.5183351700224362, 0.8511730777879081, -8.70051959828546], [-0.15463462700928987, -0.8370805727731235, -0.5247706509952071, 43.541509344910004], [0.0, 0.0, 0.0, 1.0]]}, {"class": "AlphabetSoup", "pose": [[0.9309706463408568, -0.18861089491925884, 0.31260148353070977, 22.990783521087355], [-0.36477673318885256, -0.516227048530508, 0.774885485652694, -13.017335225176218], [0.015221497079939248, -0.8354253904268374, -0.5493930399879748, 49.9668644607032], [0.0, 0.0, 0.0, 1.0]]}, {"class": "GranolaBars", "pose": [[0.9323234515573229, -0.16273591149354794, 0.32293978745698254, 15.965115556888199], [-0.3594796808880739, -0.5142099377062044, 0.7786927799706713, -19.485635881310557], [0.03933756899200168, -0.8420838323700855, -0.5379101823326325, 52.327857899939524], [0.0, 0.0, 0.0, 1.0]]}, {"class": "Milk", "pose": [[0.32677625950364325, -0.9316206915136488, 0.15906056992414833, 10.943861898885586], [0.767058953998518, 0.35975304321206353, 0.5312233575211284, 4.186583544312816], [-0.552121140632519, -0.05158234728170352, 0.8321667482217565, 42.01634986289522], [0.0, 0.0, 0.0, 1.0]]}]}