{"camera": {"camera": "RealSense D415", "extrinsics": [[-0.95991147, 0.20452511, -0.19167534, 0.7503975], [0.2755102, 0.81434584, -0.51081795, -0.46100262], [0.051614918, -0.5431485, -0.8380487, 0.15703747], [0.0, 0.0, 0.0, 1.0]], "height": 480, "intrinsics": [[607.7151, 0.0, 326.28275], [0.0, 609.8564, 245.73769], [0.0, 0.0, 1.0]], "width": 640}, "objects": [{"class": "Cookies", "pose": [[-0.7329718662102531, -0.16455372425552486, -0.6600563267535896, 7.2100411359073195], [0.6278171556277578, -0.5372199809740296, -0.5632409025884302, -3.3561181502250848], [-0.26191205874827794, -0.8272344336755835, 0.49707674175156646, 43.25742320422833], [0.0, 0.0, 0.0, 1.0]]}, {"class": "Mustard", "pose": [[0.9822502873591915, -0.18748320644710903, -0.005870229351649068, 19.80120142179488], [-0.09849984848273341, -0.5421817882857483, 0.8344679092134338, -5.40160985768921], [-0.15963142350199666, -0.8190781403794828, -0.5510252540037447, 42.84145286135046], [0.0, 0.0, 0.0, 1.0]]}, {"class": "AlphabetSoup", "pose": [[0.9269992542859691, -0.20105682721136933, 0.3166205522301104, 24.265706258689], [-0.37456255883486217, -0.5398702768883702, 0.7538189284293995, -9.565846665434435], [0.01937359859140986, -0.8173838025503893, -0.5757676657928633, 49.36373028686372], [0.0, 0.0, 0.0, 1.0]]}, {"class": "GranolaBars", "pose": [[0.9286061797908152, -0.17521622526429662, 0.32709307019254386, 17.188814519154818], [-0.3685317493784852, -0.538352605553223, 0.7578659677020618, -15.878042741645126], [0.04330100789541338, -0.8243032153664999, -0.5644902601625366, 51.98040686859433], [0.0, 0.0, 0.0, 1.0]]}, {"class": "Milk", "pose": [[0.3306858292440656, -0.9280000213551707, 0.17164755172012325, 12.344314657754751], [0.7457523682928606, 0.36841530939261075, 0.5550887930751526, 7.516113229556237], [-0.5783599595442752, -0.055553444911068235, 0.8138879492418685, 40.97320520309592], [0.0, 0.0, 0.0, 1.0]]}]}