{"camera": {"camera": "RealSense D415", "extrinsics": [[-0.96253794, 0.20032246, -0.18273388, 0.75375915], [0.2676123, 0.81031394, -0.52132046, -0.44905108], [0.043639608, -0.5506925, -0.8335666, 0.16220579], [0.0, 0.0, 0.0, 1.0]], "height": 480, "intrinsics": [[607.7151, 0.0, 326.28275], [0.0, 609.8564, 245.73769], [0.0, 0.0, 1.0]], "width": 640}, "objects": [{"class": "Cookies", "pose": [[-0.7370038076673266, -0.15544144304046703, -0.6577715733380487, 7.029988366603657], [0.6185578487755452, -0.5473676912361634, -0.5637152225584818, -2.4682244396268036], [-0.27241818231617465, -0.8223299498507737, 0.49956152268965015, 42.961589738197326], [0.0, 0.0, 0.0, 1.0]]}, {"class": "Mustard", "pose": [[0.9839106996616976, -0.17837009889359634, -0.010195113249418488, 19.640538324079692], [-0.0915659946736165, -0.5524437900852959, 0.8285056313935472, -4.407504444667431], [-0.1534128192418841, -0.8142419462313987, -0.5598879238915463, 42.633540967815975], [0.0, 0.0, 0.0, 1.0]]}, {"class": "AlphabetSoup", "pose": [[0.9301110101799283, -0.19197221048972649, 0.3131138396238869, 24.106225098718802], [-0.3661926010621277, -0.5502336013340032, 0.7504305542324102, -8.463164421792474], [0.028223959158855227, -0.8126436091632504, -0.5820770567936439, 49.22308087129931], [0.0, 0.0, 0.0, 1.0]]}, {"class": "GranolaBars", "pose": [[0.9315373797328272, -0.16610918919088238, 0.3234902546431617, 17.07071471650572], [-0.35989502390240347, -0.5485626924465148, 0.7546884112409007, -14.80913219804042], [0.052094018255528424, -0.8194429136199588, -0.5707884476844732, 51.86949476069852], [0.0, 0.0, 0.0, 1.0]]}, {"class": "Milk", "pose": [[0.3272625290644082, -0.930864733390652, 0.16245055439169512, 12.081470757428148], [0.7424606680941638, 0.3596542323693253, 0.5651557690647729, 8.42383044104968], [-0.5845095261169125, -0.06434117104026349, 0.8088317223117396, 40.58893113112333], [0.0, 0.0, 0.0, 1.0]]}]}