{"camera": {"camera": "RealSense D415", "extrinsics": [[-0.9630309, 0.21128799, -0.16711958, 0.74520004], [0.26813352, 0.81166804, -0.5189406, -0.44384405], [0.0259997, -0.5445662, -0.8383148, 0.16425657], [0.0, 0.0, 0.0, 1.0]], "height": 480, "intrinsics": [[607.7151, 0.0, 326.28275], [0.0, 609.8564, 245.73769], [0.0, 0.0, 1.0]], "width": 640}, "objects": [{"class": "Cookies", "pose": [[-0.731293496168504, -0.14006244195432221, -0.6675271303575143, 5.702458250040177], [0.6197831140954035, -0.54503630125765, -0.5646275473443727, -1.9745971825673891], [-0.2847434220227422, -0.826630479706774, 0.4853898172322722, 41.97345901524652], [0.0, 0.0, 0.0, 1.0]]}, {"class": "Mustard", "pose": [[0.9866017813146618, -0.16314432069849663, 0.000995328317918245, 18.31577941294099], [-0.09180500253109085, -0.5501190172093654, 0.830024610382972, -3.9213716443924405], [-0.13486622477674115, -0.8189951189117075, -0.5577258624553083, 41.880731685116416], [0.0, 0.0, 0.0, 1.0]]}, {"class": "AlphabetSoup", "pose": [[0.9291785440344479, -0.17677308834397348, 0.32462076873061585, 22.652464392783735], [-0.36688637302684196, -0.5479041136774586, 0.7517947970883173, -7.997822783229797], [0.04496399107253432, -0.8176505154497823, -0.5739563704061353, 48.54320023594475], [0.0, 0.0, 0.0, 1.0]]}, {"class": "GranolaBars", "pose": [[0.9301531793774355, -0.15078405066992986, 0.33478256810281304, 15.563859605470064], [-0.36065437920124355, -0.546232014709061, 0.7560151786150742, -14.346247808679397], [0.06887394975260971, -0.8239507045979965, -0.5624603599154259, 51.03767383744717], [0.0, 0.0, 0.0, 1.0]]}, {"class": "Milk", "pose": [[0.3388083924995352, -0.9292471801663792, 0.14733867880706586, 10.804963547387592], [0.7438221129683853, 0.36044629069244855, 0.5628561816413123, 8.920476073382883], [-0.576140185988528, -0.08110665454166728, 0.8133168126360188, 39.72720697420811], [0.0, 0.0, 0.0, 1.0]]}]}