{"camera": {"camera": "RealSense D415", "extrinsics": [[-0.95826495, 0.2339936, -0.16424172, 0.7302302], [0.28581357, 0.796694, -0.5325311, -0.44645408], [0.006241521, -0.55724835, -0.83032244, 0.17475137], [0.0, 0.0, 0.0, 1.0]], "height": 480, "intrinsics": [[607.7151, 0.0, 326.28275], [0.0, 609.8564, 245.73769], [0.0, 0.0, 1.0]], "width": 640}, "objects": [{"class": "Cookies", "pose": [[-0.7156325412909023, -0.13783849481564525, -0.6847413582153942, 4.622367602046806], [0.6269667401344089, -0.5588684569367649, -0.5427511965617496, -0.5066139976201367], [-0.3078683230957139, -0.8177204134505494, 0.48636453705199484, 41.14482959776461], [0.0, 0.0, 0.0, 1.0]]}, {"class": "Mustard", "pose": [[0.9866362772629942, -0.16111852535304655, 0.02428558491901253, 17.198142214533128], [-0.11214912566653512, -0.5633829730268488, 0.8185489026799304, -2.6805599892437417], [-0.1182012706410435, -0.8103335887396869, -0.573923319286128, 41.27991543438664], [0.0, 0.0, 0.0, 1.0]]}, {"class": "AlphabetSoup", "pose": [[0.9215833159136793, -0.1747229294471632, 0.34663554666699825, 21.361766562516117], [-0.3825044229847853, -0.560897752385068, 0.7342235249086707, -6.6999530447931335], [0.06614142885826987, -0.8092377204416802, -0.5837462334304556, 48.08590471490675], [0.0, 0.0, 0.0, 1.0]]}, {"class": "GranolaBars", "pose": [[0.9223208328572559, -0.14861821979110532, 0.35670298356167407, 14.122917042737381], [-0.3758137712952518, -0.5598180036463931, 0.7384902970662954, -12.869160139055507], [0.0899356518386822, -0.8151788180385616, -0.5721845113168561, 50.59850579111364], [0.0, 0.0, 0.0, 1.0]]}, {"class": "Milk", "pose": [[0.36070607983457936, -0.9212396212774314, 0.14563240236006436, 9.954835275911101], [0.7259557959582956, 0.3753447816678995, 0.5762851585388019, 10.248156650954577], [-0.5855590126070515, -0.10214688569301478, 0.8041683271176361, 38.76081079896346], [0.0, 0.0, 0.0, 1.0]]}]}