{"camera": {"camera": "RealSense D415", "extrinsics": [[-0.9442075, 0.28617138, -0.16302815, 0.6972322], [0.3283205, 0.77871776, -0.53460664, -0.46682945], [-0.0260362, -0.5583051, -0.8292271, 0.1912556], [0.0, 0.0, 0.0, 1.0]], "height": 480, "intrinsics": [[607.7151, 0.0, 326.28275], [0.0, 609.8564, 245.73769], [0.0, 0.0, 1.0]], "width": 640}, "objects": [{"class": "Cookies", "pose": [[-0.6771756701695282, -0.13822513825416896, -0.7227219451977465, 2.6961478514703208], [0.6545174119566357, -0.5619421303914814, -0.5057943939281142, 0.7434745659756714], [-0.33621442581025013, -0.815545754494112, 0.4710042915660311, 40.22633503101151], [0.0, 0.0, 0.0, 1.0]]}, {"class": "Mustard", "pose": [[0.9837004151394061, -0.16189562351008638, 0.0782520768298655, 15.151799698120028], [-0.15745088518558498, -0.5653248924379638, 0.8097017686387479, -1.987388116391231], [-0.08684930906172098, -0.8088248247369018, -0.5816009464183547, 40.76810851651128], [0.0, 0.0, 0.0, 1.0]]}, {"class": "AlphabetSoup", "pose": [[0.9010628500996971, -0.17540133669798627, 0.39663610329887755, 18.924553406715937], [-0.4224032003825162, -0.5622224334233574, 0.7109721802254731, -6.106470255361085], [0.09829226210493068, -0.8081709787370263, -0.5806878342168339, 47.740358418427306], [0.0, 0.0, 0.0, 1.0]]}, {"class": "GranolaBars", "pose": [[0.9013862469902448, -0.14910802732744355, 0.4065337834777164, 11.343658793761978], [-0.4154669099003076, -0.5623793918080706, 0.7149242168509267, -11.916086799303748], [0.12202529993025052, -0.8133241913505049, -0.5688705005630754, 50.09654383362959], [0.0, 0.0, 0.0, 1.0]]}, {"class": "Milk", "pose": [[0.410368895769874, -0.8999614049451473, 0.14719689595612373, 8.575669579659916], [0.7020639883429861, 0.41480359363388025, 0.5788299442606563, 11.220326077702513], [-0.5819824109870085, -0.13419218290603585, 0.8020529856677587, 37.89167448396044], [0.0, 0.0, 0.0, 1.0]]}]}