{"camera": {"camera": "RealSense D415", "extrinsics": [[-0.7530353, -0.62782604, 0.19690682, 0.45689353], [-0.6126593, 0.55989116, -0.5578266, 0.106851965], [0.23997165, -0.5406999, -0.80626124, 0.047203615], [0.0, 0.0, 0.0, 1.0]], "height": 480, "intrinsics": [[603.75165, 0.0, 326.28275], [0.0, 603.20245, 245.73769], [0.0, 0.0, 1.0]], "width": 640}, "objects": [{"class": "ChocolatePudding", "pose": [[0.968074035022026, 0.2239655652618417, -0.11257021716071611, -3.3912522866729686], [0.2304913882361313, -0.6188435934953423, 0.7509369795342155, 9.465492919982854], [0.09852069601909517, -0.752909038697004, -0.6507085402970597, 41.493155187262666], [0.0, 0.0, 0.0, 1.0]]}, {"class": "MacaroniAndCheese", "pose": [[0.20668353650335297, 0.6842020231201601, 0.6993922167105103, -3.7901993794849096], [-0.5218353189252579, 0.6817550049330533, -0.5127358322412483, -2.0800391339487745], [-0.827629018305208, -0.2589934789664567, 0.49794832906966713, 44.3947221729461], [0.0, 0.0, 0.0, 1.0]]}, {"class": "Milk", "pose": [[-0.3484551434654159, 0.9075708233197933, 0.2342950685559207, -3.7677037266296787], [0.7139535154559484, 0.41894978941021177, -0.5610271581790411, -13.874163473669746], [-0.6073297492046501, -0.028216981924947874, -0.7939485689724042, 55.35708132503658], [0.0, 0.0, 0.0, 1.0]]}, {"class": "Ketchup", "pose": [[0.972698390404789, 0.22426771063015657, 0.05968082414925918, -16.35183275031634], [0.08563535398982428, -0.5858721261993973, 0.805866278226638, -8.620739562136162], [0.21569514325732017, -0.7787540239708853, -0.5890821061920161, 44.15727793143683], [0.0, 0.0, 0.0, 1.0]]}, {"class": "OrangeJuice", "pose": [[-0.9727694873790435, -0.14259690510023912, -0.18271730235158445, 8.783166697018274], [0.021090055337968164, -0.8395282284063896, 0.5429066068559939, 3.6181480467403464], [-0.23081316127986562, 0.5242694493685971, 0.8196748023149221, 47.31569763035378], [0.0, 0.0, 0.0, 1.0]]}]}