{"camera": {"camera": "RealSense D415", "extrinsics": [[-0.93902713, 0.30676457, -0.15531763, 0.6806668], [0.34188217, 0.7848156, -0.5168956, -0.48190853], [-0.036669552, -0.5384793, -0.84184045, 0.18645373], [0.0, 0.0, 0.0, 1.0]], "height": 480, "intrinsics": [[607.7151, 0.0, 326.28275], [0.0, 609.8564, 245.73769], [0.0, 0.0, 1.0]], "width": 640}, "objects": [{"class": "Cookies", "pose": [[-0.6620310196360335, -0.13113973980670102, -0.737914197278365, 1.3220628265843914], [0.6699884012991185, -0.5448220583222685, -0.5042662813740402, -0.23144353217254832], [-0.33590257784061045, -0.8282338267377592, 0.4485511693413165, 39.434492410405916], [0.0, 0.0, 0.0, 1.0]]}, {"class": "Mustard", "pose": [[0.9828712246835685, -0.15497139184504802, 0.09974010357172687, 13.727589367369264], [-0.1695270010523272, -0.5479977351584278, 0.8191209274680394, -3.145292518127457], [-0.07228293640845977, -0.8219989835618252, -0.5648830084164309, 40.14638074016401], [0.0, 0.0, 0.0, 1.0]]}, {"class": "AlphabetSoup", "pose": [[0.8933100706702054, -0.1684432046244072, 0.4166822162234922, 17.31761764885865], [-0.43667065230903124, -0.5447197956004385, 0.7159602651919207, -7.444489787262631], [0.10637642198267243, -0.8215273643212322, -0.5601578452433523, 47.10636438930277], [0.0, 0.0, 0.0, 1.0]]}, {"class": "GranolaBars", "pose": [[0.8933000125841298, -0.14206585069124975, 0.42641815914244696, 9.617087214825826], [-0.4301784596184157, -0.5451483893736732, 0.7195552390777797, -13.190276780476179], [0.1302369558839789, -0.8262145642761257, -0.5480946945284069, 49.218467498147675], [0.0, 0.0, 0.0, 1.0]]}, {"class": "Milk", "pose": [[0.43031355499566715, -0.8916652458109887, 0.1405823554422387, 7.384811000570823], [0.7068867955274251, 0.42971985412837765, 0.5618290851473583, 10.203663278483566], [-0.5613744603340158, -0.14238686983716525, 0.8152206202328103, 37.40090767670041], [0.0, 0.0, 0.0, 1.0]]}]}