{"camera": {"camera": "RealSense D415", "extrinsics": [[-0.93253434, 0.32493645, -0.15746765, 0.6681121], [0.3573524, 0.76800656, -0.5314745, -0.4766808], [-0.05175924, -0.55188966, -0.8323093, 0.18751338], [0.0, 0.0, 0.0, 1.0]], "height": 480, "intrinsics": [[607.7151, 0.0, 326.28275], [0.0, 609.8564, 245.73769], [0.0, 0.0, 1.0]], "width": 640}, "objects": [{"class": "Cookies", "pose": [[-0.6473604809184424, -0.13389737333317284, -0.7503305931996165, 0.7521602589851017], [0.6743019160557703, -0.5595294234425697, -0.4819167137945388, 1.8678659685397558], [-0.35530466256029647, -0.8179231620460695, 0.45250446876931943, 37.97446106203564], [0.0, 0.0, 0.0, 1.0]]}, {"class": "Mustard", "pose": [[0.9802972192094093, -0.15783161083863065, 0.11877138780930992, 13.09823923482366], [-0.18808578899388778, -0.5621593924458733, 0.8053573878672852, -1.2462283437784993], [-0.06034238589921229, -0.8118287882803911, -0.5807691550761903, 38.8526098496881], [0.0, 0.0, 0.0, 1.0]]}, {"class": "AlphabetSoup", "pose": [[0.8845857909101167, -0.1712470902471628, 0.43380008129733083, 16.554792061111723], [-0.449862811012447, -0.55863820136767, 0.6968118684190576, -5.461912224251747], [0.12301030280379545, -0.8115403722448495, -0.571201090795124, 45.93025251017481], [0.0, 0.0, 0.0, 1.0]]}, {"class": "GranolaBars", "pose": [[0.8844939761705329, -0.1448437506928729, 0.4434983561807518, 8.737281910985484], [-0.4428775507637752, -0.5596233983594433, 0.7004863280372371, -11.027612238626938], [0.1467309998663761, -0.8159913732810458, -0.5591315488450428, 48.09421546048734], [0.0, 0.0, 0.0, 1.0]]}, {"class": "Milk", "pose": [[0.4472792165964745, -0.8827677947849372, 0.143744289706235, 7.014049647183418], [0.6874790327669494, 0.4421384401555941, 0.5760956066240928, 12.151322115806561], [-0.5721135022127518, -0.1588544155847112, 0.8046436551292934, 35.77830455529814], [0.0, 0.0, 0.0, 1.0]]}]}