{"camera": {"camera": "RealSense D415", "extrinsics": [[-0.92479813, 0.34739938, -0.15511955, 0.6553234], [0.37315562, 0.748733, -0.5478629, -0.47348332], [-0.074184105, -0.56454635, -0.82206094, 0.19503294], [0.0, 0.0, 0.0, 1.0]], "height": 480, "intrinsics": [[607.7151, 0.0, 326.28275], [0.0, 609.8564, 245.73769], [0.0, 0.0, 1.0]], "width": 640}, "objects": [{"class": "Cookies", "pose": [[-0.6292791022616994, -0.13229475535347174, -0.7658367569647545, 0.1382456826739875], [0.6775905759996248, -0.5760019987709416, -0.45726655129770866, 3.8332811059425707], [-0.3806295648691098, -0.8066720649443552, 0.45210770478509943, 36.56761203896012], [0.0, 0.0, 0.0, 1.0]]}, {"class": "Mustard", "pose": [[0.9773779425661252, -0.15636143456961765, 0.14242011206341446, 12.409405468484136], [-0.20747386876515084, -0.5780469822907521, 0.7891870945799213, 0.51376935967265], [-0.04107289240240931, -0.800882521442404, -0.5974113047958202, 37.705092628313785], [0.0, 0.0, 0.0, 1.0]]}, {"class": "AlphabetSoup", "pose": [[0.8740759023934632, -0.16971125845759497, 0.4551806616755696, 15.681443890625518], [-0.46307021792301106, -0.5742734909140648, 0.675111784161283, -3.597670193314312], [0.14682414128832613, -0.8008795614264291, -0.5805468649165575, 44.9302297102321], [0.0, 0.0, 0.0, 1.0]]}, {"class": "GranolaBars", "pose": [[0.873765291548116, -0.14326827408329892, 0.46476708799423955, 7.729780781937434], [-0.4555299071687945, -0.5758489915501988, 0.6788891167287415, -8.966138039422061], [0.17037241147066587, -0.8049050663712414, -0.5684198609123937, 47.10366553395604], [0.0, 0.0, 0.0, 1.0]]}, {"class": "Milk", "pose": [[0.4684942538311044, -0.8718746314621016, 0.14264568095696953, 6.623750455630184], [0.6655134228534965, 0.4544749258709053, 0.5920679149926807, 13.945304098865202], [-0.5810378958022924, -0.1824478254696374, 0.7931631719659785, 34.22901097189122], [0.0, 0.0, 0.0, 1.0]]}]}