{"camera": {"camera": "RealSense D415", "extrinsics": [[-0.9131753, 0.3813383, -0.14384724, 0.63728446], [0.39189902, 0.7246428, -0.5668403, -0.4657354], [-0.11192006, -0.57399815, -0.811172, 0.19997102], [0.0, 0.0, 0.0, 1.0]], "height": 480, "intrinsics": [[607.7151, 0.0, 326.28275], [0.0, 609.8564, 245.73769], [0.0, 0.0, 1.0]], "width": 640}, "objects": [{"class": "Cookies", "pose": [[-0.6017134269161172, -0.12215261681318192, -0.7893160252104431, -0.912725588103025], [0.6808893222642761, -0.5950527264264881, -0.4269683246051334, 6.537880937870311], [-0.41752937395680567, -0.7943493962946916, 0.4412235951549221, 33.70229933521941], [0.0, 0.0, 0.0, 1.0]]}, {"class": "Mustard", "pose": [[0.9729992400742556, -0.14642005636319186, 0.17842013196099177, 11.23819375518118], [-0.2307262632548639, -0.5963876470591488, 0.7688219120816697, 2.9728672751536287], [-0.006163348145930503, -0.789229316546394, -0.6140676684822935, 35.29611052472944], [0.0, 0.0, 0.0, 1.0]]}, {"class": "AlphabetSoup", "pose": [[0.8582418646148701, -0.1596715779225474, 0.48777657447398254, 14.199385561288402], [-0.4785810229921784, -0.5923126818376692, 0.6481711641096385, -1.009452893226337], [0.18542176990805181, -0.7897282109806782, -0.5847633046433057, 42.72478770038845], [0.0, 0.0, 0.0, 1.0]]}, {"class": "GranolaBars", "pose": [[0.8574195166678211, -0.13316652418664338, 0.49709007921364257, 6.063137667804829], [-0.4703836324734243, -0.5946009310489923, 0.6520651330304311, -6.13303759277522], [0.20873700719540836, -0.7929163778012077, -0.5724617734605981, 44.80410631791043], [0.0, 0.0, 0.0, 1.0]]}, {"class": "Milk", "pose": [[0.5008688774240636, -0.855201386955339, 0.13327060049793435, 5.875056082990271], [0.6382623425670925, 0.4689504839616674, 0.6104970043088671, 16.430731930797283], [-0.5845951738529007, -0.2207173736689142, 0.7807255126486711, 31.28541097863693], [0.0, 0.0, 0.0, 1.0]]}]}