{"camera": {"camera": "RealSense D415", "extrinsics": [[-0.7438965, -0.63421345, 0.21069254, 0.4516285], [-0.6236705, 0.54554766, -0.5598329, 0.10971242], [0.24011073, -0.54786044, -0.8013712, 0.048218887], [0.0, 0.0, 0.0, 1.0]], "height": 480, "intrinsics": [[603.75165, 0.0, 326.28275], [0.0, 603.20245, 245.73769], [0.0, 0.0, 1.0]], "width": 640}, "objects": [{"class": "ChocolatePudding", "pose": [[0.9634958713882389, 0.23848436191735478, -0.12165909501179993, -4.090551180323654], [0.24747873525943187, -0.620023346892808, 0.7445302662645844, 9.169689025138519], [0.10212735384472639, -0.7474598725738782, -0.6564097485830497, 41.33885777649044], [0.0, 0.0, 0.0, 1.0]]}, {"class": "MacaroniAndCheese", "pose": [[0.21997756010389016, 0.674012737713665, 0.7052068653316342, -4.310583363170734], [-0.5238261513950171, 0.6914633177428164, -0.49747827672428285, -2.361145312966326], [-0.8229313706965864, -0.25997173819360486, 0.5051719212410567, 44.31694496432668], [0.0, 0.0, 0.0, 1.0]]}, {"class": "Milk", "pose": [[-0.35712041738005645, 0.9005167898190573, 0.24806156333594848, -4.149124214027255], [0.7038579707088577, 0.434030278402543, -0.5623181190226761, -14.079152351350707], [-0.6140431440868634, -0.02621516675286345, -0.7888369906250506, 55.35947368040161], [0.0, 0.0, 0.0, 1.0]]}, {"class": "Ketchup", "pose": [[0.9699218061074447, 0.2383717119376187, 0.049301495368811, -16.758633577087522], [0.10351351043579532, -0.5872261863355429, 0.8027766512055846, -9.114677937583851], [0.22031038227633415, -0.7735272047088374, -0.5942381800111253, 44.056879613835235], [0.0, 0.0, 0.0, 1.0]]}, {"class": "OrangeJuice", "pose": [[-0.9717101764507979, -0.13128242149774635, -0.19632697025128026, 8.148732925807444], [0.0030912766894507517, -0.8382707147338008, 0.5452454908661715, 3.5682740116887377], [-0.23615630707855653, 0.5292136945719398, 0.8149620111703876, 47.26625125202632], [0.0, 0.0, 0.0, 1.0]]}]}