{"camera": {"camera": "RealSense D415", "extrinsics": [[-0.85814005, 0.501697, -0.1090675, 0.57199955], [0.47878116, 0.70528257, -0.5228241, -0.5081893], [-0.1853759, -0.50087583, -0.8454343, 0.19903731], [0.0, 0.0, 0.0, 1.0]], "height": 480, "intrinsics": [[607.7151, 0.0, 326.28275], [0.0, 609.8564, 245.73769], [0.0, 0.0, 1.0]], "width": 640}, "objects": [{"class": "Cookies", "pose": [[-0.4922360255932935, -0.0918293191227484, -0.8656044412278244, -3.523250455025806], [0.7478513953278244, -0.5534934601433906, -0.3665559145689242, 7.575382516421769], [-0.44544588724064094, -0.8277755036082006, 0.34112412867999065, 29.387004476695573], [0.0, 0.0, 0.0, 1.0]]}, {"class": "Mustard", "pose": [[0.94397629781011, -0.11651817029149843, 0.3087591983737515, 8.031476608428884], [-0.3199177159705334, -0.5527393402119561, 0.7695010300259412, 2.8425729967988422], [0.0810025400085015, -0.8251682592044715, -0.5590491271030898, 32.02957455405691], [0.0, 0.0, 0.0, 1.0]]}, {"class": "AlphabetSoup", "pose": [[0.7883957829906604, -0.1292310509277633, 0.6014411045600491, 9.841683289823223], [-0.5624463368655866, -0.5474342519996003, 0.6196529805502898, -1.6505818498166736], [0.2491711109996501, -0.8268101316490651, -0.5042804355185212, 39.53607085490239], [0.0, 0.0, 0.0, 1.0]]}, {"class": "GranolaBars", "pose": [[0.7858991442746132, -0.10284812459085374, 0.6097415646914167, 1.1101274238387693], [-0.5550129223229107, -0.5520681901074153, 0.6222389637003151, -6.063156358073152], [0.27262286742524894, -0.8274315049086048, -0.49095200462225463, 40.56676421866333], [0.0, 0.0, 0.0, 1.0]]}, {"class": "Milk", "pose": [[0.6135108511838239, -0.7825899736356551, 0.10562833928641724, 4.332190455251506], [0.6085689653810041, 0.5537915522860694, 0.5682945445914611, 16.870771840468368], [-0.5032377422826326, -0.2843727966730835, 0.816017083923922, 28.09409594246692], [0.0, 0.0, 0.0, 1.0]]}]}