{"camera": {"camera": "RealSense D415", "extrinsics": [[-0.8598441, 0.4980519, -0.11230525, 0.5799951], [0.4804539, 0.71491486, -0.5079968, -0.51949775], [-0.1727201, -0.49075556, -0.8540063, 0.1920638], [0.0, 0.0, 0.0, 1.0]], "height": 480, "intrinsics": [[607.7151, 0.0, 326.28275], [0.0, 609.8564, 245.73769], [0.0, 0.0, 1.0]], "width": 640}, "objects": [{"class": "Cookies", "pose": [[-0.4956695862678185, -0.09492919063899524, -0.8633076992261302, -2.7755354308937275], [0.7547284443401476, -0.5389426756598861, -0.37406649155221, 6.1596777973348065], [-0.42976357158129674, -0.8369762380489499, 0.33878323280257494, 30.014792242374465], [0.0, 0.0, 0.0, 1.0]]}, {"class": "Mustard", "pose": [[0.944900874325003, -0.11960627055699835, 0.3047240575876627, 8.799948011099234], [-0.31961843715629135, -0.5382786880496265, 0.7798077205741537, 1.4014859056447615], [0.07075661636166428, -0.8342364030640254, -0.5468483833649803, 32.51722882983542], [0.0, 0.0, 0.0, 1.0]]}, {"class": "AlphabetSoup", "pose": [[0.7905537346441992, -0.13233597923387602, 0.5979231177749519, 10.654365399793203], [-0.5653572904254789, -0.5329680515826022, 0.6295364664582349, -3.22037950889042], [0.23536363947008115, -0.8357225780567945, -0.4961569903634839, 39.93425471064893], [0.0, 0.0, 0.0, 1.0]]}, {"class": "GranolaBars", "pose": [[0.7881589571534192, -0.10594858562310426, 0.6062841157351039, 1.9354287966759642], [-0.5583438885300858, -0.537543320949791, 0.6319012998001258, -7.666011677980328], [0.258954972671104, -0.8365536787690383, -0.48282532453460225, 40.929098950655785], [0.0, 0.0, 0.0, 1.0]]}, {"class": "Milk", "pose": [[0.6100165666601894, -0.7849050887552032, 0.10864558700517643, 5.0577474367223925], [0.6184572573249179, 0.5573362243137241, 0.553973759645326, 15.490428741010131], [-0.4953689395292165, -0.2707405634988399, 0.8254145566750549, 28.848346091880778], [0.0, 0.0, 0.0, 1.0]]}]}