{"camera": {"camera": "RealSense D415", "extrinsics": [[-0.85746545, 0.49822924, -0.12853256, 0.58269304], [0.48865947, 0.71028876, -0.5066575, -0.52905005], [-0.16113634, -0.49724993, -0.8525125, 0.18307726], [0.0, 0.0, 0.0, 1.0]], "height": 480, "intrinsics": [[607.7151, 0.0, 326.28275], [0.0, 609.8564, 245.73769], [0.0, 0.0, 1.0]], "width": 640}, "objects": [{"class": "Cookies", "pose": [[-0.49416493698215186, -0.11122569986851334, -0.8622238018262606, -1.8003637044563647], [0.759533060433669, -0.5377721731307125, -0.36593805407349184, 5.776645109120171], [-0.4229782465023879, -0.8357212127383119, 0.3502277099404241, 29.936793000734617], [0.0, 0.0, 0.0, 1.0]]}, {"class": "Mustard", "pose": [[0.9426785470112584, -0.13585653824353824, 0.3047953144501541, 9.761731055564121], [-0.3286105219744041, -0.5368743341528531, 0.7770335344630867, 0.9078584677861046], [0.05807171810009873, -0.8326517657445305, -0.5507437732780646, 32.28354953998046], [0.0, 0.0, 0.0, 1.0]]}, {"class": "AlphabetSoup", "pose": [[0.7882136571270645, -0.1485538699189849, 0.5972026491401525, 11.671025080226165], [-0.5729182855216887, -0.5314424467699577, 0.62396602743307, -3.733589856105979], [0.2246862802776569, -0.8339668376634324, -0.5039993852950486, 39.67437670405113], [0.0, 0.0, 0.0, 1.0]]}, {"class": "GranolaBars", "pose": [[0.7862011091166426, -0.12222465474457608, 0.6057631348026009, 2.9242614550621604], [-0.5658892858605549, -0.5362682105806991, 0.6262473648434483, -8.096393474636454], [0.24830865475668218, -0.8351512152234407, -0.49078024708506707, 40.78491134526801], [0.0, 0.0, 0.0, 1.0]]}, {"class": "Milk", "pose": [[0.6091996027904044, -0.7831147240749379, 0.12492877405382248, 6.105044986354812], [0.6127720820827685, 0.56485414976334, 0.5526754964892509, 15.032818972606021], [-0.503374817432561, -0.2601368377984286, 0.8239797388529115, 28.66730601220551], [0.0, 0.0, 0.0, 1.0]]}]}