{"camera": {"camera": "RealSense D415", "extrinsics": [[-0.8480181, 0.5108066, -0.14121564, 0.5772588], [0.50695485, 0.70419955, -0.49709132, -0.5439704], [-0.15447356, -0.4931324, -0.8561299, 0.17621544], [0.0, 0.0, 0.0, 1.0]], "height": 480, "intrinsics": [[607.7151, 0.0, 326.28275], [0.0, 609.8564, 245.73769], [0.0, 0.0, 1.0]], "width": 640}, "objects": [{"class": "Cookies", "pose": [[-0.4801757483784768, -0.12448288279275108, -0.8682944388169385, -1.12398710358379], [0.7726319632034412, -0.5286796726315841, -0.3514792709228697, 5.375558037701433], [-0.41529650821116215, -0.8396438910546516, 0.3500385865796034, 29.91243256408674], [0.0, 0.0, 0.0, 1.0]]}, {"class": "Mustard", "pose": [[0.9360980349679026, -0.14908143768133078, 0.3185830563412688, 10.345612632137252], [-0.34781077350130646, -0.52731541795533, 0.7752200594211502, 0.2582722653035163], [0.052422883243773415, -0.8364886267586703, -0.5454710663529537, 32.183126783543756], [0.0, 0.0, 0.0, 1.0]]}, {"class": "AlphabetSoup", "pose": [[0.7772902295378783, -0.1616716617219253, 0.6080149198668313, 12.184238066341852], [-0.5903256964808585, -0.5216208440770175, 0.6159766974526575, -4.479877687973444], [0.21756732629055636, -0.8377195334637216, -0.5008897158023196, 39.53038269132955], [0.0, 0.0, 0.0, 1.0]]}, {"class": "GranolaBars", "pose": [[0.775490223694693, -0.13544781809067635, 0.6166593641939406, 3.355480342749284], [-0.5834489347469726, -0.5269612208603298, 0.6179799648515535, -8.676131634585799], [0.24125158110091008, -0.8390267030091061, -0.4876801532422715, 40.633876385411206], [0.0, 0.0, 0.0, 1.0]]}, {"class": "Milk", "pose": [[0.6197877091759172, -0.7724610581048533, 0.13844522088408834, 6.960855194761162], [0.6045409498892007, 0.5824479800971236, 0.543400970825188, 14.48211814068272], [-0.5003932214020645, -0.2530974853601209, 0.8279784734470291, 28.69189376335692], [0.0, 0.0, 0.0, 1.0]]}]}