{"camera": {"camera": "RealSense D415", "extrinsics": [[-0.86374366, 0.481238, -0.14952224, 0.6247885], [0.4782972, 0.68945956, -0.543946, -0.48034868], [-0.15867797, -0.541346, -0.8256911, 0.17231554], [0.0, 0.0, 0.0, 1.0]], "height": 480, "intrinsics": [[607.7151, 0.0, 326.28275], [0.0, 609.8564, 245.73769], [0.0, 0.0, 1.0]], "width": 640}, "objects": [{"class": "Cookies", "pose": [[-0.5089648062639992, -0.1316226352683422, -0.850664661100545, 2.4861904097229215], [0.7386353263514089, -0.5742377750074646, -0.3530846859128719, 10.901390657303956], [-0.4420098899342434, -0.808038617273883, 0.3894879306534378, 27.933624665044743], [0.0, 0.0, 0.0, 1.0]]}, {"class": "Mustard", "pose": [[0.9453841826940259, -0.15616408622026273, 0.2861146327306177, 14.129955259031457], [-0.32263748116774804, -0.5732876030193846, 0.7531575817689053, 6.178291102489375], [0.046409850462131086, -0.8043345391182258, -0.5923614377150326, 30.1718071106167], [0.0, 0.0, 0.0, 1.0]]}, {"class": "AlphabetSoup", "pose": [[0.7966361941614083, -0.16891696554747895, 0.5803773691986073, 16.26158378664603], [-0.5599186858660967, -0.5679604890316555, 0.6032511177966207, 1.8714634319869305], [0.22773211412059294, -0.8055357789128563, -0.5470376504589881, 37.70308656908784], [0.0, 0.0, 0.0, 1.0]]}, {"class": "GranolaBars", "pose": [[0.7952389533494876, -0.1426085418084123, 0.5892858972133368, 7.568201315242529], [-0.5518680801883091, -0.5727465905881388, 0.6061377137622269, -2.4673345840464544], [0.2510711203095854, -0.807232367225555, -0.5341715040885122, 39.24358971575459], [0.0, 0.0, 0.0, 1.0]]}, {"class": "Milk", "pose": [[0.5924371921498044, -0.792472648395152, 0.14493216578408902, 10.312163212520264], [0.5921349446402697, 0.5503258667623988, 0.5886574646719817, 20.119091132061385], [-0.5462548615798831, -0.2629232225459997, 0.7952842279189474, 26.043656117510096], [0.0, 0.0, 0.0, 1.0]]}]}