{"camera": {"camera": "RealSense D415", "extrinsics": [[-0.8708503, 0.47115323, -0.14012282, 0.6314465], [0.46478775, 0.69649947, -0.5466817, -0.47289625], [-0.15997536, -0.5412053, -0.825533, 0.17439786], [0.0, 0.0, 0.0, 1.0]], "height": 480, "intrinsics": [[607.7151, 0.0, 326.28275], [0.0, 609.8564, 245.73769], [0.0, 0.0, 1.0]], "width": 640}, "objects": [{"class": "Cookies", "pose": [[-0.5198075921362253, -0.12177763287572244, -0.8455591797287222, 2.235198560100349], [0.7304140009506456, -0.5766825789129086, -0.36596810075346675, 10.718083636369546], [-0.44305252007235923, -0.8078412210567997, 0.3887120633164836, 28.036051864571753], [0.0, 0.0, 0.0, 1.0]]}, {"class": "Mustard", "pose": [[0.9502055429518756, -0.1463351748486074, 0.2751281408368495, 13.947977533852745], [-0.30795044919309855, -0.5761098786355416, 0.7571419873153128, 6.176951432369881], [0.047707541221122765, -0.804166308189695, -0.5924867774321695, 30.29067258732867], [0.0, 0.0, 0.0, 1.0]]}, {"class": "AlphabetSoup", "pose": [[0.8049321048564472, -0.15916749329130683, 0.5716205618988127, 16.137112617076088], [-0.5473964790401215, -0.5709813441410639, 0.6118312346985999, 1.908060870695144], [0.22900103770673563, -0.805385647065706, -0.546728933182211, 37.827053512468154], [0.0, 0.0, 0.0, 1.0]]}, {"class": "GranolaBars", "pose": [[0.8033831302430072, -0.132786225574848, 0.5804682725811253, 7.510066347713417], [-0.5393546421479438, -0.5753610000292004, 0.6148628709023933, -2.5637550856659197], [0.2523334898254106, -0.8070486757067483, -0.5338541814964827, 39.36007494956595], [0.0, 0.0, 0.0, 1.0]]}, {"class": "Milk", "pose": [[0.5838499258385843, -0.8005793934626827, 0.13487753703261768, 9.919898004739448], [0.6009033680861723, 0.5378483858507379, 0.5912988385206933, 20.05459619450566], [-0.5459253234614115, -0.2641814201905541, 0.7950935546075198, 26.14958123130077], [0.0, 0.0, 0.0, 1.0]]}]}