{"camera": {"camera": "RealSense D415", "extrinsics": [[-0.73745036, -0.63783467, 0.22211246, 0.448167], [-0.6323436, 0.5364928, -0.5588533, 0.11113962], [0.23729427, -0.552578, -0.7989675, 0.04936514], [0.0, 0.0, 0.0, 1.0]], "height": 480, "intrinsics": [[603.75165, 0.0, 326.28275], [0.0, 603.20245, 245.73769], [0.0, 0.0, 1.0]], "width": 640}, "objects": [{"class": "ChocolatePudding", "pose": [[0.9597667338794564, 0.25034443776377263, -0.1271829213194201, -4.615044742892777], [0.2596212456147883, -0.6185814876459029, 0.7415886255794969, 8.77820024349416], [0.10697962692584834, -0.7447715071507591, -0.6586887242449642, 41.1812231462014], [0.0, 0.0, 0.0, 1.0]]}, {"class": "MacaroniAndCheese", "pose": [[0.23107169666406924, 0.6668447920562239, 0.7084658853921766, -4.7089368455316025], [-0.5227793878203495, 0.699222851617112, -0.4876361892520849, -2.748216519829702], [-0.8205532222364146, -0.2576924400014362, 0.510183388333851, 44.18296478053464], [0.0, 0.0, 0.0, 1.0]]}, {"class": "Milk", "pose": [[-0.36235665736065087, 0.8952035519918997, 0.25943837384578106, -4.464375254065834], [0.6980882775392468, 0.44510837080308874, -0.5608486717689433, -14.440179233169543], [-0.6175519765316022, -0.022116335397865887, -0.7862191156915141, 55.25154185582789], [0.0, 0.0, 0.0, 1.0]]}, {"class": "Ketchup", "pose": [[0.9673114931038107, 0.2499719675380701, 0.04269083286447726, -17.070703615097383], [0.11599448762675381, -0.5858428847808002, 0.8020806261303141, -9.65612746296516], [0.22550784252132586, -0.7709099344761327, -0.5956879718238797, 43.8678818936568], [0.0, 0.0, 0.0, 1.0]]}, {"class": "OrangeJuice", "pose": [[-0.9703313790166753, -0.12385900404505047, -0.2076438741422576, 7.659191724585407], [-0.009453481802368718, -0.8387246407096816, 0.544473641574969, 3.3414153452842794], [-0.2415940489779824, 0.5302828564326669, 0.8126699708739712, 47.189085716812365], [0.0, 0.0, 0.0, 1.0]]}]}