{"camera": {"camera": "RealSense D415", "extrinsics": [[-0.8726166, 0.47308156, -0.12138439, 0.5877477], [0.4569856, 0.70315844, -0.5447315, -0.5028795], [-0.17234997, -0.5308126, -0.82977915, 0.18646075], [0.0, 0.0, 0.0, 1.0]], "height": 480, "intrinsics": [[607.7151, 0.0, 326.28275], [0.0, 609.8564, 245.73769], [0.0, 0.0, 1.0]], "width": 640}, "objects": [{"class": "Cookies", "pose": [[-0.5196246750673151, -0.10303796447573203, -0.8481588724895482, -2.859702212620918], [0.7271105543695159, -0.5746237138458506, -0.37565660028099657, 7.0862731374220385], [-0.4486652892621998, -0.8119056525434859, 0.3735085702551128, 28.470895387309874], [0.0, 0.0, 0.0, 1.0]]}, {"class": "Mustard", "pose": [[0.9522550306662416, -0.1276563240755592, 0.27733430645920193, 8.85853569863571], [-0.2989451684570055, -0.5743028105520346, 0.7621076827932286, 2.649576822441646], [0.06198604738398632, -0.8086285731066981, -0.5850449069600979, 30.898450761577323], [0.0, 0.0, 0.0, 1.0]]}, {"class": "AlphabetSoup", "pose": [[0.806393005628592, -0.14051641461124056, 0.574443692404176, 10.966463097265022], [-0.5405002385681684, -0.5692936627762213, 0.6194871021698558, -1.6278237936218853], [0.23997906210049758, -0.8100369668419343, -0.5350234990892448, 38.45313534346631], [0.0, 0.0, 0.0, 1.0]]}, {"class": "GranolaBars", "pose": [[0.804387435317603, -0.11407029844975476, 0.5830513862084615, 2.359553640222456], [-0.5325663298972514, -0.5734116779280762, 0.6225529728462458, -6.188800902884073], [0.26331368321036197, -0.8112872724082922, -0.5219950654338804, 39.8285684988657], [0.0, 0.0, 0.0, 1.0]]}, {"class": "Milk", "pose": [[0.5867640638522345, -0.8013772618555938, 0.11620032528912175, 4.7634718765077295], [0.6086747633472241, 0.5311342209817733, 0.589416256893635, 16.503981539668256], [-0.5340626705332161, -0.27512008450979014, 0.7994285368418304, 26.74525822172572], [0.0, 0.0, 0.0, 1.0]]}]}