{"camera": {"camera": "RealSense D415", "extrinsics": [[-0.8620943, 0.48714027, -0.13959864, 0.5580684], [0.47479174, 0.68019783, -0.5584834, -0.5165913], [-0.17710507, -0.54774565, -0.8176848, 0.20055483], [0.0, 0.0, 0.0, 1.0]], "height": 480, "intrinsics": [[607.7151, 0.0, 326.28275], [0.0, 609.8564, 245.73769], [0.0, 0.0, 1.0]], "width": 640}, "objects": [{"class": "Cookies", "pose": [[-0.5041790503794332, -0.12188957025419296, -0.8549540671834829, -4.338229777367141], [0.7303745732604277, -0.5884469504007355, -0.3468186513070857, 7.411426932016019], [-0.4608215630574466, -0.799295343586735, 0.3857076512940121, 29.020740759036755], [0.0, 0.0, 0.0, 1.0]]}, {"class": "Mustard", "pose": [[0.9449532723784995, -0.14647301965287682, 0.2925901685066848, 7.281215344146929], [-0.3210682635684636, -0.5874501003165894, 0.7428442349260729, 2.7370579758373426], [0.06307551720852879, -0.7958944420168209, -0.6021407375526893, 31.476988668352675], [0.0, 0.0, 0.0, 1.0]]}, {"class": "AlphabetSoup", "pose": [[0.7942309154355657, -0.15921391087894113, 0.586385728612876, 9.327278214158019], [-0.5552370356807886, -0.5821544133146456, 0.5939764985775395, -1.435166261516796], [0.24679775080836042, -0.7973375063976966, -0.550766486464386, 39.10712261425825], [0.0, 0.0, 0.0, 1.0]]}, {"class": "GranolaBars", "pose": [[0.7925575090989894, -0.132884927558159, 0.5951421930686023, 0.6188805568953293], [-0.546778568680777, -0.5869500058126278, 0.5970953819145641, -5.7526924548337135], [0.26997376783125643, -0.7986433587288092, -0.5378502596134435, 40.62237745257045], [0.0, 0.0, 0.0, 1.0]]}, {"class": "Milk", "pose": [[0.5984416098823279, -0.7896524746086779, 0.1353390116621071, 3.504255878554763], [0.5828847783270101, 0.5450303707742473, 0.6026501785647299, 16.6003139227873], [-0.5496480697152555, -0.28176392325805477, 0.7864451935980088, 27.060226452827678], [0.0, 0.0, 0.0, 1.0]]}]}