{"camera": {"camera": "RealSense D415", "extrinsics": [[-0.9211176, 0.37482318, -0.105118774, 0.5728161], [0.3640663, 0.73383605, -0.5735332, -0.48375165], [-0.13783358, -0.5665617, -0.8124098, 0.21986343], [0.0, 0.0, 0.0, 1.0]], "height": 480, "intrinsics": [[607.7151, 0.0, 326.28275], [0.0, 609.8564, 245.73769], [0.0, 0.0, 1.0]], "width": 640}, "objects": [{"class": "Cookies", "pose": [[-0.610327459460453, -0.08305183946386586, -0.7877834927756662, -9.256798342562655], [0.661235415676928, -0.6010295754753507, -0.4489221928853721, 2.825249818955522], [-0.43619735369868184, -0.7948998802941171, 0.4217416294038698, 33.74618579285274], [0.0, 0.0, 0.0, 1.0]]}, {"class": "Mustard", "pose": [[0.9792558192883867, -0.10739718690052233, 0.17182529480636408, 2.947863322517974], [-0.20156437897373153, -0.6030723880914701, 0.7718001403583152, -0.36981926525377906], [0.020733947495429568, -0.7904236319225921, -0.6122095544477556, 35.67806402361421], [0.0, 0.0, 0.0, 1.0]]}, {"class": "AlphabetSoup", "pose": [[0.8668413399909609, -0.120746086398435, 0.4837422053136845, 5.826306664714109], [-0.4521106435032206, -0.5993969117071217, 0.660544676061808, -4.237574161787883], [0.2101954062842095, -0.7912924264083643, -0.5741725699851432, 43.19922115673054], [0.0, 0.0, 0.0, 1.0]]}, {"class": "GranolaBars", "pose": [[0.8651509375935333, -0.0941087490998542, 0.492602726163285, -2.2064944000704134], [-0.4438653575676508, -0.6009024490143389, 0.6647554075947346, -9.59519834335535], [0.23344689105625263, -0.7937630431612749, -0.5616428877899966, 45.08155597818534], [0.0, 0.0, 0.0, 1.0]]}, {"class": "Milk", "pose": [[0.4971146447154306, -0.8625709832563941, 0.0940658075666076, -2.7043986880749604], [0.6510321413111632, 0.4424600022958693, 0.6167546174571139, 12.908583299909138], [-0.5736149511479396, -0.24535789442488534, 0.7815147756123988, 31.47104310838661], [0.0, 0.0, 0.0, 1.0]]}]}