{"camera": {"camera": "RealSense D415", "extrinsics": [[-0.96799845, 0.24210887, -0.066047445, 0.62859154], [0.2340805, 0.7761934, -0.58543164, -0.4302445], [-0.090472594, -0.5821574, -0.8080269, 0.20793115], [0.0, 0.0, 0.0, 1.0]], "height": 480, "intrinsics": [[607.7151, 0.0, 326.28275], [0.0, 609.8564, 245.73769], [0.0, 0.0, 1.0]], "width": 640}, "objects": [{"class": "Cookies", "pose": [[-0.7160882352628021, -0.03957865893534897, -0.6968867817675358, -9.390077592863555], [0.5699164974746819, -0.6095862730378212, -0.5509989538535829, -1.3703908627701933], [-0.4030048491652826, -0.7917310492800318, 0.45907412103280837, 36.02872934756879], [0.0, 0.0, 0.0, 1.0]]}, {"class": "Mustard", "pose": [[0.9974307352494983, -0.06316126561493911, 0.03380237318282518, 3.2180963845134802], [-0.06557169727887284, -0.6149256957624923, 0.7858542019514015, -2.858126444802539], [-0.02884959310390202, -0.7860515201223931, -0.6174874250847953, 37.33829875874347], [0.0, 0.0, 0.0, 1.0]]}, {"class": "AlphabetSoup", "pose": [[0.929963242611443, -0.07691416250627697, 0.35951717139073575, 6.970584357335596], [-0.3284646427128678, -0.6131148652515095, 0.7184714510770929, -6.268558937038183], [0.16516471289313922, -0.7862406264336368, -0.595437911462653, 44.69360716644929], [0.0, 0.0, 0.0, 1.0]]}, {"class": "GranolaBars", "pose": [[0.9283228645412348, -0.050478264218080535, 0.3683322162650355, -0.14928619209073624], [-0.3204449904188645, -0.6109695111272603, 0.7239000967716902, -12.668353201566578], [0.18849855268590499, -0.7900431318934704, -0.5833525150628155, 46.957077848841614], [0.0, 0.0, 0.0, 1.0]]}, {"class": "Milk", "pose": [[0.37407672669746267, -0.9261725745950584, 0.04765482282518365, -4.401213353146039], [0.710880629804846, 0.31936326093530354, 0.6266226322522404, 9.506600586785103], [-0.5955799359249389, -0.20052807097228173, 0.7778644124284244, 33.46238114803338], [0.0, 0.0, 0.0, 1.0]]}]}