{"camera": {"camera": "RealSense D415", "extrinsics": [[-0.99084246, 0.11067765, -0.07734117, 0.6725846], [0.13498929, 0.7991964, -0.5857158, -0.3790166], [-0.0030148593, -0.59079224, -0.80681807, 0.14718647], [0.0, 0.0, 0.0, 1.0]], "height": 480, "intrinsics": [[607.7151, 0.0, 326.28275], [0.0, 609.8564, 245.73769], [0.0, 0.0, 1.0]], "width": 640}, "objects": [{"class": "Cookies", "pose": [[-0.802436808719846, -0.04724672723066245, -0.5948638070719262, -7.203750719923363], [0.4959701553577766, -0.6071270442767123, -0.6208142661342305, -3.8609514009118606], [-0.33182643283229174, -0.7931989408724018, 0.5106139682184536, 36.712861207744375], [0.0, 0.0, 0.0, 1.0]]}, {"class": "Mustard", "pose": [[0.9925681613380724, -0.0695819072177165, -0.09983404966496615, 5.5561806424061055], [0.03613599442497311, -0.6148565017194074, 0.7878106803882939, -4.066652772844492], [-0.11620094887146412, -0.7855634302600906, -0.6077724922917037, 36.90317967038211], [0.0, 0.0, 0.0, 1.0]]}, {"class": "AlphabetSoup", "pose": [[0.969208424710165, -0.0834105837184642, 0.23168456612642502, 10.263751377780682], [-0.2330594162041707, -0.614450278131343, 0.7537467480238058, -7.109399120358023], [0.07948819532754113, -0.7845339974857951, -0.6149699175241237, 43.85970473497706], [0.0, 0.0, 0.0, 1.0]]}, {"class": "GranolaBars", "pose": [[0.968821272685044, -0.05776124863872162, 0.24093362973074445, 4.050997454581662], [-0.22534569633687576, -0.609616607592904, 0.7599913847031058, -14.208303602227737], [0.1029790960279465, -0.7905892052558786, -0.6036256954282542, 46.649051582494444], [0.0, 0.0, 0.0, 1.0]]}, {"class": "Milk", "pose": [[0.2468659734655947, -0.967636328500538, 0.05231788506320766, -3.5805547604563337], [0.7476737124894538, 0.22453832033536852, 0.624953244880595, 7.476941012584698], [-0.6164747428756489, -0.11516298880792446, 0.7789071467590515, 33.865322473130476], [0.0, 0.0, 0.0, 1.0]]}]}