{"camera": {"camera": "RealSense D415", "extrinsics": [[-0.96198076, -0.26211372, 0.076742806, 0.6782308], [-0.26003686, 0.793091, -0.5508062, -0.09566199], [0.08350984, -0.54982096, -0.8310975, 0.054857064], [0.0, 0.0, 0.0, 1.0]], "height": 480, "intrinsics": [[607.7151, 0.0, 326.28275], [0.0, 609.8564, 245.73769], [0.0, 0.0, 1.0]], "width": 640}, "objects": [{"class": "Cookies", "pose": [[-0.9592145322524798, 0.1139095877306845, -0.25871255752422667, -11.52357810908663], [0.15334375448891396, -0.5591740432094104, -0.8147453952904319, -7.610570421720218], [-0.2374726775475543, -0.821187544186725, 0.5189005541132254, 35.2752990386267], [0.0, 0.0, 0.0, 1.0]]}, {"class": "Mustard", "pose": [[0.8863787840437368, 0.09710294512433137, -0.4526629758742925, 0.2902092717802951], [0.42115843179302215, -0.5751407841142059, 0.7013120778690579, -2.853265945630307], [-0.19224546257768907, -0.8122709419143868, -0.5506883323694497, 34.44050890313752], [0.0, 0.0, 0.0, 1.0]]}, {"class": "AlphabetSoup", "pose": [[0.9871319124904591, 0.0843476481699052, -0.13585345808325197, 6.448806494420623], [0.1594983019401276, -0.5801565488113353, 0.7987356554808441, -3.9925631048666284], [-0.011444784860818, -0.8101258172298101, -0.586144365771149, 40.81125927699652], [0.0, 0.0, 0.0, 1.0]]}, {"class": "GranolaBars", "pose": [[0.9860634477914716, 0.10546169918991151, -0.12867325835469956, 3.739435313174233], [0.1659061748299879, -0.5656087653031753, 0.8078129997421285, -13.009067231135536], [0.012414622619294567, -0.8179025258591792, -0.575222892196091, 43.66348272502288], [0.0, 0.0, 0.0, 1.0]]}, {"class": "Milk", "pose": [[-0.11972392733051272, -0.9858328115783357, -0.11747318554527535, -12.826570731248921], [0.7990663206864981, -0.1659055427713123, 0.5778999418663887, 4.308047608769447], [-0.5892021922963356, -0.024680429102263427, 0.8076086263658657, 32.81916594246886], [0.0, 0.0, 0.0, 1.0]]}]}