{"camera": {"camera": "RealSense D415", "extrinsics": [[-0.9307307, -0.34445405, 0.12284876, 0.6513], [-0.35369453, 0.7624692, -0.5417942, -0.026809597], [0.0929548, -0.54771537, -0.831485, 0.05097555], [0.0, 0.0, 0.0, 1.0]], "height": 480, "intrinsics": [[607.7151, 0.0, 326.28275], [0.0, 609.8564, 245.73769], [0.0, 0.0, 1.0]], "width": 640}, "objects": [{"class": "Cookies", "pose": [[-0.9719002174510962, 0.16075362269813712, -0.17195447428523514, -13.732966198714259], [0.05744620843308463, -0.5464333335142899, -0.8355301363171257, -8.530095760858115], [-0.2282761390308545, -0.8219300271839185, 0.5218439091242221, 35.65171527127738], [0.0, 0.0, 0.0, 1.0]]}, {"class": "Mustard", "pose": [[0.8385395433506805, 0.14569321145369113, -0.5250000223736334, -2.455676363406689], [0.5063909081633626, -0.5639690581063125, 0.6523091392592576, -2.6299751179926565], [-0.20104671033262567, -0.8128422209292431, -0.546688005051038, 34.70002997221109], [0.0, 0.0, 0.0, 1.0]]}, {"class": "AlphabetSoup", "pose": [[0.9663824993860547, 0.1335171379788566, -0.21972287060083373, 3.8460086718860365], [0.2562433678917976, -0.5702174102013918, 0.7805072101189566, -3.1454166558382046], [-0.02107869777326338, -0.8105710124676428, -0.5852609272579226, 41.01159569712055], [0.0, 0.0, 0.0, 1.0]]}, {"class": "GranolaBars", "pose": [[0.9649142374800058, 0.15301480410862034, -0.21337076920410858, 2.0683582261947775], [0.26255068536788195, -0.5536663220776012, 0.7902662873632582, -12.381157958648606], [0.002786250458700227, -0.8185598078572291, -0.5744145789380322, 43.89504178536831], [0.0, 0.0, 0.0, 1.0]]}, {"class": "Milk", "pose": [[-0.2037349596255469, -0.9648021083518933, -0.16628006213882635, -16.230867301429576], [0.7824254299834449, -0.2625459753852382, 0.5646947147417134, 3.1976756917552085], [-0.5884747321544993, -0.015053711714027024, 0.8083754734693281, 33.20146856005631], [0.0, 0.0, 0.0, 1.0]]}]}