{"camera": {"camera": "RealSense D415", "extrinsics": [[-0.91394395, -0.3800794, 0.14228874, 0.636363], [-0.39258817, 0.739118, -0.54733825, -0.0013204769], [0.102863826, -0.5560973, -0.8247271, 0.04507097], [0.0, 0.0, 0.0, 1.0]], "height": 480, "intrinsics": [[607.7151, 0.0, 326.28275], [0.0, 609.8564, 245.73769], [0.0, 0.0, 1.0]], "width": 640}, "objects": [{"class": "Cookies", "pose": [[-0.9745899914436673, 0.18040636880299835, -0.13277019097708198, -14.745401794257429], [0.011901836341359084, -0.5501896248468863, -0.8349549573099013, -8.989324557877442], [-0.22367994975164848, -0.8153189326674859, 0.5340620611168615, 35.571442671722835], [0.0, 0.0, 0.0, 1.0]]}, {"class": "Mustard", "pose": [[0.8146484820961848, 0.16617023177090387, -0.5556395752918671, -3.7411007361702553], [0.539619093907553, -0.5682378262214209, 0.6212222340478304, -2.6172246158459678], [-0.21250674945385425, -0.80591145440192, -0.5525826418841584, 34.477786388860935], [0.0, 0.0, 0.0, 1.0]]}, {"class": "AlphabetSoup", "pose": [[0.9541662920317409, 0.15428968575514987, -0.25643988176357513, 2.6079797306605146], [0.2977825994117585, -0.5749787579571847, 0.7620531537362873, -2.770614623023469], [-0.0298705354755024, -0.8034887472218796, -0.5945700557626149, 40.76097180167647], [0.0, 0.0, 0.0, 1.0]]}, {"class": "GranolaBars", "pose": [[0.9525413894353693, 0.17300715574313277, -0.25046648161610024, 1.2491821930114444], [0.30434833006283196, -0.5577057206986925, 0.7722282569433404, -12.034401961400674], [-0.006085568835531347, -0.8118084116522318, -0.5838921438364847, 43.77910557848874], [0.0, 0.0, 0.0, 1.0]]}, {"class": "Milk", "pose": [[-0.24056686476496902, -0.9524897938370585, -0.18679081656315835, -17.764640579049175], [0.7646215331614157, -0.30450783826408606, 0.5680043531483285, 2.583610773185672], [-0.5978975394048797, -0.006181259868063758, 0.8015486831199783, 32.97621508326657], [0.0, 0.0, 0.0, 1.0]]}]}