{"camera": {"camera": "RealSense D415", "extrinsics": [[-0.8979536, -0.41230014, 0.1539086, 0.6272208], [-0.42456317, 0.7194958, -0.54961073, 0.023101265], [0.11586801, -0.5588689, -0.8211213, 0.035306014], [0.0, 0.0, 0.0, 1.0]], "height": 480, "intrinsics": [[607.7151, 0.0, 326.28275], [0.0, 609.8564, 245.73769], [0.0, 0.0, 1.0]], "width": 640}, "objects": [{"class": "Cookies", "pose": [[-0.9765597395614957, 0.1921968234508046, -0.09690943520886247, -14.970744089428544], [-0.025664996390928937, -0.5509848610296366, -0.8341205232083023, -9.095679935905302], [-0.2137109571770437, -0.8120813201154796, 0.5430023868265234, 35.481634000161954], [0.0, 0.0, 0.0, 1.0]]}, {"class": "Mustard", "pose": [[0.7922752447236169, 0.1787226423219, -0.5834022079398621, -4.217498640857798], [0.5668387867160051, -0.5694485700761199, 0.5953336646566149, -2.3383725843965903], [-0.2258179550972055, -0.8023631036954257, -0.5524669553749689, 34.21637161749179], [0.0, 0.0, 0.0, 1.0]]}, {"class": "AlphabetSoup", "pose": [[0.9423315439500985, 0.16712048606425747, -0.28996894130883266, 2.195340005323587], [0.3319801788588143, -0.5765936852924053, 0.7465446666386935, -2.2011432043636656], [-0.0424313518165227, -0.7997565083848027, -0.5988231320486043, 40.434847413743185], [0.0, 0.0, 0.0, 1.0]]}, {"class": "GranolaBars", "pose": [[0.9407058263967292, 0.1851119108989984, -0.2842641573186168, 1.2053213150970965], [0.3387080787691894, -0.5587313296176634, 0.7570311717763332, -11.479127612818035], [-0.018691802910695842, -0.808426180007499, -0.5883007426306371, 43.551270257765765], [0.0, 0.0, 0.0, 1.0]]}, {"class": "Milk", "pose": [[-0.2742340956222929, -0.9407708697974525, -0.19936352185959946, -18.435587682419673], [0.749656742267548, -0.3389820959621203, 0.5684241055328495, 2.334661174508589], [-0.6023375300771829, 0.0064270613599987265, 0.7982156529034756, 32.81217588093347], [0.0, 0.0, 0.0, 1.0]]}]}