{"camera": {"camera": "RealSense D415", "extrinsics": [[-0.86817807, -0.47707504, 0.13662457, 0.62229717], [-0.46418452, 0.68332946, -0.5635544, 0.055119477], [0.17549814, -0.55268455, -0.8147025, -0.004282165], [0.0, 0.0, 0.0, 1.0]], "height": 480, "intrinsics": [[607.7151, 0.0, 326.28275], [0.0, 609.8564, 245.73769], [0.0, 0.0, 1.0]], "width": 640}, "objects": [{"class": "Cookies", "pose": [[-0.9841623710652379, 0.17536487772423973, -0.02591652611616399, -12.966326123279192], [-0.07862119545930876, -0.5628307145688627, -0.822824579434279, -8.767337181793359], [-0.1588811408508417, -0.8077553784497801, 0.5677041535033246, 36.024403366279586], [0.0, 0.0, 0.0, 1.0]]}, {"class": "Mustard", "pose": [[0.7497861714931944, 0.16336872773465788, -0.6411953174515966, -2.6462961145188757], [0.598156280907633, -0.5816543686364276, 0.5512596967089578, -1.5348126908912074], [-0.28289543162490577, -0.7968618826545943, -0.5338363878338296, 34.00401732778291], [0.0, 0.0, 0.0, 1.0]]}, {"class": "AlphabetSoup", "pose": [[0.9209964243422479, 0.15229358471253565, -0.3585698393480922, 4.0772832834326085], [0.37587712813823243, -0.5892788335419438, 0.715169095417822, -0.9194358648074177], [-0.10238193703523785, -0.7934463602466749, -0.599967321291547, 39.8544502631658], [0.0, 0.0, 0.0, 1.0]]}, {"class": "GranolaBars", "pose": [[0.9203185937650139, 0.16888119727404638, -0.35283552324502215, 3.7192810838647006], [0.38315874951815415, -0.5708088448249451, 0.7262001304709611, -10.146664458540448], [-0.07876007646620568, -0.8035274788268898, -0.5900342493132726, 43.24610183664732], [0.0, 0.0, 0.0, 1.0]]}, {"class": "Milk", "pose": [[-0.34322137162416494, -0.9210302008885749, -0.18412641960754794, -17.13420854160521], [0.7189419297571592, -0.38376750704405077, 0.5795213510587773, 2.405677918049793], [-0.6044183505218926, 0.06652789667772772, 0.793884419014235, 33.27189146180353], [0.0, 0.0, 0.0, 1.0]]}]}