{"camera": {"camera": "RealSense D415", "extrinsics": [[-0.6320762, -0.73672956, 0.24022748, 0.54077965], [-0.70388114, 0.41620338, -0.5756093, 0.25343007], [0.3240849, -0.53292054, -0.7816423, -0.09398701], [0.0, 0.0, 0.0, 1.0]], "height": 480, "intrinsics": [[607.7151, 0.0, 326.28275], [0.0, 609.8564, 245.73769], [0.0, 0.0, 1.0]], "width": 640}, "objects": [{"class": "Cookies", "pose": [[-0.9070904741601898, 0.2768226343100087, 0.3171058847197104, -7.486726416919664], [-0.4204888366661288, -0.5611955782654906, -0.7129156151068693, -8.916583434081005], [-0.019392760261186737, -0.7800184303340457, 0.6254559764387968, 37.75217906411199], [0.0, 0.0, 0.0, 1.0]]}, {"class": "Mustard", "pose": [[0.4645379070738909, 0.27322669807920535, -0.8423489453014725, -0.5589246479758225], [0.7772918928200141, -0.5815539174544234, 0.2400257643222303, 1.062237421717052], [-0.42428987052640793, -0.7662520550760162, -0.4825307276586741, 33.83770809462515], [0.0, 0.0, 0.0, 1.0]]}, {"class": "AlphabetSoup", "pose": [[0.7192115770103855, 0.2658699804056696, -0.6419095748745948, 6.0901445355434625], [0.6473402146799923, -0.5919905463853511, 0.4801019189059891, 4.557971288721332], [-0.25235970422047355, -0.7608287231420091, -0.5978747720068136, 38.67325347766019], [0.0, 0.0, 0.0, 1.0]]}, {"class": "GranolaBars", "pose": [[0.7184388491330486, 0.27395381865928553, -0.6393707583247265, 9.28427631757715], [0.6566517667167049, -0.5703362771429129, 0.49348252383581975, -3.802470135701447], [-0.22946490871110103, -0.774380937101086, -0.5896439851291574, 42.75660460965904], [0.0, 0.0, 0.0, 1.0]]}, {"class": "Milk", "pose": [[-0.6293393414099467, -0.7201223296428481, -0.2921572607446399, -15.51157662888717], [0.48824260143778647, -0.6588703595955433, 0.572284041780373, -0.17321945540293981], [-0.6046082640144315, 0.21751723374258064, 0.7662474204751197, 34.76232953667116], [0.0, 0.0, 0.0, 1.0]]}]}