{"camera": {"camera": "RealSense D415", "extrinsics": [[-0.6192247, -0.7478384, 0.23937096, 0.54304856], [-0.7018441, 0.3904353, -0.5957979, 0.26597112], [0.35210168, -0.5369339, -0.76663315, -0.10420555], [0.0, 0.0, 0.0, 1.0]], "height": 480, "intrinsics": [[607.7151, 0.0, 326.28275], [0.0, 609.8564, 245.73769], [0.0, 0.0, 1.0]], "width": 640}, "objects": [{"class": "Cookies", "pose": [[-0.9016272534234769, 0.2757883623294396, 0.3331802279648888, -6.292420116414266], [-0.4325009156902599, -0.5808728076113643, -0.6895866705190831, -7.01228114312954], [0.00335534660183912, -0.7658508645836815, 0.6430094767865154, 38.42117594057595], [0.0, 0.0, 0.0, 1.0]]}, {"class": "Mustard", "pose": [[0.4496656889256458, 0.2726092487080189, -0.8505791879307444, 0.4607954230642197], [0.7700395949773204, -0.6008510231603202, 0.21451598305761763, 2.9320614315596933], [-0.45259232920473524, -0.7514401058788086, -0.4801020133196019, 34.13182730466255], [0.0, 0.0, 0.0, 1.0]]}, {"class": "AlphabetSoup", "pose": [[0.7078638546476775, 0.2654494387940028, -0.6545726452780714, 7.11484565009285], [0.648617134269478, -0.611212911200956, 0.4535577440261806, 6.657235444634282], [-0.2796865954679954, -0.7456241416274993, -0.6048305879413136, 38.785800451189495], [0.0, 0.0, 0.0, 1.0]]}, {"class": "GranolaBars", "pose": [[0.7072147697434533, 0.27310103261470353, -0.6521219860275745, 10.462591012134997], [0.6586045506404077, -0.5898753461100187, 0.46721211326350304, -1.5344692687633166], [-0.25707456411824525, -0.7599097898640652, -0.5970341465308535, 43.08251942633502], [0.0, 0.0, 0.0, 1.0]]}, {"class": "Milk", "pose": [[-0.642183911678218, -0.7089972659720746, -0.29141497841538105, -14.463470406775247], [0.4616523657712775, -0.6612040719180746, 0.5913427984761087, 1.5330754308180705], [-0.6119452038226127, 0.2452184099518743, 0.7519248574896521, 35.25974311935806], [0.0, 0.0, 0.0, 1.0]]}]}