{"camera": {"camera": "RealSense D415", "extrinsics": [[-0.5976937, -0.760959, 0.25239563, 0.54485536], [-0.70507264, 0.34905896, -0.6172766, 0.2769893], [0.38162127, -0.5468996, -0.7451618, -0.101355195], [0.0, 0.0, 0.0, 1.0]], "height": 480, "intrinsics": [[607.7151, 0.0, 326.28275], [0.0, 609.8564, 245.73769], [0.0, 0.0, 1.0]], "width": 640}, "objects": [{"class": "Cookies", "pose": [[-0.8891410596067805, 0.2883841807495813, 0.35533460640463377, -4.9198008487372995], [-0.45696850099855735, -0.6013260057669563, -0.6554287503871508, -5.724602813173818], [0.024656685345170994, -0.7451454008148751, 0.6664461370080466, 40.27290862655429], [0.0, 0.0, 0.0, 1.0]]}, {"class": "Mustard", "pose": [[0.42582753025078496, 0.28583250018695067, -0.8584699403074073, 1.5324047307045618], [0.7647068170436414, -0.620829724287735, 0.17260927077758187, 4.2355780026247185], [-0.48362634545611327, -0.7299796592739995, -0.48294443681203925, 35.57629022549755], [0.0, 0.0, 0.0, 1.0]]}, {"class": "AlphabetSoup", "pose": [[0.6881232738112482, 0.27899263763073207, -0.6698129666415448, 8.101090349109253], [0.6570869037405751, -0.6311609801283916, 0.41215608820756694, 8.316408807338977], [-0.30777132637649773, -0.7237395888801672, -0.617638965876293, 40.04976311030174], [0.0, 0.0, 0.0, 1.0]]}, {"class": "GranolaBars", "pose": [[0.6872997994456163, 0.28597752396027987, -0.6677093556073431, 11.6967483700676], [0.6678943583710931, -0.6101703611679905, 0.42615640246130415, 0.38804198413309177], [-0.2855453364191269, -0.7388565860798123, -0.6103727386413084, 44.630751694427694], [0.0, 0.0, 0.0, 1.0]]}, {"class": "Milk", "pose": [[-0.6576888426420349, -0.6890638289251382, -0.3043622316011277, -13.341452911180928], [0.42031916172482037, -0.6709857453911116, 0.610827270772556, 2.465564106841933], [-0.6251216950969305, 0.2738050326408227, 0.7309266341025046, 36.84059604408519], [0.0, 0.0, 0.0, 1.0]]}]}