{"camera": {"camera": "RealSense D415", "extrinsics": [[-0.69356704, -0.6709845, 0.26219186, 0.43752167], [-0.6769447, 0.48255444, -0.5557761, 0.1329659], [0.24639532, -0.5629574, -0.78890324, 0.045816727], [0.0, 0.0, 0.0, 1.0]], "height": 480, "intrinsics": [[603.75165, 0.0, 326.28275], [0.0, 603.20245, 245.73769], [0.0, 0.0, 1.0]], "width": 640}, "objects": [{"class": "ChocolatePudding", "pose": [[0.9395555832214527, 0.29423759080661444, -0.17509863562809805, -5.525725021338634], [0.3260207694173932, -0.6125300639187926, 0.7200814783372017, 8.213841917882808], [0.10462187422986308, -0.7336423557011758, -0.6714336593094392, 40.75468789599901], [0.0, 0.0, 0.0, 1.0]]}, {"class": "MacaroniAndCheese", "pose": [[0.2687507995507371, 0.6186488174596583, 0.7382727371383239, -4.846260299103589], [-0.5195435212055344, 0.7385182451256619, -0.42972699232190076, -3.240353204690949], [-0.81107797885778, -0.2680753662566509, 0.5198924039819635, 43.951138740845785], [0.0, 0.0, 0.0, 1.0]]}, {"class": "Milk", "pose": [[-0.4069081160113262, 0.8629661530167652, 0.2995249403249505, -3.8444276762580722], [0.6613907369175698, 0.5044997736650514, -0.5550155207124443, -14.701456305462598], [-0.6300699276569557, -0.02773729827967274, -0.7760428661139199, 55.21677893643866], [0.0, 0.0, 0.0, 1.0]]}, {"class": "Ketchup", "pose": [[0.9564497178765538, 0.2917279901172168, -0.009934936393140572, -16.70909458571468], [0.1852462415821139, -0.580335280295147, 0.7930288451025054, -10.976925992588468], [0.22558313978514444, -0.7603326173393589, -0.6091030779386687, 43.72667080883662], [0.0, 0.0, 0.0, 1.0]]}, {"class": "OrangeJuice", "pose": [[-0.9666472670006957, -0.06834071993099072, -0.2468250254826401, 7.069652555707695], [-0.0794416298051811, -0.8361969959968318, 0.542644974251057, 3.7254908649073784], [-0.2434791207528556, 0.5441545105676459, 0.8028784390467251, 46.88013369440338], [0.0, 0.0, 0.0, 1.0]]}]}