{"camera": {"camera": "RealSense D415", "extrinsics": [[-0.6202692, -0.7474885, 0.23775417, 0.5691237], [-0.6982897, 0.3881413, -0.60144645, 0.2320669], [0.35729212, -0.53908, -0.7627156, -0.054598093], [0.0, 0.0, 0.0, 1.0]], "height": 480, "intrinsics": [[607.7151, 0.0, 326.28275], [0.0, 609.8564, 245.73769], [0.0, 0.0, 1.0]], "width": 640}, "objects": [{"class": "Cookies", "pose": [[-0.9024160059194369, 0.2741993952992294, 0.3323553197506088, -3.712995914825512], [-0.43081051771967827, -0.5865833171191236, -0.6858005183208123, -9.957728857577605], [0.006908022640268462, -0.7620594947300099, 0.6474701516382108, 43.65050267404695], [0.0, 0.0, 0.0, 1.0]]}, {"class": "Mustard", "pose": [[0.450766791851734, 0.2709935229345543, -0.8505126833738548, 3.055501229624602], [0.7661103634310338, -0.6064570043352244, 0.21280238242505686, -0.05526903893781354], [-0.4581313197772664, -0.7475107908112939, -0.4809816036057686, 39.288951426315975], [0.0, 0.0, 0.0, 1.0]]}, {"class": "AlphabetSoup", "pose": [[0.7088601431736711, 0.2638187108034306, -0.6541536516281163, 9.719549517705067], [0.6453945900473814, -0.6167658503422601, 0.45062817268633715, 3.6892955264154232], [-0.28457550827401507, -0.7416195412555906, -0.6074678820034822, 43.91296160945718], [0.0, 0.0, 0.0, 1.0]]}, {"class": "GranolaBars", "pose": [[0.7082448291782697, 0.2714996320672601, -0.6516726374631411, 13.055211644835795], [0.6555370198447124, -0.5955402132942397, 0.4643308206354932, -4.479080670161747], [-0.26203163419610564, -0.7560554040849236, -0.5997663213134465, 48.26315760722563], [0.0, 0.0, 0.0, 1.0]]}, {"class": "Milk", "pose": [[-0.6417549696533021, -0.7100401945915905, -0.2898163136854203, -11.870529212318981], [0.4586513520503694, -0.6582139841264326, 0.5969868753936234, -1.419111250002472], [-0.614645812151852, 0.2501946701063628, 0.7480729537965676, 40.436394321360645], [0.0, 0.0, 0.0, 1.0]]}]}