{"camera": {"camera": "RealSense D415", "extrinsics": [[-0.6705217, -0.71741426, 0.1889907, 0.5890317], [-0.6409281, 0.4318626, -0.6345911, 0.18728808], [0.37364668, -0.5466365, -0.74938416, -0.04800421], [0.0, 0.0, 0.0, 1.0]], "height": 480, "intrinsics": [[607.7151, 0.0, 326.28275], [0.0, 609.8564, 245.73769], [0.0, 0.0, 1.0]], "width": 640}, "objects": [{"class": "Cookies", "pose": [[-0.9325561161920927, 0.22646305349964405, 0.2811648393095999, -3.921135933096964], [-0.36058903494085953, -0.6225351992574093, -0.6945685729953485, -8.624534573898076], [0.017740911910337217, -0.7491090626293735, 0.662209027287019, 45.11989128511746], [0.0, 0.0, 0.0, 1.0]]}, {"class": "Mustard", "pose": [[0.506367052808837, 0.22179826821386756, -0.8333054826164746, 3.56801405181022], [0.7192020232220481, -0.6417791196670274, 0.26621051891231523, 0.6345189816185703], [-0.4757529922108339, -0.7341151600417831, -0.4844934939589517, 40.528927559176545], [0.0, 0.0, 0.0, 1.0]]}, {"class": "AlphabetSoup", "pose": [[0.7550504719399306, 0.21387768814276853, -0.6198025577953414, 10.511634076040943], [0.5830689213315762, -0.6513783742040741, 0.485527420053004, 3.9625579368571002], [-0.299882489822664, -0.7279852519677902, -0.6165289033812128, 45.05916723012845], [0.0, 0.0, 0.0, 1.0]]}, {"class": "GranolaBars", "pose": [[0.755276911898789, 0.2231077423168003, -0.6162627791637132, 13.229219348358463], [0.5937268489695562, -0.6311249922975909, 0.4991690113948224, -4.337468543116374], [-0.2775703622946074, -0.7429025216929283, -0.6091391144288935, 49.58658434659865], [0.0, 0.0, 0.0, 1.0]]}, {"class": "Milk", "pose": [[-0.6068510916842241, -0.7573065725422129, -0.24128530626145858, -11.414980942565178], [0.4924218858355893, -0.5965215249395514, 0.6337844946515735, 0.4369368644705024], [-0.6239009634240337, 0.2657986398537561, 0.7349140047514019, 41.7263885379392], [0.0, 0.0, 0.0, 1.0]]}]}