{"camera": {"camera": "RealSense D415", "extrinsics": [[-0.68429637, -0.7061573, 0.18188007, 0.5902658], [-0.6269788, 0.44241345, -0.6412238, 0.17240657], [0.37233865, -0.55282205, -0.7454876, -0.037797417], [0.0, 0.0, 0.0, 1.0]], "height": 480, "intrinsics": [[607.7151, 0.0, 326.28275], [0.0, 609.8564, 245.73769], [0.0, 0.0, 1.0]], "width": 640}, "objects": [{"class": "Cookies", "pose": [[-0.9390544838261178, 0.2195633493695204, 0.2645159038569873, -4.582202234596389], [-0.3434973447184821, -0.6298498969509426, -0.6966338698412989, -8.745594622198658], [0.013650034277519277, -0.7450376708944929, 0.6668827453896713, 45.8768169917239], [0.0, 0.0, 0.0, 1.0]]}, {"class": "Mustard", "pose": [[0.522206373229915, 0.2144595955840151, -0.8254136157064381, 3.101526031019408], [0.7077719248415393, -0.6489394640526842, 0.2791711688712513, 0.35544587461564525], [-0.4757724875830521, -0.7299895497228078, -0.49066877620311106, 41.29143051598593], [0.0, 0.0, 0.0, 1.0]]}, {"class": "AlphabetSoup", "pose": [[0.7673159537767387, 0.20632913378405465, -0.6071693067054625, 10.077396520729248], [0.5679190084723552, -0.6583660097323424, 0.4939860971451668, 3.576695665298782], [-0.2978158762851729, -0.7238664070627377, -0.6223529377649871, 45.84923246551243], [0.0, 0.0, 0.0, 1.0]]}, {"class": "GranolaBars", "pose": [[0.767603109734702, 0.21601523555372956, -0.6034259982034732, 12.616366309568273], [0.5786694655345839, -0.6383497984178481, 0.5075935890509606, -4.751285293225521], [-0.27554888203579414, -0.7388146190994285, -0.6150006689426628, 50.42870656585361], [0.0, 0.0, 0.0, 1.0]]}, {"class": "Milk", "pose": [[-0.5940506979737402, -0.7696129700425478, -0.2340933488008082, -11.889466492091561], [0.5006114008570435, -0.5814787341875343, 0.6413039639261828, 0.43551845030072867], [-0.6296761099898813, 0.2637772348180159, 0.7307048771466523, 42.39904600849271], [0.0, 0.0, 0.0, 1.0]]}]}