{"camera": {"camera": "RealSense D415", "extrinsics": [[-0.9432584, -0.3320399, 0.0036121868, 0.5951467], [-0.22356366, 0.62698084, -0.74626696, 0.0593957], [0.24552561, -0.70473015, -0.665637, 0.376696], [0.0, 0.0, 0.0, 1.0]], "height": 480, "intrinsics": [[607.1532, 0.0, 326.28275], [0.0, 608.33, 245.73769], [0.0, 0.0, 1.0]], "width": 640}, "objects": [{"class": "CreamCheese", "pose": [[0.44084282405895037, 0.05010556902662697, -0.8961847111105212, 12.307594272804367], [0.5920772094473352, -0.7666479083221993, 0.24838591489505654, -2.450096885790375], [-0.674612616639199, -0.640109691082486, -0.3676375944507014, 47.219112214352755], [0.0, 0.0, 0.0, 1.0]]}, {"class": "Ketchup", "pose": [[0.5722329306585278, 0.04653899761176071, -0.8187695614586838, 11.219160277630207], [0.540086178570932, -0.7726940678407344, 0.333542796714883, -13.324378538124416], [-0.6171356356479505, -0.6330702956426173, -0.4672960603176201, 52.625946100391054], [0.0, 0.0, 0.0, 1.0]]}, {"class": "Cookies", "pose": [[-0.11932999638096259, -0.9928386116981464, 0.005642967749072293, -2.147727715960901], [-0.6517069224390006, 0.0740388193817272, -0.7548485546582484, -4.210982963874954], [0.7490249923792971, -0.09375363644071402, -0.655874848157281, 50.04842438180121], [0.0, 0.0, 0.0, 1.0]]}, {"class": "Corn", "pose": [[0.9179321177345622, -0.016576131527664392, 0.39639104315677964, -9.257996921098943], [-0.23807758495066497, -0.8222498573258363, 0.5169373614585243, -13.27583553717034], [0.31736365698580105, -0.5688852291905807, -0.7587159582039772, 58.9676005407302], [0.0, 0.0, 0.0, 1.0]]}, {"class": "SaladDressing", "pose": [[0.988564462716484, 0.02835434737109328, 0.14810919633577924, 0.6095006996634122], [-0.0634344109267946, -0.8128485697061113, 0.5790106028710538, -16.624604832885716], [0.13680781616721158, -0.5817845251567715, -0.8017545682586846, 56.355895494474574], [0.0, 0.0, 0.0, 1.0]]}]}