{"camera": {"camera": "RealSense D415", "extrinsics": [[-0.6951515, -0.6669918, 0.26811635, 0.4370553], [-0.67677194, 0.48147365, -0.5569227, 0.13144231], [0.24237187, -0.5685993, -0.7860984, 0.04593329], [0.0, 0.0, 0.0, 1.0]], "height": 480, "intrinsics": [[603.75165, 0.0, 326.28275], [0.0, 603.20245, 245.73769], [0.0, 0.0, 1.0]], "width": 640}, "objects": [{"class": "ChocolatePudding", "pose": [[0.9386697952369536, 0.2997738090586856, -0.17039572002447412, -5.834048279590426], [0.32646943574309023, -0.6135808662848501, 0.7189827711381099, 8.10274146660532], [0.11098071826073114, -0.7305163486040094, -0.6738168283277356, 40.41295190629497], [0.0, 0.0, 0.0, 1.0]]}, {"class": "MacaroniAndCheese", "pose": [[0.2748266243808693, 0.6203757401101484, 0.734577627010651, -5.174613401441769], [-0.5207226613873396, 0.7382888535112937, -0.4286927522566488, -3.346260156675279], [-0.8082810035073371, -0.26469499486051995, 0.525945199242291, 43.632123925818405], [0.0, 0.0, 0.0, 1.0]]}, {"class": "Milk", "pose": [[-0.4024842282011967, 0.8629978547193168, 0.305354173525664, -4.251818914915817], [0.6602858036994297, 0.5047189862954862, -0.5561307395249521, -14.78951938237758], [-0.6340577188371541, -0.022212765295605827, -0.7729666071584196, 54.92262747768254], [0.0, 0.0, 0.0, 1.0]]}, {"class": "Ketchup", "pose": [[0.9547203160684266, 0.29744998793274713, -0.005713602664569611, -17.03321902951202], [0.18588839308964905, -0.5814284056082383, 0.792077339408927, -11.086787677164894], [0.2322814138888575, -0.7572743640689981, -0.6103940168667606, 43.33297789605074], [0.0, 0.0, 0.0, 1.0]]}, {"class": "OrangeJuice", "pose": [[-0.964817780825387, -0.07207239136480136, -0.25284826022049445, 6.717520080808153], [-0.0801148580453557, -0.8353703224925421, 0.5438180127191387, 3.627762834127188], [-0.250416270014242, 0.5449421921574504, 0.8002060187600678, 46.637310043354056], [0.0, 0.0, 0.0, 1.0]]}]}