{"camera": {"camera": "RealSense D415", "extrinsics": [[-0.9399768, -0.3316206, 0.080444664, 0.5246288], [-0.27384955, 0.592435, -0.75764585, 0.11821141], [0.20359275, -0.7341993, -0.6476893, 0.35577774], [0.0, 0.0, 0.0, 1.0]], "height": 480, "intrinsics": [[607.1532, 0.0, 326.28275], [0.0, 608.33, 245.73769], [0.0, 0.0, 1.0]], "width": 640}, "objects": [{"class": "CreamCheese", "pose": [[0.4394694412511443, 0.1266862422576669, -0.8892790372056364, 5.396878089314749], [0.6036815725048069, -0.7747511995804778, 0.18796041989484644, 0.8558387544157553], [-0.6651580433552057, -0.6194442200215372, -0.4169576198110381, 42.96975262348764], [0.0, 0.0, 0.0, 1.0]]}, {"class": "Ketchup", "pose": [[0.5705663358119175, 0.12312331475715813, -0.8119696457292698, 4.6665257931519655], [0.5606495712583167, -0.7808578675848494, 0.2755594864253789, -9.955739592493513], [-0.6001051310182758, -0.612455391550634, -0.5145602454162181, 48.559466803463124], [0.0, 0.0, 0.0, 1.0]]}, {"class": "Cookies", "pose": [[-0.11922793415732194, -0.9894357952724714, 0.0824712467133466, -9.05715906589325], [-0.6428150452361565, 0.01362062393319871, -0.7659003054588894, -1.697147839279982], [0.756685905283651, -0.14433044941828166, -0.6376481656779701, 45.12036504384923], [0.0, 0.0, 0.0, 1.0]]}, {"class": "Corn", "pose": [[0.9129117137730798, 0.059809719470576596, 0.40375116110928216, -16.073977501225855], [-0.1773758672493088, -0.832777002021512, 0.5244237297280987, -10.988491586029623], [0.36760030889839085, -0.550368265242386, -0.7496431194832618, 53.879039892145556], [0.0, 0.0, 0.0, 1.0]]}, {"class": "SaladDressing", "pose": [[0.9823813298155256, 0.10471698389005014, 0.15479430189511517, -5.909835632999316], [-0.0024455133539293453, -0.8210015985336904, 0.5709206392747365, -13.801109867987115], [0.1868714373956038, -0.5612403170275656, -0.8062805922910469, 51.83400541796711], [0.0, 0.0, 0.0, 1.0]]}]}