{"camera": {"camera": "RealSense D415", "extrinsics": [[-0.92591655, -0.3758148, 0.03797071, 0.5397476], [-0.27263296, 0.5953381, -0.75580674, 0.11748226], [0.26143792, -0.71016604, -0.6536929, 0.3127243], [0.0, 0.0, 0.0, 1.0]], "height": 480, "intrinsics": [[607.1532, 0.0, 326.28275], [0.0, 608.33, 245.73769], [0.0, 0.0, 1.0]], "width": 640}, "objects": [{"class": "CreamCheese", "pose": [[0.3981117980928955, 0.08585846527219244, -0.9133101126506866, 7.442640087917546], [0.6048622377530805, -0.7730893846020593, 0.19098280415007118, 0.8524384961236906], [-0.6896728505352218, -0.6284593055340895, -0.359708540048849, 41.57443977460581], [0.0, 0.0, 0.0, 1.0]]}, {"class": "Ketchup", "pose": [[0.5329436574857702, 0.08272850531335067, -0.8420968436373413, 7.041657630737125], [0.5613737561568859, -0.779210524698956, 0.2787300106227614, -9.974825593551046], [-0.6331117956714967, -0.6212784590673601, -0.4617169086597772, 47.167122577454094], [0.0, 0.0, 0.0, 1.0]]}, {"class": "Cookies", "pose": [[-0.07283781699591986, -0.9965168434392053, 0.0406063402302532, -6.853197337396988], [-0.6449040364958275, 0.016001999502591027, -0.7640959851016008, -1.6788380656292123], [0.760784722487484, -0.08184227233077292, -0.6438232845674497, 44.62136284564462], [0.0, 0.0, 0.0, 1.0]]}, {"class": "Corn", "pose": [[0.9338181712981012, 0.02332890661786944, 0.35698659187586995, -13.325876542139026], [-0.1802928323691077, -0.831196237379541, 0.5259346578116877, -10.983310945601598], [0.3089953847243021, -0.5554894647721165, -0.7719801033757995, 53.776164119391524], [0.0, 0.0, 0.0, 1.0]]}, {"class": "SaladDressing", "pose": [[0.9921727455352826, 0.06748967990422705, 0.10506392260462108, -3.316342504905223], [-0.0049439590888210325, -0.8194754254641787, 0.5730929584752469, -13.809527070598982], [0.12477515868701966, -0.5691266462865477, -0.8127275026250181, 51.088320542094046], [0.0, 0.0, 0.0, 1.0]]}]}