{"camera": {"camera": "RealSense D415", "extrinsics": [[-0.89498466, -0.44074818, 0.068873145, 0.50592494], [-0.33535516, 0.56292945, -0.75541204, 0.16941181], [0.29417574, -0.6991792, -0.6516204, 0.2724935], [0.0, 0.0, 0.0, 1.0]], "height": 480, "intrinsics": [[607.1532, 0.0, 326.28275], [0.0, 608.33, 245.73769], [0.0, 0.0, 1.0]], "width": 640}, "objects": [{"class": "CreamCheese", "pose": [[0.33083289294927315, 0.11868960533580655, -0.9361957193204802, 5.320785548022094], [0.6269441245303512, -0.7691260569340629, 0.124040790021469, 2.8682454374433037], [-0.7053301963242725, -0.6279791794239814, -0.3288639647479797, 39.187218604431465], [0.0, 0.0, 0.0, 1.0]]}, {"class": "Ketchup", "pose": [[0.470238289888787, 0.11624459495924114, -0.8748503844722115, 5.873924736576153], [0.5933983874944976, -0.7754062172920362, 0.21592474668504835, -7.924644245108356], [-0.6532643665466965, -0.6206708911721401, -0.4336050682343755, 44.83311171638963], [0.0, 0.0, 0.0, 1.0]]}, {"class": "Cookies", "pose": [[-0.0013169822935069644, -0.9973733648319147, 0.07242021145680522, -8.649334954801514], [-0.6435768337698641, -0.05458376017740363, -0.7634326535372125, -0.6419162125558014], [0.7653803921976048, -0.04761340354744059, -0.6418145074619944, 42.73356463285754], [0.0, 0.0, 0.0, 1.0]]}, {"class": "Corn", "pose": [[0.9541636435562952, 0.06292601358723394, 0.2925954689931818, -14.13545369957443], [-0.11225886875499438, -0.8310179981363469, 0.5447999426271303, -10.31981555470015], [0.27743420372603744, -0.5526747323652508, -0.7858631851375347, 52.14206894746292], [0.0, 0.0, 0.0, 1.0]]}, {"class": "SaladDressing", "pose": [[0.9937232744157095, 0.10566212678332389, 0.03673716366422378, -4.048877309594367], [0.06558201408521103, -0.8163099394427069, 0.5738789301958991, -12.452709859563033], [0.09062618681246866, -0.5678675505855898, -0.8181157511027206, 49.12304409803687], [0.0, 0.0, 0.0, 1.0]]}]}