{"camera": {"camera": "RealSense D415", "extrinsics": [[-0.8726754, -0.48185316, 0.079089396, 0.49218664], [-0.37029755, 0.5474648, -0.7504412, 0.18999922], [0.3183038, -0.68417823, -0.65618813, 0.25485748], [0.0, 0.0, 0.0, 1.0]], "height": 480, "intrinsics": [[607.1532, 0.0, 326.28275], [0.0, 608.33, 245.73769], [0.0, 0.0, 1.0]], "width": 640}, "objects": [{"class": "CreamCheese", "pose": [[0.28621337026585714, 0.13005175752939502, -0.9492989190588146, 4.880328318226123], [0.6411014367907966, -0.7622944921893989, 0.08885932378357693, 3.16528422229323], [-0.7120890656364531, -0.6340296495393415, -0.3015552470756183, 38.65631801010437], [0.0, 0.0, 0.0, 1.0]]}, {"class": "Ketchup", "pose": [[0.4282365594372033, 0.12805966827687199, -0.8945469027411934, 6.008342985983961], [0.6127972556066084, -0.7686837292054058, 0.18331604533338036, -7.61361101043064], [-0.6641482959614083, -0.6266785412076482, -0.40765309749126677, 44.243046498220316], [0.0, 0.0, 0.0, 1.0]]}, {"class": "Cookies", "pose": [[0.04528279019947717, -0.9955017629252603, 0.08322078830500894, -8.837624096721552], [-0.645220560823427, -0.09274473751309632, -0.7583460727498497, -0.8887564523344577], [0.7626531802934158, -0.01935572609706522, -0.6465179683414896, 42.586279295747964], [0.0, 0.0, 0.0, 1.0]]}, {"class": "Corn", "pose": [[0.965321326852443, 0.07888202134610338, 0.24886211707258715, -13.676912083675663], [-0.0762564637212624, -0.8264873036298596, 0.5577666296760349, -10.795766198593224], [0.249679139505567, -0.5574013856454999, -0.7918105982550686, 52.11054456699744], [0.0, 0.0, 0.0, 1.0]]}, {"class": "SaladDressing", "pose": [[0.9926663231102397, 0.12057007820695397, -0.00874173241557769, -3.606603705176492], [0.10347816679704291, -0.810106653356622, 0.5770783340972433, -12.531268268554427], [0.062496634576549755, -0.5737508254363167, -0.8166420035184112, 48.79698312613334], [0.0, 0.0, 0.0, 1.0]]}]}