{"camera": {"camera": "RealSense D415", "extrinsics": [[-0.69377667, -0.6680124, 0.2691345, 0.44140404], [-0.6778078, 0.4793374, -0.55750537, 0.12993264], [0.24341425, -0.56920564, -0.78533715, 0.041941456], [0.0, 0.0, 0.0, 1.0]], "height": 480, "intrinsics": [[603.75165, 0.0, 326.28275], [0.0, 603.20245, 245.73769], [0.0, 0.0, 1.0]], "width": 640}, "objects": [{"class": "ChocolatePudding", "pose": [[0.9380311715321957, 0.30091087142420714, -0.17190159522902876, -5.384994722880087], [0.32849297856331083, -0.6140213904753433, 0.7176838149417322, 7.904192106231968], [0.11040761450359071, -0.72967829870007, -0.6748182923513114, 40.0266488474579], [0.0, 0.0, 0.0, 1.0]]}, {"class": "MacaroniAndCheese", "pose": [[0.2757702534887131, 0.6188761843937343, 0.73548829047827, -4.70242629554643], [-0.5213236310628903, 0.7391440853026826, -0.426482890645631, -3.5388871720662602], [-0.8075719629170155, -0.26581610892873087, 0.5264687166114335, 43.26201407887113], [0.0, 0.0, 0.0, 1.0]]}, {"class": "Milk", "pose": [[-0.40386839907871036, 0.8619897943447512, 0.3063721599961685, -3.75559680372457], [0.6585819886939024, 0.5064021498462342, -0.5566206876815536, -14.964225772068634], [-0.6349488522756414, -0.023030304840561216, -0.7722108188046444, 54.568663961991234], [0.0, 0.0, 0.0, 1.0]]}, {"class": "Ketchup", "pose": [[0.9543749847202864, 0.2985200798005412, -0.007358005548758726, -16.545647154806918], [0.18811672454413947, -0.5819116881754177, 0.7911958343340845, -11.30340012650152], [0.23190613901188759, -0.756481717221227, -0.6115185547673634, 42.97524693393675], [0.0, 0.0, 0.0, 1.0]]}, {"class": "OrangeJuice", "pose": [[-0.9646848512544095, -0.07034913572479687, -0.25383878075001876, 7.176153060972446], [-0.08238936962594948, -0.8347364307953986, 0.5444511420059526, 3.4630372556930884], [-0.2501901456362317, 0.5461373602619942, 0.7994616084457864, 46.2559041576046], [0.0, 0.0, 0.0, 1.0]]}]}