{"camera": {"camera": "RealSense D415", "extrinsics": [[-0.8385679, -0.54397863, 0.029850949, 0.45961523], [-0.37750378, 0.54068613, -0.7517642, 0.19304816], [0.39280367, -0.6416742, -0.658756, 0.17055832], [0.0, 0.0, 0.0, 1.0]], "height": 480, "intrinsics": [[607.1532, 0.0, 326.28275], [0.0, 608.33, 245.73769], [0.0, 0.0, 1.0]], "width": 640}, "objects": [{"class": "CreamCheese", "pose": [[0.21792930557402562, 0.0826367544964572, -0.9724597504277764, 3.070077345048455], [0.6414869758792429, -0.763064110660133, 0.07891500406250844, 3.0942586009749586], [-0.7355278912208789, -0.6410181368201916, -0.21930441175909254, 34.01547288669928], [0.0, 0.0, 0.0, 1.0]]}, {"class": "Ketchup", "pose": [[0.363805079971647, 0.08134377810340063, -0.9279165022643069, 4.776969867637703], [0.6146803731313729, -0.769448242391964, 0.17354364359841518, -7.655494063070953], [-0.6998670652262159, -0.6335081009634971, -0.32992958724329413, 39.51073223729312], [0.0, 0.0, 0.0, 1.0]]}, {"class": "Cookies", "pose": [[0.1167042771302191, -0.9925542986735263, 0.03487201611542974, -10.220822641277888], [-0.6423107060718498, -0.1022101712029445, -0.7595985734811298, -1.076596398180324], [0.7575071315926719, 0.06624976473853136, -0.6494565957564796, 39.11625788886421], [0.0, 0.0, 0.0, 1.0]]}, {"class": "Corn", "pose": [[0.9838560790364392, 0.03884447098958103, 0.17469488956555398, -14.130128676116199], [-0.06632798928381044, -0.8274911550435751, 0.5575472547046012, -10.998252227541647], [0.16621608110967884, -0.5601333926482321, -0.811555760459, 49.043858618105276], [0.0, 0.0, 0.0, 1.0]]}, {"class": "SaladDressing", "pose": [[0.9933213308945386, 0.07881787788719764, -0.08426421149574742, -4.364376741379], [0.11305484651959995, -0.8107698696210998, 0.5743437779409093, -12.649143316367221], [-0.02305035762977327, -0.5800343812842201, -0.8142657754410635, 44.88364047004376], [0.0, 0.0, 0.0, 1.0]]}]}