{"camera": {"camera": "RealSense D415", "extrinsics": [[-0.84714323, -0.5306436, 0.027671231, 0.4353066], [-0.36795402, 0.5482554, -0.75101656, 0.19260915], [0.38335124, -0.6464004, -0.65970325, 0.17050618], [0.0, 0.0, 0.0, 1.0]], "height": 480, "intrinsics": [[607.1532, 0.0, 326.28275], [0.0, 608.33, 245.73769], [0.0, 0.0, 1.0]], "width": 640}, "objects": [{"class": "CreamCheese", "pose": [[0.23336950694189532, 0.08012765082031431, -0.9690811335053965, 0.27089259380073116], [0.6399771237382869, -0.7629828634815425, 0.0910296430669391, 3.5435875571481867], [-0.7320983730798675, -0.6414332535349823, -0.22933679779009206, 33.53230246087805], [0.0, 0.0, 0.0, 1.0]]}, {"class": "Ketchup", "pose": [[0.37852856501891274, 0.07867890713952863, -0.9222395380531248, 1.7900047035393385], [0.6113499385541105, -0.7693628737158965, 0.18528892565185995, -7.234806381587316], [-0.6949585962630244, -0.6339481895330842, -0.3393261792068586, 39.02657858348202], [0.0, 0.0, 0.0, 1.0]]}, {"class": "Cookies", "pose": [[0.10098072732035297, -0.9943574259544491, 0.03249942571006285, -13.122217702836537], [-0.6448861021537239, -0.0902952355188365, -0.7589259848518121, -0.4742453029457028], [0.7575782952301041, 0.05567849011375992, -0.6503653171581147, 38.48646073545833], [0.0, 0.0, 0.0, 1.0]]}, {"class": "Corn", "pose": [[0.9811849860377334, 0.03471389311417829, 0.1899236144121618, -17.255068731256507], [-0.07849664673132567, -0.8270043554984293, 0.5566884561676155, -10.363713808604814], [0.1763924773997078, -0.5611226690438065, -0.8087193936274947, 48.35546037348765], [0.0, 0.0, 0.0, 1.0]]}, {"class": "SaladDressing", "pose": [[0.994802297868384, 0.07509302058077556, -0.06877090175523812, -7.466882126085017], [0.10106077184408893, -0.8107363188529737, 0.5766223256853015, -12.126030523084259], [-0.012454775727776203, -0.5805752042125408, -0.8141113709084358, 44.294867843314144], [0.0, 0.0, 0.0, 1.0]]}]}