{"camera": {"camera": "RealSense D415", "extrinsics": [[-0.6956983, -0.6649334, 0.2717856, 0.4497318], [-0.67420745, 0.47385594, -0.5664847, 0.13265882], [0.24788734, -0.57734233, -0.7779638, 0.03497155], [0.0, 0.0, 0.0, 1.0]], "height": 480, "intrinsics": [[603.75165, 0.0, 326.28275], [0.0, 603.20245, 245.73769], [0.0, 0.0, 1.0]], "width": 640}, "objects": [{"class": "ChocolatePudding", "pose": [[0.9379738253149741, 0.3032486942287787, -0.1680632974448782, -4.712498680303179], [0.3285173244889569, -0.6224221046477951, 0.7103992629101814, 8.635056782811292], [0.11082138937889971, -0.7215476037044414, -0.6834381030608073, 39.169560036559076], [0.0, 0.0, 0.0, 1.0]]}, {"class": "MacaroniAndCheese", "pose": [[0.27856399787447617, 0.620974713384872, 0.7326612067663169, -4.058737093454701], [-0.5305591659247167, 0.7353862794036777, -0.42156139897408534, -2.772425408613083], [-0.8005679541137737, -0.2712882566812622, 0.53431600958962, 42.53400773404649], [0.0, 0.0, 0.0, 1.0]]}, {"class": "Milk", "pose": [[-0.4002761389393389, 0.8627386622436789, 0.3089675593671821, -3.1754194890153076], [0.6520321849998424, 0.5050365113419505, -0.5655017007249284, -14.073325466811998], [-0.6439201026905131, -0.02489999715365289, -0.7646874243530057, 53.970117439112684], [0.0, 0.0, 0.0, 1.0]]}, {"class": "Ketchup", "pose": [[0.9536122030547372, 0.3010149989345477, -0.003698118039628186, -15.910701026784613], [0.18947161552787925, -0.5906075222414062, 0.7843999510250015, -10.524789650540722], [0.2339320670833436, -0.7487140387126123, -0.6202443403172729, 42.2818813470536], [0.0, 0.0, 0.0, 1.0]]}, {"class": "OrangeJuice", "pose": [[-0.9637058160744764, -0.073783563056683, -0.25656777927557095, 7.815946356009834], [-0.0839398836541945, -0.8285628535565994, 0.5535681667375465, 4.247262116615196], [-0.25342681667993633, 0.5550131287649137, 0.7922974447496984, 45.50164047620724], [0.0, 0.0, 0.0, 1.0]]}]}