{"camera": {"camera": "RealSense D415", "extrinsics": [[-0.8622967, -0.50596297, -0.021115992, 0.45356378], [-0.32425267, 0.58368176, -0.7444298, 0.17007709], [0.38897896, -0.63507247, -0.66736674, 0.18112533], [0.0, 0.0, 0.0, 1.0]], "height": 480, "intrinsics": [[607.1532, 0.0, 326.28275], [0.0, 608.33, 245.73769], [0.0, 0.0, 1.0]], "width": 640}, "objects": [{"class": "CreamCheese", "pose": [[0.2610405256258466, 0.03077933240609428, -0.9648370435723969, 1.461819453099339], [0.6336474693279937, -0.7594871558988862, 0.14720736053106023, 3.549548419506227], [-0.728250451432183, -0.6497936806342522, -0.2177601376554013, 34.912340392335686], [0.0, 0.0, 0.0, 1.0]]}, {"class": "Ketchup", "pose": [[0.4047571603311555, 0.02905526597607505, -0.9139625138109464, 2.434886280175552], [0.5966002057675915, -0.7658548595695136, 0.23986327544561262, -7.353720986325632], [-0.6929934000613331, -0.6423566444306822, -0.327319589670817, 40.28266462529637], [0.0, 0.0, 0.0, 1.0]]}, {"class": "Cookies", "pose": [[0.07276348633618267, -0.9972104376702285, -0.016639171543716243, -12.082083278760908], [-0.6574184222522247, -0.035410692738363746, -0.7526931401832059, 0.23134536377257264], [0.7500042896275388, 0.06570752745060499, -0.6581611590877298, 39.973398198708054], [0.0, 0.0, 0.0, 1.0]]}, {"class": "Corn", "pose": [[0.9770682852963141, -0.017293314068386637, 0.21222288078470375, -16.656732760143473], [-0.13481241174678663, -0.821721839807153, 0.5537135486681112, -9.515861120083352], [0.16481259524112898, -0.56962626194807, -0.8052097584505777, 49.78888237592539], [0.0, 0.0, 0.0, 1.0]]}, {"class": "SaladDressing", "pose": [[0.9987052366339969, 0.023724977784325505, -0.04500021912027415, -7.0248650828948875], [0.04568070657198132, -0.8075224109270587, 0.5880652100348283, -11.777340529906999], [-0.02238690138324295, -0.5893594856914561, -0.8075606777370019, 45.60371689820294], [0.0, 0.0, 0.0, 1.0]]}]}