{"camera": {"camera": "RealSense D415", "extrinsics": [[-0.9108776, -0.41178346, -0.02713571, 0.46324912], [-0.26418403, 0.6323718, -0.72822577, 0.13950308], [0.31703117, -0.6561557, -0.6847999, 0.2177069], [0.0, 0.0, 0.0, 1.0]], "height": 480, "intrinsics": [[607.1532, 0.0, 326.28275], [0.0, 608.33, 245.73769], [0.0, 0.0, 1.0]], "width": 640}, "objects": [{"class": "CreamCheese", "pose": [[0.3616165922604188, 0.022022362178669357, -0.9320667701524736, 0.41071514318989366], [0.6250069709932418, -0.7475431970316627, 0.22482318249557273, 3.5955119590366875], [-0.6918090211147556, -0.6638480021677934, -0.2840881150267248, 34.99008748063971], [0.0, 0.0, 0.0, 1.0]]}, {"class": "Ketchup", "pose": [[0.49910417056370865, 0.019273651663523017, -0.866327629441596, 0.15721278270842687], [0.5763938636129927, -0.7538952852858227, 0.3152967196451574, -7.44709290906208], [-0.6470433874600732, -0.656711817683821, -0.38738145546214336, 40.15391904532151], [0.0, 0.0, 0.0, 1.0]]}, {"class": "Cookies", "pose": [[-0.03310541486102376, -0.9991638354482292, -0.02399311767347967, -13.684450241203699], [-0.6747310063239256, 0.04005308965873113, -0.736976137822518, 1.234517353396594], [0.7373208768898587, -0.008208969945465182, -0.6754927727904778, 38.96677992459572], [0.0, 0.0, 0.0, 1.0]]}, {"class": "Corn", "pose": [[0.9491159426964633, -0.03644755886657115, 0.31281066322697765, -19.699487662212352], [-0.2124332999919402, -0.8073656112203473, 0.5504842154678298, -8.311368012039189], [0.23248872941458348, -0.5889247278130321, -0.7740262298158264, 48.18494576098957], [0.0, 0.0, 0.0, 1.0]]}, {"class": "SaladDressing", "pose": [[0.9981869316093157, 0.006881418386843359, 0.0597955174055374, -9.97935911444619], [-0.030725700601802578, -0.7959971484488518, 0.6045200406849462, -11.228389239388875], [0.0517569848353469, -0.6052612456321117, -0.7943424877431543, 44.661757079250684], [0.0, 0.0, 0.0, 1.0]]}]}