{"camera": {"camera": "RealSense D415", "extrinsics": [[-0.9254243, -0.37693533, -0.038854256, 0.4915054], [-0.23561043, 0.6526779, -0.72006893, 0.1409434], [0.29677874, -0.6572148, -0.6928139, 0.22255544], [0.0, 0.0, 0.0, 1.0]], "height": 480, "intrinsics": [[607.1532, 0.0, 326.28275], [0.0, 608.33, 245.73769], [0.0, 0.0, 1.0]], "width": 640}, "objects": [{"class": "CreamCheese", "pose": [[0.3963003125042788, 0.009193037238101357, -0.9180749562483236, 2.6587309525739844], [0.6189016019915587, -0.7412816094562077, 0.25973506253717993, 5.205121389553187], [-0.6781643290481865, -0.6711311653760654, -0.2994596711298517, 34.485890987853715], [0.0, 0.0, 0.0, 1.0]]}, {"class": "Ketchup", "pose": [[0.5311366560613511, 0.006089058132102778, -0.8472643335311835, 1.924959109264951], [0.5651205329548037, -0.7476047491268552, 0.3488923078727093, -5.8724265176896], [-0.6312944233580431, -0.6641159832238599, -0.4005212913557178, 39.52752185648386], [0.0, 0.0, 0.0, 1.0]]}, {"class": "Cookies", "pose": [[-0.07064242662180646, -0.996844797465171, -0.036196301504652015, -11.58402526017509], [-0.6804115784722805, 0.07468918530874966, -0.7290140805606365, 3.2943166762700025], [0.7294173515770896, -0.02687089448910075, -0.683540982833678, 38.167575601261525], [0.0, 0.0, 0.0, 1.0]]}, {"class": "Corn", "pose": [[0.9365409319447308, -0.052747353989405346, 0.34656727247999397, -18.10218882774808], [-0.24743497092089992, -0.7997796984293785, 0.546926219267719, -6.1280132213998835], [0.24832850947624263, -0.5979716705642952, -0.7620779655320472, 47.16826584805474], [0.0, 0.0, 0.0, 1.0]]}, {"class": "SaladDressing", "pose": [[0.9953425210271055, -0.00874322341395988, 0.09600467069237627, -8.421507855661147], [-0.06576302034434137, -0.7897572880159167, 0.6098840638661013, -9.344852718149868], [0.07048798941277183, -0.6133571169660624, -0.7866539794479126, 43.800902385728605], [0.0, 0.0, 0.0, 1.0]]}]}