{"camera": {"camera": "RealSense D415", "extrinsics": [[-0.93300503, -0.34922168, -0.08686664, 0.5340443], [-0.18169414, 0.66550285, -0.7239428, 0.13712539], [0.3106265, -0.65965915, -0.6843691, 0.21340229], [0.0, 0.0, 0.0, 1.0]], "height": 480, "intrinsics": [[607.1532, 0.0, 326.28275], [0.0, 608.33, 245.73769], [0.0, 0.0, 1.0]], "width": 640}, "objects": [{"class": "CreamCheese", "pose": [[0.42069640490989685, -0.03977197361258631, -0.9063292722899514, 6.65796081787553], [0.5893613029314718, -0.7475227363742222, 0.3063705830329617, 7.499958217144667], [-0.6896867237603412, -0.663044463160167, -0.2910400736946096, 34.234383238540275], [0.0, 0.0, 0.0, 1.0]]}, {"class": "Ketchup", "pose": [[0.5529934285274859, -0.04312557158690549, -0.8320687939584702, 5.386737860403279], [0.5287846967744552, -0.7535947555800031, 0.39048893679194685, -3.4687372850462945], [-0.6438827604173281, -0.6559231201325127, -0.3939288170060431, 39.40548013019068], [0.0, 0.0, 0.0, 1.0]]}, {"class": "Cookies", "pose": [[-0.09824125378614122, -0.9915617500530014, -0.08458118398994197, -7.61941092657109], [-0.6680248030977584, 0.12870522163515227, -0.7329241088322108, 6.407219751988988], [0.7376255758985772, -0.015501051755895248, -0.6750320649639864, 38.11054700635752], [0.0, 0.0, 0.0, 1.0]]}, {"class": "Corn", "pose": [[0.9247815574910143, -0.1038639725324648, 0.3660483177574426, -14.52517411526102], [-0.29562174779754985, -0.8017995505094019, 0.5193507330980536, -2.552499773726771], [0.23955555178763885, -0.5884978800278291, -0.7721939162964578, 47.292760297371714], [0.0, 0.0, 0.0, 1.0]]}, {"class": "SaladDressing", "pose": [[0.9911061228187966, -0.059579974792508296, 0.11899119594996294, -5.077894760882929], [-0.11926348745401226, -0.7943521111800992, 0.5956348419639922, -6.327274647583944], [0.05903299878736858, -0.6045287012783161, -0.7943929858323993, 43.84272294079259], [0.0, 0.0, 0.0, 1.0]]}]}