{"camera": {"camera": "RealSense D415", "extrinsics": [[-0.9657939, -0.24789141, -0.07610541, 0.52995485], [-0.12712659, 0.70842874, -0.6942388, 0.09048661], [0.2260111, -0.66081655, -0.71570975, 0.2642214], [0.0, 0.0, 0.0, 1.0]], "height": 480, "intrinsics": [[607.1532, 0.0, 326.28275], [0.0, 608.33, 245.73769], [0.0, 0.0, 1.0]], "width": 640}, "objects": [{"class": "CreamCheese", "pose": [[0.5151545933562981, -0.032627124211678446, -0.8564760983402915, 5.021101803409033], [0.5807299161562431, -0.721652555204798, 0.3767894021850173, 5.646442342104195], [-0.6303717111693767, -0.6914860890057226, -0.35281503065001524, 35.19547454471086], [0.0, 0.0, 0.0, 1.0]]}, {"class": "Ketchup", "pose": [[0.6388541169032332, -0.0369608414289542, -0.7684395908822491, 2.6011816686981493], [0.5098142211432284, -0.7277033074186771, 0.45884338923366225, -5.36781831742203], [-0.576155269155362, -0.6848954248375067, -0.4460530397214792, 39.832130395736755], [0.0, 0.0, 0.0, 1.0]]}, {"class": "Cookies", "pose": [[-0.20375313969849795, -0.9761291774401455, -0.0752102275734766, -9.573278372362026], [-0.6827711480014875, 0.19673441028747424, -0.7036469504069235, 5.411718765806425], [0.701646733977599, -0.09201885653007735, -0.7065580953644744, 37.843314275373416], [0.0, 0.0, 0.0, 1.0]]}, {"class": "Corn", "pose": [[0.879872758423204, -0.10620384277968968, 0.46318977113294935, -17.802173349550976], [-0.3657030852253177, -0.7737481552809533, 0.5172764688320923, -3.3405569976242386], [0.30345543169112993, -0.6245274066891012, -0.719638986336166, 46.08722952771612], [0.0, 0.0, 0.0, 1.0]]}, {"class": "SaladDressing", "pose": [[0.9726217637037473, -0.06033209944508212, 0.22442600977824947, -8.365496119967863], [-0.18866813209589545, -0.768846546134072, 0.6109658124482483, -7.642196083965774], [0.13568826639107784, -0.6365806883887232, -0.7591796051778084, 43.28583704522323], [0.0, 0.0, 0.0, 1.0]]}]}