{"camera": {"camera": "RealSense D415", "extrinsics": [[-0.97438896, -0.21291664, -0.07233686, 0.54832333], [-0.11026694, 0.7327595, -0.6714944, 0.06802287], [0.19597787, -0.6463204, -0.7374704, 0.29108217], [0.0, 0.0, 0.0, 1.0]], "height": 480, "intrinsics": [[607.1532, 0.0, 326.28275], [0.0, 608.33, 245.73769], [0.0, 0.0, 1.0]], "width": 640}, "objects": [{"class": "CreamCheese", "pose": [[0.5458146944643396, -0.03019679625152799, -0.8373616219654602, 6.566818133197688], [0.5859328947713994, -0.7006259942826307, 0.4071925949681818, 4.305553078263724], [-0.5989732728537177, -0.712889384107234, -0.3647186507797186, 36.47667281525181], [0.0, 0.0, 0.0, 1.0]]}, {"class": "Ketchup", "pose": [[0.6662794720385647, -0.03485127512912416, -0.744887284694515, 3.7636894255004383], [0.5105445496521958, -0.7067564628155352, 0.4897341273849991, -6.775204140177209], [-0.5435218049864912, -0.70659790190681, -0.4531041848378616, 40.72259194758323], [0.0, 0.0, 0.0, 1.0]]}, {"class": "Cookies", "pose": [[-0.23896824472900657, -0.9683606881503622, -0.0719150109071591, -8.096932700079185], [-0.6974253960860938, 0.22269543887006643, -0.6811787642295238, 4.34633388997792], [0.675641916740855, -0.11262471140811699, -0.7285764369751775, 38.72051202126138], [0.0, 0.0, 0.0, 1.0]]}, {"class": "Corn", "pose": [[0.8623705483957694, -0.10679489255219125, 0.49488574572524113, -16.75273570510142], [-0.39526755857213025, -0.7528275310462945, 0.5263213999789536, -4.437309040702954], [0.31635515963523114, -0.6494963132589484, -0.691428884143311, 46.479627881393036], [0.0, 0.0, 0.0, 1.0]]}, {"class": "SaladDressing", "pose": [[0.9638312443113619, -0.060504748719154545, 0.25955446636366564, -7.344530989267817], [-0.21579703490976446, -0.7486882630422818, 0.6268153435769771, -8.882889960944247], [0.15640005003507024, -0.6601552570760779, -0.7346659177451403, 43.81030887962515], [0.0, 0.0, 0.0, 1.0]]}]}