{"camera": {"camera": "RealSense D415", "extrinsics": [[-0.69895285, -0.6649276, 0.2633176, 0.45838824], [-0.6640942, 0.4668004, -0.5840174, 0.1284996], [0.2654125, -0.5830683, -0.767846, 0.026533714], [0.0, 0.0, 0.0, 1.0]], "height": 480, "intrinsics": [[603.75165, 0.0, 326.28275], [0.0, 603.20245, 245.73769], [0.0, 0.0, 1.0]], "width": 640}, "objects": [{"class": "ChocolatePudding", "pose": [[0.9408731614243953, 0.29471412937982083, -0.1670365530654312, -3.6710939220875147], [0.3240142143093233, -0.6390248914689558, 0.697611632208894, 9.294739846478627], [0.09885551900536717, -0.7104862574257541, -0.6967329285905134, 38.691686363154965], [0.0, 0.0, 0.0, 1.0]]}, {"class": "MacaroniAndCheese", "pose": [[0.27021638174435614, 0.6245250188838523, 0.732769774096841, -3.0777042403451804], [-0.5486053706724817, 0.7253170461705993, -0.41586938116218897, -2.046739703173048], [-0.7912112184628232, -0.2896266873374763, 0.5386103407580322, 42.28282681303271], [0.0, 0.0, 0.0, 1.0]]}, {"class": "Milk", "pose": [[-0.39941973418339255, 0.8660915107718514, 0.3005816110786275, -2.207387015550466], [0.6417079295501935, 0.4982834134798755, -0.5830305184017419, -13.120082876944878], [-0.6547326138037898, -0.03998826165241093, -0.7548019957330964, 53.94039110514929], [0.0, 0.0, 0.0, 1.0]]}, {"class": "Ketchup", "pose": [[0.9562497073838033, 0.29254607746653105, -0.0017954643296980001, -14.984857046279865], [0.18737859287274522, -0.6077510487307921, 0.7717045665824509, -9.718160164294911], [0.22466797594927113, -0.7382786751566603, -0.6359786221271695, 42.2546080191523], [0.0, 0.0, 0.0, 1.0]]}, {"class": "OrangeJuice", "pose": [[-0.9657174525366357, -0.07636878833122947, -0.24810792820825625, 8.862732165242804], [-0.0821935331009583, -0.8166254610123581, 0.5712854732332088, 4.946918960656793], [-0.24623965776817275, 0.5720932049273483, 0.7823524175390252, 45.04066771011799], [0.0, 0.0, 0.0, 1.0]]}]}