{"camera": {"camera": "RealSense D415", "extrinsics": [[-0.98075145, -0.17160462, -0.093158245, 0.55779004], [-0.07417491, 0.76876175, -0.6352192, 0.024654113], [0.18062305, -0.6160822, -0.76669294, 0.3040989], [0.0, 0.0, 0.0, 1.0]], "height": 480, "intrinsics": [[607.1532, 0.0, 326.28275], [0.0, 608.33, 245.73769], [0.0, 0.0, 1.0]], "width": 640}, "objects": [{"class": "CreamCheese", "pose": [[0.5791026720834457, -0.052683269927086225, -0.8135506316240083, 7.36108631772826], [0.5856992960728981, -0.6672650386187382, 0.46012348194433766, 1.8511213031574818], [-0.5670947507179069, -0.742954745923992, -0.3555584208159133, 37.14901063434286], [0.0, 0.0, 0.0, 1.0]]}, {"class": "Ketchup", "pose": [[0.6953487614980715, -0.05768749365729553, -0.7163534846141649, 4.0094138596677205], [0.5026010134960829, -0.6734421323649717, 0.5420957769694986, -9.262876692218086], [-0.513694810379133, -0.7369855898212362, -0.4392833750340257, 40.879141527358776], [0.0, 0.0, 0.0, 1.0]]}, {"class": "Cookies", "pose": [[-0.2785683598277266, -0.9558754033007449, -0.09328421210337655, -7.313098661360984], [-0.7142146805681332, 0.27111546409532733, -0.6452857591866331, 2.462027606887297], [0.6421036255943906, -0.11313123484496541, -0.758224412095051, 39.236392842372034], [0.0, 0.0, 0.0, 1.0]]}, {"class": "Corn", "pose": [[0.8396773975072253, -0.13234283919096798, 0.5267136821752272, -16.452037933468723], [-0.4472815250127265, -0.7186050464300993, 0.5324903195807595, -6.244189758941848], [0.3080278356210066, -0.6827093556026601, -0.6625909670763197, 46.51380700454322], [0.0, 0.0, 0.0, 1.0]]}, {"class": "SaladDressing", "pose": [[0.9511097711107452, -0.085782863336518, 0.29670113854799207, -7.220327816175265], [-0.2659047143964081, -0.7161203238845176, 0.6453419871672958, -10.994098668176767], [0.15711442535770145, -0.6926852733307298, -0.7039191507915852, 43.75397606026756], [0.0, 0.0, 0.0, 1.0]]}]}