{"camera": {"camera": "RealSense D415", "extrinsics": [[-0.9868191, -0.14164345, -0.07826407, 0.56230235], [-0.0620494, 0.77784544, -0.625385, 0.015668752], [0.14945903, -0.61228555, -0.7763816, 0.32546163], [0.0, 0.0, 0.0, 1.0]], "height": 480, "intrinsics": [[607.1532, 0.0, 326.28275], [0.0, 608.33, 245.73769], [0.0, 0.0, 1.0]], "width": 640}, "objects": [{"class": "CreamCheese", "pose": [[0.6045456055254931, -0.038997102755408734, -0.7956154578907211, 7.622959875325996], [0.5834911764006778, -0.6582669557815983, 0.4756286945788925, 1.5745419196317125], [-0.5422754535830472, -0.7517738071354004, -0.37519785849402726, 37.782644123248076], [0.0, 0.0, 0.0, 1.0]]}, {"class": "Ketchup", "pose": [[0.7179052880747495, -0.044269935791964976, -0.6947318116780373, 4.001848461542378], [0.4981518188225601, -0.6644364843459669, 0.5571076348354834, -9.530319739562074], [-0.4862682399944734, -0.7460324037246309, -0.45494923786899916, 41.28094925573555], [0.0, 0.0, 0.0, 1.0]]}, {"class": "Cookies", "pose": [[-0.30831039194236703, -0.9480170986047394, -0.07879341972244774, -7.098829406707741], [-0.7171244378710213, 0.2860426897082338, -0.6355408038756368, 2.373324948593727], [0.6250417574834659, -0.13943909896398138, -0.7680361298494688, 39.42366650483575], [0.0, 0.0, 0.0, 1.0]]}, {"class": "Corn", "pose": [[0.82337938980618, -0.12119653396961715, 0.5543986838136579, -16.579972611396478], [-0.46264392851184205, -0.7091135614075857, 0.5320888511867352, -6.279831240056938], [0.32864423255336045, -0.6946001537472297, -0.6399402726003377, 46.31641629378166], [0.0, 0.0, 0.0, 1.0]]}, {"class": "SaladDressing", "pose": [[0.941964962019749, -0.0743196435553722, 0.3273816136057407, -7.334720550156759], [-0.28124576018302616, -0.7071889776130184, 0.6486790928031878, -11.131388934770815], [0.18331101807386138, -0.703107643369582, -0.6870492487151525, 43.788475681111706], [0.0, 0.0, 0.0, 1.0]]}]}