{"camera": {"camera": "RealSense D415", "extrinsics": [[-0.9902435, -0.11404451, -0.0800729, 0.5726183], [-0.04217072, 0.79294103, -0.60783726, -0.0027832284], [0.13281359, -0.5985302, -0.790014, 0.3361181], [0.0, 0.0, 0.0, 1.0]], "height": 480, "intrinsics": [[607.1532, 0.0, 326.28275], [0.0, 608.33, 245.73769], [0.0, 0.0, 1.0]], "width": 640}, "objects": [{"class": "CreamCheese", "pose": [[0.6263006725899697, -0.041965136716299666, -0.778451319137403, 8.589793238953874], [0.5800263391486338, -0.6421016677804062, 0.5012731929820523, 0.7493570673767044], [-0.5208809186728428, -0.7654699598287684, -0.3778078232761023, 38.091157890556836], [0.0, 0.0, 0.0, 1.0]]}, {"class": "Ketchup", "pose": [[0.7367731720615587, -0.04746855383558518, -0.6744717123646734, 4.6607771636078095], [0.49099061023386226, -0.6482606012694988, 0.581967639460179, -10.336185821912194], [-0.4648586292818323, -0.7599373741708098, -0.45431441126926275, 41.30707269085901], [0.0, 0.0, 0.0, 1.0]]}, {"class": "Cookies", "pose": [[-0.33455362229772134, -0.9388920243374913, -0.08096728904903001, -6.134323078190729], [-0.7220954594060516, 0.31060968068217965, -0.6181421306193615, 1.855607892069822], [0.6055179698924947, -0.14833557068770142, -0.7818852145758816, 39.51898237169323], [0.0, 0.0, 0.0, 1.0]]}, {"class": "Corn", "pose": [[0.8072458014998841, -0.12620764163637804, 0.576563880768143, -15.919499316691322], [-0.48801039359859594, -0.6921609766331924, 0.531750842068816, -6.7113729940991975], [0.33196400026926626, -0.7106227511427294, -0.6203347082421808, 46.08680943897015], [0.0, 0.0, 0.0, 1.0]]}, {"class": "SaladDressing", "pose": [[0.9322494535006467, -0.07916888475885685, 0.3530485881388194, -6.748046812281561], [-0.3065478631708537, -0.6911522064532074, 0.6544745640398973, -11.724203666752366], [0.19219628199187144, -0.7183597958236766, -0.6685953448080645, 43.605124698455064], [0.0, 0.0, 0.0, 1.0]]}]}