{"camera": {"camera": "RealSense D415", "extrinsics": [[-0.99417293, 0.10720515, -0.011279172, 0.56652313], [0.09626456, 0.83585393, -0.5404455, -0.09324078], [-0.048510805, -0.5383821, -0.8413034, 0.44455147], [0.0, 0.0, 0.0, 1.0]], "height": 480, "intrinsics": [[607.1532, 0.0, 326.28275], [0.0, 608.33, 245.73769], [0.0, 0.0, 1.0]], "width": 640}, "objects": [{"class": "CreamCheese", "pose": [[0.7846434997615691, 0.016624269743091325, -0.619724328329569, 8.585641571294506], [0.5118498710336394, -0.581374221743569, 0.6324663336890062, -1.407665679436866], [-0.3497774750449127, -0.8134663955067725, -0.46468064667968695, 40.33043001888194], [0.0, 0.0, 0.0, 1.0]]}, {"class": "Ketchup", "pose": [[0.8697452426501079, 0.00940840218517208, -0.49341131527553744, 2.6766800962756743], [0.4042790571241837, -0.5869783545200734, 0.7014376627547125, -11.967254790938918], [-0.28302236894640964, -0.8095479117608896, -0.5143252660581349, 41.82969227250514], [0.0, 0.0, 0.0, 1.0]]}, {"class": "Cookies", "pose": [[-0.5355890101922736, -0.8443446689305694, -0.01505069419983467, -5.862556510425199], [-0.7002242641491571, 0.45399121142224846, -0.5509790370633325, 1.7679798077238087], [0.4720491158327508, -0.28455946277667776, -0.834383309068436, 39.22276729553686], [0.0, 0.0, 0.0, 1.0]]}, {"class": "Corn", "pose": [[0.6581063887595463, -0.082326273673605, 0.7484105804456515, -17.761282553301562], [-0.6208411930061709, -0.6216992538179398, 0.47754182047648736, -5.645089396166335], [0.4259720727839278, -0.7789174195073942, -0.4602558080701781, 43.19087844032594], [0.0, 0.0, 0.0, 1.0]]}, {"class": "SaladDressing", "pose": [[0.8302090031204031, -0.03496642726418071, 0.5563545553766192, -9.041932989240753], [-0.4516576148290338, -0.6271673069713761, 0.6345600897222635, -11.795290321671256], [0.326739095774463, -0.7780992500205406, -0.536472816157712, 41.9455904743547], [0.0, 0.0, 0.0, 1.0]]}]}