{"camera": {"camera": "RealSense D415", "extrinsics": [[-0.9866917, 0.16253775, 0.004582718, 0.57878137], [0.13527319, 0.8361676, -0.5315308, -0.10493559], [-0.09022574, -0.5238371, -0.8470266, 0.48127216], [0.0, 0.0, 0.0, 1.0]], "height": 480, "intrinsics": [[607.1532, 0.0, 326.28275], [0.0, 608.33, 245.73769], [0.0, 0.0, 1.0]], "width": 640}, "objects": [{"class": "CreamCheese", "pose": [[0.8181900249832152, 0.02965674164901207, -0.5741825875309134, 10.37582622480026], [0.48430235553082845, -0.5737769095713219, 0.6604780952678837, -0.6767412401999893], [-0.30986507380122075, -0.8184745267700245, -0.4838213561654754, 42.02406424266327], [0.0, 0.0, 0.0, 1.0]]}, {"class": "Ketchup", "pose": [[0.8961142463031226, 0.022067399511306998, -0.44327459952309417, 4.0061411005820835], [0.372873349189959, -0.5791336973200948, 0.7249618293060923, -11.01265848645835], [-0.2407172292384424, -0.8149338657607572, -0.5271982830008509, 43.14855207476999], [0.0, 0.0, 0.0, 1.0]]}, {"class": "Cookies", "pose": [[-0.5821067606318684, -0.8131124090776607, 0.00011207836711534083, -3.8779142421962898], [-0.6833703321286342, 0.48914979173937645, -0.5419755513548018, 3.068239642478321], [0.440632209797751, -0.3155642117263346, -0.8403942548478888, 40.33052322371301], [0.0, 0.0, 0.0, 1.0]]}, {"class": "Corn", "pose": [[0.6146301000246132, -0.0721782957070886, 0.7855063442796112, -16.21384369665221], [-0.649983237522455, -0.6105559320546301, 0.4524856601389112, -3.9145899855862973], [0.44693589825770086, -0.788677222018379, -0.4221807218869724, 43.69862804631074], [0.0, 0.0, 0.0, 1.0]]}, {"class": "SaladDressing", "pose": [[0.7972554454801268, -0.025143780877470264, 0.6031182537997308, -7.6911690090815], [-0.48667220465982586, -0.6178672773360132, 0.6175679887004705, -10.386692222438382], [0.35711902546709157, -0.7858802910659365, -0.5048348139526488, 42.761245313859725], [0.0, 0.0, 0.0, 1.0]]}]}