{"camera": {"camera": "RealSense D415", "extrinsics": [[-0.9831311, 0.18276942, 0.0069673825, 0.5873356], [0.14965938, 0.82576, -0.5438037, -0.11420294], [-0.10514407, -0.5335876, -0.83918357, 0.4947918], [0.0, 0.0, 0.0, 1.0]], "height": 480, "intrinsics": [[607.1532, 0.0, 326.28275], [0.0, 608.33, 245.73769], [0.0, 0.0, 1.0]], "width": 640}, "objects": [{"class": "CreamCheese", "pose": [[0.829836825712936, 0.0309851212528919, -0.5571452054232096, 11.478735946130081], [0.4666370924177235, -0.586024296934183, 0.6624388767245496, -0.9372499772726001], [-0.3059748809237694, -0.8097008559600373, -0.5007633468545618, 42.61076419783172], [0.0, 0.0, 0.0, 1.0]]}, {"class": "Ketchup", "pose": [[0.9050521777797759, 0.023265177469756006, -0.4246637516763506, 4.929132425784011], [0.35499779128668557, -0.5912073282967312, 0.7241894649628423, -11.152848932754928], [-0.23421592910973416, -0.806184008805212, -0.543332564779376, 43.79936047329532], [0.0, 0.0, 0.0, 1.0]]}, {"class": "Cookies", "pose": [[-0.59870728475673, -0.8009647740889878, 0.0022433952500751186, -2.689631843644391], [-0.6675198894998031, 0.49740769052736694, -0.5540782476688236, 3.0094601210879564], [0.4426812771432511, -0.33322818814825933, -0.8324615876675401, 40.676106777158424], [0.0, 0.0, 0.0, 1.0]]}, {"class": "Corn", "pose": [[0.5982306312124241, -0.0718069798459251, 0.7981001719703105, -15.17914501817751], [-0.6531279626679467, -0.6207377023206835, 0.4337147533946801, -3.7260718558291828], [0.4642671163117178, -0.7807230518478268, -0.4182434631607897, 43.981230880042446], [0.0, 0.0, 0.0, 1.0]]}, {"class": "SaladDressing", "pose": [[0.7846134810476834, -0.02493665546476575, 0.6194835458241946, -6.7505668706667965], [-0.49407328372755693, -0.628756503150912, 0.6004637941337178, -10.346177993457507], [0.3745307455591133, -0.7772023196659764, -0.5056513704010647, 43.249086609130025], [0.0, 0.0, 0.0, 1.0]]}]}