{"camera": {"camera": "RealSense D415", "extrinsics": [[-0.97811216, 0.20803386, 0.004308625, 0.59909], [0.17542745, 0.8355888, -0.5205925, -0.14939395], [-0.11190111, -0.50844204, -0.8537944, 0.49768448], [0.0, 0.0, 0.0, 1.0]], "height": 480, "intrinsics": [[607.1532, 0.0, 326.28275], [0.0, 608.33, 245.73769], [0.0, 0.0, 1.0]], "width": 640}, "objects": [{"class": "CreamCheese", "pose": [[0.8439225428624084, 0.026997505854338667, -0.5357853800019129, 12.992640928071475], [0.4553298816835623, -0.5641558683091057, 0.6887690373921677, -3.1701506844076146], [-0.2836714403830904, -0.8252267809813516, -0.4883966468727697, 42.66717530360454], [0.0, 0.0, 0.0, 1.0]]}, {"class": "Ketchup", "pose": [[0.9156932237607823, 0.019119213751756927, -0.4014230595289741, 6.195669621779887], [0.34003641453346967, -0.5692515520085328, 0.7485504920169371, -13.25862009974669], [-0.21419901932844446, -0.8219410406551392, -0.5277610412107965, 43.49934280532508], [0.0, 0.0, 0.0, 1.0]]}, {"class": "Cookies", "pose": [[-0.6191127434522431, -0.7853018370554085, -0.0007298698100618909, -1.0571835490129966], [-0.6652350619598959, 0.5249485330971587, -0.5309343478341318, 1.158256902585622], [0.4173268891686581, -0.3282226999912941, -0.847412613548831, 40.68490315825275], [0.0, 0.0, 0.0, 1.0]]}, {"class": "Corn", "pose": [[0.5775015638181645, -0.07690188487595803, 0.8127595837562308, -13.736752231150673], [-0.6794233780977977, -0.5972388576158584, 0.42625057421613133, -5.371620779778821], [0.45263215323480865, -0.7983682033508842, -0.3971553305077584, 43.66289391502421], [0.0, 0.0, 0.0, 1.0]]}, {"class": "SaladDressing", "pose": [[0.768546481372195, -0.030273646026115045, 0.6390773892293541, -5.45503219912672], [-0.5223671025946284, -0.6064446371067538, 0.5994642975382706, -12.164361847394531], [0.3694170993536062, -0.7945491488124111, -0.4818948719804632, 42.84157974034472], [0.0, 0.0, 0.0, 1.0]]}]}