{"camera": {"camera": "RealSense D415", "extrinsics": [[-0.9448433, 0.32725528, 0.01323476, 0.6039983], [0.2821572, 0.8338256, -0.4744704, -0.22498661], [-0.16630843, -0.4445659, -0.88017195, 0.51417434], [0.0, 0.0, 0.0, 1.0]], "height": 480, "intrinsics": [[607.1532, 0.0, 326.28275], [0.0, 608.33, 245.73769], [0.0, 0.0, 1.0]], "width": 640}, "objects": [{"class": "CreamCheese", "pose": [[0.9037391032894353, 0.029301576611611372, -0.4270797700020453, 15.542199362612818], [0.37831374214221325, -0.5215521698383015, 0.7647626951740156, -5.545244815546052], [-0.2003356249984502, -0.8527160676997674, -0.48243228200970456, 41.90625240486604], [0.0, 0.0, 0.0, 1.0]]}, {"class": "Ketchup", "pose": [[0.9583351565883653, 0.02073380972204461, -0.2848928148137132, 7.7206686134728475], [0.25279210360883986, -0.5259553196999298, 0.812075789147091, -14.89676734742765], [-0.1330034629071327, -0.8502594018942303, -0.5092828190967573, 41.70323340654376], [0.0, 0.0, 0.0, 1.0]]}, {"class": "Cookies", "pose": [[-0.7114387890054366, -0.7027158684577838, 0.006733265732040285, 2.179551234015864], [-0.617045939807785, 0.6200627765474744, -0.4845372994862966, 0.32293043460350224], [0.3363170001979588, -0.3488733687577328, -0.8747446538455902, 39.248013108541166], [0.0, 0.0, 0.0, 1.0]]}, {"class": "Corn", "pose": [[0.4719905166178596, -0.07906562685671312, 0.8780510566156611, -11.274956154203974], [-0.7580386951542399, -0.5449019467932718, 0.3584119673173157, -4.987168834367897], [0.4501136668117505, -0.834763696783503, -0.31712334976091616, 40.996802687011325], [0.0, 0.0, 0.0, 1.0]]}, {"class": "SaladDressing", "pose": [[0.683385370239825, -0.033999284370083135, 0.7292657701797188, -3.68267640408092], [-0.6178240768077868, -0.5591135954503633, 0.5528881720435731, -12.55852144116772], [0.3889446083688133, -0.8283936090019383, -0.40309562347852385, 40.3374977210007], [0.0, 0.0, 0.0, 1.0]]}]}