{"camera": {"camera": "RealSense D415", "extrinsics": [[-0.9079529, 0.4190595, 0.003267379, 0.5855784], [0.3619066, 0.7880063, -0.49806592, -0.2592886], [-0.21129395, -0.4510379, -0.867133, 0.549126], [0.0, 0.0, 0.0, 1.0]], "height": 480, "intrinsics": [[607.1532, 0.0, 326.28275], [0.0, 608.33, 245.73769], [0.0, 0.0, 1.0]], "width": 640}, "objects": [{"class": "CreamCheese", "pose": [[0.9416051253444091, 0.013889846913617769, -0.33643260940890446, 15.83948828236953], [0.289093168650455, -0.5456266931691345, 0.7865854006149491, -5.25030944974858], [-0.1726410635130225, -0.8379131950364431, -0.517780328078505, 43.18111396831347], [0.0, 0.0, 0.0, 1.0]]}, {"class": "Ketchup", "pose": [[0.9818521479350112, 0.004866945755186141, -0.18958563508411772, 7.206967161565759], [0.16106471557278698, -0.5491647813047654, 0.8200464263025419, -13.856252861469898], [-0.10012263774449306, -0.8356998826677174, -0.5399824912832074, 42.88810825049272], [0.0, 0.0, 0.0, 1.0]]}, {"class": "Cookies", "pose": [[-0.7773352864418814, -0.6290716377551582, -0.00433216114528752, 3.182420239323358], [-0.5403921702754866, 0.6712492278517618, -0.5073467427046197, 1.728738997835766], [0.3220654010158614, -0.39203743846572153, -0.8617310785168998, 39.841416205400456], [0.0, 0.0, 0.0, 1.0]]}, {"class": "Corn", "pose": [[0.3829715825796199, -0.09676777564506747, 0.9186777482496216, -10.759192658115646], [-0.7848640875001578, -0.5585464812944624, 0.2683544918680217, -2.288921852164541], [0.48715613427974463, -0.823809297667633, -0.2898569807373076, 41.171460311707065], [0.0, 0.0, 0.0, 1.0]]}, {"class": "SaladDressing", "pose": [[0.6085122440353068, -0.05347044812308077, 0.7917409934015422, -3.8734744654862485], [-0.6661511858476908, -0.5766021030996191, 0.4730460370983328, -10.53281797624761], [0.4312255163494214, -0.8152734886048499, -0.38648883580179266, 41.00462930105523], [0.0, 0.0, 0.0, 1.0]]}]}