{"camera": {"camera": "RealSense D415", "extrinsics": [[-0.88557243, 0.46444985, -0.006912494, 0.56653386], [0.40887526, 0.77237344, -0.48606613, -0.30474174], [-0.22041431, -0.4332731, -0.8738947, 0.5581938], [0.0, 0.0, 0.0, 1.0]], "height": 480, "intrinsics": [[607.1532, 0.0, 326.28275], [0.0, 608.33, 245.73769], [0.0, 0.0, 1.0]], "width": 640}, "objects": [{"class": "CreamCheese", "pose": [[0.9573249701150471, 0.000889847596727826, -0.2890123020900861, 15.196010273360727], [0.2447238934788666, -0.5344753758661457, 0.8089785225003471, -7.566754728293695], [-0.15375008135138857, -0.8451835626612195, -0.5118843804186124, 43.710544069982305], [0.0, 0.0, 0.0, 1.0]]}, {"class": "Ketchup", "pose": [[0.9900654996159199, -0.008330418929933343, -0.14035993582451398, 6.158633358783816], [0.11392014547387214, -0.5375947232901759, 0.8354723665444164, -15.733292967449383], [-0.08241658750012032, -0.843162197365867, -0.5313049746264507, 43.16099491427431], [0.0, 0.0, 0.0, 1.0]]}, {"class": "Cookies", "pose": [[-0.8080187425933267, -0.5889646630389401, -0.015044543969769052, 2.9520310931879012], [-0.5057561018578413, 0.7065075973962369, -0.49503307118667794, 0.06977322339430936], [0.3021860579596027, -0.3923871235240127, -0.868743859081722, 40.270997194032034], [0.0, 0.0, 0.0, 1.0]]}, {"class": "Corn", "pose": [[0.3360749536069821, -0.11048354022574212, 0.9353325686039073, -11.189399694456338], [-0.8091405225876831, -0.5421260630202475, 0.22669562813220487, -3.2750060435610626], [0.48202201803106576, -0.8330022138643167, -0.2715916914326028, 41.32530505702208], [0.0, 0.0, 0.0, 1.0]]}, {"class": "SaladDressing", "pose": [[0.5680404715568815, -0.06826727279783514, 0.8201643756785064, -4.7135623064367245], [-0.700925888626226, -0.5623999827730901, 0.43864463902334616, -11.84447559558312], [0.4313153511486506, -0.8240423592542182, -0.3673162384690822, 41.15068220011382], [0.0, 0.0, 0.0, 1.0]]}]}