{"camera": {"camera": "RealSense D415", "extrinsics": [[-0.72149336, -0.64093363, 0.26201403, 0.46863168], [-0.6602552, 0.5228261, -0.53918076, 0.0907505], [0.20859133, -0.5620115, -0.80039537, 0.025760308], [0.0, 0.0, 0.0, 1.0]], "height": 480, "intrinsics": [[603.75165, 0.0, 326.28275], [0.0, 603.20245, 245.73769], [0.0, 0.0, 1.0]], "width": 640}, "objects": [{"class": "ChocolatePudding", "pose": [[0.9472129789000032, 0.2908239145103165, -0.1349404877843416, -3.3993316866982815], [0.2901788759577187, -0.5987194822571124, 0.7465461306292611, 4.540474559830449], [0.13632198462694214, -0.7462951165027591, -0.6515058899946298, 37.443646244057064], [0.0, 0.0, 0.0, 1.0]]}, {"class": "MacaroniAndCheese", "pose": [[0.27030601729550463, 0.6492140849743022, 0.7109540356281973, -3.1798284165052815], [-0.502510358869194, 0.7250135908099127, -0.47099740552778246, -7.025699697021272], [-0.8212295492274494, -0.22994836016577117, 0.5222123976304497, 40.28142373152413], [0.0, 0.0, 0.0, 1.0]]}, {"class": "Milk", "pose": [[-0.3694998877212303, 0.8797992166453598, 0.29903692624056993, -2.8293607111947674], [0.6945485268075385, 0.47527589648338625, -0.540106554093934, -18.86521312910792], [-0.6173104337160616, 0.008126346500638237, -0.786677697678045, 51.189140501299526], [0.0, 0.0, 0.0, 1.0]]}, {"class": "Ketchup", "pose": [[0.9565146047520869, 0.2900265364039854, 0.031053678826575122, -15.286580134896955], [0.14515038215411655, -0.565629002937301, 0.8117851447522922, -14.340499198735357], [0.25300412317991966, -0.7719769494235976, -0.5831299274765323, 39.53843241329298], [0.0, 0.0, 0.0, 1.0]]}, {"class": "OrangeJuice", "pose": [[-0.9627352496845124, -0.10917324380100216, -0.2474307049338548, 8.89015060293295], [-0.0385452235026094, -0.8501700264910875, 0.5250953393862005, -0.5682094990944728], [-0.26768456137555163, 0.5150651212044, 0.8142806061954717, 43.70302942027934], [0.0, 0.0, 0.0, 1.0]]}]}