{"camera": {"camera": "RealSense D415", "extrinsics": [[-0.8051386, 0.59039634, -0.056426704, 0.5010824], [0.55492735, 0.716343, -0.42297557, -0.45025185], [-0.20930238, -0.37186667, -0.90438247, 0.54512066], [0.0, 0.0, 0.0, 1.0]], "height": 480, "intrinsics": [[607.1532, 0.0, 326.28275], [0.0, 608.33, 245.73769], [0.0, 0.0, 1.0]], "width": 640}, "objects": [{"class": "CreamCheese", "pose": [[0.9876692632596881, -0.0570207388179767, -0.14580139564523278, 13.049156341656676], [0.10178609315480196, -0.47372200437866485, 0.8747725602774116, -15.22114972982881], [-0.1189494796847756, -0.8788264999457677, -0.46207675660429887, 43.1792962975248], [0.0, 0.0, 0.0, 1.0]]}, {"class": "Ketchup", "pose": [[0.9977592579326694, -0.06666652876532553, 0.005658830922558263, 2.8801777320663415], [-0.03675542650230406, -0.4754879148378451, 0.8789540715374986, -21.828849993212618], [-0.05590608208401969, -0.8771925305575956, -0.4768728331936419, 41.9148991251307], [0.0, 0.0, 0.0, 1.0]]}, {"class": "Cookies", "pose": [[-0.8847815905156613, -0.4613098495069519, -0.0659904921017377, 2.2345449626026195], [-0.3917256533813253, 0.8129573591668707, -0.4308727457915574, -5.5687903957964195], [0.25241327610201963, -0.35537812600131935, -0.8999965835076214, 40.0268024606177], [0.0, 0.0, 0.0, 1.0]]}, {"class": "Corn", "pose": [[0.19312270485014663, -0.16854758094514868, 0.966589529761357, -12.27812406446307], [-0.8803817551943891, -0.4646800112632016, 0.09487059955451038, -6.729239635034279], [0.4331646372663038, -0.8692894323487095, -0.2381264465509127, 40.588026564144634], [0.0, 0.0, 0.0, 1.0]]}, {"class": "SaladDressing", "pose": [[0.4403758276240563, -0.13024143100195595, 0.8883165456696003, -7.199154686763787], [-0.8066495063667735, -0.4918077013450063, 0.3277830642094521, -16.17472401725049], [0.3941900029084003, -0.8609078186268428, -0.32163938526306557, 39.96379208483922], [0.0, 0.0, 0.0, 1.0]]}]}