{"camera": {"camera": "RealSense D415", "extrinsics": [[-0.8114951, 0.571008, -0.12419932, 0.54060113], [0.5632461, 0.70768964, -0.4265316, -0.45471197], [-0.15565841, -0.4160831, -0.8959047, 0.51926136], [0.0, 0.0, 0.0, 1.0]], "height": 480, "intrinsics": [[607.1532, 0.0, 326.28275], [0.0, 608.33, 245.73769], [0.0, 0.0, 1.0]], "width": 640}, "objects": [{"class": "CreamCheese", "pose": [[0.9780339305665947, -0.12357812575396165, -0.16786300778676697, 16.63775303491477], [0.08975702080288928, -0.47714723521391933, 0.8742277644404945, -15.292571371714281], [-0.18813078880370282, -0.8700912785744223, -0.4555742065664089, 43.04326497098066], [0.0, 0.0, 0.0, 1.0]]}, {"class": "Ketchup", "pose": [[0.990942540460576, -0.1331055174844043, -0.01776835975469278, 6.331611960731204], [-0.04859489908239539, -0.4787933903724582, 0.8765816653872816, -21.787666188006348], [-0.12518521563231638, -0.8677785892735671, -0.4809250110165368, 42.52778943981305], [0.0, 0.0, 0.0, 1.0]]}, {"class": "Cookies", "pose": [[-0.8693456710322961, -0.47582556340348414, -0.1335217186707375, 5.73867221659029], [-0.38024166118851505, 0.8165799120217314, -0.4342965776442428, -5.53024789690153], [0.3156805662957397, -0.3267833574902243, -0.8908188939208719, 40.600079312318385], [0.0, 0.0, 0.0, 1.0]]}, {"class": "Corn", "pose": [[0.21298367408478003, -0.23405789819929404, 0.9486067503193834, -8.711509437930287], [-0.880521409173597, -0.4667668143225342, 0.08252745003002107, -6.519538410539133], [0.42346197544676306, -0.8528455322096494, -0.30550669055939395, 42.17891284678681], [0.0, 0.0, 0.0, 1.0]]}, {"class": "SaladDressing", "pose": [[0.4577252771844418, -0.1955675736149757, 0.8673181692230378, -3.7951159193463146], [-0.8098474577955281, -0.4942976270402371, 0.3159381932891843, -16.02615859033396], [0.36692607416192496, -0.8470082904491713, -0.38463241731070924, 41.25369706517779], [0.0, 0.0, 0.0, 1.0]]}]}