{"camera": {"camera": "RealSense D415", "extrinsics": [[-0.81916, 0.55796295, -0.13286923, 0.54478514], [0.55198866, 0.70395947, -0.4469336, -0.44721872], [-0.15583783, -0.43945244, -0.8846446, 0.5240176], [0.0, 0.0, 0.0, 1.0]], "height": 480, "intrinsics": [[607.1532, 0.0, 326.28275], [0.0, 608.33, 245.73769], [0.0, 0.0, 1.0]], "width": 640}, "objects": [{"class": "CreamCheese", "pose": [[0.9742941720373645, -0.13137809905135125, -0.18300453930808877, 16.63674045602136], [0.09500144934156718, -0.49697209599944153, 0.8625505825714519, -15.100347870204411], [-0.2042684109059164, -0.8577636265032792, -0.47171589799738917, 43.42103848827032], [0.0, 0.0, 0.0, 1.0]]}, {"class": "Ketchup", "pose": [[0.9894694183493159, -0.14085455040987188, -0.033320650713694826, 6.388732811026787], [-0.04183028156424813, -0.49865876373753526, 0.8657884914720425, -21.7030732161499], [-0.13856588933098848, -0.8552773471720052, -0.4992995742015976, 43.195443330474916], [0.0, 0.0, 0.0, 1.0]]}, {"class": "Cookies", "pose": [[-0.860925615582444, -0.4884993028442836, -0.1420405418826758, 5.607993495930513], [-0.3816155443963055, 0.8047606726673417, -0.45467558003102154, -5.497442484651599], [0.33641734924746325, -0.3372369681295109, -0.879257928893276, 40.9284439575277], [0.0, 0.0, 0.0, 1.0]]}, {"class": "Corn", "pose": [[0.22771830446793415, -0.24169519884749174, 0.9432538389256658, -8.807529304117189], [-0.869105121045079, -0.48727625809062247, 0.0849598961148533, -6.5902270382861285], [0.439090794754891, -0.8391335893794384, -0.3210202551339495, 42.738887760073645], [0.0, 0.0, 0.0, 1.0]]}, {"class": "SaladDressing", "pose": [[0.4709130332316112, -0.2028555284018517, 0.8585397775951301, -3.811544932826605], [-0.797336371976689, -0.5143062515186303, 0.31582247647267686, -16.067270008312097], [0.37748603000306674, -0.8332698360940539, -0.4039376046840419, 41.94606054943596], [0.0, 0.0, 0.0, 1.0]]}]}