{"camera": {"camera": "RealSense D415", "extrinsics": [[-0.7797093, 0.6139514, -0.12295188, 0.47989276], [0.5918962, 0.6586642, -0.46456465, -0.45088103], [-0.2042361, -0.43500012, -0.87696207, 0.5464546], [0.0, 0.0, 0.0, 1.0]], "height": 480, "intrinsics": [[607.1532, 0.0, 326.28275], [0.0, 608.33, 245.73769], [0.0, 0.0, 1.0]], "width": 640}, "objects": [{"class": "CreamCheese", "pose": [[0.985426923236459, -0.12536686562179192, -0.11496524945523799, 12.274333152633721], [0.03464060289785682, -0.5137999658358811, 0.8572103430210269, -13.683341569498525], [-0.16653491571032925, -0.8487005683355258, -0.5019695161948817, 43.3197443223196], [0.0, 0.0, 0.0, 1.0]]}, {"class": "Ketchup", "pose": [[0.9902026726010243, -0.135014626596079, 0.03563423068231126, 1.685028392378779], [-0.10084060982812543, -0.5148834008854886, 0.8513085241828547, -19.7096097658245], [-0.09659163170102844, -0.8465613053130703, -0.5234538576269896, 42.85150311459527], [0.0, 0.0, 0.0, 1.0]]}, {"class": "Cookies", "pose": [[-0.8938206100694871, -0.428323815508546, -0.1327535562635574, 1.9155546688605751], [-0.3231238241689615, 0.820464656847334, -0.4716234616334495, -3.558987002002789], [0.3109271563525575, -0.37865091710084603, -0.8717498003749781, 40.117363486462196], [0.0, 0.0, 0.0, 1.0]]}, {"class": "Corn", "pose": [[0.1604894442590776, -0.23560584255276124, 0.9585056629221481, -12.599030235429792], [-0.8671943170692605, -0.49744179444682224, 0.022926535381728213, -3.794787304525343], [0.47139913299843256, -0.8348900824330284, -0.28415019918330287, 41.36252343516868], [0.0, 0.0, 0.0, 1.0]]}, {"class": "SaladDressing", "pose": [[0.4096101797273312, -0.19862510379478324, 0.8903750049409893, -8.12156630194894], [-0.810898248186721, -0.5264069292550518, 0.255616361691267, -13.55418710710214], [0.41792772764102143, -0.8267065478434903, -0.3766863765178216, 41.0320566106782], [0.0, 0.0, 0.0, 1.0]]}]}