{"camera": {"camera": "RealSense D415", "extrinsics": [[-0.7311649, 0.6746391, -0.101291634, 0.41708976], [0.6368008, 0.6216816, -0.45606658, -0.4676266], [-0.24470921, -0.39796248, -0.8841625, 0.5627041], [0.0, 0.0, 0.0, 1.0]], "height": 480, "intrinsics": [[607.1532, 0.0, 326.28275], [0.0, 608.33, 245.73769], [0.0, 0.0, 1.0]], "width": 640}, "objects": [{"class": "CreamCheese", "pose": [[0.9934622706502807, -0.10814920288666593, -0.03655793350830314, 8.578360624965864], [-0.023236513282195982, -0.5050900513472641, 0.8627537899535226, -13.307384559913821], [-0.11177118040241224, -0.856263858403176, -0.5043009364448108, 43.1100674036408], [0.0, 0.0, 0.0, 1.0]]}, {"class": "Ketchup", "pose": [[0.9864089026684203, -0.11794742298950402, 0.11439360969760062, -2.303985879236159], [-0.15880173269699788, -0.5056058306642015, 0.848024027542531, -18.700729054601094], [-0.04218416731669877, -0.854664352018131, -0.5174643638864224, 42.0353985522349], [0.0, 0.0, 0.0, 1.0]]}, {"class": "Cookies", "pose": [[-0.927057914412492, -0.35787221974749595, -0.11176364995466982, -0.9758588819564817], [-0.2702086375931538, 0.8444193427528465, -0.4625400127054569, -2.590097515420947], [0.259905611845128, -0.3986018927302431, -0.8795257986656403, 39.379288171816995], [0.0, 0.0, 0.0, 1.0]]}, {"class": "Corn", "pose": [[0.08303929405328613, -0.21783396220922124, 0.9724468398552144, -15.525904289421199], [-0.8753792523668474, -0.4822895922931163, -0.033285301411595705, -1.9732388237389986], [0.4762516759308131, -0.848495798488752, -0.23073631616020462, 39.82070763822592], [0.0, 0.0, 0.0, 1.0]]}, {"class": "SaladDressing", "pose": [[0.33760813597598716, -0.18312481156479501, 0.9233017197564447, -11.617059157173026], [-0.8337908586770182, -0.5133821542082471, 0.20305557201368118, -11.97870441024193], [0.43682212933773673, -0.8383937450249069, -0.32600978834862215, 39.70088654058416], [0.0, 0.0, 0.0, 1.0]]}]}