{"camera": {"camera": "RealSense D415", "extrinsics": [[-0.6676788, 0.7378421, -0.098965004, 0.39112607], [0.69167036, 0.5656737, -0.44900486, -0.44945464], [-0.27531278, -0.3682422, -0.88803184, 0.57702637], [0.0, 0.0, 0.0, 1.0]], "height": 480, "intrinsics": [[607.1532, 0.0, 326.28275], [0.0, 608.33, 245.73769], [0.0, 0.0, 1.0]], "width": 640}, "objects": [{"class": "CreamCheese", "pose": [[0.992423172803633, -0.11084370953575085, 0.05300867456075402, 9.309120902966272], [-0.1015622711663298, -0.4972642402426657, 0.861634131921726, -9.023614459413826], [-0.06914741565221533, -0.860489333222129, -0.5047541017996743, 43.16094694146575], [0.0, 0.0, 0.0, 1.0]]}, {"class": "Ketchup", "pose": [[0.971760186611724, -0.12071152907188039, 0.2027581512675574, -1.9078285108420523], [-0.2359706875100085, -0.49700390609004624, 0.8350478721656467, -13.547499920745453], [-2.8321232917613753e-05, -0.8593112291732742, -0.5114530003613856, 41.61723629736999], [0.0, 0.0, 0.0, 1.0]]}, {"class": "Cookies", "pose": [[-0.9556995943287353, -0.27297574356912757, -0.110102362657371, 0.7957484681470173], [-0.19580637631175782, 0.8688946864135465, -0.454622792828348, 2.4018389026565226], [0.21976836568158156, -0.41292407925678015, -0.8838526637283085, 39.0325602392564], [0.0, 0.0, 0.0, 1.0]]}, {"class": "Corn", "pose": [[-0.006508085325544078, -0.2186266402395395, 0.9757868816718787, -13.666221687676405], [-0.8779482346401329, -0.465890776709484, -0.1102391868184453, 4.161853448299457], [0.47871133928949, -0.8574077881969674, -0.1889108237737757, 38.85102582235749], [0.0, 0.0, 0.0, 1.0]]}, {"class": "SaladDressing", "pose": [[0.25199532126400354, -0.18693438122908893, 0.9495019202800556, -10.55497018453478], [-0.8566059227212778, -0.499589344485384, 0.12898363026593027, -6.120231720008973], [0.4502495714187997, -0.8458522119137786, -0.2860232857684778, 38.891153533568776], [0.0, 0.0, 0.0, 1.0]]}]}