{"camera": {"camera": "RealSense D415", "extrinsics": [[-0.6611915, 0.7422919, -0.10875878, 0.39588013], [0.70366967, 0.5633469, -0.43300027, -0.45434892], [-0.26014367, -0.36282638, -0.89480853, 0.57507], [0.0, 0.0, 0.0, 1.0]], "height": 480, "intrinsics": [[607.1532, 0.0, 326.28275], [0.0, 608.33, 245.73769], [0.0, 0.0, 1.0]], "width": 640}, "objects": [{"class": "CreamCheese", "pose": [[0.9908222677583168, -0.1210415658249514, 0.06016721203312072, 10.119776694820997], [-0.1116164053745816, -0.4815743271151356, 0.8692686155986734, -8.940923354553277], [-0.07624266581360475, -0.8680063808944475, -0.49066481635659986, 43.72654369586566], [0.0, 0.0, 0.0, 1.0]]}, {"class": "Ketchup", "pose": [[0.968992867003611, -0.13089942653048434, 0.20956641948804555, -1.1560063251691066], [-0.2469152957828882, -0.48122204354348447, 0.8411053216252131, -13.311283772246775], [-0.009252236044102021, -0.8667702432915562, -0.4986218254815737, 42.16924001461403], [0.0, 0.0, 0.0, 1.0]]}, {"class": "Cookies", "pose": [[-0.9566979292391617, -0.26522451207116016, -0.11993727832930864, 1.7155783668236835], [-0.18861661586408388, 0.8786855347290214, -0.4385606957171678, 2.647295860149479], [0.22170422108160828, -0.3969479626300787, -0.8906624145502737, 39.8349263368039], [0.0, 0.0, 0.0, 1.0]]}, {"class": "Corn", "pose": [[-0.0139936131261062, -0.22844203077113662, 0.9734569008003195, -12.72614019438234], [-0.8856715881388981, -0.4490392794061859, -0.11810818796284762, 4.573577199404127], [0.46410128292036773, -0.8638159100878138, -0.19604095501942323, 39.761615883941076], [0.0, 0.0, 0.0, 1.0]]}, {"class": "SaladDressing", "pose": [[0.24458265862735054, -0.19707556596733772, 0.9493895221374411, -9.732155574943974], [-0.8667837416811099, -0.4832820370285685, 0.1229812928570263, -5.742287146637725], [0.4345863128240034, -0.8529945241863492, -0.2890243273294468, 39.61407969096031], [0.0, 0.0, 0.0, 1.0]]}]}