{"camera": {"camera": "RealSense D415", "extrinsics": [[-0.6646082, 0.73169684, -0.1513792, 0.435491], [0.7070679, 0.55037874, -0.4440025, -0.42826632], [-0.24155936, -0.40212306, -0.8831456, 0.576052], [0.0, 0.0, 0.0, 1.0]], "height": 480, "intrinsics": [[607.1532, 0.0, 326.28275], [0.0, 608.33, 245.73769], [0.0, 0.0, 1.0]], "width": 640}, "objects": [{"class": "CreamCheese", "pose": [[0.9854671645839528, -0.16299076857247924, 0.04783771384670433, 13.886606082740405], [-0.12322002414602261, -0.49207183677826993, 0.861790078346375, -6.211859257798941], [-0.11692420065279241, -0.8551603997558624, -0.5050043759125955, 44.58280779812137], [0.0, 0.0, 0.0, 1.0]]}, {"class": "Ketchup", "pose": [[0.9651667828646685, -0.17278252030187974, 0.19646692320046416, 2.5109401168623533], [-0.2573500140806158, -0.49159746608119126, 0.8319272249616523, -10.482459325452108], [-0.04715980490649646, -0.8535092996057977, -0.518939135147246, 43.570516675248825], [0.0, 0.0, 0.0, 1.0]]}, {"class": "Cookies", "pose": [[-0.9481668481123111, -0.2731257277017242, -0.16242516734555124, 5.440556640861171], [-0.17534429201714513, 0.8759603499779417, -0.4493860818501894, 5.411161384272168], [0.26501687789092226, -0.39761268090996227, -0.8784476126168883, 40.89069280735433], [0.0, 0.0, 0.0, 1.0]]}, {"class": "Corn", "pose": [[-0.0030130641351153267, -0.26977937921624906, 0.9629174305065176, -8.970873302462207], [-0.8790465731645799, -0.4583377583264056, -0.1311625996123568, 7.490337517789635], [0.4767263944069244, -0.8468444833887694, -0.2357676049196582, 41.40731042106921], [0.0, 0.0, 0.0, 1.0]]}, {"class": "SaladDressing", "pose": [[0.2542374518211454, -0.2383246580242705, 0.9373177931993864, -6.090120076417599], [-0.8633255972441958, -0.4927623637204173, 0.10887686660057014, -2.8579569746898184], [0.43592691103393705, -0.8368910337437507, -0.3310303967545849, 41.27756513018133], [0.0, 0.0, 0.0, 1.0]]}]}