{"camera": {"camera": "RealSense D415", "extrinsics": [[-0.66024446, 0.73569554, -0.15109383, 0.43610477], [0.7116945, 0.5485866, -0.43879798, -0.42771813], [-0.23993367, -0.3972466, -0.8857917, 0.57656616], [0.0, 0.0, 0.0, 1.0]], "height": 480, "intrinsics": [[607.1532, 0.0, 326.28275], [0.0, 608.33, 245.73769], [0.0, 0.0, 1.0]], "width": 640}, "objects": [{"class": "CreamCheese", "pose": [[0.9851548469821934, -0.16303476281884188, 0.05375495874227244, 14.175367790228583], [-0.12773184428558948, -0.48694573338284464, 0.8640419139473526, -5.939487614885847], [-0.11469312494278419, -0.858081248194082, -0.5005416951688273, 44.732146290115224], [0.0, 0.0, 0.0, 1.0]]}, {"class": "Ketchup", "pose": [[0.9639594702069209, -0.17282870671942535, 0.20226808928095916, 2.7808168727146754], [-0.262101684961589, -0.4864289564960384, 0.8334804001202601, -10.14606450667782], [-0.045660285484745614, -0.856456080543024, -0.5141965095605663, 43.665628605004635], [0.0, 0.0, 0.0, 1.0]]}, {"class": "Cookies", "pose": [[-0.949827199891416, -0.2674426903263669, -0.162181070864372, 5.800195281740084], [-0.171757214715758, 0.8793362579435227, -0.44414772882581033, 5.745368457303224], [0.26139576907648965, -0.3940078395059683, -0.8811526566552964, 41.07391015255072], [0.0, 0.0, 0.0, 1.0]]}, {"class": "Corn", "pose": [[-0.008937726377986314, -0.2696716809015718, 0.9629108492358991, -8.601759730835374], [-0.8813886868622167, -0.4527015228296791, -0.13496412212564057, 7.896476462824836], [0.47230722531428276, -0.8499049501685021, -0.23363944574693832, 41.55930893788433], [0.0, 0.0, 0.0, 1.0]]}, {"class": "SaladDressing", "pose": [[0.24850828414956633, -0.2384241323744344, 0.9388277625953683, -5.774071538335518], [-0.8667954171972156, -0.4873376864325162, 0.10567726562826502, -2.465807735599179], [0.43233015272065756, -0.84003322639566, -0.3277724021539479, 41.38605920729923], [0.0, 0.0, 0.0, 1.0]]}]}