{"camera": {"camera": "RealSense D415", "extrinsics": [[-0.65371925, 0.7409199, -0.153912, 0.43726867], [0.72013766, 0.54661167, -0.42733768, -0.43050134], [-0.2324929, -0.39019668, -0.89089483, 0.57460433], [0.0, 0.0, 0.0, 1.0]], "height": 480, "intrinsics": [[607.1532, 0.0, 326.28275], [0.0, 608.33, 245.73769], [0.0, 0.0, 1.0]], "width": 640}, "objects": [{"class": "CreamCheese", "pose": [[0.9841306054351088, -0.16630531569963322, 0.06188323036062262, 14.62985342259812], [-0.13504104185440755, -0.4756915686783789, 0.8691844014407832, -5.816541623428178], [-0.11511263714185639, -0.863747666216715, -0.4906006649021628, 44.926025889031465], [0.0, 0.0, 0.0, 1.0]]}, {"class": "Ketchup", "pose": [[0.9616817572132847, -0.1760962189808921, 0.21013890712501387, 3.200173267101991], [-0.2699978307664495, -0.4751075742764532, 0.8374807696009194, -9.910728013415826], [-0.04763859325527668, -0.8621269465093627, -0.5044478715012266, 43.79970711298304], [0.0, 0.0, 0.0, 1.0]]}, {"class": "Cookies", "pose": [[-0.9515917617614176, -0.25929010052230717, -0.16505091185093923, 6.361396556949561], [-0.16639787935064837, 0.8860768531262244, -0.4326426138353997, 5.982144249835342], [0.2584277201696754, -0.3842350260556325, -0.886328675338302, 41.39251224687614], [0.0, 0.0, 0.0, 1.0]]}, {"class": "Corn", "pose": [[-0.017187146711016458, -0.2726479264152514, 0.9619603687227924, -8.021739184702358], [-0.8866002743854622, -0.4406100021383184, -0.1407226160931026, 8.253648039438295], [0.46221708288889357, -0.855292868526016, -0.23415687019867354, 41.887357906895275], [0.0, 0.0, 0.0, 1.0]]}, {"class": "SaladDressing", "pose": [[0.2404222538801786, -0.2417158407314078, 0.9400907578327626, -5.2845971615709475], [-0.8738080537372825, -0.4756287557014121, 0.10117730564994602, -2.130360657665359], [0.4226780371115225, -0.8457840721577129, -0.32556495934741847, 41.59892046532844], [0.0, 0.0, 0.0, 1.0]]}]}