{"camera": {"camera": "RealSense D415", "extrinsics": [[-0.9784977, -0.16472968, 0.12412237, 0.62891006], [-0.20569138, 0.8239041, -0.52808434, -0.06598005], [-0.015273752, -0.5422602, -0.84007174, 0.24096483], [0.0, 0.0, 0.0, 1.0]], "height": 480, "intrinsics": [[603.75165, 0.0, 326.28275], [0.0, 603.20245, 245.73769], [0.0, 0.0, 1.0]], "width": 640}, "objects": [{"class": "ChocolatePudding", "pose": [[0.9138397700614775, 0.10767887530289134, 0.3915380645974212, 10.877093750353817], [-0.2550057695492008, -0.5981990890149123, 0.759690655332531, 12.675589945746884], [0.3160203377462591, -0.7940800056367893, -0.5191994039364859, 50.282612571803355], [0.0, 0.0, 0.0, 1.0]]}, {"class": "MacaroniAndCheese", "pose": [[0.15359369015860572, 0.9539181311495976, 0.2577772274052269, 4.761735225369956], [-0.4994273812973401, 0.300041395440194, -0.812740694338609, 2.479283617941784], [-0.8526319321100508, -0.003909183977748119, 0.5224973080277974, 51.000442937187486], [0.0, 0.0, 0.0, 1.0]]}, {"class": "Milk", "pose": [[0.1607044582134812, 0.9752244950403138, 0.1520236262719751, -3.0795704603331586], [0.8340859616456856, -0.05183516893813586, -0.5491936891916809, -8.689565789022161], [-0.5277069847158575, 0.21505863144486992, -0.8217512114944175, 59.54713323111543], [0.0, 0.0, 0.0, 1.0]]}, {"class": "Ketchup", "pose": [[0.8255856487164617, 0.1287353302229225, 0.5493955523546018, -8.90694296947493], [-0.3930035221127738, -0.5674774919317015, 0.7235451002937422, 2.5857047237706903], [0.40491542036196965, -0.8132628453926759, -0.41790785698079785, 47.28726593368996], [0.0, 0.0, 0.0, 1.0]]}, {"class": "OrangeJuice", "pose": [[-0.7751833874820787, -0.6199059385803908, -0.12168510445316716, 17.411865386930263], [0.4882014791749677, -0.7100860646985514, 0.5073825783898374, 1.4390285389117823], [-0.4009363649931932, 0.3339077199396385, 0.8530859253675107, 57.16348115345682], [0.0, 0.0, 0.0, 1.0]]}]}