{"camera": {"camera": "RealSense D415", "extrinsics": [[-0.79416937, -0.5596752, 0.2367671, 0.4723354], [-0.5730611, 0.5600715, -0.59826493, 0.04925555], [0.20222752, -0.6108057, -0.76551974, 0.036545902], [0.0, 0.0, 0.0, 1.0]], "height": 480, "intrinsics": [[603.75165, 0.0, 326.28275], [0.0, 603.20245, 245.73769], [0.0, 0.0, 1.0]], "width": 640}, "objects": [{"class": "ChocolatePudding", "pose": [[0.9659472246944413, 0.2570021657149775, -0.02992972885192065, -4.602559161687064], [0.1975761299450725, -0.6579683149148241, 0.7266645602735979, 7.112478039429293], [0.1670615858596708, -0.7078330472451485, -0.6863401800379062, 36.37871160698693], [0.0, 0.0, 0.0, 1.0]]}, {"class": "MacaroniAndCheese", "pose": [[0.2496701667756043, 0.7299503110083387, 0.6362682563410681, -5.703525056608366], [-0.5635994145971144, 0.643855465798268, -0.5174996161747684, -4.277552701297486], [-0.7874138344614482, -0.22939618394387543, 0.5721511016047014, 39.68516473959258], [0.0, 0.0, 0.0, 1.0]]}, {"class": "Milk", "pose": [[-0.26982155136704117, 0.9234280377936063, 0.272904621032267, -7.030598810028882], [0.7005013982761711, 0.3827013355082682, -0.6023599360240225, -15.593123819137954], [-0.6606770409260483, 0.028640405388752413, -0.7501237322929701, 51.06373771767221], [0.0, 0.0, 0.0, 1.0]]}, {"class": "Ketchup", "pose": [[0.9553561878197511, 0.2606970855883106, 0.13903786069450536, -18.465629914810407], [0.057699224947975386, -0.6261468231068061, 0.7775673405353415, -10.341733216551027], [0.2897676905419579, -0.7348314259783142, -0.6132352728679455, 38.6921038323152], [0.0, 0.0, 0.0, 1.0]]}, {"class": "OrangeJuice", "pose": [[-0.9498459474886345, -0.21789865938787034, -0.2243051337411129, 6.8240014484840295], [0.04822285101105287, -0.8107560016461502, 0.5833946144323414, 1.057751294731607], [-0.3089776732043193, 0.5433183831217556, 0.7806010318978398, 43.38470279460058], [0.0, 0.0, 0.0, 1.0]]}]}