{"camera": {"camera": "RealSense D415", "extrinsics": [[-0.57983327, 0.8108805, -0.07915977, 0.3465813], [0.7703653, 0.51403606, -0.37723234, -0.46180865], [-0.26519936, -0.27971378, -0.9227294, 0.589721], [0.0, 0.0, 0.0, 1.0]], "height": 480, "intrinsics": [[607.1532, 0.0, 326.28275], [0.0, 608.33, 245.73769], [0.0, 0.0, 1.0]], "width": 640}, "objects": [{"class": "CreamCheese", "pose": [[0.9810366156192389, -0.09734690499302713, 0.16760306832798547, 9.400853794305498], [-0.1932660450735179, -0.42582100875040196, 0.8839257505392539, -6.63210054586052], [-0.014678520467799815, -0.8995554806588365, -0.4365598340783433, 45.2588551351503], [0.0, 0.0, 0.0, 1.0]]}, {"class": "Ketchup", "pose": [[0.9432415839344904, -0.10720503465332158, 0.31432856136860876, -2.056244093621679], [-0.32930175683469615, -0.4246761657403179, 0.8433329919644055, -9.925397014331], [0.04307831092938143, -0.8989756664367233, -0.43587500588942224, 42.69806359275751], [0.0, 0.0, 0.0, 1.0]]}, {"class": "Cookies", "pose": [[-0.9826126239469256, -0.1618194082772381, -0.09103274122681579, 2.2928594664344217], [-0.11560828904142026, 0.9169029188703167, -0.38199972383492686, 5.819535539408799], [0.14528314217823401, -0.3648335980017581, -0.9196680188224957, 41.45159222036515], [0.0, 0.0, 0.0, 1.0]]}, {"class": "Corn", "pose": [[-0.12114693389621227, -0.20169345733175767, 0.971927579240056, -11.895430113105476], [-0.9029419331613296, -0.3843365135966419, -0.19230532440161674, 8.992876719854786], [0.41233396562254404, -0.9008913401392605, -0.1355562781027036, 40.50209631148371], [0.0, 0.0, 0.0, 1.0]]}, {"class": "SaladDressing", "pose": [[0.13956203597533604, -0.17414787928945605, 0.9747794642193338, -9.76596710210127], [-0.905127404200043, -0.4216639530031682, 0.054257912250534585, -1.5239566601925159], [0.40158044692844796, -0.8898719234924439, -0.21647428230991086, 39.987920763919085], [0.0, 0.0, 0.0, 1.0]]}]}