{"camera": {"camera": "RealSense D415", "extrinsics": [[-0.5514021, 0.831862, 0.06293919, 0.28674093], [0.8028997, 0.54965985, -0.23070776, -0.5206502], [-0.22651218, -0.076678894, -0.97098535, 0.54459256], [0.0, 0.0, 0.0, 1.0]], "height": 480, "intrinsics": [[607.1532, 0.0, 326.28275], [0.0, 608.33, 245.73769], [0.0, 0.0, 1.0]], "width": 640}, "objects": [{"class": "CreamCheese", "pose": [[0.9766834793234285, 0.04261407021510826, 0.21041245984525905, 4.842297684210783], [-0.19025582117652104, -0.2822536541870334, 0.9402848361655526, -10.83797336908438], [0.09945904861305878, -0.9583928404337545, -0.26756492980125507, 43.39291470331098], [0.0, 0.0, 0.0, 1.0]]}, {"class": "Ketchup", "pose": [[0.9337915829524539, 0.03275387783525519, 0.35631509105797216, -6.05298593669853], [-0.3334960335635864, -0.2811960619820826, 0.8998384000694173, -13.680182412754627], [0.12966760016802, -0.9590911732967793, -0.2516552510402232, 38.71496889511341], [0.0, 0.0, 0.0, 1.0]]}, {"class": "Cookies", "pose": [[-0.9906579404091983, -0.12653468225477757, 0.050850765113573095, -1.899688632447183], [-0.13502723046073914, 0.9623578954526161, -0.23587052382711826, 2.0622524893819327], [-0.01909082436176923, -0.2405332682376494, -0.9704530992795827, 40.53077229270515], [0.0, 0.0, 0.0, 1.0]]}, {"class": "Corn", "pose": [[-0.16055528952487377, -0.06128849828869808, 0.9851221751665366, -15.865021925356364], [-0.9554221838167792, -0.24089278706181114, -0.17070176252380787, 5.3662346772036855], [0.24777090517546022, -0.9686146310624092, -0.019879779817956668, 38.01435586384043], [0.0, 0.0, 0.0, 1.0]]}, {"class": "SaladDressing", "pose": [[0.09895867766011994, -0.0348500627404792, 0.9944810879370679, -13.464097667568115], [-0.9563388831068039, -0.27951424961610355, 0.08536803169772399, -4.949743862577838], [0.27499657623338647, -0.9595088198577975, -0.06098883734141839, 36.22022198710682], [0.0, 0.0, 0.0, 1.0]]}]}