{"camera": {"camera": "RealSense D415", "extrinsics": [[-0.5466081, 0.83682686, 0.030666662, 0.30783626], [0.8136846, 0.53943074, -0.2166376, -0.5298768], [-0.19783069, -0.09346287, -0.9757703, 0.5306291], [0.0, 0.0, 0.0, 1.0]], "height": 480, "intrinsics": [[607.1532, 0.0, 326.28275], [0.0, 608.33, 245.73769], [0.0, 0.0, 1.0]], "width": 640}, "objects": [{"class": "CreamCheese", "pose": [[0.9764543502848362, 0.01000588342700213, 0.21549202175084714, 7.21241360707427], [-0.20499377895578738, -0.26808980074835886, 0.9413317368232259, -11.276317674507098], [0.06719005647300164, -0.963341930554672, -0.2597262979691086, 43.3341857353163], [0.0, 0.0, 0.0, 1.0]]}, {"class": "Ketchup", "pose": [[0.9324793818955598, 0.0001450327853320556, 0.36122321165280624, -3.8565231674822673], [-0.34808473862839195, -0.2668879239033399, 0.8986700619443536, -13.898409108530185], [0.09653643649343825, -0.963727528193857, -0.24881699407574884, 38.944218152359134], [0.0, 0.0, 0.0, 1.0]]}, {"class": "Cookies", "pose": [[-0.9925822809816851, -0.1201546681073786, 0.018528317376479978, 0.5695154497414867], [-0.12126278697071252, 0.967558563065881, -0.22164339142072909, 1.7565476786434608], [0.008704265091994772, -0.22224608748151048, -0.9749517121779693, 40.8687441069293], [0.0, 0.0, 0.0, 1.0]]}, {"class": "Corn", "pose": [[-0.1664655200883059, -0.09356539660386083, 0.9815980717746419, -13.417043499232317], [-0.9568392450955164, -0.22517098765956514, -0.1837300051378586, 5.287906589366653], [0.23821816871965418, -0.9698162048745207, -0.05204384271958544, 38.82304913170117], [0.0, 0.0, 0.0, 1.0]]}, {"class": "SaladDressing", "pose": [[0.09370749193389183, -0.06741098389080757, 0.9933150016676165, -11.215683894605549], [-0.9616945864545017, -0.2642826486610433, 0.07278896501056487, -5.031006104569164], [0.257609130857206, -0.9620864676860722, -0.08959404614547542, 36.80393279137856], [0.0, 0.0, 0.0, 1.0]]}]}