{"camera": {"camera": "RealSense D415", "extrinsics": [[-0.53391045, 0.84544235, -0.012918295, 0.33281022], [0.8310212, 0.5218615, -0.19252104, -0.543824], [-0.15602387, -0.11352436, -0.9812078, 0.5150232], [0.0, 0.0, 0.0, 1.0]], "height": 480, "intrinsics": [[607.1532, 0.0, 326.28275], [0.0, 608.33, 245.73769], [0.0, 0.0, 1.0]], "width": 640}, "objects": [{"class": "CreamCheese", "pose": [[0.9730403011985239, -0.034326218355967775, 0.2280663774607601, 10.372147066585535], [-0.2294602371465391, -0.24377301848321054, 0.9422965333825808, -11.897053905791122], [0.023250944904232716, -0.9692246222386802, -0.24507745934522177, 43.739153343706214], [0.0, 0.0, 0.0, 1.0]]}, {"class": "Ketchup", "pose": [[0.926768507047387, -0.04416231017501452, 0.373027900104498, -0.9211462747490018], [-0.37217830787153233, -0.24233096389831582, 0.8959682209110913, -14.146984113796474], [0.05082817470730332, -0.9691879775637744, -0.2410209465451584, 39.73067797448451], [0.0, 0.0, 0.0, 1.0]]}, {"class": "Cookies", "pose": [[-0.994142738325578, -0.10511182563536801, -0.02513383172796673, 3.9579484171149204], [-0.09814567858904938, 0.9754260271343792, -0.19726006478688565, 1.3461800648084332], [0.04525056246818458, -0.19363787016657522, -0.980028926973804, 41.858490384756635], [0.0, 0.0, 0.0, 1.0]]}, {"class": "Corn", "pose": [[-0.18031430153913064, -0.13699265504831565, 0.9740224610728837, -10.0076530518243], [-0.9583993654405669, -0.19828820822158535, -0.20531070259482842, 5.255066285923837], [0.2212632134336297, -0.9705229182218694, -0.09553947591906987, 40.4578560816188], [0.0, 0.0, 0.0, 1.0]]}, {"class": "SaladDressing", "pose": [[0.08022273551770769, -0.11151823265061872, 0.9905190488040845, -8.139819672120845], [-0.9698410298222199, -0.23818533487078875, 0.05173166266859987, -5.05817662073727], [0.23015807233608732, -0.96479602409667, -0.12726283627813578, 38.101801002056945], [0.0, 0.0, 0.0, 1.0]]}]}