{"camera": {"camera": "RealSense D415", "extrinsics": [[-0.5244026, 0.8491907, -0.062266417, 0.38740864], [0.84877175, 0.51552325, -0.11756852, -0.56957024], [-0.06773831, -0.11450321, -0.99111074, 0.5086249], [0.0, 0.0, 0.0, 1.0]], "height": 480, "intrinsics": [[607.1532, 0.0, 326.28275], [0.0, 608.33, 245.73769], [0.0, 0.0, 1.0]], "width": 640}, "objects": [{"class": "CreamCheese", "pose": [[0.9684442787506718, -0.08408192736821475, 0.23461865972981702, 16.322427667920216], [-0.2459105894251873, -0.16923495548064615, 0.9544043202476323, -13.649659799577213], [-0.0405424860904165, -0.9819825271548371, -0.18457125342675532, 47.40216230114371], [0.0, 0.0, 0.0, 1.0]]}, {"class": "Ketchup", "pose": [[0.9207511866358089, -0.09387590944859499, 0.3786879625525823, 4.8134796668552475], [-0.3895558151913541, -0.16764452731456644, 0.9056167367973047, -15.411373763252257], [-0.02153064021775614, -0.9813676936044791, -0.19092879795503082, 43.78152426547432], [0.0, 0.0, 0.0, 1.0]]}, {"class": "Cookies", "pose": [[-0.9926755531901542, -0.09510259863971395, -0.07450334810511804, 10.085262128209965], [-0.0855617130022004, 0.9888119264053326, -0.1221894517625318, -0.20243998670119723], [0.08529034165056633, -0.11491984157622409, -0.9897064777198035, 46.82585486421026], [0.0, 0.0, 0.0, 1.0]]}, {"class": "Corn", "pose": [[-0.18834658090813722, -0.18579789075435682, 0.9643675213836913, -3.852083555443664], [-0.9694135252767988, -0.12216529485812105, -0.21286886197366137, 4.021365263261478], [0.1573628226624324, -0.9749639509319026, -0.15710557225726016, 46.39104943647692], [0.0, 0.0, 0.0, 1.0]]}, {"class": "SaladDressing", "pose": [[0.07205184699238851, -0.16086177295684395, 0.9843434504249241, -2.2958490113371477], [-0.9856109663723567, -0.1627787856669411, 0.045543216384776763, -6.11249256853551], [0.15290406001425727, -0.9734610825852762, -0.17027563986188513, 43.18389527414535], [0.0, 0.0, 0.0, 1.0]]}]}