{"camera": {"camera": "RealSense D415", "extrinsics": [[-0.4971914, 0.86606634, -0.052247476, 0.373773], [0.86738694, 0.4946871, -0.05407885, -0.5881825], [-0.02098972, -0.07220632, -0.99716884, 0.4838107], [0.0, 0.0, 0.0, 1.0]], "height": 480, "intrinsics": [[607.1532, 0.0, 326.28275], [0.0, 608.33, 245.73769], [0.0, 0.0, 1.0]], "width": 640}, "objects": [{"class": "CreamCheese", "pose": [[0.9609255777890288, -0.07575773535064231, 0.266238159976122, 16.34489027977585], [-0.2732312777835484, -0.10549990780831693, 0.9561456092349216, -14.697086912461083], [-0.044347343920011696, -0.9915293800193513, -0.12207694282898877, 47.35713853471329], [0.0, 0.0, 0.0, 1.0]]}, {"class": "Ketchup", "pose": [[0.9086006381951585, -0.08550593595401756, 0.4088197323149709, 4.83810219433376], [-0.41620786210396876, -0.10364368387532094, 0.9033432293882591, -15.86932092030926], [-0.03486964435484733, -0.9909322366827186, -0.12975896319846641, 43.49861166362432], [0.0, 0.0, 0.0, 1.0]]}, {"class": "Cookies", "pose": [[-0.995905511512032, -0.06319863292270485, -0.06463824934793606, 10.53086030990354], [-0.05944790679434754, 0.9965221591724759, -0.05839109882516209, -1.0507000728160798], [0.06810370340069258, -0.05430940157035809, -0.9961989524231444, 47.54487679754021], [0.0, 0.0, 0.0, 1.0]]}, {"class": "Corn", "pose": [[-0.22007877248944605, -0.17607146507089247, 0.959460333431995, -3.263357465651906], [-0.9708905702733733, -0.055782445462370336, -0.2329373458647077, 3.6275724468264103], [0.09453466226475891, -0.9827955685783074, -0.15866961378323097, 47.20946228388126], [0.0, 0.0, 0.0, 1.0]]}, {"class": "SaladDressing", "pose": [[0.039738271579807416, -0.15241348215048578, 0.9875175738044975, -1.9743215135307912], [-0.9949523411795578, -0.09717432220271252, 0.025039521796042005, -6.332580934286458], [0.0921449842662314, -0.9835279631848319, -0.15550570996868063, 43.396786132475164], [0.0, 0.0, 0.0, 1.0]]}]}