{"camera": {"camera": "RealSense D415", "extrinsics": [[-0.49019462, 0.8655975, -0.102226466, 0.39942026], [0.871379, 0.48396334, -0.08048657, -0.5496723], [-0.020195112, -0.12853208, -0.9914997, 0.48664695], [0.0, 0.0, 0.0, 1.0]], "height": 480, "intrinsics": [[607.1532, 0.0, 326.28275], [0.0, 608.33, 245.73769], [0.0, 0.0, 1.0]], "width": 640}, "objects": [{"class": "CreamCheese", "pose": [[0.9551633427161972, -0.1258654907813819, 0.26799417604668735, 19.26227239537076], [-0.2838225624255003, -0.13150135726094406, 0.9498169015636663, -10.68394514789976], [-0.08430758880925658, -0.983293051703328, -0.16132873686516308, 47.47045079567033], [0.0, 0.0, 0.0, 1.0]]}, {"class": "Ketchup", "pose": [[0.9021553226736811, -0.13555573254778985, 0.40956126352273287, 7.568264420567022], [-0.4259661850312115, -0.12953333043534165, 0.8954182966164664, -11.846132833919942], [-0.06832726520950128, -0.9822656023934377, -0.1746013390012501, 44.21959874887256], [0.0, 0.0, 0.0, 1.0]]}, {"class": "Cookies", "pose": [[-0.9917584679025327, -0.05730856265147642, -0.11459005813683144, 13.58151915665467], [-0.047730823381101344, 0.9952670210780609, -0.08464824660331108, 3.0193791306555418], [0.11889878915052032, -0.07848112858294244, -0.9897998518853548, 47.57051031939097], [0.0, 0.0, 0.0, 1.0]]}, {"class": "Corn", "pose": [[-0.22338901756237028, -0.22519260892091725, 0.9483594503948751, -0.17185838731318404], [-0.9657566793910238, -0.08057610668969123, -0.24662020931303416, 7.823110342338014], [0.1319521553122527, -0.9709766895153714, -0.19948146160383864, 47.78951280836939], [0.0, 0.0, 0.0, 1.0]]}, {"class": "SaladDressing", "pose": [[0.03577283902335927, -0.2019546506737424, 0.9787413521931198, 0.8408949632732865], [-0.9924433206363297, -0.12220467123413241, 0.01105775981582169, -2.2487017599940207], [0.1173735895142424, -0.9717408552714888, -0.20480016376497734, 44.19288931581412], [0.0, 0.0, 0.0, 1.0]]}]}