{"camera": {"camera": "RealSense D415", "extrinsics": [[-0.4097017, 0.90881956, 0.07868651, 0.22637944], [0.90303135, 0.41627535, -0.10606234, -0.5317044], [-0.12914678, 0.027602468, -0.9912413, 0.5288663], [0.0, 0.0, 0.0, 1.0]], "height": 480, "intrinsics": [[607.1532, 0.0, 326.28275], [0.0, 608.33, 245.73769], [0.0, 0.0, 1.0]], "width": 640}, "objects": [{"class": "CreamCheese", "pose": [[0.9295624490580802, 0.050099530520454565, 0.3652447070273598, 5.993236569923477], [-0.35404125649885787, -0.15495376481041592, 0.9223037288211404, -7.586743126030893], [0.10280301078377135, -0.9866506119134861, -0.12630190055129045, 46.95635974762993], [0.0, 0.0, 0.0, 1.0]]}, {"class": "Ketchup", "pose": [[0.8637883866036069, 0.04056718117579543, 0.5022190086495275, -4.943032433005118], [-0.49141786976486057, -0.15226476608109626, 0.8575103305591286, -8.017920950468326], [0.11125702152370254, -0.9875068641317416, -0.11158910140645381, 41.58228780502981], [0.0, 0.0, 0.0, 1.0]]}, {"class": "Cookies", "pose": [[-0.9972219007272767, 0.0346442131024874, 0.06594137454674152, 1.45874878733874], [0.027294185199983126, 0.9936372931750093, -0.10927033355719407, 6.4833145771165945], [-0.06930737904252711, -0.10716694850720188, -0.9918224596449922, 45.71782478452937], [0.0, 0.0, 0.0, 1.0]]}, {"class": "Corn", "pose": [[-0.31729462447299883, -0.0455896500821695, 0.9472305478365078, -11.68554342315905], [-0.9423644411001921, -0.09667465823949602, -0.3203175289205856, 12.26263707997175], [0.1061763528557896, -0.9942714180979663, -0.01228773152514535, 43.24675189382003], [0.0, 0.0, 0.0, 1.0]]}, {"class": "SaladDressing", "pose": [[-0.06277725176121467, -0.025870848716662127, 0.9976921977828215, -10.793078260212619], [-0.9879830148883498, -0.13986025366617386, -0.0657930122896965, 2.0296370319928148], [0.14123960032889468, -0.9898332527686271, -0.016779931786111476, 40.101598370401206], [0.0, 0.0, 0.0, 1.0]]}]}