{"camera": {"camera": "RealSense D415", "extrinsics": [[-0.36812273, 0.92624223, 0.08100001, 0.19152527], [0.91952693, 0.37558052, -0.115799524, -0.53627276], [-0.13768044, 0.031853247, -0.98996437, 0.5406478], [0.0, 0.0, 0.0, 1.0]], "height": 480, "intrinsics": [[607.1532, 0.0, 326.28275], [0.0, 608.33, 245.73769], [0.0, 0.0, 1.0]], "width": 640}, "objects": [{"class": "CreamCheese", "pose": [[0.9121029175093851, 0.050230859672574305, 0.4068723427530641, 4.598323000018417], [-0.394399013200441, -0.16333975418085983, 0.9043061543497513, -7.386795130966206], [0.11188248819131365, -0.985290277483881, -0.12917167556526948, 47.73382732195691], [0.0, 0.0, 0.0, 1.0]]}, {"class": "Ketchup", "pose": [[0.8402144247430089, 0.04083417890282996, 0.5407145873536702, -6.307416989618317], [-0.5286550633296999, -0.16023468129864307, 0.8335758805466804, -7.365162387407626], [0.12067960275505456, -0.9862339285100641, -0.11304430799898121, 42.28103873093125], [0.0, 0.0, 0.0, 1.0]]}, {"class": "Cookies", "pose": [[-0.9944920110988991, 0.07964948043479568, 0.06812910403695538, 0.7042330820098835], [0.07120818857581673, 0.9904045976468658, -0.11844072164539274, 6.8629307140264935], [-0.07690910058753103, -0.11293700880187275, -0.9906211011916632, 46.3760879661221], [0.0, 0.0, 0.0, 1.0]]}, {"class": "Corn", "pose": [[-0.35972036342515157, -0.042709503797647264, 0.9320821493369453, -12.151425199878233], [-0.926609540527269, -0.10090935390358452, -0.362232162297587, 13.205632423539559], [0.10952657469199126, -0.993978441309453, -0.00327589449627445, 43.77198148608979], [0.0, 0.0, 0.0, 1.0]]}, {"class": "SaladDressing", "pose": [[-0.10774664616173829, -0.02496677560527267, 0.9938648273516466, -11.693205311007729], [-0.9832858673397631, -0.14490052979284823, -0.11023981703460772, 2.9231368302933602], [0.14676387875074645, -0.9891311534546253, -0.008936945565516686, 40.69576718799478], [0.0, 0.0, 0.0, 1.0]]}]}