{"camera": {"camera": "RealSense D415", "extrinsics": [[-0.3329451, 0.93970007, 0.07817541, 0.16710208], [0.93462795, 0.33985972, -0.10471846, -0.5508706], [-0.12497262, 0.03819943, -0.99142456, 0.53729165], [0.0, 0.0, 0.0, 1.0]], "height": 480, "intrinsics": [[607.1532, 0.0, 326.28275], [0.0, 608.33, 245.73769], [0.0, 0.0, 1.0]], "width": 640}, "objects": [{"class": "CreamCheese", "pose": [[0.8963912575651919, 0.045627026509907284, 0.4409091758082818, 3.9212083793738692], [-0.4300951274759162, -0.1511248694152479, 0.8900446582841662, -8.244990378716377], [0.10724242282724336, -0.98746109675581, -0.11584305118192423, 48.04147461103339], [0.0, 0.0, 0.0, 1.0]]}, {"class": "Ketchup", "pose": [[0.8194745416366879, 0.03635572448154929, 0.5719613189772023, -6.9671123535906485], [-0.5616531571399499, -0.1476542329717759, 0.8140909022552216, -7.734352383219423], [0.11404936508567672, -0.9883706074962728, -0.10057958007559738, 42.57775213749641], [0.0, 0.0, 0.0, 1.0]]}, {"class": "Cookies", "pose": [[-0.9909716473064278, 0.11714178839520469, 0.06521509906254254, 0.5697121241513142], [0.10978102207626399, 0.9881946187855867, -0.1068623468279528, 6.159398827404273], [-0.07696324593176325, -0.09873817543302978, -0.9921327526369565, 46.882545450516], [0.0, 0.0, 0.0, 1.0]]}, {"class": "Corn", "pose": [[-0.394600505875589, -0.044877588992481794, 0.9177562074256598, -12.033262638483983], [-0.9138310741856591, -0.08511372091339758, -0.39707488077116937, 13.01915509344298], [0.0959334107900803, -0.9953600469317969, -0.007424623444593527, 44.35510325765416], [0.0, 0.0, 0.0, 1.0]]}, {"class": "SaladDressing", "pose": [[-0.1450050789533551, -0.02881507574122519, 0.9890112395656276, -11.95833297751625], [-0.9805009740915549, -0.12980762579780722, -0.1475393461579923, 2.7713684647285852], [0.13263255687362022, -0.9911203957187237, -0.00943045145839535, 41.133298381416424], [0.0, 0.0, 0.0, 1.0]]}]}