{"camera": {"camera": "RealSense D415", "extrinsics": [[-0.26207644, 0.95921355, 0.10594976, 0.11088225], [0.9630178, 0.2670605, -0.035712946, -0.602919], [-0.062551335, 0.09267198, -0.99372995, 0.49941808], [0.0, 0.0, 0.0, 1.0]], "height": 480, "intrinsics": [[607.1532, 0.0, 326.28275], [0.0, 608.33, 245.73769], [0.0, 0.0, 1.0]], "width": 640}, "objects": [{"class": "CreamCheese", "pose": [[0.8597118229873876, 0.070114020574226, 0.5059442723671398, 1.8184933056537762], [-0.5007326097579402, -0.07980474648281402, 0.861915376485275, -12.352462191336238], [0.10080908286483392, -0.9943415745217602, -0.03350070718744807, 47.49840247323645], [0.0, 0.0, 0.0, 1.0]]}, {"class": "Ketchup", "pose": [[0.773586227695847, 0.061146566293066286, 0.6307340540642862, -8.805720724129754], [-0.6265106220615478, -0.07561312445165455, 0.7757365249314019, -10.647180402374513], [0.09512537421516887, -0.9952606153891264, -0.020184301528697258, 41.7637159028237], [0.0, 0.0, 0.0, 1.0]]}, {"class": "Cookies", "pose": [[-0.9774885058246168, 0.18943319361753191, 0.09290472185585855, -0.4736237125669576], [0.1867498309404355, 0.9817160553207857, -0.03685305451453685, 2.3031522783616976], [-0.09818722551820265, -0.01867349063402719, -0.994992715996001, 47.35266358600442], [0.0, 0.0, 0.0, 1.0]]}, {"class": "Corn", "pose": [[-0.4607329216538475, -0.015211518007221843, 0.887408466170297, -12.46768976900558], [-0.8874403027050094, -0.007003284463767815, -0.46086952969305484, 10.227843831971683], [0.013225299040422593, -0.9998597395377037, -0.01027268754548576, 44.98183362398586], [0.0, 0.0, 0.0, 1.0]]}, {"class": "SaladDressing", "pose": [[-0.21788046809619996, -0.0024764762334208916, 0.9759723202499858, -12.995069284975852], [-0.9745783966906538, -0.05293522207756817, -0.217703631631195, 0.27111701875686123], [0.05220244232407755, -0.9985948456580316, 0.009120012781524613, 40.98330445398307], [0.0, 0.0, 0.0, 1.0]]}]}