{"camera": {"camera": "RealSense D415", "extrinsics": [[-0.25969493, 0.9618654, 0.08586865, 0.13031374], [0.96506214, 0.26170564, -0.012855437, -0.60863954], [-0.03483751, 0.07953009, -0.9962235, 0.49020207], [0.0, 0.0, 0.0, 1.0]], "height": 480, "intrinsics": [[607.1532, 0.0, 326.28275], [0.0, 608.33, 245.73769], [0.0, 0.0, 1.0]], "width": 640}, "objects": [{"class": "CreamCheese", "pose": [[0.859692271699088, 0.0498641329788562, 0.5083725498869451, 3.8928526208255265], [-0.5057407739143128, -0.05680423799073462, 0.8608133585234439, -12.850670285161991], [0.07180140487479968, -0.9971392867692701, -0.023615839155393243, 47.88005609645799], [0.0, 0.0, 0.0, 1.0]]}, {"class": "Ketchup", "pose": [[0.773002881153565, 0.04089570344501615, 0.6330829095967208, -6.837801451544615], [-0.6310712669232516, -0.05256318234807404, 0.7739420249546417, -10.977490252289352], [0.06492773429695674, -0.9977798169987798, -0.014823391267888697, 42.40166343624377], [0.0, 0.0, 0.0, 1.0]]}, {"class": "Cookies", "pose": [[-0.9785595173494797, 0.19267014631489066, 0.07279676489499723, 1.652791338522011], [0.19216681178066183, 0.9812635459890735, -0.013923355506897757, 1.8117269098985034], [-0.07411540519627423, 0.0003642960811447087, -0.9972495579445967, 48.12154481321157], [0.0, 0.0, 0.0, 1.0]]}, {"class": "Corn", "pose": [[-0.4636720889753855, -0.03528357117106746, 0.8853039855134753, -10.356849055918921], [-0.886004962635724, 0.016383144693322176, -0.4633863278306704, 9.828535857369102], [0.001845860847072964, -0.9992429972361415, -0.03885784466490217, 46.17771043198671], [0.0, 0.0, 0.0, 1.0]]}, {"class": "SaladDressing", "pose": [[-0.22041263715342277, -0.022696626636516587, 0.9751425617712636, -11.001324351075034], [-0.9748179109834507, -0.029606955645012964, -0.22102841145170274, -0.030393359159419653], [0.03388759540415493, -0.9993038566865875, -0.015599349626630475, 41.96001653805382], [0.0, 0.0, 0.0, 1.0]]}]}