{"camera": {"camera": "RealSense D415", "extrinsics": [[-0.21412785, 0.97194004, 0.09737448, 0.13933164], [0.9768, 0.21272261, 0.024713548, -0.6202634], [0.003306333, 0.10040726, -0.99494094, 0.47860637], [0.0, 0.0, 0.0, 1.0]], "height": 480, "intrinsics": [[607.1532, 0.0, 326.28275], [0.0, 608.33, 245.73769], [0.0, 0.0, 1.0]], "width": 640}, "objects": [{"class": "CreamCheese", "pose": [[0.8343211671291253, 0.05938074327841367, 0.5480711966165517, 7.050040480912284], [-0.5480903388712688, -0.01742030931163806, 0.8362376899806556, -13.631332367570504], [0.059203967491171704, -0.9980833854281187, 0.018011883124875783, 48.65653431863753], [0.0, 0.0, 0.0, 1.0]]}, {"class": "Ketchup", "pose": [[0.741992780932399, 0.05062757407975578, 0.6684934412091894, -3.5140810935455957], [-0.6688175672937983, -0.01273994224691887, 0.7433173726178263, -11.029559792926557], [0.04614890437895681, -0.9986363333966947, 0.024407667088039004, 43.1521137277325], [0.0, 0.0, 0.0, 1.0]]}, {"class": "Cookies", "pose": [[-0.9675925847951322, 0.23803630458372999, 0.08428064251236715, 5.490878604872853], [0.240811358179041, 0.9702675716368324, 0.02430411666050289, 1.097181121214219], [-0.07598949749907317, 0.04381223135292918, -0.9961456051309815, 49.4943635167402], [0.0, 0.0, 0.0, 1.0]]}, {"class": "Corn", "pose": [[-0.5043262139418431, -0.022242279715479003, 0.863226662051657, -6.1085892985290515], [-0.8625691814050641, 0.059706975650242036, -0.5024036676156106, 9.742982290021907], [-0.040366056802265037, -0.997968104475529, -0.049297321182894684, 47.76762165697846], [0.0, 0.0, 0.0, 1.0]]}, {"class": "SaladDressing", "pose": [[-0.26586679895815035, -0.011806000974341714, 0.9639374371324324, -7.158742095239437], [-0.9639618914571066, 0.013219417247386686, -0.26571164767619043, 0.10977921891334175], [-0.00960570924147433, -0.9998429109421267, -0.014895158837608419, 43.13066761053177], [0.0, 0.0, 0.0, 1.0]]}]}