{"camera": {"camera": "RealSense D415", "extrinsics": [[-0.15665168, 0.98408, 0.08394475, 0.14388435], [0.9869054, 0.15265812, 0.052088767, -0.6179685], [0.038444668, 0.09100532, -0.99510807, 0.4680848], [0.0, 0.0, 0.0, 1.0]], "height": 480, "intrinsics": [[607.1532, 0.0, 326.28275], [0.0, 608.33, 245.73769], [0.0, 0.0, 1.0]], "width": 640}, "objects": [{"class": "CreamCheese", "pose": [[0.8016760301591044, 0.04351324629387909, 0.5961727991463373, 10.355507862223106], [-0.597124168366505, 0.01235226159823268, 0.8020537464552749, -13.137817506855697], [0.027535852873272558, -0.9989764820845618, 0.03588532570210113, 49.282728831659696], [0.0, 0.0, 0.0, 1.0]]}, {"class": "Ketchup", "pose": [[0.7022727882931875, 0.035041104279770176, 0.7110449480943074, -0.11881144570857205], [-0.7118046344364612, 0.017547179864697983, 0.7021583310696347, -9.747487977327518], [0.012127542343782282, -0.9992318098226264, 0.0372653258076218, 44.04223004044023], [0.0, 0.0, 0.0, 1.0]]}, {"class": "Cookies", "pose": [[-0.9528964351100442, 0.29490835634672874, 0.07083298446423894, 9.671598405803564], [0.29880153299393086, 0.9528713206817302, 0.05247812038988429, 1.620253014623796], [-0.05201845910530598, 0.0711712310784602, -0.9961067851045571, 50.62201895253371], [0.0, 0.0, 0.0, 1.0]]}, {"class": "Corn", "pose": [[-0.5543750122577147, -0.03345616032204935, 0.8315941903942301, -1.4274575776780818], [-0.8301154468637857, 0.09402787265439573, -0.5496063746529414, 10.975510296570512], [-0.059805318443620706, -0.9950072521839924, -0.0798992086279223, 49.36930466841859], [0.0, 0.0, 0.0, 1.0]]}, {"class": "SaladDressing", "pose": [[-0.3218148545474748, -0.025781083347353306, 0.9464514786879973, -3.106709301340635], [-0.9461057733156801, 0.04710224631042522, -0.32041427419541635, 1.5786707985827375], [-0.03631937467444024, -0.9985573108371749, -0.0395498615565063, 44.44159778516448], [0.0, 0.0, 0.0, 1.0]]}]}