{"camera": {"camera": "RealSense D415", "extrinsics": [[-0.09652283, 0.99464476, 0.036947668, 0.15642844], [0.9933532, 0.093925804, 0.06653887, -0.6262505], [0.0627122, 0.043124605, -0.9970995, 0.47135556], [0.0, 0.0, 0.0, 1.0]], "height": 480, "intrinsics": [[607.1532, 0.0, 326.28275], [0.0, 608.33, 245.73769], [0.0, 0.0, 1.0]], "width": 640}, "objects": [{"class": "CreamCheese", "pose": [[0.7657391543252507, -0.005882250842017809, 0.6431243112649401, 14.592556260948664], [-0.6427278553245847, 0.02927984277990651, 0.7655349149264568, -13.871948120060784], [-0.02333367203701549, -0.9995539080442623, 0.01864004559734986, 50.61692319539486], [0.0, 0.0, 0.0, 1.0]]}, {"class": "Ketchup", "pose": [[0.6591503675001157, -0.0140380900179066, 0.7518800822836259, 4.085443018192702], [-0.751171008107993, 0.034958071328163726, 0.6591814325372414, -9.782562281294938], [-0.03553795140741846, -0.9992901430522856, 0.012497625593083551, 45.97515325432664], [0.0, 0.0, 0.0, 1.0]]}, {"class": "Cookies", "pose": [[-0.9351896144762055, 0.3533434718075648, 0.023847620186164636, 14.841134532422718], [0.35414336572680005, 0.9327373750832029, 0.06770211820470136, 0.8721259777368706], [0.0016785558943996446, 0.07175980920849104, -0.9974204925053571, 52.23326905219155], [0.0, 0.0, 0.0, 1.0]]}, {"class": "Corn", "pose": [[-0.6042893227475609, -0.07764606591150301, 0.7929725316450008, 4.259674145002787], [-0.795486142812556, 0.11516005778354767, -0.5949286250125345, 10.873718281562972], [-0.045124905059566144, -0.9903076142700152, -0.1313563805049256, 51.70408616024933], [0.0, 0.0, 0.0, 1.0]]}, {"class": "SaladDressing", "pose": [[-0.37803029216233136, -0.07291685646284729, 0.9229172028589352, 1.7890485512470105], [-0.9251134726680951, 0.06794834114620381, -0.3735615033676132, 1.6869518931905025], [-0.03547177895613816, -0.9950206415888417, -0.09314291356285216, 46.713884765460904], [0.0, 0.0, 0.0, 1.0]]}]}