{"camera": {"camera": "RealSense D415", "extrinsics": [[-0.07529061, 0.9960901, 0.046215307, 0.14165884], [0.9937786, 0.07114003, 0.08569279, -0.6376076], [0.082069986, 0.052379645, -0.99524915, 0.46525863], [0.0, 0.0, 0.0, 1.0]], "height": 480, "intrinsics": [[607.1532, 0.0, 326.28275], [0.0, 608.33, 245.73769], [0.0, 0.0, 1.0]], "width": 640}, "objects": [{"class": "CreamCheese", "pose": [[0.7516765500292257, 0.002602317287801737, 0.6595267679774461, 14.15349985396716], [-0.6588191647822932, 0.049441629272830745, 0.7506749961814271, -15.075974690164895], [-0.030654612805851838, -0.9987735948300466, 0.038878582960046704, 50.984507169508944], [0.0, 0.0, 0.0, 1.0]]}, {"class": "Ketchup", "pose": [[0.6428434630032652, -0.0054293622207687966, 0.765978308895053, 3.7749670515230744], [-0.7646248696106781, 0.05529145702803071, 0.6420995094486104, -10.664187201680853], [-0.0458382779055142, -0.9984554656113243, 0.031392335028175226, 46.34869813047349], [0.0, 0.0, 0.0, 1.0]]}, {"class": "Cookies", "pose": [[-0.9272151353237409, 0.37305945052548206, 0.0331467162488638, 14.711390106530214], [0.3745242530180403, 0.9231124288969393, 0.08715012334384555, -0.37631669062285766], [0.0019140557650414879, 0.09322118134890338, -0.9956435561823489, 52.90046668019425], [0.0, 0.0, 0.0, 1.0]]}, {"class": "Corn", "pose": [[-0.621148656202689, -0.06733879618794274, 0.7807943384934557, 4.355402401696545], [-0.7809360742679506, 0.13667695819851813, -0.6094738497147664, 9.864217759014227], [-0.06567537259172657, -0.9883242542777644, -0.137484024781899, 52.4952942674473], [0.0, 0.0, 0.0, 1.0]]}, {"class": "SaladDressing", "pose": [[-0.3978578369713603, -0.06360514736482906, 0.9152395819604016, 1.7239288146333895], [-0.915676597421871, 0.08947664953399741, -0.3918295734163663, 0.8359439179172701], [-0.056970214297195294, -0.9939558600018777, -0.09384074956995876, 47.30218373705469], [0.0, 0.0, 0.0, 1.0]]}]}