{"camera": {"camera": "RealSense D415", "extrinsics": [[-0.057727933, 0.9969948, 0.051661443, 0.12916729], [0.9935147, 0.052294757, 0.10096412, -0.6438579], [0.09795908, 0.057154853, -0.99354786, 0.46239677], [0.0, 0.0, 0.0, 1.0]], "height": 480, "intrinsics": [[607.1532, 0.0, 326.28275], [0.0, 608.33, 245.73769], [0.0, 0.0, 1.0]], "width": 640}, "objects": [{"class": "CreamCheese", "pose": [[0.7398211882517082, 0.0074177419761456385, 0.6727626509498105, 13.76238765296129], [-0.6716931773725496, 0.06556778732442217, 0.7379221820308483, -15.787371278446328], [-0.03863786914456806, -0.997820530778505, 0.0534908930914904, 51.49003683371595], [0.0, 0.0, 0.0, 1.0]]}, {"class": "Ketchup", "pose": [[0.6291633782025154, -0.0005086212835783315, 0.7772729139937898, 3.4831828176926662], [-0.7752576604139031, 0.07155567686224348, 0.6275789600320958, -11.114456458134914], [-0.055937517300125125, -0.9974364617256738, 0.044625902761966985, 46.888911509844], [0.0, 0.0, 0.0, 1.0]]}, {"class": "Cookies", "pose": [[-0.9203299276624164, 0.3892314215285634, 0.03862282665671694, 14.577016272111251], [0.3911154992326154, 0.9145976869339087, 0.10266325200277644, -1.1331595848576903], [0.004635438718872459, 0.10959006518114457, -0.993966046975615, 53.64700775730535], [0.0, 0.0, 0.0, 1.0]]}, {"class": "Corn", "pose": [[-0.6348299198404685, -0.06098372098034648, 0.7702414924203611, 4.408546845214166], [-0.7684326145812721, 0.1538702414026465, -0.6211563987073635, 9.297811897353203], [-0.08063682484724824, -0.9862073302385549, -0.14454333772661596, 53.37087991404829], [0.0, 0.0, 0.0, 1.0]]}, {"class": "SaladDressing", "pose": [[-0.41403439739023845, -0.05807743648809588, 0.9084065869113258, 1.6355672109388735], [-0.9073040723161061, 0.10670771955908938, -0.40670971090168223, 0.40384981073373627], [-0.07331335371319674, -0.9925927863819528, -0.09687458288266584, 48.02197418361096], [0.0, 0.0, 0.0, 1.0]]}]}