{"camera": {"camera": "RealSense D415", "extrinsics": [[-0.028627777, 0.99397075, 0.10584218, 0.08119229], [0.9917416, 0.0150005, 0.12737171, -0.64855367], [0.12501608, 0.10861447, -0.98619163, 0.4496751], [0.0, 0.0, 0.0, 1.0]], "height": 480, "intrinsics": [[607.1532, 0.0, 326.28275], [0.0, 608.33, 245.73769], [0.0, 0.0, 1.0]], "width": 640}, "objects": [{"class": "CreamCheese", "pose": [[0.7174073327287531, 0.06068952761464287, 0.6940053444631724, 10.357923836288425], [-0.6963111179691848, 0.09371453174346445, 0.711595694344343, -16.487827749182397], [-0.021852012060100668, -0.9937476444890861, 0.10949030441339695, 51.72451755094054], [0.0, 0.0, 0.0, 1.0]]}, {"class": "Ketchup", "pose": [[0.6042998932009839, 0.05296347187286528, 0.7949946085873597, 0.49349335094252406], [-0.7953213254828425, 0.09996829217771624, 0.5978882407842494, -11.32134429649555], [-0.04780805192814307, -0.9935800037454076, 0.10253382099254194, 46.75772861872623], [0.0, 0.0, 0.0, 1.0]]}, {"class": "Cookies", "pose": [[-0.9054369039855357, 0.4141884438699371, 0.09290782434330223, 11.562191672974338], [0.42344431754378425, 0.8966117250865678, 0.12954668291379454, -1.9395997546686083], [-0.0296454817029265, 0.1566376685888365, -0.9872111244880066, 54.36286336986554], [0.0, 0.0, 0.0, 1.0]]}, {"class": "Corn", "pose": [[-0.6558000972328374, -0.005154286145536561, 0.7549169383198718, 1.784109913880795], [-0.7426542006486729, 0.18403617798311944, -0.6438908619704474, 8.851518325615748], [-0.1356132521697792, -0.9829059591864577, -0.12451883131038641, 53.89375305580827], [0.0, 0.0, 0.0, 1.0]]}, {"class": "SaladDressing", "pose": [[-0.44055046053174707, -0.0035409452011142617, 0.8977208204062482, -1.0143815831438183], [-0.8894753108624468, 0.1370014297732051, -0.43596364330417725, 0.21856581892536475], [-0.12144534138331917, -0.9905645254286349, -0.06350565437701548, 48.145418592546285], [0.0, 0.0, 0.0, 1.0]]}]}