{"camera": {"camera": "RealSense D415", "extrinsics": [[-0.032921124, 0.99311084, 0.112459384, 0.07710328], [0.99377173, 0.02054044, 0.10952534, -0.63790286], [0.10646083, 0.115364656, -0.9876017, 0.45793268], [0.0, 0.0, 0.0, 1.0]], "height": 480, "intrinsics": [[607.1532, 0.0, 326.28275], [0.0, 608.33, 245.73769], [0.0, 0.0, 1.0]], "width": 640}, "objects": [{"class": "CreamCheese", "pose": [[0.7199280682863477, 0.0674775966414653, 0.6907607067770177, 9.734798252756347], [-0.694037772049186, 0.07557393596745807, 0.7159610068606236, -15.298618849797801], [-0.0038921998979635736, -0.9948544344370451, 0.10123980212591466, 51.670977591918145], [0.0, 0.0, 0.0, 1.0]]}, {"class": "Ketchup", "pose": [[0.6073493266742415, 0.059729146603591264, 0.7921863593981255, -0.11149036958695707], [-0.7939121276959423, 0.08180218445850132, 0.6025047288516558, -10.259825099076869], [-0.028815504085788653, -0.9948571871373891, 0.09710219564435876, 46.53973036087586], [0.0, 0.0, 0.0, 1.0]]}, {"class": "Cookies", "pose": [[-0.9066478415886862, 0.4099809929888795, 0.09952527474231593, 10.870277784368346], [0.4195994702589717, 0.9008184651376768, 0.11163507333664888, -0.6999824012054678], [-0.04388592677735994, 0.14297446107321188, -0.9887529122006715, 54.04848994940785], [0.0, 0.0, 0.0, 1.0]]}, {"class": "Corn", "pose": [[-0.6522632587964001, 0.0012486524078558464, 0.7579914812671508, 1.0588689941677096], [-0.747360144995183, 0.1658453420734171, -0.6433880231701699, 10.04576641994136], [-0.12651272886231263, -0.9861509773796946, -0.10724165106187016, 53.31070713248691], [0.0, 0.0, 0.0, 1.0]]}, {"class": "SaladDressing", "pose": [[-0.4366184792713983, 0.003077979628209749, 0.899641502589918, -1.6688063456410704], [-0.8931276573196837, 0.11868330324542298, -0.43386319668174034, 1.2982895543845463], [-0.10810785748730453, -0.9929273829987642, -0.049070313982319744, 47.703193730015215], [0.0, 0.0, 0.0, 1.0]]}]}