{"camera": {"camera": "RealSense D415", "extrinsics": [[-0.047972225, 0.99386835, 0.09962083, 0.09695301], [0.9962854, 0.040469956, 0.07601037, -0.61083466], [0.07151265, 0.10289717, -0.992118, 0.47341722], [0.0, 0.0, 0.0, 1.0]], "height": 480, "intrinsics": [[607.1532, 0.0, 326.28275], [0.0, 608.33, 245.73769], [0.0, 0.0, 1.0]], "width": 640}, "objects": [{"class": "CreamCheese", "pose": [[0.7310895825171648, 0.055121923416147196, 0.6800510910084625, 10.992256404946845], [-0.6821708538225425, 0.04110917835858948, 0.7300363049155781, -12.38690912788506], [0.01228464003880882, -0.9976329897876867, 0.06765706848847794, 51.471015120120846], [0.0, 0.0, 0.0, 1.0]]}, {"class": "Ketchup", "pose": [[0.619887395720752, 0.04727314246405381, 0.7832654448628088, 1.0082366018350428], [-0.7846524381036658, 0.047209060927318205, 0.6181358271362521, -7.6919276423438765], [-0.00775602770203571, -0.9977657678584971, 0.06635729149146691, 46.280155147214685], [0.0, 0.0, 0.0, 1.0]]}, {"class": "Cookies", "pose": [[-0.9138196661243227, 0.39677032030702913, 0.08664191373640147, 11.9153991577321], [0.4032615970943502, 0.9117654282886761, 0.07787125870027946, 2.3034801028597562], [-0.04810007754365346, 0.10609965932877644, -0.9931914309138331, 53.315559270464696], [0.0, 0.0, 0.0, 1.0]]}, {"class": "Corn", "pose": [[-0.6413300354948288, -0.01247262139818576, 0.7671636786082071, 1.9220058101960174], [-0.7616991992027017, 0.1305663786125221, -0.6346391065440733, 12.858314400036509], [-0.09225017854717599, -0.9913610965209845, -0.09323655116305288, 52.312195013538], [0.0, 0.0, 0.0, 1.0]]}, {"class": "SaladDressing", "pose": [[-0.4231390486714581, -0.009948304879473954, 0.906010081184231, -0.7247361551472751], [-0.9032615437312419, 0.08322781303418547, -0.42094151565138693, 3.8740360746134406], [-0.07121759710251116, -0.9964808742843584, -0.04420288065818396, 47.05099060307709], [0.0, 0.0, 0.0, 1.0]]}]}