{"camera": {"camera": "RealSense D415", "extrinsics": [[-0.8523934, -0.48948923, 0.18391797, 0.49804083], [-0.48740444, 0.6163803, -0.6184758, -0.018122984], [0.18937382, -0.6168271, -0.7639777, 0.02829719], [0.0, 0.0, 0.0, 1.0]], "height": 480, "intrinsics": [[603.75165, 0.0, 326.28275], [0.0, 603.20245, 245.73769], [0.0, 0.0, 1.0]], "width": 640}, "objects": [{"class": "ChocolatePudding", "pose": [[0.9788174366619014, 0.19699557556011044, 0.055759857468268205, -1.9802815602712576], [0.09545725656769594, -0.6800566439700468, 0.7269187953958451, 5.718179622634858], [0.18111965718164869, -0.7061980953112474, -0.6844559554877899, 34.83446251343455], [0.0, 0.0, 0.0, 1.0]]}, {"class": "MacaroniAndCheese", "pose": [[0.20067535330088215, 0.7962998494479954, 0.5706452007641722, -4.309941153129094], [-0.5853105892488292, 0.5645555726615138, -0.5819695708789245, -5.5001137319941815], [-0.785583195920377, -0.21721772153977606, 0.5793751278559776, 38.0902489944971], [0.0, 0.0, 0.0, 1.0]]}, {"class": "Milk", "pose": [[-0.18589220176939888, 0.9578055048659184, 0.21920925386120188, -6.971209798118139], [0.7258842866937653, 0.28422932377815857, -0.6263431613538024, -16.633678608482878], [-0.6622206261890367, 0.04268825261448248, -0.7480919665255457, 49.414408549862564], [0.0, 0.0, 0.0, 1.0]]}, {"class": "Ketchup", "pose": [[0.9519561791918209, 0.20437176434031543, 0.22806053505035012, -17.619520161996725], [-0.04274757186632063, -0.6487511207885582, 0.7597991118145004, -10.19818983791804], [0.3032360212711406, -0.7330444797581587, -0.6088462376834353, 36.90072234203691], [0.0, 0.0, 0.0, 1.0]]}, {"class": "OrangeJuice", "pose": [[-0.9351570883582808, -0.30895269710299283, -0.17329005699856223, 8.651947870884236], [0.14754738692294295, -0.7844675580856856, 0.6023624165419631, -1.5067930647005954], [-0.32204192988971675, 0.5377349845784131, 0.7791855470906116, 41.980467791984864], [0.0, 0.0, 0.0, 1.0]]}]}