{"camera": {"camera": "RealSense D415", "extrinsics": [[-0.05639115, 0.9819938, 0.18030031, 0.03389432], [0.99829715, 0.058157653, -0.0045220763, -0.5562678], [-0.014926494, 0.17973828, -0.9836012, 0.4796541], [0.0, 0.0, 0.0, 1.0]], "height": 480, "intrinsics": [[607.1532, 0.0, 326.28275], [0.0, 608.33, 245.73769], [0.0, 0.0, 1.0]], "width": 640}, "objects": [{"class": "CreamCheese", "pose": [[0.7294932779959943, 0.13649792118357365, 0.6702296721201796, 4.210753142806666], [-0.6719288861213599, -0.0401769883926776, 0.7395251173523915, -6.7455503772406775], [0.12787142570959514, -0.9898252669234641, 0.0624080515181386, 48.161768845819644], [0.0, 0.0, 0.0, 1.0]]}, {"class": "Ketchup", "pose": [[0.6205858287760238, 0.12866969865146335, 0.7735097131196332, -5.327596890032441], [-0.7767544457001158, -0.0341829718531804, 0.6288752444770385, -2.5859184963466286], [0.10735802438097236, -0.9910981608702276, 0.07873128709774438, 41.80678080373997], [0.0, 0.0, 0.0, 1.0]]}, {"class": "Cookies", "pose": [[-0.9079141534426265, 0.3842565074952301, 0.16744779767207288, 4.939596432148706], [0.3893077173670484, 0.9211032705016484, -0.0028781704762138815, 8.054604083484618], [-0.15534264527887393, 0.0625755943925229, -0.985876707804574, 48.85910686245747], [0.0, 0.0, 0.0, 1.0]]}, {"class": "Corn", "pose": [[-0.6295387416974559, 0.06837233285287592, 0.7739548664627286, -4.966946389788409], [-0.7727272480814418, 0.048849930640629056, -0.6328556722859902, 18.396864516776677], [-0.08107745950746009, -0.9964631629052977, 0.02208021693705184, 46.18007037065923], [0.0, 0.0, 0.0, 1.0]]}, {"class": "SaladDressing", "pose": [[-0.41341559447982856, 0.07143681559226281, 0.907735790931496, -7.1494937780173125], [-0.910022257914947, 0.0012771402107236767, -0.4145574466921682, 8.98741485935779], [-0.03077397576308301, -0.99744427328591, 0.06448107902538883, 41.47884576316896], [0.0, 0.0, 0.0, 1.0]]}]}