{"camera": {"camera": "RealSense D415", "extrinsics": [[-0.057906576, 0.9796028, 0.19241911, 0.010561319], [0.997538, 0.06441349, -0.027729182, -0.5513159], [-0.03955797, 0.19033967, -0.980921, 0.48398444], [0.0, 0.0, 0.0, 1.0]], "height": 480, "intrinsics": [[607.1532, 0.0, 326.28275], [0.0, 608.33, 245.73769], [0.0, 0.0, 1.0]], "width": 640}, "objects": [{"class": "CreamCheese", "pose": [[0.7290072522362758, 0.1487576920864261, 0.6681462852715598, 1.7915431401549318], [-0.6672102819342577, -0.06361061114604626, 0.7421484038211486, -6.258142073937462], [0.15290145108693776, -0.9868256334642231, 0.052880060772063885, 47.432398373386285], [0.0, 0.0, 0.0, 1.0]]}, {"class": "Ketchup", "pose": [[0.6205400186453698, 0.14093553720040783, 0.7714059520795681, -7.674828024210874], [-0.7727150915478591, -0.057664499027854775, 0.6321284017582923, -2.271086145102752], [0.13357206844704736, -0.9883379843061182, 0.07311987925529372, 40.862791653756176], [0.0, 0.0, 0.0, 1.0]]}, {"class": "Cookies", "pose": [[-0.9065933123901144, 0.38188330894365763, 0.17959283830351386, 2.4864742800004995], [0.38365538775361174, 0.9231056315912722, -0.02616600534179824, 8.555902612740706], [-0.17577549498011677, 0.04517983909080195, -0.9833929748264612, 47.783452165842334], [0.0, 0.0, 0.0, 1.0]]}, {"class": "Corn", "pose": [[-0.627171699356489, 0.08056726545576026, 0.7747028195078572, -7.403927251868997], [-0.7757068445942285, 0.02509514143353261, -0.6305943613683358, 18.811146927385202], [-0.0702465372116522, -0.9964332075470301, 0.04675759126732003, 44.73564883145898], [0.0, 0.0, 0.0, 1.0]]}, {"class": "SaladDressing", "pose": [[-0.41145107398788444, 0.08372479774863333, 0.9075781262493697, -9.512293492114429], [-0.9113241523482867, -0.02248127156767158, -0.4110754252431319, 9.28739643478057], [-0.014013700592005825, -0.9962352832409266, 0.08555034807294723, 40.23501023566215], [0.0, 0.0, 0.0, 1.0]]}]}