{"camera": {"camera": "RealSense D415", "extrinsics": [[-0.03966466, 0.97953653, 0.19731916, -0.012743785], [0.99765944, 0.049830858, -0.046824265, -0.55285215], [-0.055698663, 0.19500007, -0.97922045, 0.48678893], [0.0, 0.0, 0.0, 1.0]], "height": 480, "intrinsics": [[607.1532, 0.0, 326.28275], [0.0, 608.33, 245.73769], [0.0, 0.0, 1.0]], "width": 640}, "objects": [{"class": "CreamCheese", "pose": [[0.715982293097494, 0.15305034087494, 0.68113497271053, 0.34875522480614163], [-0.6776765357442524, -0.08200507444562966, 0.7307733727830434, -6.454497640083156], [0.1677016265969591, -0.9848100202060488, 0.04500444711884718, 46.94272819609138], [0.0, 0.0, 0.0, 1.0]]}, {"class": "Ketchup", "pose": [[0.6057364225395357, 0.14534532905178116, 0.7822774595067203, -9.007532795220937], [-0.7815104229141938, -0.07594426476839126, 0.6192527506819282, -2.40330262116335], [0.1494149692065774, -0.986461970295676, 0.06758668403869385, 40.2557089171447], [0.0, 0.0, 0.0, 1.0]]}, {"class": "Cookies", "pose": [[-0.8985300459226757, 0.39823324519130315, 0.1845370990317454, 1.3091124196436776], [0.397029248125906, 0.9166986776318725, -0.04507052542873278, 8.34838438777189], [-0.18711348723857482, 0.032769413203160735, -0.9817915869336611, 47.063009722995794], [0.0, 0.0, 0.0, 1.0]]}, {"class": "Corn", "pose": [[-0.6406774320167892, 0.0865270590936643, 0.76291899836708, -8.377460096117751], [-0.765335295433267, 0.0077469681165713315, -0.6435852016251952, 18.729750441965], [-0.06159784897586874, -0.9962193860608619, 0.06125888964094749, 43.7954831487824], [0.0, 0.0, 0.0, 1.0]]}, {"class": "SaladDressing", "pose": [[-0.42775568434663486, 0.08882385084718847, 0.8995194828075012, -10.632482184757466], [-0.9038922613276191, -0.039869283017271426, -0.42589818253380857, 9.174842661870375], [-0.001966727056943215, -0.995249103372839, 0.09734149137043868, 39.43413183201893], [0.0, 0.0, 0.0, 1.0]]}]}