{"camera": {"camera": "RealSense D415", "extrinsics": [[-0.019750532, 0.97609437, 0.21644807, -0.041503653], [0.99886256, 0.028661268, -0.038106292, -0.5670586], [-0.043399014, 0.21544926, -0.9755502, 0.4724079], [0.0, 0.0, 0.0, 1.0]], "height": 480, "intrinsics": [[607.1532, 0.0, 326.28275], [0.0, 608.33, 245.73769], [0.0, 0.0, 1.0]], "width": 640}, "objects": [{"class": "CreamCheese", "pose": [[0.6995247443571998, 0.17164963040489983, 0.6936869314141888, -1.5742160850775504], [-0.6932830023934128, -0.07236275409875574, 0.717023248542108, -7.896814277409009], [0.17327385291375477, -0.9824968427325259, 0.06838223498173758, 46.178589004627504], [0.0, 0.0, 0.0, 1.0]]}, {"class": "Ketchup", "pose": [[0.5877445359496337, 0.16409543078486624, 0.7922304415117203, -10.713555542976112], [-0.7947550626455187, -0.0661356173177446, 0.6033162512808492, -3.5831782728351858], [0.15139607021632412, -0.9842249636877733, 0.09154482465388539, 39.357037723503524], [0.0, 0.0, 0.0, 1.0]]}, {"class": "Cookies", "pose": [[-0.8868799105336631, 0.4146411309819665, 0.2037566666167618, -0.3383992948987072], [0.4164366903875347, 0.9084486723074959, -0.036076602113874034, 6.882337889730894], [-0.20006129794562444, 0.05285614460583579, -0.9783566370121761, 46.51248339058688], [0.0, 0.0, 0.0, 1.0]]}, {"class": "Corn", "pose": [[-0.6535544654621651, 0.1070734921918486, 0.7492675425675951, -9.759026363314344], [-0.752136100459919, 0.018779156114999737, -0.6587402054063601, 17.4872411787932], [-0.08460422775963969, -0.9940737480121257, 0.06826062043649936, 43.185773467525976], [0.0, 0.0, 0.0, 1.0]]}, {"class": "SaladDressing", "pose": [[-0.4445431968324411, 0.1084542929882193, 0.8891676078689535, -12.103351302728958], [-0.8954749859447766, -0.02888072042953489, -0.4441739322303065, 8.033362274130207], [-0.02249277531745801, -0.9936818290921212, 0.10995681759087104, 38.65464929017764], [0.0, 0.0, 0.0, 1.0]]}]}