{"camera": {"camera": "RealSense D415", "extrinsics": [[-0.06597768, 0.9856282, 0.15551215, 0.020942787], [0.99354327, 0.07930812, -0.081129596, -0.5815014], [-0.092296995, 0.1491553, -0.98449683, 0.48552763], [0.0, 0.0, 0.0, 1.0]], "height": 480, "intrinsics": [[607.1532, 0.0, 326.28275], [0.0, 608.33, 245.73769], [0.0, 0.0, 1.0]], "width": 640}, "objects": [{"class": "CreamCheese", "pose": [[0.7386635369626369, 0.11189850178274768, 0.6647216613977479, 2.4682560806477167], [-0.6543980475235542, -0.11748108837870166, 0.7469681825525775, -9.402338964811507], [0.1616768199500023, -0.9867506917206939, -0.013552845418255405, 44.86495775263898], [0.0, 0.0, 0.0, 1.0]]}, {"class": "Ketchup", "pose": [[0.6302480768963699, 0.1039856214679618, 0.7693986838870381, -7.2651313746609185], [-0.7613034262585635, -0.11166347371635538, 0.6387084141294467, -5.828274102648178], [0.1523301983762263, -0.9882905782836957, 0.008788906512231572, 38.44968159028943], [0.0, 0.0, 0.0, 1.0]]}, {"class": "Cookies", "pose": [[-0.9150985686547217, 0.37717658997251946, 0.1425917679725558, 3.0775415010992826], [0.36920706395648667, 0.9259178789670488, -0.07976403831913483, 5.411421272832695], [-0.16211336818141805, -0.020346071926991713, -0.9865623622221562, 44.371646011032354], [0.0, 0.0, 0.0, 1.0]]}, {"class": "Corn", "pose": [[-0.6242084166448938, 0.042807084208361955, 0.7800842190443354, -6.988522361266848], [-0.7812501404740754, -0.029754432157027215, -0.6235085951704553, 15.437082468897746], [-0.0034796123310734057, -0.998640190922837, 0.05201598514849579, 41.1405990752033], [0.0, 0.0, 0.0, 1.0]]}, {"class": "SaladDressing", "pose": [[-0.4056269488783662, 0.04628565548116732, 0.9128660356870908, -9.201645215073365], [-0.9125632261392554, -0.07723203552576001, -0.40157645282317955, 5.669235826607255], [0.05191527517885498, -0.995938178538441, 0.07356595728991024, 37.25549486824683], [0.0, 0.0, 0.0, 1.0]]}]}