{"camera": {"camera": "RealSense D415", "extrinsics": [[-0.11894901, 0.9885365, 0.09298788, 0.09073031], [0.9884389, 0.12676224, -0.083185755, -0.6008457], [-0.0940195, 0.08201797, -0.9921862, 0.48696184], [0.0, 0.0, 0.0, 1.0]], "height": 480, "intrinsics": [[607.1532, 0.0, 326.28275], [0.0, 608.33, 245.73769], [0.0, 0.0, 1.0]], "width": 640}, "objects": [{"class": "CreamCheese", "pose": [[0.777962950189345, 0.05109049506046313, 0.6262294976258085, 6.892076062164626], [-0.6175420841701984, -0.12155798872339275, 0.7770878208669737, -11.410201966153105], [0.1158249727244755, -0.9912686055270544, -0.0630170834789467, 44.67907781422839], [0.0, 0.0, 0.0, 1.0]]}, {"class": "Ketchup", "pose": [[0.6743462986969879, 0.04282590750082739, 0.7371722901262003, -3.406775378091599], [-0.7294876179407854, -0.11613199136262911, 0.674063222210468, -8.357048461376039], [0.11447662897950478, -0.992310099368465, -0.04707221610677934, 38.91015668672523], [0.0, 0.0, 0.0, 1.0]]}, {"class": "Cookies", "pose": [[-0.9403370550213257, 0.3307278059544006, 0.079908169619337, 6.765244233264196], [0.324417110416612, 0.9423142983112537, -0.0824460632816116, 3.4104395382493657], [-0.10256579008820206, -0.05160350441406248, -0.9933868141142899, 44.05092886589046], [0.0, 0.0, 0.0, 1.0]]}, {"class": "Corn", "pose": [[-0.5853691153442225, -0.022715550386506734, 0.8104486268859147, -3.957539686715704], [-0.8095981390950562, -0.03727798834038275, -0.5857996726208086, 12.922745825055681], [0.043518657786337435, -0.9990467360682956, 0.003430888533432021, 41.43996765161948], [0.0, 0.0, 0.0, 1.0]]}, {"class": "SaladDressing", "pose": [[-0.3576032626778405, -0.016821039673233888, 0.9337220857385672, -5.960775704185887], [-0.9300038264761306, -0.08451278813666105, -0.35770172359754515, 3.0253013848826615], [0.08492836603856424, -0.9962804166406968, 0.014578390879272141, 37.77521483006422], [0.0, 0.0, 0.0, 1.0]]}]}