{"camera": {"camera": "RealSense D415", "extrinsics": [[-0.14444801, 0.9854264, 0.089830875, 0.10462199], [0.9857663, 0.15119897, -0.07351001, -0.61745006], [-0.08602104, 0.07793388, -0.9932405, 0.47831053], [0.0, 0.0, 0.0, 1.0]], "height": 480, "intrinsics": [[607.1532, 0.0, 326.28275], [0.0, 608.33, 245.73769], [0.0, 0.0, 1.0]], "width": 640}, "objects": [{"class": "CreamCheese", "pose": [[0.793959264954137, 0.048924555084500485, 0.6059991971993957, 7.027580206248121], [-0.5984370838273494, -0.11293870766200523, 0.7931695972620522, -13.113457943545114], [0.10724622087738592, -0.9923966930755251, -0.06039046211032047, 44.189093857901526], [0.0, 0.0, 0.0, 1.0]]}, {"class": "Ketchup", "pose": [[0.6932064386055121, 0.04051976991635597, 0.7195991489883992, -3.3756050926575716], [-0.7129628458672634, -0.10771666177083154, 0.6928789260749616, -10.280324704889644], [0.10558809803305004, -0.9933555400085524, -0.04578079206059956, 38.49562146177801], [0.0, 0.0, 0.0, 1.0]]}, {"class": "Cookies", "pose": [[-0.9487824840328015, 0.306470530690766, 0.07673047187205416, 6.521984347349951], [0.30119688930352084, 0.9507564660896471, -0.07309364590441088, 1.7034074243609254], [-0.09535302694914677, -0.04623898589711786, -0.9943690022664914, 43.67241464016109], [0.0, 0.0, 0.0, 1.0]]}, {"class": "Corn", "pose": [[-0.5644316718857788, -0.02703310118205327, 0.8250370008161733, -4.451982283213546], [-0.8244885625419621, -0.03050375936227332, -0.565055958212325, 10.959488692298347], [0.04044194241678607, -0.9991689989267527, -0.005071204086228742, 41.18721788338661], [0.0, 0.0, 0.0, 1.0]]}, {"class": "SaladDressing", "pose": [[-0.3334731048651773, -0.01992924051697777, 0.942548920325644, -6.223117706546405], [-0.9393769919517431, -0.07759282633306304, -0.333991504835579, 1.0415834010245817], [0.0797912246812098, -0.9967859029855421, 0.007154041290600075, 37.45881178293943], [0.0, 0.0, 0.0, 1.0]]}]}