{"camera": {"camera": "RealSense D415", "extrinsics": [[-0.17874254, 0.9803124, 0.08389685, 0.124124564], [0.9800653, 0.18491523, -0.07265274, -0.6241771], [-0.086736195, 0.06923825, -0.9938224, 0.47234], [0.0, 0.0, 0.0, 1.0]], "height": 480, "intrinsics": [[607.1532, 0.0, 326.28275], [0.0, 608.33, 245.73769], [0.0, 0.0, 1.0]], "width": 640}, "objects": [{"class": "CreamCheese", "pose": [[0.8148064228081215, 0.044369197519090665, 0.5780326954113783, 7.288757981311038], [-0.57074973481418, -0.11345240353899906, 0.8132486724915478, -13.940074284074766], [0.10166237220879998, -0.992552241095808, -0.06711805234946222, 43.52529249568324], [0.0, 0.0, 0.0, 1.0]]}, {"class": "Ketchup", "pose": [[0.7180122342185771, 0.035783216513568944, 0.6951100072871829, -3.252806871024501], [-0.688650487111534, -0.10852240253559353, 0.7169264297802433, -11.476515960896483], [0.10108892653880382, -0.993449784337442, -0.05327829867532907, 37.9150495777801], [0.0, 0.0, 0.0, 1.0]]}, {"class": "Cookies", "pose": [[-0.9592846074267983, 0.273428324712813, 0.07078080602222302, 6.273213060018398], [0.268426980667018, 0.960553891478004, -0.07268623380632643, 0.8496983480360876], [-0.08786323298811981, -0.05072731408057362, -0.9948400947256106, 42.983647112360075], [0.0, 0.0, 0.0, 1.0]]}, {"class": "Corn", "pose": [[-0.5355900272358904, -0.03441326503778171, 0.8437766168941251, -5.030986102712857], [-0.8431760221997947, -0.03367311565212995, -0.5365821724937442, 9.720240862188657], [0.046878144428007036, -0.9988402620166279, -0.010981472039609134, 40.573721145690406], [0.0, 0.0, 0.0, 1.0]]}, {"class": "SaladDressing", "pose": [[-0.30051936259380774, -0.025685892284124257, 0.9534297441060766, -6.493882431944102], [-0.9500264995922905, -0.08048681160046053, -0.3016150430587134, -0.2607537704278018], [0.08448577881896223, -0.9964246732021147, -0.00021445286067363665, 36.880151178734586], [0.0, 0.0, 0.0, 1.0]]}]}