{"camera": {"camera": "RealSense D415", "extrinsics": [[-0.20997944, 0.9749317, 0.073598854, 0.14284228], [0.9728399, 0.21584252, -0.08363342, -0.6240806], [-0.09742264, 0.054038603, -0.99377495, 0.47454602], [0.0, 0.0, 0.0, 1.0]], "height": 480, "intrinsics": [[607.1532, 0.0, 326.28275], [0.0, 608.33, 245.73769], [0.0, 0.0, 1.0]], "width": 640}, "objects": [{"class": "CreamCheese", "pose": [[0.8332458237517594, 0.03536823979344445, 0.5517702532204665, 7.620684144402058], [-0.544031314523719, -0.12560571891210484, 0.8296102702376079, -14.16577550872179], [0.09864734068974362, -0.9914495666483818, -0.08541901727824595, 43.16892577920284], [0.0, 0.0, 0.0, 1.0]]}, {"class": "Ketchup", "pose": [[0.7401367178105809, 0.026623599281518303, 0.6719291260502765, -3.06158153676199], [-0.6648438210519592, -0.1209542730363153, 0.7371247016162431, -12.103867810457336], [0.10089759940556071, -0.9923009622279155, -0.0718221716529794, 37.663812854001236], [0.0, 0.0, 0.0, 1.0]]}, {"class": "Cookies", "pose": [[-0.968140316074777, 0.24299511721688374, 0.06047833433714093, 6.142466988781322], [0.23763421440130822, 0.9677086554294358, -0.08408333153708332, 0.5770700310241184], [-0.07895723127815436, -0.06703274441727793, -0.9946216950931538, 42.4440428777814], [0.0, 0.0, 0.0, 1.0]]}, {"class": "Corn", "pose": [[-0.5086820086525189, -0.04591158528174404, 0.8597294155343106, -5.45950355067509], [-0.8584951131994396, -0.04837523229600679, -0.5105350583481386, 9.062723152235641], [0.06502909048787987, -0.9977734771038108, -0.014807272662204942, 40.06346531266382], [0.0, 0.0, 0.0, 1.0]]}, {"class": "SaladDressing", "pose": [[-0.26997161091520744, -0.03571397536534663, 0.9622056790459427, -6.659996591285234], [-0.957556749095176, -0.09486161571283444, -0.2721881966878408, -1.0080612839906022], [0.10099731021591839, -0.9948496043181307, -0.008588228129960436, 36.52215319388999], [0.0, 0.0, 0.0, 1.0]]}]}