{"camera": {"camera": "RealSense D415", "extrinsics": [[-0.27179226, 0.95930004, 0.07663141, 0.156486], [0.9546172, 0.27882865, -0.10469283, -0.6293875], [-0.12179887, 0.044698965, -0.9915478, 0.48278308], [0.0, 0.0, 0.0, 1.0]], "height": 480, "intrinsics": [[607.1532, 0.0, 326.28275], [0.0, 608.33, 245.73769], [0.0, 0.0, 1.0]], "width": 640}, "objects": [{"class": "CreamCheese", "pose": [[0.8664500724053131, 0.041159929766887586, 0.49756412513588927, 5.913354514269728], [-0.48710166426062873, -0.1489395496140763, 0.8605515874540045, -15.347114010157098], [0.10952720714516236, -0.9879892880738624, -0.10899961597001712, 42.769315211528756], [0.0, 0.0, 0.0, 1.0]]}, {"class": "Ketchup", "pose": [[0.781238711539039, 0.03213467813249403, 0.6234046554734509, -4.890530623020339], [-0.6134984509797043, -0.14487825225139614, 0.7762924694368796, -14.114104937160915], [0.1152636737745401, -0.9889275083273465, -0.09346992840902854, 37.253493741199044], [0.0, 0.0, 0.0, 1.0]]}, {"class": "Cookies", "pose": [[-0.981490796305744, 0.18065243087155025, 0.06356447434806362, 3.4965533464976732], [0.17335464474812315, 0.9791385815377812, -0.10599934302984389, -0.7522928286002317], [-0.08138745543506422, -0.09301818166173742, -0.9923324335692533, 41.668252073665], [0.0, 0.0, 0.0, 1.0]]}, {"class": "Corn", "pose": [[-0.4527660313777968, -0.04489233303781117, 0.8904984703393103, -8.627991003944288], [-0.8871562430084294, -0.07723350226054193, -0.45496026425839003, 6.912231349995501], [0.08920054568430417, -0.9960018187653134, -0.004857818557467944, 39.112929896717105], [0.0, 0.0, 0.0, 1.0]]}, {"class": "SaladDressing", "pose": [[-0.2081477850492916, -0.03174512642830124, 0.9775820543253418, -9.19157122291569], [-0.9698419872472152, -0.12288389203611919, -0.2104901999731915, -3.303576920202067], [0.12681112451432225, -0.9919131795939796, -0.005209758392002382, 35.838420421920226], [0.0, 0.0, 0.0, 1.0]]}]}