{"camera": {"camera": "RealSense D415", "extrinsics": [[-0.8774602, -0.45529297, 0.15090372, 0.51344514], [-0.44003284, 0.6389078, -0.63100547, -0.051651035], [0.1908788, -0.62008476, -0.76096004, 0.019987183], [0.0, 0.0, 0.0, 1.0]], "height": 480, "intrinsics": [[603.75165, 0.0, 326.28275], [0.0, 603.20245, 245.73769], [0.0, 0.0, 1.0]], "width": 640}, "objects": [{"class": "ChocolatePudding", "pose": [[0.9824196435666678, 0.1606189759027427, 0.09514813524784431, 0.01963073325633724], [0.04358732246424158, -0.6929306164948295, 0.7196855381522038, 5.284544262112781], [0.18152620775631748, -0.7028859815404586, -0.6877496167071155, 33.92352583250335], [0.0, 0.0, 0.0, 1.0]]}, {"class": "MacaroniAndCheese", "pose": [[0.1694316998848179, 0.825608949968251, 0.5382032515075599, -2.911257681637436], [-0.5988889590182982, 0.5199551786401975, -0.6090801217837873, -5.777174460621395], [-0.7827035935242967, -0.2191265145990067, 0.5825449834245523, 37.228949334994454], [0.0, 0.0, 0.0, 1.0]]}, {"class": "Milk", "pose": [[-0.1462243268378894, 0.9716633218391554, 0.18571164303874782, -6.173711702672313], [0.7317351645028803, 0.23257002280415817, -0.6406830739950525, -16.698977159615914], [-0.6657192187756733, 0.04220828322151467, -0.7450076409067682, 48.6019792544521], [0.0, 0.0, 0.0, 1.0]]}, {"class": "Ketchup", "pose": [[0.9480981531070256, 0.16968265379897604, 0.2689194455624769, -16.45323747631544], [-0.09240620904491037, -0.6621915769323762, 0.743615072299301, -9.759080702051987], [0.30425477124130706, -0.729869927964404, -0.6121428957844758, 36.04954760162561], [0.0, 0.0, 0.0, 1.0]]}, {"class": "OrangeJuice", "pose": [[-0.9256824691764968, -0.35097590669210194, -0.14116606641756219, 10.24400975057707], [0.1960639161111471, -0.7642333808823035, 0.614415371003443, -2.4677719048694016], [-0.3235288129772951, 0.5410759799602598, 0.7762511793954421, 41.11195952210407], [0.0, 0.0, 0.0, 1.0]]}]}