{"camera": {"camera": "RealSense D415", "extrinsics": [[-0.5611133, 0.8177987, -0.12789533, 0.39377058], [0.81783706, 0.523915, -0.2380244, -0.5901586], [-0.12764975, -0.23815618, -0.96280175, 0.48448926], [0.0, 0.0, 0.0, 1.0]], "height": 480, "intrinsics": [[607.1532, 0.0, 326.28275], [0.0, 608.33, 245.73769], [0.0, 0.0, 1.0]], "width": 640}, "objects": [{"class": "CreamCheese", "pose": [[0.9720898180161186, -0.1469417945691114, 0.18289212535571872, 15.070816475466774], [-0.21901106715989874, -0.2888623157812793, 0.9319832311963512, -17.153549409365752], [-0.08411664977715505, -0.9460267821804382, -0.3129819719371447, 41.604840540234484], [0.0, 0.0, 0.0, 1.0]]}, {"class": "Ketchup", "pose": [[0.9315994687214907, -0.15672255121939388, 0.327964184959353, 3.412365948384072], [-0.36072035281375403, -0.2875122757716042, 0.8872528087274704, -19.692972704799523], [-0.04475880194176483, -0.9448675747454718, -0.32437927488268653, 39.094780179093426], [0.0, 0.0, 0.0, 1.0]]}, {"class": "Cookies", "pose": [[-0.9799228143034047, -0.14214378849008366, -0.13980864136495194, 8.280503179011117], [-0.10524069051265643, 0.9643464087907889, -0.24281768708428036, -4.0726600662440156], [0.16933898377789622, -0.22322901127167646, -0.9599443292346743, 39.91840599670237], [0.0, 0.0, 0.0, 1.0]]}, {"class": "Corn", "pose": [[-0.13811416155738562, -0.24968604119483118, 0.9584265198796859, -5.808869244285048], [-0.9487275514527959, -0.24445025409184767, -0.20039993671916528, -0.36402033754932006], [0.2843246504015595, -0.9369636869648875, -0.20312198456411576, 40.039963540291026], [0.0, 0.0, 0.0, 1.0]]}, {"class": "SaladDressing", "pose": [[0.12174441896144267, -0.22311645345640374, 0.9671594384834957, -4.084347541402411], [-0.9573035564473483, -0.2837978637307868, 0.05503364065127288, -10.757670333907349], [0.2621988486596921, -0.9325651818170654, -0.24814097516151348, 37.94214563995113], [0.0, 0.0, 0.0, 1.0]]}]}