{"camera": {"camera": "RealSense D415", "extrinsics": [[-0.6282518, 0.7629631, -0.15227272, 0.46923316], [0.7673771, 0.57543325, -0.2828587, -0.5242776], [-0.12818797, -0.29455706, -0.94699734, 0.47659892], [0.0, 0.0, 0.0, 1.0]], "height": 480, "intrinsics": [[607.1532, 0.0, 326.28275], [0.0, 608.33, 245.73769], [0.0, 0.0, 1.0]], "width": 640}, "objects": [{"class": "CreamCheese", "pose": [[0.9814016266110015, -0.16652843096642572, 0.09549399985044338, 19.148593839821963], [-0.1473090457157473, -0.33433793452135985, 0.930869644184403, -12.823552543839694], [-0.12308897723218577, -0.9276240498002029, -0.35265091764421075, 40.57754632938315], [0.0, 0.0, 0.0, 1.0]]}, {"class": "Ketchup", "pose": [[0.9538804522093606, -0.1763223322745544, 0.24294545288278513, 7.62186365289611], [-0.29012241713324194, -0.33369457097658184, 0.8969264296759291, -16.3356760979239], [-0.07707856644473367, -0.9260444473974698, -0.36945976755018506, 38.715286410650684], [0.0, 0.0, 0.0, 1.0]]}, {"class": "Cookies", "pose": [[-0.9601211375152694, -0.22669519197153462, -0.1636357732149941, 11.291599977323308], [-0.17318837683395025, 0.9417063318381892, -0.2884355639985702, -0.37007289966070056], [0.219483777396238, -0.24859325826212467, -0.9434130628762764, 38.777383137529505], [0.0, 0.0, 0.0, 1.0]]}, {"class": "Corn", "pose": [[-0.050886740734995176, -0.2719041796718295, 0.9609779559056773, -3.02382833006713], [-0.9452124566597692, -0.29757458091224664, -0.1342493368467578, 2.256415260228972], [0.3224655514126187, -0.9151597844739131, -0.2418645919371299, 39.44765093431095], [0.0, 0.0, 0.0, 1.0]]}, {"class": "SaladDressing", "pose": [[0.20758789796083904, -0.24218131621987896, 0.9477633933300563, -0.5919195273985711], [-0.9347878125637982, -0.3345920469432362, 0.119247689613742, -8.046719764431371], [0.2882345188989977, -0.910711985123747, -0.29584537526574006, 37.621723229173796], [0.0, 0.0, 0.0, 1.0]]}]}