{"camera": {"camera": "RealSense D415", "extrinsics": [[-0.68083483, 0.710914, -0.17625338, 0.5229909], [0.7109595, 0.5836034, -0.3923565, -0.4547586], [-0.17606965, -0.39243898, -0.9027686, 0.49987692], [0.0, 0.0, 0.0, 1.0]], "height": 480, "intrinsics": [[607.1532, 0.0, 326.28275], [0.0, 608.33, 245.73769], [0.0, 0.0, 1.0]], "width": 640}, "objects": [{"class": "CreamCheese", "pose": [[0.9822780710561373, -0.18632851584698104, 0.02028532744970363, 21.775609830806765], [-0.10227788496608062, -0.44217293394528306, 0.8910792926968829, -8.562698560187515], [-0.15706385929145825, -0.8773623893480951, -0.45339405351459733, 40.198745202006556], [0.0, 0.0, 0.0, 1.0]]}, {"class": "Ketchup", "pose": [[0.965971867197229, -0.19606292340637146, 0.1686941049772962, 10.423433405127236], [-0.24061591879777305, -0.44193454376723973, 0.8641746431054521, -12.922754274775826], [-0.09488085594059065, -0.8753588808315129, -0.4740721873574778, 39.31187249380377], [0.0, 0.0, 0.0, 1.0]]}, {"class": "Cookies", "pose": [[-0.9363876719002581, -0.29695785005400377, -0.1870673205286373, 13.070737572592078], [-0.20407494007075563, 0.894325478484809, -0.39816495640390764, 3.1420677483653456], [0.28553727711923954, -0.3346609952745572, -0.8980370078775681, 37.49953873424343], [0.0, 0.0, 0.0, 1.0]]}, {"class": "Corn", "pose": [[0.023746302429948615, -0.293162538378569, 0.9557676801490962, -1.3382081728245065], [-0.9059856192779616, -0.4104859259565885, -0.10339892355910435, 4.9859529965134985], [0.42264186247124014, -0.8634564314641057, -0.27534856627670234, 38.62273087774542], [0.0, 0.0, 0.0, 1.0]]}, {"class": "SaladDressing", "pose": [[0.27924408987344523, -0.26097909462627006, 0.9240739524756936, 1.6590185222982057], [-0.8842727621827499, -0.4450042793510823, 0.14153744579087854, -5.294917723965903], [0.3742785396861308, -0.8566569219556199, -0.3550415168631182, 37.772378480444395], [0.0, 0.0, 0.0, 1.0]]}]}