{"camera": {"camera": "RealSense D415", "extrinsics": [[-0.695684, 0.6970381, -0.17367107, 0.526245], [0.6934161, 0.5884759, -0.41577667, -0.447603], [-0.18761094, -0.4096755, -0.8927307, 0.5045893], [0.0, 0.0, 0.0, 1.0]], "height": 480, "intrinsics": [[607.1532, 0.0, 326.28275], [0.0, 608.33, 245.73769], [0.0, 0.0, 1.0]], "width": 640}, "objects": [{"class": "CreamCheese", "pose": [[0.983183776864374, -0.18261873866570702, 0.0001576343256719252, 21.325326494443033], [-0.08654874725615129, -0.4652009542032174, 0.8809639089203798, -8.678171836045207], [-0.1608071893499285, -0.8661630406837622, -0.4731834570498533, 40.041178262987074], [0.0, 0.0, 0.0, 1.0]]}, {"class": "Ketchup", "pose": [[0.9699581067134819, -0.19234431440238384, 0.14894597539914387, 10.056207216234563], [-0.2237565664472718, -0.46510812230421034, 0.8565088766626103, -13.277879699232026], [-0.09546863213558635, -0.8641053427769434, -0.49417370031327534, 39.321336157186934], [0.0, 0.0, 0.0, 1.0]]}, {"class": "Cookies", "pose": [[-0.9305415629686147, -0.31640262068925495, -0.18434139214681985, 12.376604614009867], [-0.2159052865982959, 0.8806610990089765, -0.4216882238985066, 2.791140981539625], [0.29576555641283997, -0.3525981406802012, -0.8878047285566135, 37.13647340579417], [0.0, 0.0, 0.0, 1.0]]}, {"class": "Corn", "pose": [[0.0439817670931287, -0.2899739074442056, 0.9560233808932884, -2.0591487543712983], [-0.895689855901833, -0.43530461745952537, -0.09082727738095747, 4.377791530184788], [0.44249893595544343, -0.8523056743604729, -0.2788721541316987, 38.30726110126146], [0.0, 0.0, 0.0, 1.0]]}, {"class": "SaladDressing", "pose": [[0.2987218149426762, -0.2570793463162381, 0.9190622691769579, 1.1347854115247413], [-0.8700746097117561, -0.46902728558493156, 0.1516034339163705, -5.858981651524308], [0.39209117172050645, -0.8449399722627671, -0.3637868957923719, 37.66692343800666], [0.0, 0.0, 0.0, 1.0]]}]}