{"camera": {"camera": "RealSense D415", "extrinsics": [[-0.70224357, 0.6908635, -0.17193492, 0.5219589], [0.6868333, 0.5938631, -0.4190305, -0.45445272], [-0.18738705, -0.41235211, -0.89154464, 0.5066941], [0.0, 0.0, 0.0, 1.0]], "height": 480, "intrinsics": [[607.1532, 0.0, 326.28275], [0.0, 608.33, 245.73769], [0.0, 0.0, 1.0]], "width": 640}, "objects": [{"class": "CreamCheese", "pose": [[0.9835576142680457, -0.1803834172984255, -0.008732328859298106, 20.553732484132166], [-0.07810589275069806, -0.4684810142924666, 0.8800141711794912, -9.663331342694276], [-0.16283091332324423, -0.8648626153624356, -0.4748670665294624, 40.25239465779215], [0.0, 0.0, 0.0, 1.0]]}, {"class": "Ketchup", "pose": [[0.971698612872755, -0.19010486236525245, 0.14022110552432898, 9.324451773719044], [-0.2152994344757374, -0.46847076412283767, 0.8568437601968049, -14.364531656730788], [-0.09720069774488135, -0.8627834407433311, -0.49614185410680345, 39.56645620841262], [0.0, 0.0, 0.0, 1.0]]}, {"class": "Cookies", "pose": [[-0.9279262739109803, -0.32501004083930063, -0.18254126910793098, 11.496844332776712], [-0.22360623618644404, 0.8771271402356823, -0.42502725055237783, 1.7202499222634338], [0.2982500402304488, -0.3535765697563377, -0.8865836133616544, 37.34569413624269], [0.0, 0.0, 0.0, 1.0]]}, {"class": "Corn", "pose": [[0.052933170531137115, -0.28796963725792774, 0.9561754958496231, -2.9498415046035786], [-0.8944059850134409, -0.43951456712674575, -0.08285416083175191, 3.1806232060092254], [0.44411253019395536, -0.8508233732589554, -0.28082668801327526, 38.54559630560181], [0.0, 0.0, 0.0, 1.0]]}, {"class": "SaladDressing", "pose": [[0.3073230090961979, -0.2547599137669, 0.916869655843051, 0.33369084174001973], [-0.8666221128647147, -0.4729288461709108, 0.1590734191024942, -7.028537483748948], [0.3930885620815787, -0.8434664617432429, -0.3661225080959962, 37.91773011984092], [0.0, 0.0, 0.0, 1.0]]}]}