{"camera": {"camera": "RealSense D415", "extrinsics": [[-0.8869518, -0.44144627, 0.13580012, 0.51688266], [-0.41679582, 0.63834625, -0.64714396, -0.06423671], [0.19899179, -0.63058645, -0.7501753, 0.020432008], [0.0, 0.0, 0.0, 1.0]], "height": 480, "intrinsics": [[603.75165, 0.0, 326.28275], [0.0, 603.20245, 245.73769], [0.0, 0.0, 1.0]], "width": 640}, "objects": [{"class": "ChocolatePudding", "pose": [[0.9833510314126958, 0.14417986120453144, 0.11060220663137889, 0.6471191151087519], [0.024495037065870445, -0.7082725809879761, 0.7055139459065161, 5.724935154210535], [0.18005744290695833, -0.6910586509666687, -0.7000123118976778, 33.8212517253088], [0.0, 0.0, 0.0, 1.0]]}, {"class": "MacaroniAndCheese", "pose": [[0.15502390878234698, 0.8368853854341037, 0.5249670187942811, -2.5288854834572994], [-0.6158295104853253, 0.49737437446835103, -0.6110423302247001, -5.209801906012557], [-0.7724775344017804, -0.2285640177298904, 0.5924836936778203, 37.317260422679986], [0.0, 0.0, 0.0, 1.0]]}, {"class": "Milk", "pose": [[-0.1304128105169697, 0.976707133442839, 0.1703983738303817, -6.024378542358799], [0.723382278735468, 0.2112674612741356, -0.6573310598983391, -15.859526840585827], [-0.6780196210537854, 0.0375387905324333, -0.734084607727093, 48.8775408686734], [0.0, 0.0, 0.0, 1.0]]}, {"class": "Ketchup", "pose": [[0.9461055493388835, 0.15390495393799047, 0.28495172596882884, -16.158511292259693], [-0.10857514813304295, -0.6782108734432047, 0.7268021959516241, -8.90460746558151], [0.30511585558370513, -0.7185702582902356, -0.6249488596697526, 36.215676422871375], [0.0, 0.0, 0.0, 1.0]]}, {"class": "OrangeJuice", "pose": [[-0.9213788145074908, -0.3675301292302465, -0.1264223704645257, 10.70192046691304], [0.21135655003104153, -0.7467730121659287, 0.6306016656720878, -2.1323675053750732], [-0.3261739683883048, 0.5543028573913408, 0.7657407284871404, 41.133821735782014], [0.0, 0.0, 0.0, 1.0]]}]}