{"camera": {"camera": "RealSense D415", "extrinsics": [[-0.68250674, 0.71177447, -0.16601689, 0.4729819], [0.7018338, 0.5748536, -0.42068118, -0.46713865], [-0.20399472, -0.403634, -0.89188886, 0.5252997], [0.0, 0.0, 0.0, 1.0]], "height": 480, "intrinsics": [[607.1532, 0.0, 326.28275], [0.0, 608.33, 245.73769], [0.0, 0.0, 1.0]], "width": 640}, "objects": [{"class": "CreamCheese", "pose": [[0.9841640849269652, -0.17609308474912483, 0.02030315710856411, 16.69365291690265], [-0.10213987595938155, -0.46974616179692363, 0.876872853147906, -10.270272731394236], [-0.14487390676620387, -0.8650605367894941, -0.48029342663177393, 41.33556626148297], [0.0, 0.0, 0.0, 1.0]]}, {"class": "Ketchup", "pose": [[0.967932009067859, -0.1858466873591839, 0.16902240491911805, 5.370830601271864], [-0.23858915706790307, -0.4694950831906068, 0.8500879909522072, -14.711970535961354], [-0.07863084052994598, -0.8631542958942938, -0.49878032161934815, 40.479094043083386], [0.0, 0.0, 0.0, 1.0]]}, {"class": "Cookies", "pose": [[-0.9380282548840577, -0.2980404677135129, -0.17684685857952573, 7.9592675820464365], [-0.19990409405047577, 0.8821705570341547, -0.4263959109273859, 1.3028429398791286], [0.2830923199016225, -0.36461900315862483, -0.8870804235165203, 38.19939403631224], [0.0, 0.0, 0.0, 1.0]]}, {"class": "Corn", "pose": [[0.02408170671574111, -0.28319944542937275, 0.9587586162613194, -6.467996946282057], [-0.8924938688434032, -0.43818129321661864, -0.10701336236019092, 3.108393952665839], [0.45041621484529604, -0.8531091289488526, -0.2633059139983126, 39.13384444723699], [0.0, 0.0, 0.0, 1.0]]}, {"class": "SaladDressing", "pose": [[0.279912562590307, -0.25091854173234573, 0.9266546182177094, -3.414688320174669], [-0.870998241987805, -0.4723144645522443, 0.13520769357018406, -7.17862012740475], [0.40374626450192663, -0.8449608817715385, -0.3507563527785729, 38.6264782586886], [0.0, 0.0, 0.0, 1.0]]}]}