{"camera": {"camera": "RealSense D415", "extrinsics": [[-0.62341523, 0.7668509, -0.15262097, 0.3892661], [0.73171544, 0.5033895, -0.45955583, -0.43490335], [-0.275583, -0.39816922, -0.8749373, 0.58410966], [0.0, 0.0, 0.0, 1.0]], "height": 480, "intrinsics": [[607.1532, 0.0, 326.28275], [0.0, 608.33, 245.73769], [0.0, 0.0, 1.0]], "width": 640}, "objects": [{"class": "CreamCheese", "pose": [[0.9806685586691938, -0.1672155162401089, 0.10162744930767775, 11.402082396494723], [-0.17385577761089152, -0.5062430126930204, 0.844684694824873, -5.843025404465535], [-0.08979619750651745, -0.8460241992861788, -0.5255279836402486, 43.74234821841691], [0.0, 0.0, 0.0, 1.0]]}, {"class": "Ketchup", "pose": [[0.9522182597925165, -0.1770076052723487, 0.24889492296951954, -0.14299053210269363], [-0.3049368799266882, -0.5052513170808925, 0.8073008477817801, -9.583424835192494], [-0.017143898946102375, -0.8446238075436264, -0.535085670629355, 42.563687979568506], [0.0, 0.0, 0.0, 1.0]]}, {"class": "Cookies", "pose": [[-0.9614649385105422, -0.22063935308115298, -0.16402267274189036, 3.623132167202181], [-0.12210704056589824, 0.877235565597795, -0.4642711342256115, 6.072590738459738], [0.2463230000841062, -0.42635209230590715, -0.8703728152173497, 39.55091593763505], [0.0, 0.0, 0.0, 1.0]]}, {"class": "Corn", "pose": [[-0.057064457122185226, -0.27238480799906734, 0.9604947440726603, -10.677099083771418], [-0.8648390839737331, -0.46716919081212016, -0.18386505640823778, 8.860004604047322], [0.49879559615762936, -0.84116551267242, -0.2089102630263387, 39.66447906101579], [0.0, 0.0, 0.0, 1.0]]}, {"class": "SaladDressing", "pose": [[0.20151736511137297, -0.24289275274110161, 0.948890853318212, -8.304920915027886], [-0.8626836496823345, -0.502798311567254, 0.05450533401850227, -1.6153845818552726], [0.4638617645747795, -0.8295763541256866, -0.31086218891100365, 39.86885406559397], [0.0, 0.0, 0.0, 1.0]]}]}