{"camera": {"camera": "RealSense D415", "extrinsics": [[-0.6266055, 0.76260126, -0.1606389, 0.39475855], [0.73005396, 0.50224096, -0.46343848, -0.43634838], [-0.27273935, -0.40766817, -0.871447, 0.5820774], [0.0, 0.0, 0.0, 1.0]], "height": 480, "intrinsics": [[607.1532, 0.0, 326.28275], [0.0, 608.33, 245.73769], [0.0, 0.0, 1.0]], "width": 640}, "objects": [{"class": "CreamCheese", "pose": [[0.9798995098614494, -0.17491876515964316, 0.09591842298419513, 11.782280884333035], [-0.1735081791746093, -0.5100114445907696, 0.8424863484655969, -6.071722265005386], [-0.09844716253823267, -0.8421945547712155, -0.5301098185413462, 43.6418175880081], [0.0, 0.0, 0.0, 1.0]]}, {"class": "Ketchup", "pose": [[0.952250415665245, -0.18469775865824573, 0.2431169502758802, 0.2293938474789814], [-0.3042959969600078, -0.5090210402714048, 0.8051717431704106, -9.82579966109179], [-0.02496175480720837, -0.8407046059434136, -0.5409183006282254, 42.59003891280647], [0.0, 0.0, 0.0, 1.0]]}, {"class": "Cookies", "pose": [[-0.9589627552927819, -0.22540840242873494, -0.1719925980246206, 3.9541093530341853], [-0.12176245633801128, 0.8752236505678519, -0.4681425796893113, 5.819889339025081], [0.256055251962603, -0.42798908027089444, -0.8667531290530741, 39.473919372055754], [0.0, 0.0, 0.0, 1.0]]}, {"class": "Corn", "pose": [[-0.051597861507616395, -0.2800674385068288, 0.9585926445970266, -10.346570527493492], [-0.8627225056722109, -0.4709956711230053, -0.1840460952995158, 8.597075211641725], [0.5030383236383494, -0.8364957994352551, -0.2173180942543578, 39.712612219416876], [0.0, 0.0, 0.0, 1.0]]}, {"class": "SaladDressing", "pose": [[0.20663540362744365, -0.25043754101427257, 0.9458238819769281, -7.9642787842879486], [-0.8605244184476718, -0.5065524258952094, 0.05387368819676527, -1.8755586444826888], [0.46561740975826615, -0.8250367222943749, -0.32017927198338764, 39.93932302051648], [0.0, 0.0, 0.0, 1.0]]}]}