{"camera": {"camera": "RealSense D415", "extrinsics": [[-0.62136394, 0.7673374, -0.1584305, 0.3889454], [0.7331444, 0.49806792, -0.4630633, -0.43593156], [-0.27641663, -0.40388325, -0.8720505, 0.5825077], [0.0, 0.0, 0.0, 1.0]], "height": 480, "intrinsics": [[607.1532, 0.0, 326.28275], [0.0, 608.33, 245.73769], [0.0, 0.0, 1.0]], "width": 640}, "objects": [{"class": "CreamCheese", "pose": [[0.9794938870509171, -0.17310590346323243, 0.10308298904484979, 11.473348704663522], [-0.17863315797578302, -0.5095461318708546, 0.84169646367683, -5.894861183240973], [-0.09317707315248525, -0.8428505013903448, -0.5300197551489924, 43.519691463007916], [0.0, 0.0, 0.0, 1.0]]}, {"class": "Ketchup", "pose": [[0.9507794669173104, -0.18288737146071102, 0.2501412518218115, -0.09311681405238525], [-0.30923695595548745, -0.5085043026577512, 0.803614261850155, -9.589612785421203], [-0.019772984396634916, -0.8414127795348313, -0.54003096117439, 42.40873336991088], [0.0, 0.0, 0.0, 1.0]]}, {"class": "Cookies", "pose": [[-0.9609206888884072, -0.2186050989699817, -0.1698330697623698, 3.72903860753277], [-0.11665815867021981, 0.8761517775032808, -0.46770603950830814, 6.034917514825206], [0.2510424509550988, -0.4296159860142947, -0.8674143576646851, 39.30446722719938], [0.0, 0.0, 0.0, 1.0]]}, {"class": "Corn", "pose": [[-0.05872543183967806, -0.2780796433679979, 0.9587612147004733, -10.558120524918463], [-0.8621762733883336, -0.4699832814217582, -0.18912374623318387, 8.886257524521302], [0.5031931881060097, -0.837727467215062, -0.21215367453938505, 39.466141703401505], [0.0, 0.0, 0.0, 1.0]]}, {"class": "SaladDressing", "pose": [[0.19970992262427095, -0.24869536578256693, 0.9477692720583637, -8.231359684689366], [-0.8613355220238804, -0.5056869218477704, 0.048804284350961624, -1.5984520667824575], [0.46713711257424734, -0.8260939628377842, -0.3152008218932464, 39.710723809207316], [0.0, 0.0, 0.0, 1.0]]}]}