{"camera": {"camera": "RealSense D415", "extrinsics": [[-0.911324, -0.35910347, -0.2013285, 0.6225703], [-0.13607095, 0.72428083, -0.6759452, -0.26924098], [0.38855267, -0.5886102, -0.7089181, 0.1345949], [0.0, 0.0, 0.0, 1.0]], "height": 480, "intrinsics": [[604.50507, 0.0, 326.28275], [0.0, 602.9669, 245.73769], [0.0, 0.0, 1.0]], "width": 640}, "objects": [{"class": "OrangeJuice", "pose": [[-0.7185048820652649, -0.18737933979924062, 0.6698057311376041, -3.8494845663608834], [-0.3872147790541782, -0.6922164222534322, -0.6090165347875881, -4.032224204711721], [0.577767643028236, -0.6969400316950218, 0.42480482917516094, 46.48226712383623], [0.0, 0.0, 0.0, 1.0]]}, {"class": "ChocolatePudding", "pose": [[0.9125115479745844, -0.15981019050134465, -0.37654133614379026, -1.0073448592844647], [0.170230906926201, -0.6886612734609436, 0.7048170604931707, -30.783453182679665], [-0.37194638476547925, -0.7072526800564808, -0.6012067310109015, 80.87702548508014], [0.0, 0.0, 0.0, 1.0]]}, {"class": "CreamCheese", "pose": [[0.9691649380083558, -0.24444590580440054, -0.03107285102346744, -12.326044618740728], [-0.163350201475097, -0.7317542248952589, 0.6617042133959737, -26.53131506068222], [-0.1844885758341304, -0.6362247664806875, -0.749120825970877, 79.48853008197574], [0.0, 0.0, 0.0, 1.0]]}, {"class": "Raisins", "pose": [[0.3167906258760573, -0.16097321571351295, -0.9347359644198501, 5.20622475389848], [0.6643885570139807, -0.6656730891508748, 0.33980462576194065, -38.64557261712245], [-0.6769280202990099, -0.7286747986606802, -0.10393023203515296, 81.341978780666], [0.0, 0.0, 0.0, 1.0]]}, {"class": "BBQSauce", "pose": [[0.7238967262272781, -0.1555667920121512, -0.672140240560315, 12.803690880307455], [0.38557166814593474, -0.716670517119162, 0.5811349745242622, -34.26449433159472], [-0.5721083974917612, -0.6798399393351363, -0.45881329362193457, 73.6253143101516], [0.0, 0.0, 0.0, 1.0]]}, {"class": "SaladDressing", "pose": [[0.25367570062169925, -0.2535144821569053, -0.9334768589798109, 23.765475368899846], [0.6600860175675322, -0.6600496232160942, 0.3586376225441709, -32.929428644884986], [-0.7070608802118336, -0.7071526725036226, -9.71856917842495e-05, 69.97815694618176], [0.0, 0.0, 0.0, 1.0]]}, {"class": "Mayo", "pose": [[0.0771677935934576, 0.9674866215355662, -0.24086255163809875, 13.501997580608926], [0.6953000208683402, 0.12092173015681565, 0.7084742875760347, -24.33158998290981], [0.7145649114058182, -0.22214313477031095, -0.6633622050298132, 70.81471389650405], [0.0, 0.0, 0.0, 1.0]]}, {"class": "Mushrooms", "pose": [[0.7232180928232184, -0.13238311925569599, -0.6778128797457897, 24.806475376017723], [0.39883567404932446, -0.7211883173583082, 0.5664075529259072, -23.61378892985985], [-0.5638135288539722, -0.6799721469604659, -0.4687773288451636, 68.33118407328959], [0.0, 0.0, 0.0, 1.0]]}, {"class": "Parmesan", "pose": [[0.9778948787342143, -0.18521124781559814, -0.0970484406262653, -7.105634617694556], [-0.06756176940242305, -0.7191105109711955, 0.6916035571958578, -19.233085234112878], [-0.1978813115496622, -0.6697588123297367, -0.7157276855383269, 67.79932173781724], [0.0, 0.0, 0.0, 1.0]]}, {"class": "Mustard", "pose": [[0.9091545609646722, -0.2312106130086765, -0.34638076838832355, -4.180147561060544], [0.12021921608871328, -0.6506155865476463, 0.7498311134010621, -15.87689036157815], [-0.39872963817623175, -0.7233540011456446, -0.5637141692972041, 59.747976433501506], [0.0, 0.0, 0.0, 1.0]]}, {"class": "Milk", "pose": [[-0.196107575685243, -0.5968084974968355, -0.7780497645230849, 3.3800686301124427], [-0.6572839593775863, -0.5088123786389996, 0.5559566170922404, -18.169855079590324], [-0.7276809847067472, 0.6204269341826596, -0.2924906901713718, 66.19620826811797], [0.0, 0.0, 0.0, 1.0]]}, {"class": "AlphabetSoup", "pose": [[0.9786038994140371, -0.19792414625496482, 0.05621779416595541, 19.36471255439863], [-0.17695360784640005, -0.6701879083552088, 0.7207881714932715, -14.306226004922253], [-0.10498489758905764, -0.7153140567776606, -0.6908718922162786, 58.16009815928553], [0.0, 0.0, 0.0, 1.0]]}, {"class": "Yogurt", "pose": [[0.9736889490384164, -0.18096350169088857, -0.13849924756560889, 28.64856566458618], [-0.029496022683785258, -0.7027393097165503, 0.7108357385676015, -15.201965576509997], [-0.22596419000873938, -0.6880477262769507, -0.6895872034767002, 58.70345444306986], [0.0, 0.0, 0.0, 1.0]]}, {"class": "Cherries", "pose": [[0.8344492406419517, -0.18365099876716917, 0.5195832709430622, -12.137443719962803], [-0.48812622559408914, -0.6839341192561824, 0.5421871525631519, -8.721872481438457], [0.25578751470573907, -0.7060498786694118, -0.6603531753172462, 62.52567216532986], [0.0, 0.0, 0.0, 1.0]]}, {"class": "Cookies", "pose": [[0.7109123563920222, -0.2127912687179265, 0.6703159683959193, -24.70996510975726], [-0.5815084963025717, -0.7139144729369502, 0.39009485264366134, -8.799513751330998], [0.3955394926642165, -0.6671176817388167, -0.6312705509164531, 57.528099034453064], [0.0, 0.0, 0.0, 1.0]]}, {"class": "TomatoSauce", "pose": [[0.48066173737656454, -0.18200341723507002, -0.8578106144930246, 7.752706527931341], [0.5698908455616695, -0.6786452427157718, 0.4633196074895355, -6.728082782089128], [-0.6664748445118905, -0.7115584239217527, -0.22247672008289543, 53.87980885156129], [0.0, 0.0, 0.0, 1.0]]}, {"class": "PeasAndCarrots", "pose": [[0.9551536449756017, -0.17935405061219695, 0.23561332521489634, 17.72546760344248], [-0.2937853115217088, -0.6735155355898774, 0.6782823999288008, -4.142753993718628], [0.03703653903803023, -0.7170836407617165, -0.6960024043981503, 50.90499257766303], [0.0, 0.0, 0.0, 1.0]]}, {"class": "Ketchup", "pose": [[0.9401380043659154, -0.18621480787918832, 0.2854200029314532, -18.784359758810186], [-0.3287967825731433, -0.7158856561151435, 0.6159548710239564, 2.6418047914550327], [0.0896281680969932, -0.6729277618698062, -0.7342581417924282, 46.847672663745186], [0.0, 0.0, 0.0, 1.0]]}, {"class": "MacaroniAndCheese", "pose": [[-0.36278840143211893, 0.9154294007305828, -0.17428019986325002, 13.218501298246949], [0.7326092050565699, 0.164599496901874, -0.6604473925196702, 7.445531481162371], [-0.5759065275309085, -0.367281932441138, -0.7303667939122059, 41.970211082278816], [0.0, 0.0, 0.0, 1.0]]}, {"class": "Pineapple", "pose": [[0.9787036276025216, -0.19400409830447785, -0.06709410673622314, -5.857215586533204], [-0.08732349206961276, -0.6892631349907378, 0.7192294060141788, 9.247674241200137], [-0.18577894673625833, -0.6980535370469851, -0.6915254459278848, 43.788513832831235], [0.0, 0.0, 0.0, 1.0]]}]}