{"camera": {"camera": "RealSense D415", "extrinsics": [[-0.89555246, -0.42733243, 0.12398703, 0.51972765], [-0.4001196, 0.65151477, -0.6445408, -0.078177765], [0.1946538, -0.6268297, -0.7544497, 0.019209243], [0.0, 0.0, 0.0, 1.0]], "height": 480, "intrinsics": [[603.75165, 0.0, 326.28275], [0.0, 603.20245, 245.73769], [0.0, 0.0, 1.0]], "width": 640}, "objects": [{"class": "ChocolatePudding", "pose": [[0.9833288491062062, 0.1310244309196312, 0.12608300394947275, 1.1324283154592663], [0.0033265995098123065, -0.7062352787471562, 0.7079694110852777, 5.141179295203322], [0.1818055522564009, -0.6957472935307003, -0.6948973762707313, 33.7007536997838], [0.0, 0.0, 0.0, 1.0]]}, {"class": "MacaroniAndCheese", "pose": [[0.1438796445541309, 0.8471789451150268, 0.5114552118260597, -2.270345626555703], [-0.6134680810231999, 0.48189875200057786, -0.6256440910212496, -5.750992394936686], [-0.7765021028521383, -0.22374399354865268, 0.5890526533779504, 37.11532305086118], [0.0, 0.0, 0.0, 1.0]]}, {"class": "Milk", "pose": [[-0.11455912010484008, 0.9807157563857516, 0.15834381593482216, -6.000882733070723], [0.7305617782898012, 0.1911796085128998, -0.6555378460735164, -16.407699621313476], [-0.6731683913135382, 0.04058210081555588, -0.7383747888872124, 48.59543068544431], [0.0, 0.0, 0.0, 1.0]]}, {"class": "Ketchup", "pose": [[0.9431790461769505, 0.14140406938401812, 0.3006960706122538, -15.970010853629358], [-0.12982654060745638, -0.676186515458579, 0.7252012740678909, -9.161298982026938], [0.305873034715134, -0.7230329510470502, -0.6194069398778512, 35.96607967336942], [0.0, 0.0, 0.0, 1.0]]}, {"class": "OrangeJuice", "pose": [[-0.9163403777153937, -0.3835380232714481, -0.11497324793495173, 11.013337022405828], [0.23222976674286924, -0.7430050828696263, 0.6277043926182605, -2.968676424250612], [-0.32617420501145633, 0.5484906598746503, 0.7699144776206712, 40.97452805892882], [0.0, 0.0, 0.0, 1.0]]}]}