{"camera": {"camera": "RealSense D415", "extrinsics": [[-0.9340401, -0.31621724, -0.16605918, 0.63008523], [-0.12882932, 0.73191273, -0.6691089, -0.27057928], [0.3331246, -0.6035813, -0.72437394, 0.14969797], [0.0, 0.0, 0.0, 1.0]], "height": 480, "intrinsics": [[604.50507, 0.0, 326.28275], [0.0, 602.9669, 245.73769], [0.0, 0.0, 1.0]], "width": 640}, "objects": [{"class": "OrangeJuice", "pose": [[-0.7553353544760908, -0.15301049746852408, 0.6372254649548991, -4.693699353546332], [-0.38325431806804217, -0.6856064821862994, -0.6189183301237169, -3.6748964704747253], [0.5315868733644026, -0.7117103099874524, 0.4592208649302047, 44.1974523871659], [0.0, 0.0, 0.0, 1.0]]}, {"class": "ChocolatePudding", "pose": [[0.9345968084082639, -0.12484510227034155, -0.33308033474864407, -4.164339958990581], [0.16286550890806267, -0.682279768423292, 0.7127195547374713, -30.678897926227183], [-0.3162334898153358, -0.7203527212329365, -0.6173235043269775, 78.50793227299884], [0.0, 0.0, 0.0, 1.0]]}, {"class": "CreamCheese", "pose": [[0.9766345301037651, -0.21396871931381517, 0.020059536591824422, -15.336798156973908], [-0.17251960136742245, -0.7249257789729201, 0.6668730180636596, -26.296738398614195], [-0.1281482738052784, -0.6547518861940341, -0.7449013085698706, 76.48446529022948], [0.0, 0.0, 0.0, 1.0]]}, {"class": "Raisins", "pose": [[0.3630600595104307, -0.1245035047233689, -0.923410133009139, 1.9295032655148758], [0.6653582405433435, -0.6591411539849691, 0.35047306738354883, -38.61001979352228], [-0.6522927049023791, -0.7416413147950871, -0.15646839739441376, 79.28248529036148], [0.0, 0.0, 0.0, 1.0]]}, {"class": "BBQSauce", "pose": [[0.7603662438004424, -0.1225175322596697, -0.6378343302315126, 10.01432162564705], [0.3815166293638143, -0.7105111455595946, 0.5912858814915763, -34.260354243943134], [-0.5256312502093158, -0.6929382317501325, -0.49350619838601356, 72.05902584424466], [0.0, 0.0, 0.0, 1.0]]}, {"class": "SaladDressing", "pose": [[0.30179437518598545, -0.21809161374907146, -0.9280927789625931, 21.185594919035193], [0.6619290200044121, -0.6526668445561864, 0.36861359523202647, -33.01906800561106], [-0.6861268787099681, -0.7255770559612321, -0.05261002031341964, 69.07461019455627], [0.0, 0.0, 0.0, 1.0]]}, {"class": "Mayo", "pose": [[0.04198793635696205, 0.9801151592116966, -0.19393630688448, 10.979835050026288], [0.6897559158556656, 0.111993633207765, 0.7153280525464114, -24.317376290812092], [0.7228235002036517, -0.1638038385917351, -0.6713378151713035, 69.36557650476279], [0.0, 0.0, 0.0, 1.0]]}, {"class": "Mushrooms", "pose": [[0.7593356167897385, -0.09941436067219858, -0.643060035463845, 22.418080716179674], [0.39473274126323055, -0.7152761744198051, 0.5766854232412925, -23.704571043537104], [-0.5172962971314577, -0.6917346351451324, -0.5038925555887264, 67.55853960489175], [0.0, 0.0, 0.0, 1.0]]}, {"class": "Parmesan", "pose": [[0.9871277287417884, -0.15272932258470712, -0.04746160991763223, -9.360005925095038], [-0.07674487656107994, -0.7126990415761559, 0.6972591484913344, -18.97875707561789], [-0.1403177416532799, -0.684641408290191, -0.7152461432924855, 65.17608229269283], [0.0, 0.0, 0.0, 1.0]]}, {"class": "Mustard", "pose": [[0.9323122746163703, -0.19477353663965175, -0.30472462202553596, -5.9295576549657225], [0.11306848538356161, -0.6433668577747159, 0.7571622177756613, -15.601643483838995], [-0.3435248566394596, -0.7403663825782719, -0.5777960405556836, 57.33555906585234], [0.0, 0.0, 0.0, 1.0]]}, {"class": "Milk", "pose": [[-0.15954683141138332, -0.6376319548075285, -0.7536380444477268, 1.2124923032649226], [-0.6503826530942268, -0.5064248466361588, 0.5661592526493426, -18.017520123467566], [-0.7426622631575048, 0.5804819856947373, -0.3339062731197071, 64.20206560398411], [0.0, 0.0, 0.0, 1.0]]}, {"class": "AlphabetSoup", "pose": [[0.981219720066757, -0.16222375370219894, 0.10436147723637908, 17.682929322730033], [-0.18674183782221795, -0.6633468114973348, 0.7246368150873262, -14.27305955257864], [-0.04832543675986231, -0.7305165886899824, -0.6811828960519661, 57.15087770554654], [0.0, 0.0, 0.0, 1.0]]}, {"class": "Yogurt", "pose": [[0.9849808551232087, -0.14724001575459508, -0.09018367948480253, 26.908740446670866], [-0.03845381681503943, -0.696255317369996, 0.7167634596595784, -15.271763942851749], [-0.16832710812091806, -0.7025303818219234, -0.6914600634540059, 58.234627280052905], [0.0, 0.0, 0.0, 1.0]]}, {"class": "Cherries", "pose": [[0.812803685808288, -0.14866531072092914, 0.5632484327264361, -13.962833593748769], [-0.4986991197723807, -0.6773053453588785, 0.540885086856114, -8.38003870585341], [0.3010803187417297, -0.7205248919689293, -0.6246555000818967, 59.6899888316319], [0.0, 0.0, 0.0, 1.0]]}, {"class": "Cookies", "pose": [[0.6802705766230107, -0.18036214528663358, 0.7104234247071785, -26.21831003555456], [-0.5916620223665167, -0.707225085338426, 0.38699967707224786, -8.29033264709963], [0.4326291609158644, -0.6835950581522621, -0.5878178099190814, 53.95890589930921], [0.0, 0.0, 0.0, 1.0]]}, {"class": "TomatoSauce", "pose": [[0.5250442611549113, -0.1466407475495239, -0.8383465979119172, 6.422818436846556], [0.5690436433371705, -0.6719985989384512, 0.473927457633678, -6.543144999084297], [-0.6328647749978555, -0.7258886961341725, -0.2693840185582076, 52.24719141392011], [0.0, 0.0, 0.0, 1.0]]}, {"class": "PeasAndCarrots", "pose": [[0.948217239717055, -0.1436168586913708, 0.28329890124578244, 16.580024521740235], [-0.30423970970206815, -0.6668616362122411, 0.68024538020154, -4.045482145563259], [0.09122647117496734, -0.7312111737359559, -0.6760236108477813, 49.88450979503338], [0.0, 0.0, 0.0, 1.0]]}, {"class": "Ketchup", "pose": [[0.9297608324069322, -0.1535106216827236, 0.3346330629161242, -19.554457223149335], [-0.3394306626234264, -0.7094430090357577, 0.6176386178811313, 3.156271994861237], [0.1425890032831766, -0.687840921705379, -0.711718493951947, 43.72873601147922], [0.0, 0.0, 0.0, 1.0]]}, {"class": "MacaroniAndCheese", "pose": [[-0.32056009395848617, 0.93717579411685, -0.137632700790377, 12.728475577414045], [0.7401970496298987, 0.15717283825368258, -0.6537622249191817, 7.648488010708671], [-0.5910579812328827, -0.31144536998564804, -0.7440780983192798, 40.78241913695454], [0.0, 0.0, 0.0, 1.0]]}, {"class": "Pineapple", "pose": [[0.9870163087541599, -0.15952710043614546, -0.018705980963959763, -6.401740347565454], [-0.09659267682940119, -0.682575167977166, 0.7244039031787984, 9.643048893985966], [-0.1283302734898165, -0.7131916084747545, -0.6891219359229868, 41.4849033950104], [0.0, 0.0, 0.0, 1.0]]}]}