{"camera": {"camera": "RealSense D415", "extrinsics": [[-0.93578434, -0.3131362, -0.1620289, 0.63777566], [-0.13334714, 0.7397614, -0.6595238, -0.27406836], [0.32638347, -0.595566, -0.73401296, 0.14733994], [0.0, 0.0, 0.0, 1.0]], "height": 480, "intrinsics": [[604.50507, 0.0, 326.28275], [0.0, 602.9669, 245.73769], [0.0, 0.0, 1.0]], "width": 640}, "objects": [{"class": "OrangeJuice", "pose": [[-0.7580907508188806, -0.14904470465150493, 0.6348890969562544, -4.085421473306572], [-0.3903407170176696, -0.6761850164575468, -0.6248264085572265, -4.421119211154631], [0.5224294914074776, -0.7214981506099746, 0.45443138481237005, 43.903926322296506], [0.0, 0.0, 0.0, 1.0]]}, {"class": "ChocolatePudding", "pose": [[0.9362431181225946, -0.12083411087294971, -0.3299212289522169, -3.734120455454004], [0.16715773455122365, -0.6727405181613596, 0.720748624471647, -31.87509740120733], [-0.3090423344699297, -0.7299447870135308, -0.6096502946325256, 77.85773589785356], [0.0, 0.0, 0.0, 1.0]]}, {"class": "CreamCheese", "pose": [[0.9773448305223079, -0.2102988268320013, 0.023907354101246423, -14.896522879263596], [-0.17067207907700604, -0.7162608366149756, 0.676639895386927, -27.4682722150704], [-0.12517262380254113, -0.6653907924576599, -0.7359259105992491, 75.83233749600176], [0.0, 0.0, 0.0, 1.0]]}, {"class": "Raisins", "pose": [[0.3664068878038262, -0.12038342801155187, -0.9226342171878406, 2.35720412987821], [0.6739543210782033, -0.6493231638235102, 0.3523706779746713, -39.814851669237164], [-0.6415072965126454, -0.7509243216240604, -0.15678357708274424, 78.56032111140942], [0.0, 0.0, 0.0, 1.0]]}, {"class": "BBQSauce", "pose": [[0.7630900219435003, -0.11864739533303972, -0.6353081849674778, 10.479681591745537], [0.3885253871869019, -0.7013305752720157, 0.5976483417311356, -35.369136801142965], [-0.5164704034966038, -0.7028928088456237, -0.48908083167667094, 71.4382966759695], [0.0, 0.0, 0.0, 1.0]]}, {"class": "SaladDressing", "pose": [[0.3053241825415511, -0.21405770492478046, -0.9278774263949919, 21.666522146252998], [0.6709625592970604, -0.6430749193613228, 0.3691395194016194, -34.086973651574716], [-0.6757117974222325, -0.7352782006236602, -0.05272165437876868, 68.53045559895021], [0.0, 0.0, 0.0, 1.0]]}, {"class": "Mayo", "pose": [[0.0379632686378732, 0.9809548076324741, -0.19049023994100947, 11.457461440622186], [0.6801713198120362, 0.11428707505334879, 0.7240894508656985, -25.39136726754062], [0.7320695587637088, -0.15705474523607438, -0.662878575953938, 68.88139100596642], [0.0, 0.0, 0.0, 1.0]]}, {"class": "Mushrooms", "pose": [[0.762011866200935, -0.09554997308286672, -0.640474975552168, 22.905095963693732], [0.40163029923435817, -0.7061076812848696, 0.5831853374712967, -24.753115778521163], [-0.5079675733100104, -0.7016282665987313, -0.49968666012169943, 67.14395489057408], [0.0, 0.0, 0.0, 1.0]]}, {"class": "Parmesan", "pose": [[0.9878823317213141, -0.14890274951806742, -0.04377837085297335, -8.860789469209863], [-0.07474368255998333, -0.7036320973218958, 0.706622492006765, -20.000946054972577], [-0.13602184609620868, -0.6947876843896849, -0.7062352082227151, 64.65363455197055], [0.0, 0.0, 0.0, 1.0]]}, {"class": "Mustard", "pose": [[0.9341157052884996, -0.19066270716221898, -0.3017874369927599, -5.389096767655921], [0.11772455504289447, -0.6335773258893063, 0.7646703825394253, -16.520243012780274], [-0.33699973788456217, -0.7498183692683118, -0.5693888197900656, 56.87682687355948], [0.0, 0.0, 0.0, 1.0]]}, {"class": "Milk", "pose": [[-0.15542267933014753, -0.6406244050813534, -0.751960263750498, 1.716569352375763], [-0.6405570873568461, -0.5141280342286665, 0.5704025551583426, -19.0254035463151], [-0.7520176119265416, 0.5703269005420588, -0.33044935496800415, 63.74908557107394], [0.0, 0.0, 0.0, 1.0]]}, {"class": "AlphabetSoup", "pose": [[0.981505178608921, -0.15816185330740523, 0.10785401438034063, 18.223753007698267], [-0.18594491331084728, -0.6536806574221088, 0.7335708418415401, -15.185886178609001], [-0.04552079501589204, -0.740058448636079, -0.6710002892338129, 56.836304272849134], [0.0, 0.0, 0.0, 1.0]]}, {"class": "Yogurt", "pose": [[0.9858773163091679, -0.14332120133393902, -0.08663155505328307, 27.44383932301387], [-0.036086946913060504, -0.686953124254764, 0.7258052287034038, -16.19744431485858], [-0.16353504002788893, -0.7124286071950849, -0.6824234819095326, 57.95625061848339], [0.0, 0.0, 0.0, 1.0]]}, {"class": "Cherries", "pose": [[0.8112863731060075, -0.14465413370384828, 0.5664712510892378, -13.436444089422306], [-0.5025068054708344, -0.6677677408764687, 0.5491568513405966, -9.331485023688616], [0.2988334327331989, -0.7301790922321827, -0.6144404861955769, 59.28315262626902], [0.0, 0.0, 0.0, 1.0]]}, {"class": "Cookies", "pose": [[0.6780702131559135, -0.176541971683967, 0.7134800586984543, -25.661044700821567], [-0.597215549321135, -0.6981764546708557, 0.39482061555391834, -9.1680118660601], [0.42843256661476387, -0.6938174513946507, -0.5788461957484886, 53.48811208920502], [0.0, 0.0, 0.0, 1.0]]}, {"class": "TomatoSauce", "pose": [[0.5283055221276745, -0.14260200008088791, -0.8369934412873578, 6.988411280955753], [0.5774156168517497, -0.6623904350991408, 0.4773156288861375, -7.393632583653489], [-0.622482545102864, -0.7354615295350994, -0.2676039198975463, 51.97464669887075], [0.0, 0.0, 0.0, 1.0]]}, {"class": "PeasAndCarrots", "pose": [[0.9477806439095022, -0.13955073979834073, 0.28677084570775796, 17.15759405033881], [-0.30527746262569727, -0.6571832970241815, 0.6891414060984341, -4.863548186988628], [0.09229085140143513, -0.7406995240324586, -0.6654672435019373, 49.69960340752139], [0.0, 0.0, 0.0, 1.0]]}, {"class": "Ketchup", "pose": [[0.929056825413357, -0.14966759391737847, 0.33830918163649415, -18.94493558289159], [-0.34114529729382276, -0.7003342748169997, 0.6270182472025353, 2.413462505282965], [0.1430852331791351, -0.6979481343693932, -0.7017086689679229, 43.44563134510871], [0.0, 0.0, 0.0, 1.0]]}, {"class": "MacaroniAndCheese", "pose": [[-0.3175479154893727, 0.9387976367734296, -0.13350054102023517, 13.352352014777347], [0.7478792382674251, 0.16140280202145482, -0.6439144921045368, 6.94885806452673], [-0.5829580135386948, -0.3043159246292509, -0.753360345914518, 40.73195959830064], [0.0, 0.0, 0.0, 1.0]]}, {"class": "Pineapple", "pose": [[0.9877109645327715, -0.1555539317217159, -0.015169072594438431, -5.781787440398201], [-0.09474783503043209, -0.6731353870539565, 0.7334246322062346, 8.931185266855396], [-0.12429787287839787, -0.7229742783599716, -0.67960155234973, 41.35808313456583], [0.0, 0.0, 0.0, 1.0]]}]}