{"camera": {"camera": "RealSense D415", "extrinsics": [[-0.9466053, -0.2859488, -0.14890133, 0.632026], [-0.1188164, 0.7387771, -0.66339356, -0.27937707], [0.29970148, -0.61028, -0.73330575, 0.17021444], [0.0, 0.0, 0.0, 1.0]], "height": 480, "intrinsics": [[604.50507, 0.0, 326.28275], [0.0, 602.9669, 245.73769], [0.0, 0.0, 1.0]], "width": 640}, "objects": [{"class": "OrangeJuice", "pose": [[-0.7780734050987475, -0.136506123765795, 0.6131621901758423, -5.185447167715962], [-0.3764292644905909, -0.6801150584577077, -0.6290822947939578, -3.8569953442796874], [0.5028943834161893, -0.720284374179199, 0.47779453797294297, 43.99934754890826], [0.0, 0.0, 0.0, 1.0]]}, {"class": "ChocolatePudding", "pose": [[0.9469907770431203, -0.10801762604676893, -0.3025568998837158, -6.185272055657554], [0.15275900938487355, -0.6770971681969808, 0.7198639645102898, -31.03492600676223], [-0.28261837947352125, -0.7279228050623376, -0.6247040919739415, 78.16169245188689], [0.0, 0.0, 0.0, 1.0]]}, {"class": "CreamCheese", "pose": [[0.9783159769688501, -0.1998928899150999, 0.05422821016438776, -17.225633157901466], [-0.18405079987141718, -0.7189523463994549, 0.6702483451695357, -26.50380448368786], [-0.0949903492469693, -0.6656953926488519, -0.740152983396729, 75.77403015807965], [0.0, 0.0, 0.0, 1.0]]}, {"class": "Raisins", "pose": [[0.39374487237042444, -0.10664920879013007, -0.9130120145733004, -0.22010838474443295], [0.6639975379926194, -0.6538595676848724, 0.36273261890238556, -39.045169698193725], [-0.6356667522577607, -0.7490618153441051, -0.18663905792334448, 79.10528770852096], [0.0, 0.0, 0.0, 1.0]]}, {"class": "BBQSauce", "pose": [[0.7828717366451167, -0.10699499845506776, -0.6129142935815889, 8.164627672610392], [0.3745995193987905, -0.705490672385177, 0.6016295610862201, -34.76099158177411], [-0.49677663015510926, -0.7005961577813672, -0.5122284300083008, 72.19122494550386], [0.0, 0.0, 0.0, 1.0]]}, {"class": "SaladDressing", "pose": [[0.3336592240683932, -0.20065408444099786, -0.92109145995389, 19.447623620620202], [0.6615001445085417, -0.6462980738305533, 0.38041605658435845, -33.64438130487256], [-0.6716316366049274, -0.736231439989687, -0.08291062994064523, 69.60432324391995], [0.0, 0.0, 0.0, 1.0]]}, {"class": "Mayo", "pose": [[0.025222860084447945, 0.9865353114041957, -0.1615917810117429, 9.345659208677326], [0.6855938279810712, 0.10056982397546291, 0.7210040437257607, -24.81762441099587], [0.7275471811239994, -0.12897207929169174, -0.6738258403153964, 69.58655402837836], [0.0, 0.0, 0.0, 1.0]]}, {"class": "Mushrooms", "pose": [[0.7817135132655431, -0.08400819317165836, -0.617953577274891, 20.846647865965366], [0.38778605688501494, -0.7105493743875381, 0.5871469817448971, -24.33859359198828], [-0.48841164421192523, -0.6986144890807393, -0.5228688387346404, 68.18221520662028], [0.0, 0.0, 0.0, 1.0]]}, {"class": "Parmesan", "pose": [[0.9904037925270266, -0.13750243713091498, -0.013907715121612233, -10.768495650555677], [-0.0883553592416438, -0.7073426145326295, 0.7013271516835201, -19.20507514393935], [-0.10627168072413556, -0.6933682294548515, -0.7127038580881715, 64.72014631700036], [0.0, 0.0, 0.0, 1.0]]}, {"class": "Mustard", "pose": [[0.9450477241801264, -0.17672173515888254, -0.27505316641179584, -7.025374211914759], [0.10312999131239381, -0.6372165785411615, 0.7637533989798613, -15.832258215134997], [-0.3102402254787255, -0.7501496208658552, -0.5839747510678616, 57.02210605791398], [0.0, 0.0, 0.0, 1.0]]}, {"class": "Milk", "pose": [[-0.14152528260516264, -0.6636702256363188, -0.7345151073981571, -0.1574381218649057], [-0.6446597369997887, -0.5012986419659841, 0.5771598674401363, -18.370967756020562], [-0.7512552229466177, 0.5551949893442614, -0.35689504742641504, 64.12003952179352], [0.0, 0.0, 0.0, 1.0]]}, {"class": "AlphabetSoup", "pose": [[0.9799386725852112, -0.14478341970681424, 0.1369597618232969, 16.5937302059457], [-0.19872388268185742, -0.6576494343952204, 0.726640253096803, -14.797379485462821], [-0.015133923268078726, -0.7392800389165294, -0.6732280070682889, 57.66687289372945], [0.0, 0.0, 0.0, 1.0]]}, {"class": "Yogurt", "pose": [[0.989706144503091, -0.13119071951636357, -0.05719055563961186, 25.763147163743543], [-0.04990238845095495, -0.6908803250468332, 0.7212448582965196, -15.916422074824869], [-0.1341324290619288, -0.710966501559324, -0.6903152078648523, 59.06581984983112], [0.0, 0.0, 0.0, 1.0]]}, {"class": "Cherries", "pose": [[0.7956145953982342, -0.13175438387637028, 0.5913021350607662, -15.04651634326757], [-0.5102813195082856, -0.6718252510072854, 0.5369020623903132, -8.522760036970483], [0.3265125141219829, -0.7288975290983537, -0.6017457363962831, 59.134203066526005], [0.0, 0.0, 0.0, 1.0]]}, {"class": "Cookies", "pose": [[0.6574405116748534, -0.16508556701823143, 0.7351998001766157, -27.092581904506098], [-0.602233739658853, -0.7015296863760767, 0.38101265002449564, -8.251853792569404], [0.4528647964267464, -0.6932552571988282, -0.5606340924333786, 52.980425450297595], [0.0, 0.0, 0.0, 1.0]]}, {"class": "TomatoSauce", "pose": [[0.5537566046881426, -0.12947886398245306, -0.8225502194728495, 5.607400907846527], [0.5655751905401599, -0.6665176945584903, 0.4856736396130517, -6.903460632977174], [-0.6111287079957776, -0.7341589607526753, -0.2958585535099715, 52.41573631184559], [0.0, 0.0, 0.0, 1.0]]}, {"class": "PeasAndCarrots", "pose": [[0.9406463508000047, -0.12620823080074758, 0.31504911079629927, 15.870778532357027], [-0.3164900247573394, -0.6613925747674592, 0.67999554689767, -4.5210153603286924], [0.1225501288235468, -0.7393452083198233, -0.6620801235008481, 50.42163131702437], [0.0, 0.0, 0.0, 1.0]]}, {"class": "Ketchup", "pose": [[0.9199782715954407, -0.1381315663602574, 0.36682375492310376, -19.935716570336083], [-0.3517017442603173, -0.7040613003730616, 0.6169307788806896, 3.1612233749145293], [0.17304881375494602, -0.6965754457756203, -0.6963021739701448, 43.0502181002761], [0.0, 0.0, 0.0, 1.0]]}, {"class": "MacaroniAndCheese", "pose": [[-0.29062371308424795, 0.9493309944888497, -0.11961829836900026, 12.483125760739744], [0.7470528771322349, 0.14701099543541904, -0.6483053165898214, 7.264973711138062], [-0.5978711104929683, -0.27777405521854776, -0.7519253091633485, 41.253987264046195], [0.0, 0.0, 0.0, 1.0]]}, {"class": "Pineapple", "pose": [[0.9896303064414864, -0.14292933303722222, 0.014250590823653677, -6.633988864248208], [-0.1082592934847101, -0.6769954118283849, 0.7279815624496255, 9.494474983285278], [-0.09440230364350591, -0.7219753544566353, -0.6854485784499549, 41.30065088713694], [0.0, 0.0, 0.0, 1.0]]}]}