{"camera": {"camera": "RealSense D415", "extrinsics": [[-0.9047961, -0.41084796, 0.11201759, 0.5195881], [-0.3807403, 0.6626524, -0.6449253, -0.091292925], [0.19073753, -0.6261755, -0.7559917, 0.021396903], [0.0, 0.0, 0.0, 1.0]], "height": 480, "intrinsics": [[603.75165, 0.0, 326.28275], [0.0, 603.20245, 245.73769], [0.0, 0.0, 1.0]], "width": 640}, "objects": [{"class": "ChocolatePudding", "pose": [[0.9825925291428171, 0.11750440751184618, 0.14389078097018745, 1.3196996435693942], [-0.01899778450832686, -0.7069316832981687, 0.707026655778119, 4.860397930575758], [0.1847997026437442, -0.6974527408496508, -0.6923934944368592, 33.80356675772926], [0.0, 0.0, 0.0, 1.0]]}, {"class": "MacaroniAndCheese", "pose": [[0.13266199259282443, 0.8583365979530462, 0.49563999162284195, -2.3341113011072445], [-0.6142368398415816, 0.4636560023431093, -0.6385422685464385, -5.963605956997835], [-0.7778906836518149, -0.2197300651742119, 0.5887315090095315, 37.17523706255626], [0.0, 0.0, 0.0, 1.0]]}, {"class": "Milk", "pose": [[-0.09625803272106344, 0.9845797055868334, 0.14607229526304458, -6.335405787354942], [0.7348831379866401, 0.16927843510463383, -0.6567279479047875, -16.568483994745726], [-0.6713279245659101, 0.04413072329400342, -0.7398454594805376, 48.61208094610333], [0.0, 0.0, 0.0, 1.0]]}, {"class": "Ketchup", "pose": [[0.9391181532610825, 0.1286317637756323, 0.3186077282861511, -16.102332766905736], [-0.1515899993305553, -0.6770408171377403, 0.7201640206787762, -9.066089254187563], [0.30834641220152176, -0.7246168764867504, -0.6163220581379721, 35.9742184944712], [0.0, 0.0, 0.0, 1.0]]}, {"class": "OrangeJuice", "pose": [[-0.909954666073956, -0.401603385491248, -0.10342701490617275, 10.995913564317823], [0.253432089846891, -0.7359204018087688, 0.6278481907955579, -3.487647746177587], [-0.3282600177069851, 0.5451016893063868, 0.7714334164687997, 41.08305381842108], [0.0, 0.0, 0.0, 1.0]]}]}