{"camera": {"camera": "RealSense D415", "extrinsics": [[-0.9822577, -0.17123996, -0.076463014, 0.6865242], [-0.084498465, 0.7681123, -0.63471526, -0.29890367], [0.1674208, -0.616993, -0.7689538, 0.25678137], [0.0, 0.0, 0.0, 1.0]], "height": 480, "intrinsics": [[604.50507, 0.0, 326.28275], [0.0, 602.9669, 245.73769], [0.0, 0.0, 1.0]], "width": 640}, "objects": [{"class": "OrangeJuice", "pose": [[-0.8531157783346569, -0.06661646397480522, 0.5174511752268769, -1.6871855949531445], [-0.3551720495840868, -0.6523454416884815, -0.6695507876098824, -3.5296293646285615], [0.38215998476081237, -0.7549885567279088, 0.5328658794203569, 44.17312013629828], [0.0, 0.0, 0.0, 1.0]]}, {"class": "ChocolatePudding", "pose": [[0.9817426210514699, -0.03726264473233289, -0.18652861597693707, -8.36066726674619], [0.11788573387181348, -0.6503991349161286, 0.750389189911722, -31.602215732702305], [-0.1492795026678837, -0.7586781328933864, -0.6341318009259118, 76.94658367093027], [0.0, 0.0, 0.0, 1.0]]}, {"class": "CreamCheese", "pose": [[0.973869289819387, -0.13827353805498557, 0.18016392058392341, -18.787482399431532], [-0.22523154157079642, -0.6898294754784223, 0.6880451037027465, -26.510767105671928], [0.02914397531080179, -0.7106446183329266, -0.7029472777743998, 73.27503857200671], [0.0, 0.0, 0.0, 1.0]]}, {"class": "Raisins", "pose": [[0.5021033122792318, -0.0321280956391233, -0.8642106528668567, -2.9082731474898926], [0.6634827776550574, -0.6266509685252845, 0.40877767146453686, -39.897325756674846], [-0.554691655875818, -0.7786375264151224, -0.29332710333821815, 78.39575636748289], [0.0, 0.0, 0.0, 1.0]]}, {"class": "BBQSauce", "pose": [[0.8569734092896117, -0.041068640961040646, -0.5137216617584702, 6.494466671401655], [0.3529530467061302, -0.6795810322609708, 0.643112575447324, -35.799726600034], [-0.37552721998189015, -0.7324500229863437, -0.5678875690423983, 72.80465544591297], [0.0, 0.0, 0.0, 1.0]]}, {"class": "SaladDressing", "pose": [[0.44731902199997653, -0.12661549064309457, -0.8853667112253156, 18.058305870515156], [0.6647317759763443, -0.6152240789734038, 0.42382899375241595, -35.11996638024698], [-0.5983622022200276, -0.778118179033549, -0.19103610811788033, 71.77488611941205], [0.0, 0.0, 0.0, 1.0]]}, {"class": "Mayo", "pose": [[-0.04431957483669921, 0.9982029896356492, -0.04033075784657156, 8.419342064350932], [0.6626321009820673, 0.05958440944005002, 0.746571104574969, -25.849281343973797], [0.7476326108046578, 0.006363291504826393, -0.6640820792458894, 70.7230240155442], [0.0, 0.0, 0.0, 1.0]]}, {"class": "Mushrooms", "pose": [[0.8552469324267404, -0.01878017965848562, -0.5178802879878492, 20.014698627330507], [0.36593337366402173, -0.685726988032805, 0.6291830267965289, -25.849907192100492], [-0.3669406233309794, -0.7276165550081438, -0.5795936059175092, 70.87162849673688], [0.0, 0.0, 0.0, 1.0]]}, {"class": "Parmesan", "pose": [[0.9912640850591066, -0.07231889263613102, 0.110297301415542, -10.616060263522897], [-0.1298954919107648, -0.6802601554068629, 0.7213690452421775, -19.197313259635575], [0.022862275490943922, -0.729394370796746, -0.6837113341186511, 63.4314784393988], [0.0, 0.0, 0.0, 1.0]]}, {"class": "Mustard", "pose": [[0.9814836572218917, -0.10068455355001524, -0.16294923915902276, -5.741664050179118], [0.06920671779027937, -0.6068372576771621, 0.7918074198907665, -15.777770990416414], [-0.1786064138298273, -0.7884232449658545, -0.5886327852993462, 56.41765856555851], [0.0, 0.0, 0.0, 1.0]]}, {"class": "Milk", "pose": [[-0.06599104646299811, -0.7519467296297332, -0.6559125710379393, 0.005038639262155975], [-0.6158270107277848, -0.4865257347482023, 0.6197175320840291, -18.82623449324453], [-0.7851129369654163, 0.44482444901646, -0.43096276632633673, 64.27109932474934], [0.0, 0.0, 0.0, 1.0]]}, {"class": "AlphabetSoup", "pose": [[0.9641900111526641, -0.07135112331061057, 0.25543422412721295, 17.601146446220326], [-0.2422445796921123, -0.6289941015894567, 0.7387042717231169, -15.829107737453937], [0.10795926323528936, -0.7741288566705642, -0.6237542231877278, 60.220204028997856], [0.0, 0.0, 0.0, 1.0]]}, {"class": "Yogurt", "pose": [[0.9958750172437488, -0.0630407406182745, 0.06525962236939947, 26.44736345669072], [-0.09066788688279702, -0.6636022033107225, 0.7425708500445475, -17.400571525863306], [-0.003505759242415371, -0.7454247313289246, -0.6665806026042496, 62.78193434132234], [0.0, 0.0, 0.0, 1.0]]}, {"class": "Cherries", "pose": [[0.7232134239106005, -0.06041969274989284, 0.687976603863275, -13.667366747953979], [-0.5548225447017481, -0.6440352594244946, 0.5266787880627205, -8.177126752574255], [0.41125942591698683, -0.7626061201889819, -0.4992971161919974, 57.69901862582256], [0.0, 0.0, 0.0, 1.0]]}, {"class": "Cookies", "pose": [[0.5657284828698327, -0.09940787366622661, 0.8185776454208171, -24.760402074091935], [-0.6440253674594466, -0.6732135614054184, 0.36333847043091183, -7.186508261400432], [0.5149588656610319, -0.7327357131073244, -0.4448772433010166, 50.017006619678114], [0.0, 0.0, 0.0, 1.0]]}, {"class": "TomatoSauce", "pose": [[0.65322943719875, -0.05724531996966777, -0.7549928999522487, 7.748613522417269], [0.5572746629458633, -0.6386872941672176, 0.5305878886616698, -7.3000795989390355], [-0.5125780094379854, -0.7673340620103266, -0.3853079829334346, 53.83497929127841], [0.0, 0.0, 0.0, 1.0]]}, {"class": "PeasAndCarrots", "pose": [[0.9020412814678486, -0.053103150661100766, 0.42837085005569364, 18.275348723677954], [-0.362012761006287, -0.6335685819925981, 0.6837672338354694, -5.3272473371794415], [0.23509213467189907, -0.7718620059885701, -0.5907290005743896, 53.3009394816349], [0.0, 0.0, 0.0, 1.0]]}, {"class": "Ketchup", "pose": [[0.8733783125045169, -0.07237838927549281, 0.48163440000936186, -15.87811360018434], [-0.3976877339811427, -0.6768632544406374, 0.6194357257339035, 4.17162926325566], [0.28116688249393906, -0.7325418438466704, -0.6199416516054278, 41.52078803940881], [0.0, 0.0, 0.0, 1.0]]}, {"class": "MacaroniAndCheese", "pose": [[-0.17719061327919236, 0.9831763616778222, -0.04435912153588006, 16.63008249340804], [0.776231800933548, 0.11190151670264561, -0.6204371515839652, 6.857446400716838], [-0.6050352710327225, -0.1443685667242841, -0.7830006755688292, 44.176370299598304], [0.0, 0.0, 0.0, 1.0]]}, {"class": "Pineapple", "pose": [[0.9880954057016259, -0.0726225393190643, 0.13562241434925654, -2.213954069898516], [-0.15007606610914254, -0.648891844613103, 0.7459333520243779, 9.945447670455504], [0.03383273036576689, -0.7574070175562128, -0.6520659294162722, 41.767333588453106], [0.0, 0.0, 0.0, 1.0]]}]}