{"camera": {"camera": "RealSense D415", "extrinsics": [[-0.98516124, -0.1565067, -0.07044825, 0.700394], [-0.07980727, 0.7811129, -0.6192685, -0.3064288], [0.1519477, -0.604457, -0.7820125, 0.2548722], [0.0, 0.0, 0.0, 1.0]], "height": 480, "intrinsics": [[604.50507, 0.0, 326.28275], [0.0, 602.9669, 245.73769], [0.0, 0.0, 1.0]], "width": 640}, "objects": [{"class": "OrangeJuice", "pose": [[-0.8611820570205141, -0.060937852047618944, 0.5046306686151156, -0.3495112149515922], [-0.3555622960203592, -0.6372407459201792, -0.6837395573415902, -4.077519439583122], [0.3632367636396264, -0.7682518106360502, 0.527113001773669, 43.49544400983256], [0.0, 0.0, 0.0, 1.0]]}, {"class": "ChocolatePudding", "pose": [[0.9846471617353265, -0.03152040175901088, -0.1716872156356328, -7.704960117979809], [0.11284474904353861, -0.6354596150393553, 0.7638437256096201, -32.7170094868215], [-0.1331769122738907, -0.7714904891506628, -0.6221464802046792, 75.62615026186084], [0.0, 0.0, 0.0, 1.0]]}, {"class": "CreamCheese", "pose": [[0.9715837130860348, -0.13350559812096074, 0.19545181654187652, -18.038839273272846], [-0.23354606356759006, -0.6749899544797588, 0.6998892015378911, -27.47290352141329], [0.038488887817287626, -0.7256478932234028, -0.6869888268515244, 71.90702877624233], [0.0, 0.0, 0.0, 1.0]]}, {"class": "Raisins", "pose": [[0.515053421300952, -0.02591915361910257, -0.8567661521880137, -2.3381009544833464], [0.669917996500075, -0.611376205752599, 0.42122334917562704, -41.08173955604975], [-0.5347240809432511, -0.7909155194427833, -0.2975276558704364, 76.99204633407014], [0.0, 0.0, 0.0, 1.0]]}, {"class": "BBQSauce", "pose": [[0.8649278031011141, -0.035924377456461085, -0.5006090324597106, 7.174544771540015], [0.3531860728818703, -0.6651060554899344, 0.6579465249993752, -36.95351941091384], [-0.3565943391088662, -0.7458843174355178, -0.5625806341877327, 71.61342010913162], [0.0, 0.0, 0.0, 1.0]]}, {"class": "SaladDressing", "pose": [[0.46090615747333574, -0.12031306938111008, -0.8792555647776528, 18.756760027331932], [0.6724405451792933, -0.5992043530756151, 0.4344858494129193, -36.346909998834995], [-0.579127972075374, -0.7915042239035401, -0.19527355977329588, 70.75948802449192], [0.0, 0.0, 0.0, 1.0]]}, {"class": "Mayo", "pose": [[-0.04979954541845597, 0.998443501595482, -0.025112710946263724, 9.205791714443667], [0.6485549800438465, 0.05144909875055536, 0.7594271031402114, -26.98085195289594], [0.7595370150527592, 0.021532168861641332, -0.6501075265774642, 69.75072231129464], [0.0, 0.0, 0.0, 1.0]]}, {"class": "Mushrooms", "pose": [[0.863180135354334, -0.013755071360378276, -0.5047087484824754, 20.797516291489888], [0.3660133284367983, -0.6715217253349699, 0.6442770465379106, -27.07725820801659], [-0.34778488774480804, -0.7408572144989328, -0.574609578083261, 70.06219220522544], [0.0, 0.0, 0.0, 1.0]]}, {"class": "Parmesan", "pose": [[0.9898037707956536, -0.06721919576012246, 0.1255792335271729, -9.67205371620513], [-0.13824984715811536, -0.6655929577974422, 0.7333983168627158, -20.038369681052597], [0.034286215503269026, -0.7432816670886923, -0.6680993387514541, 62.321673856567394], [0.0, 0.0, 0.0, 1.0]]}, {"class": "Mustard", "pose": [[0.9844277243961088, -0.09417422515059808, -0.1484363150000137, -4.672205711506994], [0.06473880990085391, -0.5908302089025728, 0.8041944090993249, -16.524571352506882], [-0.16343500199541855, -0.8012807895937978, -0.5755328001030914, 55.44407136875114], [0.0, 0.0, 0.0, 1.0]]}, {"class": "Milk", "pose": [[-0.059601888480028946, -0.7619334376136683, -0.6449070633735025, 0.9386058238095796], [-0.6001593820561071, -0.4888964204022252, 0.6330790654679507, -19.76855008873198], [-0.7976567907874227, 0.42477963986226597, -0.42814227695125234, 63.31742149797386], [0.0, 0.0, 0.0, 1.0]]}, {"class": "AlphabetSoup", "pose": [[0.9606546475545629, -0.06521922697039394, 0.26997994262241864, 18.613151976353816], [-0.2519843188401433, -0.6134906290455124, 0.74842050213624, -16.835677280498], [0.11681874856041902, -0.7870042751503062, -0.605786726929311, 59.57252766563171], [0.0, 0.0, 0.0, 1.0]]}, {"class": "Yogurt", "pose": [[0.9950923630919718, -0.05758559491495205, 0.08046836041283817, 27.409661256192653], [-0.0985636338773911, -0.648706550641164, 0.7546291262057013, -18.526672760363354], [0.008744597725228257, -0.758856869180675, -0.6511986576704066, 62.227612994186245], [0.0, 0.0, 0.0, 1.0]]}, {"class": "Cherries", "pose": [[0.7129815080457268, -0.054569352469211255, 0.6990562379445112, -12.55620588757016], [-0.5683608475342817, -0.6288364174063112, 0.5305947644102404, -8.88652426695557], [0.41063773997133096, -0.7756203826886872, -0.4793637200632734, 56.75983149098064], [0.0, 0.0, 0.0, 1.0]]}, {"class": "Cookies", "pose": [[0.5533536490357477, -0.09420260910823638, 0.8276023661090062, -23.531022219629282], [-0.658264306375739, -0.6582668856642154, 0.3652025562279837, -7.660372803327667], [0.5103801107265591, -0.74686720200605, -0.4262645103526791, 48.94318108954026], [0.0, 0.0, 0.0, 1.0]]}, {"class": "TomatoSauce", "pose": [[0.6647391742394961, -0.051286833803160355, -0.7453130615808643, 8.918640517947429], [0.5617164240654736, -0.6234246757115279, 0.5438900895722626, -8.107464628053968], [-0.49254085121444385, -0.7801995673910601, -0.3856060847180224, 53.214652755132306], [0.0, 0.0, 0.0, 1.0]]}, {"class": "PeasAndCarrots", "pose": [[0.8957810265791373, -0.047041260918201884, 0.441999480820118, 19.466861499920075], [-0.37365861916203574, -0.618253717735663, 0.691477890982642, -6.2092234348927136], [0.2407397975861283, -0.784569620432257, -0.571397207025711, 52.86659724771958], [0.0, 0.0, 0.0, 1.0]]}, {"class": "Ketchup", "pose": [[0.8661911919105586, -0.06720767852427763, 0.49517271315889716, -14.441273614499494], [-0.4099768479125452, -0.6621361495914945, 0.6272916390847987, 3.786525519880457], [0.28571289795785176, -0.7463637778027631, -0.6010899756012585, 40.79253288714389], [0.0, 0.0, 0.0, 1.0]]}, {"class": "MacaroniAndCheese", "pose": [[-0.16256351134997848, 0.9859646274783402, -0.0380384935593449, 18.045757232287883], [0.7890497966271345, 0.10675645901799635, -0.6049822921263625, 6.160445111717328], [-0.5924301735334405, -0.12836227141968437, -0.7953298211477586, 43.95575071656931], [0.0, 0.0, 0.0, 1.0]]}, {"class": "Pineapple", "pose": [[0.9863234208646006, -0.06688204966378271, 0.15064185918901904, -0.7376875186726362], [-0.15861037543753176, -0.6336935243583361, 0.757149498365895, 9.444869252807253], [0.04482106495133734, -0.7706875778023151, -0.6356348300727682, 41.34199768829826], [0.0, 0.0, 0.0, 1.0]]}]}