{"camera": {"camera": "RealSense D415", "extrinsics": [[-0.9846339, -0.16225925, -0.06455972, 0.7276222], [-0.091693595, 0.7950043, -0.5996336, -0.30067354], [0.14862135, -0.5844999, -0.7976664, 0.24162738], [0.0, 0.0, 0.0, 1.0]], "height": 480, "intrinsics": [[604.50507, 0.0, 326.28275], [0.0, 602.9669, 245.73769], [0.0, 0.0, 1.0]], "width": 640}, "objects": [{"class": "OrangeJuice", "pose": [[-0.8586240415439296, -0.05491701161508044, 0.5096556806873841, 2.1394799017652066], [-0.37173866117731386, -0.6178735331455301, -0.6928511590153354, -4.545654394021881], [0.35295202522385166, -0.7843574213949385, 0.5101062817684864, 42.75533438382259], [0.0, 0.0, 0.0, 1.0]]}, {"class": "ChocolatePudding", "pose": [[0.9838298602795129, -0.025511743116843337, -0.17727941991223162, -5.015049025250051], [0.12423525636612276, -0.6157704416179853, 0.7780696807033228, -34.05598645038086], [-0.12901330046606974, -0.7875125769650009, -0.6026438622697501, 74.13460285819407], [0.0, 0.0, 0.0, 1.0]]}, {"class": "CreamCheese", "pose": [[0.9734212075439507, -0.12721805352671878, 0.19043832413522757, -15.387587825927017], [-0.22652475327685528, -0.6572896252457445, 0.7187885283041914, -28.802964124802237], [0.03373028089044539, -0.7428230344158379, -0.6686376619656612, 70.53769216723582], [0.0, 0.0, 0.0, 1.0]]}, {"class": "Raisins", "pose": [[0.5101147625514066, -0.020087387680218432, -0.8598717704531246, 0.41863723586430535], [0.6875421754810052, -0.5911535783546294, 0.421690962030135, -42.408861119091625], [-0.5167868959176504, -0.8063089289293629, -0.28774525303328763, 75.2930912237405], [0.0, 0.0, 0.0, 1.0]]}, {"class": "BBQSauce", "pose": [[0.8623821438685225, -0.029699825230363835, -0.5053859852201101, 9.90281651339192], [0.369224066466849, -0.646096548073873, 0.6680066639138016, -38.067109166318666], [-0.3463677755677411, -0.7626777265208988, -0.5462162253391741, 70.03364415364224], [0.0, 0.0, 0.0, 1.0]]}, {"class": "SaladDressing", "pose": [[0.45599522001604026, -0.11457706444585086, -0.8825760541530603, 21.480568795639066], [0.6907572315806804, -0.5797406168951977, 0.43215197311306336, -37.344468399100386], [-0.561179844732807, -0.8067050649527476, -0.18521402579680663, 69.21004059554004], [0.0, 0.0, 0.0, 1.0]]}, {"class": "Mayo", "pose": [[-0.05590006050833345, 0.9979659989763943, -0.030644475213287534, 11.854348752337396], [0.628503626088743, 0.05902018723108191, 0.7755642289437077, -28.03386492240462], [0.7757954083471191, 0.024093962075851766, -0.6305244489198041, 68.42889113108302], [0.0, 0.0, 0.0, 1.0]]}, {"class": "Mushrooms", "pose": [[0.8605203534281092, -0.007484046800883315, -0.5093611156324452, 23.446141263648844], [0.38180730897419823, -0.6524576519167997, 0.654616112690205, -28.043694145268784], [-0.3372356883812553, -0.757788323972039, -0.5585956156651046, 68.75235952976297], [0.0, 0.0, 0.0, 1.0]]}, {"class": "Parmesan", "pose": [[0.9908653286996318, -0.060992320985187455, 0.12027415724376664, -7.071875164377572], [-0.13100688359246188, -0.646904926922532, 0.7512331699940341, -21.0579163308019], [0.03198651923781061, -0.7601276845424341, -0.648986040748041, 61.155923090347606], [0.0, 0.0, 0.0, 1.0]]}, {"class": "Mustard", "pose": [[0.9840357345451713, -0.08849738568370968, -0.1544082951274857, -2.093742425322964], [0.07691816588341868, -0.5709065214741406, 0.8174040636184549, -17.32884589294148], [-0.16049078786820697, -0.8162316488013676, -0.5549853311674544, 54.376623002414526], [0.0, 0.0, 0.0, 1.0]]}, {"class": "Milk", "pose": [[-0.05385369051224694, -0.7583523257263531, -0.6496164759475607, 3.535172369328965], [-0.5800431030553522, -0.5057885505239945, 0.6385358286590442, -20.72713824200556], [-0.8128037434626915, 0.41119301877203257, -0.4126384509868007, 62.171569245295125], [0.0, 0.0, 0.0, 1.0]]}, {"class": "AlphabetSoup", "pose": [[0.962561317993546, -0.05937292041460408, 0.2644817596032917, 21.189043142812714], [-0.24704739553659236, -0.5936876006276863, 0.765834630285197, -17.555516925865298], [0.11154972558748641, -0.8025023587305038, -0.5861286021513896, 58.52503552407866], [0.0, 0.0, 0.0, 1.0]]}, {"class": "Yogurt", "pose": [[0.9958557836760383, -0.051480896921786, 0.0749734026838799, 29.996307335984223], [-0.09063905561241571, -0.6295479936944194, 0.7716566263290692, -19.242046924950603], [0.007473810950375663, -0.7752542717916654, -0.6316051547646384, 61.1471021185789], [0.0, 0.0, 0.0, 1.0]]}, {"class": "Cherries", "pose": [[0.7171774131408949, -0.048609774145267765, 0.6951932707362495, -10.041347577745563], [-0.572838545404984, -0.6092319865859546, 0.5483543116848537, -9.791450603888945], [0.3968785984931469, -0.7915008667815377, -0.4647729243929735, 55.87718580877365], [0.0, 0.0, 0.0, 1.0]]}, {"class": "Cookies", "pose": [[0.5581860921575839, -0.08803100196013436, 0.825032644781178, -21.017634004921337], [-0.6665602051419182, -0.6397098389775335, 0.38271252731134897, -8.455439018320426], [0.4940909239457368, -0.7635587797350873, -0.41575505297052107, 48.080629804477496], [0.0, 0.0, 0.0, 1.0]]}, {"class": "TomatoSauce", "pose": [[0.660636540392314, -0.04536684920855177, -0.7493338683325662, 11.430107490831599], [0.5795217726896617, -0.6036783986011769, 0.5474732594067839, -8.746989171902769], [-0.47719375818211074, -0.7959361694690784, -0.3725209344312494, 52.38005039739861], [0.0, 0.0, 0.0, 1.0]]}, {"class": "PeasAndCarrots", "pose": [[0.8985556308176312, -0.041159151815754406, 0.4369253234668607, 21.96280253015851], [-0.37237391709156437, -0.5983630011762895, 0.7094360072745994, -6.754540226890709], [0.2322401788850036, -0.800167350543822, -0.5529889924236732, 52.09385771985162], [0.0, 0.0, 0.0, 1.0]]}, {"class": "Ketchup", "pose": [[0.869216847059884, -0.06100585910435937, 0.49065302779163267, -12.013315309144145], [-0.4100697130673863, -0.643370497622165, 0.6464652325831414, 3.2697555592139107], [0.27623352857428657, -0.7631204574807076, -0.5842450858778707, 40.2365150774892], [0.0, 0.0, 0.0, 1.0]]}, {"class": "MacaroniAndCheese", "pose": [[-0.1683933947118416, 0.9851920520653694, -0.032254006007510744, 20.449872360797617], [0.8025815845473939, 0.11803684771057281, -0.584747951217003, 5.826830466072091], [-0.5722818437146697, -0.12435412398214496, -0.8105736601381636, 43.50016299766637], [0.0, 0.0, 0.0, 1.0]]}, {"class": "Pineapple", "pose": [[0.9875406518667286, -0.06088747874158903, 0.14510758623177994, 1.6429318158030504], [-0.15165770327260056, -0.6143137966077813, 0.7743504142569758, 9.023739741396557], [0.04199337574457096, -0.7867092348315866, -0.6158938638522727, 40.94757719308599], [0.0, 0.0, 0.0, 1.0]]}]}