{"camera": {"camera": "RealSense D415", "extrinsics": [[-0.99163556, -0.12189799, -0.042424485, 0.7365392], [-0.073402755, 0.80297935, -0.59146947, -0.28731158], [0.106164925, -0.5834081, -0.80521053, 0.26105303], [0.0, 0.0, 0.0, 1.0]], "height": 480, "intrinsics": [[604.50507, 0.0, 326.28275], [0.0, 602.9669, 245.73769], [0.0, 0.0, 1.0]], "width": 640}, "objects": [{"class": "OrangeJuice", "pose": [[-0.8798517388625299, -0.0337099252649643, 0.4740513623168781, 2.818042443454738], [-0.35760928245346935, -0.6100089176982689, -0.7071101138910717, -1.9720846462915165], [0.31301213409323764, -0.7916771935608921, 0.5246623852838603, 41.94336073283247], [0.0, 0.0, 0.0, 1.0]]}, {"class": "ChocolatePudding", "pose": [[0.9906363432339347, -0.00416218631735625, -0.13646408767303034, -6.229869875540006], [0.10578700607949097, -0.608462769765177, 0.7864999420786819, -31.59899648427933], [-0.08630684089771729, -0.7935715156451209, -0.6023249722506656, 72.71813487938097], [0.0, 0.0, 0.0, 1.0]]}, {"class": "CreamCheese", "pose": [[0.9665323170513455, -0.10845590678036729, 0.23249243414589138, -16.3368534506795], [-0.2460610988762909, -0.6483332384243796, 0.7204983964654554, -26.111085776731052], [0.07259028112868601, -0.7535922966603874, -0.6533217392109228, 68.73651498321117], [0.0, 0.0, 0.0, 1.0]]}, {"class": "Raisins", "pose": [[0.544792908824921, 0.0025301090395393046, -0.8385668849874799, -1.0135804632405598], [0.6816359035800769, -0.5838002702125411, 0.44107791963062537, -40.06747971468074], [-0.4884395347983856, -0.811893379005711, -0.3197748511037571, 74.02682549966609], [0.0, 0.0, 0.0, 1.0]]}, {"class": "BBQSauce", "pose": [[0.883278406141537, -0.00998598716527654, -0.46874265099271406, 8.767205954050938], [0.35496507422771334, -0.6389087589007432, 0.6824920406962782, -35.870346619744645], [-0.30629908910886555, -0.769217716140396, -0.5607895921044156, 69.21199961531582], [0.0, 0.0, 0.0, 1.0]]}, {"class": "SaladDressing", "pose": [[0.4926718842788218, -0.09161833819129538, -0.8653788939554188, 20.38129714545387], [0.6862988044311272, -0.5705127985442763, 0.45111981719819694, -35.370507080230155], [-0.5350405167294809, -0.8161625124058999, -0.21819805734000133, 68.88345647084553], [0.0, 0.0, 0.0, 1.0]]}, {"class": "Mayo", "pose": [[-0.0764181299789067, 0.9970136692468593, 0.011142185634723802, 10.979695386985588], [0.6229065340601446, 0.03901220214852525, 0.7813229099700366, -25.86456651243075], [0.7785549011115727, 0.06664779939459782, -0.6240275075802445, 67.78408181147893], [0.0, 0.0, 0.0, 1.0]]}, {"class": "Mushrooms", "pose": [[0.8812772775781653, 0.011875181963337202, -0.4724505007225966, 22.545052697636546], [0.3675050986792654, -0.6457502837991654, 0.6692881032510481, -26.107003926173313], [-0.2971370742334864, -0.7634563297246807, -0.5734492001433854, 68.59533393812707], [0.0, 0.0, 0.0, 1.0]]}, {"class": "Parmesan", "pose": [[0.9858896994963317, -0.041368128093402824, 0.16220454358728903, -7.482725460635398], [-0.1508966197551829, -0.6391179533266715, 0.7541607544929225, -18.453420886964487], [0.07246963538196315, -0.7679954022179545, -0.6363420523158089, 59.785592256058266], [0.0, 0.0, 0.0, 1.0]]}, {"class": "Mustard", "pose": [[0.9912525050497599, -0.06499218666651112, -0.11486784780849685, -2.1507497902726325], [0.058742981591186405, -0.5621173898317884, 0.8249686623731942, -14.766617270256981], [-0.1181856959198516, -0.8244998932812009, -0.5533823819792528, 53.25687152730669], [0.0, 0.0, 0.0, 1.0]]}, {"class": "Milk", "pose": [[-0.030708768634340057, -0.7847597467245291, -0.6190389705059711, 3.076310267858362], [-0.5719678465479814, -0.49410893232540826, 0.6547588389986461, -18.341654339815005], [-0.8197010253227739, 0.3741771662862535, -0.4336838373061504, 61.250069093061185], [0.0, 0.0, 0.0, 1.0]]}, {"class": "AlphabetSoup", "pose": [[0.9519940532041489, -0.0369231158762855, 0.3038817890779228, 20.926958762519476], [-0.2670215930959931, -0.585586822251695, 0.7653675810752532, -15.490029679737061], [0.14968942457073434, -0.8097683461756408, -0.5673343768268011, 58.37984944629802], [0.0, 0.0, 0.0, 1.0]]}, {"class": "Yogurt", "pose": [[0.9926967559040423, -0.030889634112400723, 0.11661525147797572, 29.58097983400784], [-0.11042987875353899, -0.6218257752883306, 0.7753308576349147, -17.37299372422814], [0.048564703579999834, -0.7825461987926162, -0.6206955048550142, 61.354726111883785], [0.0, 0.0, 0.0, 1.0]]}, {"class": "Cherries", "pose": [[0.6884713608563182, -0.026939307615872397, 0.7247631299542648, -10.006546052847353], [-0.5902833657970405, -0.6014340581943517, 0.5383703311314006, -7.086053602946968], [0.4213938825839494, -0.7984681361896745, -0.4299718881931886, 54.49131565340407], [0.0, 0.0, 0.0, 1.0]]}, {"class": "Cookies", "pose": [[0.5237179567165898, -0.06809241495087216, 0.8491660970587764, -20.61523779434331], [-0.6816522579775968, -0.6313593261316177, 0.36977776060225487, -5.466761233835826], [0.5109498374904435, -0.7724952061760342, -0.3770695074244814, 46.252163367491015], [0.0, 0.0, 0.0, 1.0]]}, {"class": "TomatoSauce", "pose": [[0.6913755184869054, -0.023404284006538892, -0.7221165193252269, 11.60984405888067], [0.570320859340427, -0.5959085695229307, 0.5653557162580704, -6.438063653157878], [-0.44354710553674204, -0.8027111767048374, -0.3986486239646614, 51.91137879373151], [0.0, 0.0, 0.0, 1.0]]}, {"class": "PeasAndCarrots", "pose": [[0.8805155573486119, -0.01891879998657504, 0.4736397025476302, 22.181990462965185], [-0.3920701633379843, -0.5906420742356001, 0.7052821555222692, -4.65253063126643], [0.26640844077852116, -0.806711866683548, -0.5274869669098063, 52.087524825276155], [0.0, 0.0, 0.0, 1.0]]}, {"class": "Ketchup", "pose": [[0.8486147500125755, -0.041186325224957264, 0.5274057529368005, -11.0608358054326], [-0.42954735843154984, -0.6355587724320528, 0.641524828346092, 6.143468364316535], [0.30877529453917096, -0.770953144802664, -0.5570359588275553, 38.903418675140564], [0.0, 0.0, 0.0, 1.0]]}, {"class": "MacaroniAndCheese", "pose": [[-0.12839473977213053, 0.9916794314898111, -0.009318342887448035, 21.27890037376727], [0.810573211967892, 0.09952363018375045, -0.5771187978314751, 8.028580283191793], [-0.5713893915365207, -0.08165218226654039, -0.8166070522573514, 43.554924177385544], [0.0, 0.0, 0.0, 1.0]]}, {"class": "Pineapple", "pose": [[0.9817436641347411, -0.03950520701779051, 0.18606142024893366, 2.6624904476980626], [-0.17156131862488258, -0.6063117237713076, 0.776500353705329, 11.619287452442167], [0.08213543011316116, -0.7942452077090523, -0.6020201944927882, 40.24236137643034], [0.0, 0.0, 0.0, 1.0]]}]}