{"camera": {"camera": "RealSense D415", "extrinsics": [[-0.9964215, -0.065891266, -0.052938152, 0.774953], [-0.020505033, 0.7960524, -0.6048802, -0.2958347], [0.081997864, -0.6016302, -0.7945549, 0.2863685], [0.0, 0.0, 0.0, 1.0]], "height": 480, "intrinsics": [[604.50507, 0.0, 326.28275], [0.0, 602.9669, 245.73769], [0.0, 0.0, 1.0]], "width": 640}, "objects": [{"class": "OrangeJuice", "pose": [[-0.9045817289060928, -0.04552790894502854, 0.4238621357085407, 7.762996535362554], [-0.3057560387487893, -0.6235595732515844, -0.7195044814783395, 1.074693900250595], [0.29706078915035905, -0.7804490437136784, 0.5501401708083238, 42.13113937631892], [0.0, 0.0, 0.0, 1.0]]}, {"class": "ChocolatePudding", "pose": [[0.9966022327005695, -0.01590197142092925, -0.08081535703203684, -3.5578180578933694], [0.05329749738140968, -0.6235626878869602, 0.7799544515806875, -27.416053565372483], [-0.0627962159250265, -0.7816116313190462, -0.6205964251214456, 73.22489797363595], [0.0, 0.0, 0.0, 1.0]]}, {"class": "CreamCheese", "pose": [[0.9504751587863502, -0.12306833360317619, 0.28539650075859124, -13.267002521291838], [-0.29353761246143567, -0.6572316810035639, 0.6941773426496529, -21.502012410489378], [0.10214040416854774, -0.7435729589854055, -0.6608075531674984, 68.88008251366163], [0.0, 0.0, 0.0, 1.0]]}, {"class": "Raisins", "pose": [[0.5911078409295467, -0.007496598594117459, -0.80655770174996, 1.1811116899711926], [0.642805989511129, -0.5996538747633725, 0.47667146529067195, -36.111203469542694], [-0.48722883461517713, -0.8002243888145247, -0.34964127343206947, 74.82941192345751], [0.0, 0.0, 0.0, 1.0]]}, {"class": "BBQSauce", "pose": [[0.9077005776863107, -0.023887455163911334, -0.41893800926244346, 11.281242644837741], [0.30307824672224976, -0.6531671830537064, 0.6939136854378343, -32.518140970111034], [-0.29021235344840585, -0.7568368783152323, -0.585640469357467, 70.18834512045376], [0.0, 0.0, 0.0, 1.0]]}, {"class": "SaladDressing", "pose": [[0.5404642221133709, -0.10070071336327305, -0.8353189784714418, 22.910226330736737], [0.6491689431424053, -0.5816683156598944, 0.4901445187995326, -32.61858392259464], [-0.5352364573479895, -0.8071687443359357, -0.24899916207483924, 70.14927203507659], [0.0, 0.0, 0.0, 1.0]]}, {"class": "Mayo", "pose": [[-0.06343095359344071, 0.9957468155461066, 0.066819146261124, 14.041126892166167], [0.6417904004959619, -0.010573011146278554, 0.7668072044255968, -22.66963822985838], [0.7642523358422395, 0.0915232382651419, -0.6383900796835633, 68.62638284563356], [0.0, 0.0, 0.0, 1.0]]}, {"class": "Mushrooms", "pose": [[0.9061226010036978, -0.00255706397951127, -0.4230074446450657, 25.555025400152275], [0.31588885395799393, -0.6609963406032265, 0.6806600217044583, -23.48543242361346], [-0.2813468258186568, -0.7503847932898152, -0.5981359840558089, 69.73948655752025], [0.0, 0.0, 0.0, 1.0]]}, {"class": "Parmesan", "pose": [[0.9747088441091695, -0.055259275653386786, 0.21653887992848456, -3.8114192536765623], [-0.19950762323168333, -0.6517492526110182, 0.7317237289345561, -14.49096172734697], [0.10069456410482683, -0.7564187763224397, -0.6462903909295324, 60.01489581579848], [0.0, 0.0, 0.0, 1.0]]}, {"class": "Mustard", "pose": [[0.9955805957957116, -0.07347930687051382, -0.05848139522901952, 1.863234659321178], [0.005641099805724967, -0.5748152054832798, 0.8182638040575052, -11.215439384285702], [-0.09374141529398504, -0.8149774936693036, -0.5718603515653292, 53.55610854639784], [0.0, 0.0, 0.0, 1.0]]}, {"class": "Milk", "pose": [[-0.03987827499222143, -0.8181925265896768, -0.573559689541983, 6.699913713275918], [-0.5863024868437977, -0.4456516777802423, 0.676493881350673, -14.888361177090143], [-0.8091101035740448, 0.36325684445835044, -0.461936505452647, 61.74820445163483], [0.0, 0.0, 0.0, 1.0]]}, {"class": "AlphabetSoup", "pose": [[0.9329746484707088, -0.047029918451220606, 0.3568564094036686, 24.739295795863203], [-0.3121472244608032, -0.5993804860039371, 0.7370937109700271, -13.010894686444932], [0.1792273420046866, -0.7990815116697083, -0.5738870336632738, 59.28419403636713], [0.0, 0.0, 0.0, 1.0]]}, {"class": "Yogurt", "pose": [[0.9841813710911564, -0.04354698686428849, 0.17172854620949032, 33.20858379531872], [-0.15993854300125185, -0.6353157252522001, 0.7555088266872697, -15.271874959121472], [0.07620174807863614, -0.771023754774186, -0.6322307276500574, 62.516321202233016], [0.0, 0.0, 0.0, 1.0]]}, {"class": "Cherries", "pose": [[0.6465055181904541, -0.038158543614473635, 0.7619544247194603, -5.614355982768105], [-0.6159113212401374, -0.6154821856169991, 0.49176713904938174, -3.120270080653198], [0.45020427349477427, -0.7872265534475206, -0.4214148733675905, 54.440591772740746], [0.0, 0.0, 0.0, 1.0]]}, {"class": "Cookies", "pose": [[0.47509860276253674, -0.08142874597531718, 0.8761567678406774, -15.918590690452483], [-0.6969007205338611, -0.6427303509938526, 0.318162029669113, -1.1304761984446077], [0.5372250212068415, -0.7617526484385518, -0.3621080073781912, 45.90164944003804], [0.0, 0.0, 0.0, 1.0]]}, {"class": "TomatoSauce", "pose": [[0.7306037442600681, -0.034239629361824016, -0.6819426819794927, 16.063855281165505], [0.525095805480456, -0.6102322853160611, 0.5932039687301771, -3.629377040940013], [-0.43645449093206484, -0.7914823102684481, -0.42785892499583855, 52.40584544709277], [0.0, 0.0, 0.0, 1.0]]}, {"class": "PeasAndCarrots", "pose": [[0.8522828080455074, -0.029391148124576227, 0.5222548998075878, 26.706390736049823], [-0.43097064011678976, -0.6052845424601431, 0.6692495241003941, -2.382565174019069], [0.2964428329550744, -0.795466419628934, -0.5285403029604621, 52.8197536606835], [0.0, 0.0, 0.0, 1.0]]}, {"class": "Ketchup", "pose": [[0.8174553235634423, -0.05482121555086767, 0.5733772171566999, -5.599756447266657], [-0.46589621463310876, -0.6482652386707303, 0.6022398965646368, 9.82418911200758], [0.33868502055668365, -0.7594385134963544, -0.5554688388111502, 38.58010368970243], [0.0, 0.0, 0.0, 1.0]]}, {"class": "MacaroniAndCheese", "pose": [[-0.07228305757878176, 0.9972057381010553, -0.018864790919631433, 26.669289578630494], [0.8042122288295054, 0.04708557047627374, -0.5924741644548456, 10.150915383941268], [-0.5899303690871419, -0.05799710102406313, -0.8053685651444036, 44.02532867567961], [0.0, 0.0, 0.0, 1.0]]}, {"class": "Pineapple", "pose": [[0.9692655760431328, -0.05105967946715548, 0.24065983686841957, 8.350270083440591], [-0.219731715304789, -0.6196247010023539, 0.7535139007937562, 14.618647011171959], [0.11064463485258536, -0.7832357123409235, -0.6118003052576766, 40.166594915708046], [0.0, 0.0, 0.0, 1.0]]}]}