{"camera": {"camera": "RealSense D415", "extrinsics": [[-0.9968835, -0.069480106, -0.03736009, 0.8069172], [-0.03187686, 0.7879832, -0.614871, -0.28405392], [0.07216043, -0.6117639, -0.78774226, 0.31262642], [0.0, 0.0, 0.0, 1.0]], "height": 480, "intrinsics": [[604.50507, 0.0, 326.28275], [0.0, 602.9669, 245.73769], [0.0, 0.0, 1.0]], "width": 640}, "objects": [{"class": "OrangeJuice", "pose": [[-0.9037611188440337, -0.029866267632460964, 0.4269940422810064, 10.4537452054129], [-0.3133971133517945, -0.6332884983085728, -0.70762136149172, 1.5442076751193134], [0.2915443935918718, -0.7733393329752923, 0.5629815282616908, 43.6828565094859], [0.0, 0.0, 0.0, 1.0]]}, {"class": "ChocolatePudding", "pose": [[0.9964648975372565, -0.00023215577128583818, -0.08401023806507046, -0.8349407309852008], [0.06489448069350003, -0.6329382850261954, 0.7714777363671486, -26.713847566496106], [-0.05335236801919799, -0.7742022426891483, -0.6306857147321706, 74.9998394503366], [0.0, 0.0, 0.0, 1.0]]}, {"class": "CreamCheese", "pose": [[0.9529078414217026, -0.1073618259724516, 0.2836197279825234, -10.570888894346009], [-0.28050498507024463, -0.6674791454860863, 0.6897743164821859, -20.97252123572665], [0.11525485479325842, -0.7368480648013707, -0.6661616218084411, 70.48651885031556], [0.0, 0.0, 0.0, 1.0]]}, {"class": "Raisins", "pose": [[0.5881420386316017, 0.00806967326650181, -0.8087174344526176, 3.9936187050831795], [0.6442575295516145, -0.6091495872492061, 0.4624598144236251, -35.32996477352382], [-0.488897970501178, -0.7930143124590405, -0.3634654498027801, 76.75628413717841], [0.0, 0.0, 0.0, 1.0]]}, {"class": "BBQSauce", "pose": [[0.9068421861827035, -0.008107461324806654, -0.421392435207646, 14.095970810617608], [0.31083958860611677, -0.6623435399025229, 0.6816742985408328, -31.667317926879292], [-0.28463317413569744, -0.7491564212392797, -0.5981209503292669, 72.17482644377151], [0.0, 0.0, 0.0, 1.0]]}, {"class": "SaladDressing", "pose": [[0.5379192026469899, -0.08527198932022777, -0.8386725733449217, 25.725100898101616], [0.649422593923383, -0.5924039959132499, 0.4767681450290144, -31.624106440943056], [-0.5374879305031909, -0.8011156193864994, -0.26328795540962746, 72.25452302448944], [0.0, 0.0, 0.0, 1.0]]}, {"class": "Mayo", "pose": [[-0.07913624253238151, 0.9948105447322216, 0.06394920818451295, 16.750678214710547], [0.6499743562759785, 0.0028530645085950855, 0.7599508274836599, -21.804589657742028], [0.7558246016889616, 0.10170502518979792, -0.6468271158959392, 70.5229118324309], [0.0, 0.0, 0.0, 1.0]]}, {"class": "Mushrooms", "pose": [[0.9050162933530378, 0.013250093881795695, -0.4251705655353405, 28.261698275290748], [0.32373390682318254, -0.6698307010565774, 0.6682239545852984, -22.46438496345124], [-0.27593823740011597, -0.7423956530623728, -0.6104972088224513, 71.76205439836856], [0.0, 0.0, 0.0, 1.0]]}, {"class": "Parmesan", "pose": [[0.9759994818579746, -0.03949695743092022, 0.21416131253486792, -1.111617718618474], [-0.18620567793859982, -0.6613096099037515, 0.7266340959099974, -13.950475959482958], [0.11292712805117994, -0.7490725133686533, -0.6527923804634039, 61.633976334546105], [0.0, 0.0, 0.0, 1.0]]}, {"class": "Mustard", "pose": [[0.9963455341467374, -0.0580580635670974, -0.06264905315069375, 4.588362654233857], [0.01686540910761456, -0.5853071890176161, 0.8106362417548879, -10.681720804902216], [-0.08373287851253285, -0.8087303611832255, -0.5821890298535745, 55.19408917880506], [0.0, 0.0, 0.0, 1.0]]}, {"class": "Milk", "pose": [[-0.024380553424474115, -0.8163453313281329, -0.5770493520085319, 9.385470115430639], [-0.5963068163345426, -0.4514165497745812, 0.6638082127912678, -14.197005664236586], [-0.8023863218774819, 0.3602824456244189, -0.4757865155342331, 63.47809743527888], [0.0, 0.0, 0.0, 1.0]]}, {"class": "AlphabetSoup", "pose": [[0.9348472831151572, -0.031473668416097556, 0.3536524161781333, 27.42478049109178], [-0.2984144356160205, -0.6093525694266212, 0.7346007995746454, -12.125500655451352], [0.19237845482588717, -0.7922745070606196, -0.5790437756388106, 61.174252083691336], [0.0, 0.0, 0.0, 1.0]]}, {"class": "Yogurt", "pose": [[0.9852364804978083, -0.02783801648197752, 0.16892065698022884, 35.88757871160968], [-0.14681553276105527, -0.6449065859350616, 0.7500271720039445, -14.242864858066353], [0.08805880567122967, -0.7637542668226638, -0.6394725366888928, 64.51870082788157], [0.0, 0.0, 0.0, 1.0]]}, {"class": "Cherries", "pose": [[0.6493628183804016, -0.022527443883477917, 0.7601450587862336, -2.996673625046742], [-0.6024697890843824, -0.6252013639692896, 0.4961385610070237, -2.669912041630784], [0.46406701054751315, -0.7801383265598782, -0.4195545967800127, 55.90584115841859], [0.0, 0.0, 0.0, 1.0]]}, {"class": "Cookies", "pose": [[0.4780790661173034, -0.06571904037614111, 0.8758547141463792, -13.236427838885733], [-0.6845391969066511, -0.6526795816799639, 0.3246775562662541, -0.9093736857623769], [0.5503150010627115, -0.7547783861783016, -0.35701967157121756, 47.23993001194564], [0.0, 0.0, 0.0, 1.0]]}, {"class": "TomatoSauce", "pose": [[0.7285436857506505, -0.01862979994935303, -0.6847460073097857, 18.70588196597469], [0.5288954597634953, -0.6199541489705658, 0.5795916750629737, -2.9344468349035315], [-0.43530877896028225, -0.7844168684180697, -0.4418104820244645, 54.096598803222015], [0.0, 0.0, 0.0, 1.0]]}, {"class": "PeasAndCarrots", "pose": [[0.8544215541015083, -0.013801786431250787, 0.5193971357237717, 29.327512795203003], [-0.41683005601909334, -0.6149943061802583, 0.6693539958434127, -1.551029923669034], [0.3101880244812518, -0.7884107772510878, -0.5312173701114702, 54.60310040170378], [0.0, 0.0, 0.0, 1.0]]}, {"class": "Ketchup", "pose": [[0.8195938186799383, -0.03907073171710095, 0.5716113332717556, -2.978237493919489], [-0.45168105449098683, -0.6578564955406508, 0.602668333559549, 10.08471159017038], [0.3524915581939488, -0.7521292104958718, -0.556822602492257, 39.89229711373756], [0.0, 0.0, 0.0, 1.0]]}, {"class": "MacaroniAndCheese", "pose": [[-0.0760912014620613, 0.9970953265236356, -0.0033324022525930337, 29.226825629681564], [0.7962013885571868, 0.058747865614023315, -0.6021728166664163, 10.875841533460145], [-0.6002279281529155, -0.04847328543310922, -0.7983588374847312, 45.6591542183159], [0.0, 0.0, 0.0, 1.0]]}, {"class": "Pineapple", "pose": [[0.9707030138349745, -0.035417031874692036, 0.23765807119656696, 10.894904451591337], [-0.2063762344208419, -0.6294558041143504, 0.7491290306212883, 15.070145570061493], [0.12306335542960381, -0.7762287450660881, -0.618323866924871, 41.56215168423817], [0.0, 0.0, 0.0, 1.0]]}]}