{"camera": {"camera": "RealSense D415", "extrinsics": [[-0.99874824, -0.035976596, -0.034750454, 0.7913815], [-0.01039378, 0.8288509, -0.559373, -0.34494883], [0.04892728, -0.55831164, -0.82818735, 0.2975746], [0.0, 0.0, 0.0, 1.0]], "height": 480, "intrinsics": [[604.50507, 0.0, 326.28275], [0.0, 602.9669, 245.73769], [0.0, 0.0, 1.0]], "width": 640}, "objects": [{"class": "OrangeJuice", "pose": [[-0.9176528619110254, -0.028045396253038157, 0.3963921380921389, 9.402585172809818], [-0.3083681121120517, -0.5789072439563238, -0.7548347929016387, -3.608286916921771], [0.25064387205948196, -0.8149110024718859, 0.5225875613232723, 42.702823979304114], [0.0, 0.0, 0.0, 1.0]]}, {"class": "ChocolatePudding", "pose": [[0.9987238399841172, 0.0016002119801542703, -0.050479472409487976, -3.2925356446954823], [0.0420730587682067, -0.5792802197181978, 0.8140419762006382, -33.599024188737424], [-0.027939081962931576, -0.8151269523370246, -0.5786082535475378, 71.79053626981458], [0.0, 0.0, 0.0, 1.0]]}, {"class": "CreamCheese", "pose": [[0.9427814214121133, -0.10717473163167258, 0.31571635166012185, -12.777876917189236], [-0.3126047512487518, -0.6134195037884809, 0.7252550145404841, -27.31316445209686], [0.11593757778738216, -0.7824513890244563, -0.6118237929919068, 67.4733796995215], [0.0, 0.0, 0.0, 1.0]]}, {"class": "Raisins", "pose": [[0.6149133654896293, 0.010915388602767667, -0.7885191523353201, 1.2792872477088824], [0.6599323906826267, -0.5545084982149506, 0.5069611616118451, -42.43779934504019], [-0.43170683945250177, -0.8321065199813867, -0.3481781095573186, 73.06020008731467], [0.0, 0.0, 0.0, 1.0]]}, {"class": "BBQSauce", "pose": [[0.9205118252402342, -0.007569704678789186, -0.3906414283325723, 11.570890031545833], [0.30527190884459016, -0.6100838088284517, 0.7311681490076464, -38.74294883632863], [-0.2438586885987083, -0.7923007819016737, -0.5592785198748698, 68.95006111689752], [0.0, 0.0, 0.0, 1.0]]}, {"class": "SaladDressing", "pose": [[0.5659496903372871, -0.08177340271919183, -0.8203743687979315, 23.192699423756423], [0.6696700663829837, -0.5348047892411885, 0.5152920471371778, -39.01138684222612], [-0.48087727232495964, -0.8410095316701869, -0.24791141240716744, 69.2762060465034], [0.0, 0.0, 0.0, 1.0]]}, {"class": "Mayo", "pose": [[-0.0800832992932636, 0.9920106693721906, 0.09747586055936687, 14.506708656622925], [0.5995960030122259, -0.030178220318294, 0.7997336821953309, -28.864859493924932], [0.7962859897891298, 0.12249148021843213, -0.5923888178721426, 68.02592917497068], [0.0, 0.0, 0.0, 1.0]]}, {"class": "Mushrooms", "pose": [[0.9188101977436105, 0.013436281641548722, -0.39447095358687784, 25.96669785681075], [0.3175966676174675, -0.6185678990439031, 0.7186836336234536, -29.90924176857893], [-0.2343505843470081, -0.7856165115231344, -0.5726137897736553, 69.45851349674426], [0.0, 0.0, 0.0, 1.0]]}, {"class": "Parmesan", "pose": [[0.9682566052662059, -0.038917627121736464, 0.24691012742154503, -2.9485967601500462], [-0.219002804332022, -0.6082317541258553, 0.762949512887463, -19.96385230618151], [0.12048642055657964, -0.7928049167271201, -0.5974474355751149, 59.31695322867364], [0.0, 0.0, 0.0, 1.0]]}, {"class": "Mustard", "pose": [[0.99810000696134, -0.054225747314543396, -0.02925732041207163, 2.9754988630631196], [-0.0037870760062365333, -0.5279315153183359, 0.8492785334838772, -16.421127526215525], [-0.06149858710915194, -0.8475541082614401, -0.5271337677983094, 53.234119052268895], [0.0, 0.0, 0.0, 1.0]]}, {"class": "Milk", "pose": [[-0.02098463243014441, -0.8352764937742747, -0.5494295864946394, 7.494581383305143], [-0.5402152997804563, -0.4529465461351665, 0.7092298008930914, -20.609986008896534], [-0.841265212025534, 0.31169314343191296, -0.44172421166795606, 61.35973373740426], [0.0, 0.0, 0.0, 1.0]]}, {"class": "AlphabetSoup", "pose": [[0.9225362863517187, -0.028627384668306624, 0.3848471379355397, 25.62742797769918], [-0.33517235114329447, -0.5537195057658745, 0.7622691507669651, -18.864089016122332], [0.19127561309788016, -0.8322110696296234, -0.5204213938919677, 59.58005204222356], [0.0, 0.0, 0.0, 1.0]]}, {"class": "Yogurt", "pose": [[0.9790315919102052, -0.026524513850697425, 0.20197435127386862, 33.956931818794715], [-0.17828811875431752, -0.591192280190453, 0.7865780881780144, -21.423397111331028], [0.09854210337204578, -0.8060944247159394, -0.5835248787373206, 62.95004137192146], [0.0, 0.0, 0.0, 1.0]]}, {"class": "Cherries", "pose": [[0.6234925394696021, -0.02035547753642578, 0.781564299418643, -4.422254520541491], [-0.6491679698256276, -0.570577724285664, 0.5030129836783374, -8.27829767275048], [0.435704101527855, -0.8209913506504288, -0.3689650252659443, 54.32774206215174], [0.0, 0.0, 0.0, 1.0]]}, {"class": "Cookies", "pose": [[0.44830929545321385, -0.06478091181416351, 0.8915280452349849, -14.415851378934097], [-0.7323069951377548, -0.5985505532505011, 0.3247518349807289, -5.670661304338365], [0.5125868655811776, -0.7984614917868567, -0.31577524153689157, 45.58827248758152], [0.0, 0.0, 0.0, 1.0]]}, {"class": "TomatoSauce", "pose": [[0.7511524072486461, -0.01623255618576438, -0.6599292473970101, 17.302479230418953], [0.5375747527932977, -0.5651594174795875, 0.6257861234007001, -8.992024893903643], [-0.3831232840805555, -0.8248220531624167, -0.41579463874943784, 52.959976023440106], [0.0, 0.0, 0.0, 1.0]]}, {"class": "PeasAndCarrots", "pose": [[0.8365401946912314, -0.01119339219138733, 0.5477912531274576, 27.940988166595414], [-0.45907504763518986, -0.5600713483507762, 0.689616008835939, -7.925891573531874], [0.2990830519714602, -0.8283688036059702, -0.47366074888717624, 53.78150712674219], [0.0, 0.0, 0.0, 1.0]]}, {"class": "Ketchup", "pose": [[0.7999062422653741, -0.03833646966632113, 0.5988992945764375, -3.723520443049644], [-0.49575974604794537, -0.6045935441103125, 0.6234492560474553, 5.518221785854593], [0.33818980881806193, -0.7956111146982491, -0.5026237749855466, 39.21873309418351], [0.0, 0.0, 0.0, 1.0]]}, {"class": "MacaroniAndCheese", "pose": [[-0.04264139445959315, 0.9990904480612623, -0.0001855721726443299, 28.35213557404974], [0.8364468739741744, 0.03559813794249505, -0.5468907147149025, 5.072006455607631], [-0.546386645254645, -0.0234753660711019, -0.8372040330025368, 45.69961154896286], [0.0, 0.0, 0.0, 1.0]]}, {"class": "Pineapple", "pose": [[0.9622318411737902, -0.03343220405371985, 0.27017071997008024, 10.227793873480707], [-0.23966219116896775, -0.5747443113037746, 0.7824519569887706, 10.013235091149935], [0.12912001511961896, -0.8176498931554693, -0.5610496642177668, 41.51279417485432], [0.0, 0.0, 0.0, 1.0]]}]}