{"camera": {"camera": "RealSense D415", "extrinsics": [[-0.99949145, -0.0054072673, -0.03142532, 0.79007196], [0.0113866255, 0.86001843, -0.51013595, -0.37227157], [0.029784795, -0.51023436, -0.8595195, 0.2876678], [0.0, 0.0, 0.0, 1.0]], "height": 480, "intrinsics": [[604.50507, 0.0, 326.28275], [0.0, 602.9669, 245.73769], [0.0, 0.0, 1.0]], "width": 640}, "objects": [{"class": "OrangeJuice", "pose": [[-0.9294379747579324, -0.02544583258860822, 0.36809998160564544, 9.77293459552505], [-0.2995255337503332, -0.5305554941909499, -0.7929662147647302, -5.425195697731139], [0.21547509981001445, -0.8472682205500456, 0.4854967096246152, 42.17817712594153], [0.0, 0.0, 0.0, 1.0]]}, {"class": "ChocolatePudding", "pose": [[0.9997942829325023, 0.004181280584751065, -0.019848034776418756, -4.198124330132891], [0.019033253310340555, -0.5316442654207066, 0.8467539228469101, -36.707072534005434], [-0.007011542400000865, -0.8469574671874049, -0.5316144263441065, 69.25139503921032], [0.0, 0.0, 0.0, 1.0]]}, {"class": "CreamCheese", "pose": [[0.9326916487706836, -0.10599282518432472, 0.3447489595331664, -13.445626656478215], [-0.34180011069765387, -0.5649094085352122, 0.7510327156778182, -29.95360872666867], [0.11514786777517673, -0.8183171442527194, -0.5631145808957622, 65.12877444291468], [0.0, 0.0, 0.0, 1.0]]}, {"class": "Raisins", "pose": [[0.6386936705530474, 0.014410988461425467, -0.7693261690488451, 0.13874366415314032], [0.6681935717664089, -0.5061797409016209, 0.5452517914631252, -45.71365916538702], [-0.3815596404170957, -0.862307630249114, -0.33292311855357765, 70.09432669988969], [0.0, 0.0, 0.0, 1.0]]}, {"class": "BBQSauce", "pose": [[0.9320881346970838, -0.006160993737829546, -0.3621792195714788, 10.593868825146602], [0.29597751035427444, -0.5634664742782212, 0.7712995146322126, -42.04423947827595], [-0.2088277663995482, -0.8261159954706185, -0.5233768596878071, 66.3946014857909], [0.0, 0.0, 0.0, 1.0]]}, {"class": "SaladDressing", "pose": [[0.5909582458246775, -0.07759442107165883, -0.8029617010086553, 22.19739981364398], [0.6819244718166599, -0.48372688498132016, 0.5486231958519213, -42.61651263837004], [-0.43098419675360883, -0.871772598748353, -0.23294885590769107, 66.91943852508228], [0.0, 0.0, 0.0, 1.0]]}, {"class": "Mayo", "pose": [[-0.08177598952252094, 0.9884002947856654, 0.12797492168997782, 13.778637936331439], [0.5549263441634064, -0.061504717981149835, 0.8296228165633028, -32.20466290656812], [0.8278704603958482, 0.13885990658957134, -0.543459693440469, 66.09513089563055], [0.0, 0.0, 0.0, 1.0]]}, {"class": "Mushrooms", "pose": [[0.9304879546607643, 0.014503073270506142, -0.3660353300888736, 25.18023109570976], [0.307777219017251, -0.5728323482888978, 0.7596949254475543, -33.610592558023924], [-0.19865891388235854, -0.8195442791051202, -0.5374772755844262, 67.67671831402168], [0.0, 0.0, 0.0, 1.0]]}, {"class": "Parmesan", "pose": [[0.9602627091275949, -0.03744058043356591, 0.2765750678786243, -3.286431057708872], [-0.24926540278834508, -0.5608185077662059, 0.789524829161556, -22.394336683721498], [0.1255481681156423, -0.8270918139019656, -0.5478656770666255, 57.59202576867813], [0.0, 0.0, 0.0, 1.0]]}, {"class": "Mustard", "pose": [[0.9987601176509108, -0.04976841890327232, 0.0011694640389278146, 2.838852912701484], [-0.024806118599347213, -0.4771704019591459, 0.8784606761358821, -18.65670459687006], [-0.043161528615977156, -0.8774004600886809, -0.4778132755922627, 51.833755103574994], [0.0, 0.0, 0.0, 1.0]]}, {"class": "Milk", "pose": [[-0.016956396450077214, -0.8517083013436454, -0.5237418121728329, 7.096068060831517], [-0.49060684289680606, -0.4493361750767363, 0.7465936130273072, -23.412639779308], [-0.8712160821239971, 0.2696107962601032, -0.41023477185267, 59.78683338192887], [0.0, 0.0, 0.0, 1.0]]}, {"class": "AlphabetSoup", "pose": [[0.910430069098095, -0.025092473385981997, 0.41290131125699314, 25.296679420123713], [-0.36812909000216915, -0.5044141269897238, 0.7810553483142539, -22.01428237330618], [0.18867465430098193, -0.8630972214223059, -0.4684709942419123, 58.445979629855906], [0.0, 0.0, 0.0, 1.0]]}, {"class": "Yogurt", "pose": [[0.9724245464250721, -0.024389259944124473, 0.2319390033730978, 33.495217996064106], [-0.20764110234443636, -0.5433576917322896, 0.8134172895847978, -24.965893112068613], [0.10618721762243383, -0.8391469743969965, -0.533438507629962, 61.81636222766191], [0.0, 0.0, 0.0, 1.0]]}, {"class": "Cherries", "pose": [[0.59929983453061, -0.017443191617025674, 0.8003346045087186, -4.385881895625943], [-0.6881250474643271, -0.5220838853117232, 0.5038972427915862, -10.410214304405919], [0.40905220137899595, -0.8527157854891512, -0.3248878221373068, 53.25750078996669], [0.0, 0.0, 0.0, 1.0]]}, {"class": "Cookies", "pose": [[0.420720236134932, -0.06295194110781055, 0.9050036308179427, -14.139967331411407], [-0.7711872455539734, -0.5501971154468258, 0.3202396945910971, -7.062788999055686], [0.4777706418303334, -0.832658544292872, -0.2800267374191491, 44.49949694065338], [0.0, 0.0, 0.0, 1.0]]}, {"class": "TomatoSauce", "pose": [[0.7710299333640387, -0.013118903044589094, -0.6366637825539359, 17.33897325451502], [0.5399484454698521, -0.5165586438844323, 0.6645471685335037, -11.578555616352515], [-0.3375922482795371, -0.8561513417910798, -0.39119862614713624, 52.25256774578917], [0.0, 0.0, 0.0, 1.0]]}, {"class": "PeasAndCarrots", "pose": [[0.8194240081947114, -0.00789219949111675, 0.5731335304775306, 27.981174460457904], [-0.49583498942143356, -0.5114017447237883, 0.7018660942814111, -10.822957996020671], [0.2875622180432724, -0.8593055487450332, -0.4229680317689939, 53.33055229522299], [0.0, 0.0, 0.0, 1.0]]}, {"class": "Ketchup", "pose": [[0.7811692810000225, -0.03671853016809047, 0.6232385897395428, -3.063439266133039], [-0.5337815454631696, -0.5570413552962968, 0.6362250276085848, 4.205351290110676], [0.32380841412624806, -0.829672671544154, -0.45474320256858697, 38.9833731567257], [0.0, 0.0, 0.0, 1.0]]}, {"class": "MacaroniAndCheese", "pose": [[-0.012127319870361173, 0.9999200152693446, 0.0035954071880576837, 28.857870460397773], [0.8670824900200625, 0.012306911998568178, -0.49801264136625895, 2.6012621762559753], [-0.4980170033672045, -0.00292200867623322, -0.8671623478166886, 46.01938587239667], [0.0, 0.0, 0.0, 1.0]]}, {"class": "Pineapple", "pose": [[0.953584165440221, -0.03067793778804808, 0.29955990941893734, 10.941287328317584], [-0.2702297825099055, -0.5261117534223256, 0.8063388760927166, 8.21764645318786], [0.13286519321641338, -0.8498619576816393, -0.5099818668988163, 41.78982126307831], [0.0, 0.0, 0.0, 1.0]]}]}