{"camera": {"camera": "RealSense D415", "extrinsics": [[-0.9995475, 0.0036832523, -0.029853556, 0.79181904], [0.018146941, 0.86535853, -0.50082463, -0.37778035], [0.023989366, -0.50113976, -0.8650338, 0.28768152], [0.0, 0.0, 0.0, 1.0]], "height": 480, "intrinsics": [[604.50507, 0.0, 326.28275], [0.0, 602.9669, 245.73769], [0.0, 0.0, 1.0]], "width": 640}, "objects": [{"class": "OrangeJuice", "pose": [[-0.9327906845636446, -0.024090973980125153, 0.35961264838510004, 10.093348842349059], [-0.29519075005065815, -0.52141382029483, -0.8006185786099637, -5.629744239102902], [0.20679463076752197, -0.8529638464109582, 0.47925847583654624, 42.10503590188284], [0.0, 0.0, 0.0, 1.0]]}, {"class": "ChocolatePudding", "pose": [[0.9999272997305498, 0.005525379210695463, -0.010721872631133146, -4.258769565579135], [0.012028621007065041, -0.5227154865869706, 0.8524223669544183, -37.095200516923846], [-0.000894497171767691, -0.8524893310089483, -0.5227438853304242, 68.76300218523821], [0.0, 0.0, 0.0, 1.0]]}, {"class": "CreamCheese", "pose": [[0.9295642221351991, -0.105048996995263, 0.3533767936226738, -13.433800962588238], [-0.3495866514523657, -0.5554995856087057, 0.7544597025953323, -30.233425805247204], [0.11704543961279168, -0.824854529286911, -0.5530961940208411, 64.65734473834723], [0.0, 0.0, 0.0, 1.0]]}, {"class": "Raisins", "pose": [[0.6456401586705075, 0.016025261716567516, -0.7634736862612932, 0.00967778344622694], [0.6676354197230906, -0.4971638358276118, 0.554158033418002, -46.14063346449125], [-0.3706909099243439, -0.8675087194447317, -0.3316879561371606, 69.53634471713184], [0.0, 0.0, 0.0, 1.0]]}, {"class": "BBQSauce", "pose": [[0.9353760167341801, -0.005164565712941096, -0.35361720503118343, 10.512266149234684], [0.29155427951370005, -0.5546813181062658, 0.7793104623745931, -42.50656870918109], [-0.20016960253639698, -0.8320468943525183, -0.5173298030061417, 65.93753012483408], [0.0, 0.0, 0.0, 1.0]]}, {"class": "SaladDressing", "pose": [[0.5982991928423195, -0.07576201179692582, -0.7976830739882155, 22.108144601122248], [0.682223376453824, -0.4739619050154141, 0.5567148610729461, -43.166454589741384], [-0.4202491562978507, -0.8772800576678573, -0.23188440290122073, 66.52493393689727], [0.0, 0.0, 0.0, 1.0]]}, {"class": "Mayo", "pose": [[-0.08283910257681427, 0.9870948718160739, 0.13704557721155544, 13.767724093905398], [0.5467458567309917, -0.06995774968190453, 0.8343709850733655, -32.68717454919266], [0.8331906861830854, 0.14404766770790492, -0.5338947266505791, 65.76091479155954], [0.0, 0.0, 0.0, 1.0]]}, {"class": "Mushrooms", "pose": [[0.9337977654926836, 0.015393544978738056, -0.35747008972560185, 25.1494938212231], [0.3032573216888567, -0.5642618840599783, 0.76788253161831, -34.190344438902166], [-0.1898862573537278, -0.8254523830436056, -0.531574643728847, 67.39498613015363], [0.0, 0.0, 0.0, 1.0]]}, {"class": "Parmesan", "pose": [[0.9577209855808508, -0.03641839916415054, 0.28538448993408605, -3.1768527459278273], [-0.25736402841779754, -0.5518018843223454, 0.7932707587326252, -22.667336197192846], [0.12858606395216537, -0.833179724585818, -0.5378449590318913, 57.261147414014744], [0.0, 0.0, 0.0, 1.0]]}, {"class": "Mustard", "pose": [[0.998802192488533, -0.04785747945218708, 0.01019485434678695, 3.0088897055924546], [-0.031419365851033644, -0.46754366993229896, 0.8834114553712296, -18.91274683479565], [-0.03751127042625904, -0.8826735783991505, -0.4684872333870674, 51.57904135054415], [0.0, 0.0, 0.0, 1.0]]}, {"class": "Milk", "pose": [[-0.015178166727235185, -0.8564396456269427, -0.516024078670529, 7.184911940277039], [-0.48127638551994123, -0.44610939924673054, 0.7545591454418547, -23.78215233640622], [-0.8764375226583981, 0.2598029664896645, -0.40541301994287776, 59.506461066147246], [0.0, 0.0, 0.0, 1.0]]}, {"class": "AlphabetSoup", "pose": [[0.9066783829902604, -0.023459403026806446, 0.4211698699365416, 25.40259251028524], [-0.3765299240180549, -0.4951104323901639, 0.7830012358756161, -22.498623384284215], [0.19015686081768648, -0.8685133186169077, -0.45773902272870753, 58.28816992745438], [0.0, 0.0, 0.0, 1.0]]}, {"class": "Yogurt", "pose": [[0.9702903135918425, -0.023172914674652507, 0.24083151058343344, 33.55988350617886], [-0.21562535855824708, -0.5343079555351644, 0.8173253775111979, -25.54350752825049], [0.10973839969041065, -0.8449722455870586, -0.5234304319396964, 61.67561842708808], [0.0, 0.0, 0.0, 1.0]]}, {"class": "Cherries", "pose": [[0.5919961623743241, -0.015996604270094097, 0.8057820707241313, -4.166213647396622], [-0.6966176640489478, -0.512942194413656, 0.5016115974042556, -10.63076810762812], [0.4052955117727828, -0.8582741305874574, -0.31480326262731934, 53.0470904469281], [0.0, 0.0, 0.0, 1.0]]}, {"class": "Cookies", "pose": [[0.41242974318053693, -0.06182081001302561, 0.9088894253449872, -13.843931645797646], [-0.779132498162577, -0.5409421692840909, 0.3167557089028135, -7.122377141701985], [0.4720744800554943, -0.8387847340578398, -0.27126718277646095, 44.267395506086245], [0.0, 0.0, 0.0, 1.0]]}, {"class": "TomatoSauce", "pose": [[0.776807676556628, -0.011613154752592074, -0.6296308929793363, 17.55554152789194], [0.5380010624383658, -0.5074118417771708, 0.6731182206454142, -11.94221329974427], [-0.32729913094677854, -0.8616254559202599, -0.38791349789780594, 52.15842054786246], [0.0, 0.0, 0.0, 1.0]]}, {"class": "PeasAndCarrots", "pose": [[0.8141878354069051, -0.0063315983021490965, 0.5805671129619119, 28.196132973605582], [-0.504622322623398, -0.5022591510407356, 0.7022051808633756, -11.273353388617585], [0.2871490563667196, -0.8646940061707536, -0.4121282863134955, 53.307277204427585], [0.0, 0.0, 0.0, 1.0]]}, {"class": "Ketchup", "pose": [[0.7754513703185187, -0.03565441902706481, 0.6303998951376365, -2.655775592020859], [-0.5426765934490896, -0.5480029790842605, 0.636549219748658, 4.124518690407209], [0.3227652152665686, -0.835716201737072, -0.44429840786087604, 38.93629980751345], [0.0, 0.0, 0.0, 1.0]]}, {"class": "MacaroniAndCheese", "pose": [[-0.0030601494217870526, 0.9999813375561829, 0.005296521446569949, 29.21077080772888], [0.8723409811677174, 0.0052588821132640235, -0.48886973322105143, 2.2205426512156956], [-0.4888884022142177, 0.0031243926682612984, -0.8723407577377702, 46.14370895402837], [0.0, 0.0, 0.0, 1.0]]}, {"class": "Pineapple", "pose": [[0.9508518132324257, -0.0292761424462287, 0.3082593548793722, 11.359690712423099], [-0.2783564712728888, -0.5169060991436498, 0.8095219693707884, 8.00781801313104], [0.13564147453003525, -0.8555413855372019, -0.49965023494443145, 41.86780659785051], [0.0, 0.0, 0.0, 1.0]]}]}