{"camera": {"camera": "RealSense D415", "extrinsics": [[-0.9987375, 0.017582336, -0.047056027, 0.79400355], [0.03861339, 0.8678831, -0.49526557, -0.3871383], [0.032131203, -0.4964573, -0.8674663, 0.28056404], [0.0, 0.0, 0.0, 1.0]], "height": 480, "intrinsics": [[604.50507, 0.0, 326.28275], [0.0, 602.9669, 245.73769], [0.0, 0.0, 1.0]], "width": 640}, "objects": [{"class": "OrangeJuice", "pose": [[-0.9370193858858953, -0.04162441147941582, 0.3467883618480958, 11.098656938907913], [-0.2770495528385833, -0.5160362399286299, -0.8105246764595773, -5.223149128610744], [0.2126929205224741, -0.8555548457546744, 0.47200389749761884, 42.122884707280086], [0.0, 0.0, 0.0, 1.0]]}, {"class": "ChocolatePudding", "pose": [[0.9999238201640639, -0.01203843528781518, 0.002742082164990113, -3.688429553662964], [-0.008581476466922358, -0.517950765543092, 0.8553674470849427, -36.534407615746346], [-0.008876986072658619, -0.8553257660441959, -0.5180145604582971, 68.72462636155699], [0.0, 0.0, 0.0, 1.0]]}, {"class": "CreamCheese", "pose": [[0.9230436194391517, -0.12304370552883115, 0.3644870535597661, -12.752042316193046], [-0.36932228188211746, -0.5486023087977224, 0.7500911049231519, -29.46214333569243], [0.10766446746229974, -0.8269799549610786, -0.5518265745016816, 64.7301825716295], [0.0, 0.0, 0.0, 1.0]]}, {"class": "Raisins", "pose": [[0.6563325915286637, -0.0011324582199269456, -0.7544708979847554, 0.39824996887924957], [0.6562435888970303, -0.49253753222882035, 0.5716215865195526, -45.67008438994019], [-0.372252507965014, -0.87029051466818, -0.3225252582046561, 69.41457054901818], [0.0, 0.0, 0.0, 1.0]]}, {"class": "BBQSauce", "pose": [[0.9395815314807461, -0.023223900540177617, -0.34153665281236056, 10.944782479266134], [0.2733236306992461, -0.5498030755904988, 0.7893103811367563, -42.23325510314681], [-0.2061087139669543, -0.8349714468107169, -0.5102371339145505, 65.751086855474], [0.0, 0.0, 0.0, 1.0]]}, {"class": "SaladDressing", "pose": [[0.6089113409110933, -0.09249548662635729, -0.787827171995159, 22.52885039225604], [0.6720807799323293, -0.46739425088312425, 0.5743258189256364, -43.1353056099792], [-0.4213483709726065, -0.8791969544151307, -0.22243722128619706, 66.24156079634953], [0.0, 0.0, 0.0, 1.0]]}, {"class": "Mayo", "pose": [[-0.0649130705336252, 0.9865509580359364, 0.15001196466465364, 14.400888996224491], [0.5436771323172372, -0.09109383055130105, 0.8343363809809796, -32.48222175612694], [0.8367804692028089, 0.1357174345286488, -0.53045195457583, 65.60148056743907], [0.0, 0.0, 0.0, 1.0]]}, {"class": "Mushrooms", "pose": [[0.9383270219022614, -0.002816411825491067, -0.3457376995103926, 25.761785277689075], [0.28499912629138, -0.5598420553104811, 0.7780440076991326, -34.228793857453276], [-0.195749743220965, -0.8285946110072633, -0.5245122118943254, 67.13572706990331], [0.0, 0.0, 0.0, 1.0]]}, {"class": "Parmesan", "pose": [[0.9531901773718613, -0.054419586350638524, 0.2974341665873372, -2.399994121968929], [-0.2777655405037906, -0.5462737121854238, 0.7902097460050961, -22.06792168030542], [0.11947759831923493, -0.8358370831008668, -0.535818556790388, 57.29277557098425], [0.0, 0.0, 0.0, 1.0]]}, {"class": "Mustard", "pose": [[0.9976109026076909, -0.06450799731791335, 0.024724367546493948, 3.816708946727876], [-0.051791932135457755, -0.46152258744192903, 0.8856153814406242, -18.409977538831324], [-0.04571838286604465, -0.8847800309751158, -0.4637609061180273, 51.581494654819984], [0.0, 0.0, 0.0, 1.0]]}, {"class": "Milk", "pose": [[-0.03207089344945909, -0.8633840842657745, -0.5035270299598419, 7.954019505369092], [-0.4759606332473885, -0.429803616696022, 0.7672877123161855, -23.40861490978976], [-0.8788816851860206, 0.2642665878024868, -0.3971526228082098, 59.44854902411294], [0.0, 0.0, 0.0, 1.0]]}, {"class": "AlphabetSoup", "pose": [[0.9001869177239329, -0.04057300621272666, 0.4336097708721782, 26.18408688608692], [-0.39619582291734834, -0.4896650576047453, 0.7766962778727782, -22.494113477052103], [0.18081066126887077, -0.8709661572783208, -0.4568648699943755, 58.090648259499744], [0.0, 0.0, 0.0, 1.0]]}, {"class": "Yogurt", "pose": [[0.966469105070401, -0.040909530110308, 0.2535033892492374, 34.30335825899057], [-0.23619026570221313, -0.5289909761499622, 0.8150968116347114, -25.725368364363288], [0.10075579997946237, -0.8476408703575358, -0.520915804576564, 61.395787923368005], [0.0, 0.0, 0.0, 1.0]]}, {"class": "Cherries", "pose": [[0.5806765210150054, -0.03339915457855969, 0.8134490540197475, -3.1739011575140585], [-0.7109248654826463, -0.507703755017259, 0.48664446937933714, -9.990177115192528], [0.39673760265214203, -0.8608841264998348, -0.3185558776260067, 53.15209382623707], [0.0, 0.0, 0.0, 1.0]]}, {"class": "Cookies", "pose": [[0.3999793745968214, -0.07963591304170299, 0.9130578899070015, -12.846438384245563], [-0.7900921515118979, -0.5348615397814567, 0.29946223831987767, -6.234074564567537], [0.4645115644449019, -0.8411785448634718, -0.2768532353900731, 44.46970957035039], [0.0, 0.0, 0.0, 1.0]]}, {"class": "TomatoSauce", "pose": [[0.785134330120057, -0.02892912550729644, -0.6186495602799602, 18.508391717140626], [0.5236926733611804, -0.5022463130338346, 0.6881095346740811, -11.744130755857746], [-0.33062080514876685, -0.8642406098812954, -0.3791808318235722, 52.081537390738085], [0.0, 0.0, 0.0, 1.0]]}, {"class": "PeasAndCarrots", "pose": [[0.8058425215728227, -0.02356676734951963, 0.591660820886531, 29.16931053543037], [-0.5228939272819428, -0.4971865389844702, 0.6923782153288411, -11.301180923492781], [0.2778486772297636, -0.8673236058856815, -0.41297690858298386, 53.14832534210745], [0.0, 0.0, 0.0, 1.0]]}, {"class": "Ketchup", "pose": [[0.7666120304374564, -0.05359744258950614, 0.6398698289548423, -1.4709868939563608], [-0.5603398557625626, -0.5424772608165566, 0.6258895863797351, 4.80938874230033], [0.313568743927594, -0.8383590071164809, -0.4459023097114058, 39.109755046946695], [0.0, 0.0, 0.0, 1.0]]}, {"class": "MacaroniAndCheese", "pose": [[0.011082039452905732, 0.9998698857249613, -0.011725574279848697, 30.405613008166604], [0.8749345674130716, -0.015373222733058346, -0.48399718342790177, 2.2087161247705103], [-0.4841144148587546, -0.004895398778727507, -0.8749910400594918, 46.050038165024255], [0.0, 0.0, 0.0, 1.0]]}, {"class": "Pineapple", "pose": [[0.9459450123044273, -0.04673564269812949, 0.32094221048071053, 12.64452852131872], [-0.2986509859867045, -0.5114082702081317, 0.8057724719358041, 8.386523307346211], [0.12647422467223804, -0.858066108982737, -0.49772168417340434, 41.94936315893659], [0.0, 0.0, 0.0, 1.0]]}]}