{"camera": {"camera": "RealSense D415", "extrinsics": [[-0.99904794, 0.025642259, -0.035294835, 0.7853858], [0.03994313, 0.8629839, -0.50365007, -0.37931547], [0.017544145, -0.5045804, -0.8631865, 0.30891094], [0.0, 0.0, 0.0, 1.0]], "height": 480, "intrinsics": [[604.50507, 0.0, 326.28275], [0.0, 602.9669, 245.73769], [0.0, 0.0, 1.0]], "width": 640}, "objects": [{"class": "OrangeJuice", "pose": [[-0.940268164083198, -0.030057134965544463, 0.3391053986586987, 10.082675975220168], [-0.2740074230697444, -0.5243091649321396, -0.8062381431770216, -4.235706878939655], [0.20202923463628944, -0.8509973964442146, 0.48475533623593614, 43.65797518513188], [0.0, 0.0, 0.0, 1.0]]}, {"class": "ChocolatePudding", "pose": [[0.9999383903686196, -0.00047964036045438805, 0.01109542979510934, -5.117283162191699], [-0.00968718092721106, -0.5262515330792802, 0.8502738348909025, -35.27106343285367], [0.005431198743747746, -0.8503288734717722, -0.5262237408481351, 70.350174396701], [0.0, 0.0, 0.0, 1.0]]}, {"class": "CreamCheese", "pose": [[0.9209917080171068, -0.11191202612562788, 0.3731622908633586, -14.11500719762947], [-0.36919619322165176, -0.5565120947111757, 0.7443040851651374, -28.228835854766167], [0.12437278378387427, -0.8232679333777739, -0.5538604850840255, 66.15856621876894], [0.0, 0.0, 0.0, 1.0]]}, {"class": "Raisins", "pose": [[0.6623170308052547, 0.010667366928318035, -0.7491478366372879, -1.0514065609154355], [0.6519140250568481, -0.500996520783492, 0.5692193794484752, -44.40374267398725], [-0.36924835256927224, -0.8653836101597765, -0.3387727524513801, 71.18706246139841], [0.0, 0.0, 0.0, 1.0]]}, {"class": "BBQSauce", "pose": [[0.9427321471981037, -0.011990171346503029, -0.33333535303135126, 9.550106163575677], [0.27034325181013347, -0.557892489008158, 0.7846468050987638, -41.0135448581212], [-0.19537329721095462, -0.829826671930491, -0.5227017177142801, 67.64069127583257], [0.0, 0.0, 0.0, 1.0]]}, {"class": "SaladDressing", "pose": [[0.6156167836183616, -0.0805306574549437, -0.7839202204864126, 21.12498003503136], [0.6673202106288001, -0.4758481100917233, 0.5729331762528405, -41.92258258199942], [-0.4191656046589812, -0.8758330284450051, -0.23920037325953739, 68.30464859254747], [0.0, 0.0, 0.0, 1.0]]}, {"class": "Mayo", "pose": [[-0.07617064643718444, 0.9844160855922779, 0.15850276400971952, 13.019281114213188], [0.5518743444517413, -0.09077239476321826, 0.828972371148523, -31.267962329868343], [0.8304413501776098, 0.15061700007951687, -0.5363597669605821, 67.44536354598097], [0.0, 0.0, 0.0, 1.0]]}, {"class": "Mushrooms", "pose": [[0.941344046841318, 0.00831297640590459, -0.33734611758531774, 24.355191950640954], [0.2821204475059937, -0.5678896322852524, 0.7732460995599213, -33.01107857852135], [-0.18514734474989017, -0.823062790966412, -0.5369247798997734, 69.1579834796484], [0.0, 0.0, 0.0, 1.0]]}, {"class": "Parmesan", "pose": [[0.9510733293807871, -0.04316629374673094, 0.30593515060371934, -3.649733817192047], [-0.2775594315485263, -0.5543399245867667, 0.7846452203450247, -20.91802655917283], [0.13572187492004836, -0.8311702710305009, -0.5391991001801167, 58.797549277733154], [0.0, 0.0, 0.0, 1.0]]}, {"class": "Mustard", "pose": [[0.9980993198821396, -0.05245985653633748, 0.032339360741934726, 2.6517528079296526], [-0.05325234148455298, -0.47005969156066796, 0.8810267795810709, -17.322271978180783], [-0.03101706820334994, -0.8810743175173089, -0.471959855181825, 53.13994357352089], [0.0, 0.0, 0.0, 1.0]]}, {"class": "Milk", "pose": [[-0.02012661043267916, -0.8675503232869243, -0.4969421286905006, 6.671032544419198], [-0.4844726201689048, -0.426326480133158, 0.7638927440986993, -22.248197959998837], [-0.8745749259038074, 0.25612938663686735, -0.41172387918743103, 61.11333119353126], [0.0, 0.0, 0.0, 1.0]]}, {"class": "AlphabetSoup", "pose": [[0.8970665193243264, -0.02875624068591526, 0.44095902494353506, 24.919606494674508], [-0.39533209070814723, -0.49809055453611983, 0.7717632081026655, -21.36556605492112], [0.197444545784447, -0.8666481288840033, -0.45818859485325825, 60.00604372404711], [0.0, 0.0, 0.0, 1.0]]}, {"class": "Yogurt", "pose": [[0.9646651664507908, -0.029469817887196475, 0.26182583833603473, 32.98733134262436], [-0.23618219829893491, -0.5371868605013037, 0.8097211606189691, -24.57272533057348], [0.11678709852007602, -0.8429483417918389, -0.525165672051618, 63.457633674530435], [0.0, 0.0, 0.0, 1.0]]}, {"class": "Cherries", "pose": [[0.5741549523864158, -0.021747314495334995, 0.8184578597048198, -4.350719180782603], [-0.7076153164454608, -0.5160374183236567, 0.48268629425780984, -8.880437361833637], [0.41185776009440617, -0.8562899845207248, -0.3116741315401206, 54.528923879294], [0.0, 0.0, 0.0, 1.0]]}, {"class": "Cookies", "pose": [[0.39242116224058415, -0.06829091676777899, 0.9172470252134738, -13.894512908222401], [-0.7859338734378066, -0.5429546581322956, 0.29581801439091016, -5.199290504193099], [0.47782186206176086, -0.8369806996898953, -0.2667389977004099, 45.67368535748181], [0.0, 0.0, 0.0, 1.0]]}, {"class": "TomatoSauce", "pose": [[0.7903604115169244, -0.01722371081767087, -0.6124001035619346, 17.342554474459902], [0.5196439782683068, -0.5106175161905135, 0.6850109487092964, -10.666851349122242], [-0.32450061060371427, -0.8596355019819195, -0.39462168448006435, 53.78401552338885], [0.0, 0.0, 0.0, 1.0]]}, {"class": "PeasAndCarrots", "pose": [[0.8012056968088612, -0.011812216648011707, 0.5982725349613573, 27.987739227913476], [-0.5209819603478199, -0.5055935067412872, 0.6877158677650842, -10.224393992769803], [0.2943592820964305, -0.8626910093903317, -0.41123831505896696, 54.9979793828128], [0.0, 0.0, 0.0, 1.0]]}, {"class": "Ketchup", "pose": [[0.7614281070850877, -0.042303990467685675, 0.6468676319630855, -2.431242377738585], [-0.5580378806587447, -0.5505690782004431, 0.6208603109573859, 5.779793143220574], [0.3298804662117192, -0.8337170760698415, -0.44282596072640684, 40.36885238095348], [0.0, 0.0, 0.0, 1.0]]}, {"class": "MacaroniAndCheese", "pose": [[0.018975350625781064, 0.9998200018529575, 0.000152031515122639, 29.340456531133718], [0.8701619782120984, -0.016439732501543822, -0.4924916026816878, 3.214397719511636], [-0.4924004413814962, 0.009477530213879468, -0.8703172399534127, 47.78684302155251], [0.0, 0.0, 0.0, 1.0]]}, {"class": "Pineapple", "pose": [[0.9437052632806113, -0.03512679188358812, 0.32891732654063704, 11.646619101281697], [-0.2983682814485505, -0.519700686189231, 0.8005546060341997, 9.370044054190851], [0.1428176776132804, -0.8536260341434877, -0.500924965643941, 43.374008407039085], [0.0, 0.0, 0.0, 1.0]]}]}