{"camera": {"camera": "RealSense D415", "extrinsics": [[-0.9989219, 0.03749232, -0.027375674, 0.77844554], [0.046208784, 0.8596227, -0.50883543, -0.37900266], [0.0044553294, -0.5095519, -0.8604284, 0.3236221], [0.0, 0.0, 0.0, 1.0]], "height": 480, "intrinsics": [[604.50507, 0.0, 326.28275], [0.0, 602.9669, 245.73769], [0.0, 0.0, 1.0]], "width": 640}, "objects": [{"class": "OrangeJuice", "pose": [[-0.944471846556382, -0.022423656458960217, 0.32782656893666806, 9.442384726078323], [-0.2669329360095724, -0.5294494327384731, -0.8052515712231342, -3.7036488673780568], [0.1916242359026008, -0.8480450927896372, 0.49406446860938763, 44.039037793863876], [0.0, 0.0, 0.0, 1.0]]}, {"class": "ChocolatePudding", "pose": [[0.999706767912507, 0.007130142381279877, 0.023144931776761017, -6.291785156237861], [-0.015815168369739396, -0.5315698079720648, 0.8468668176360947, -34.47645002279903], [0.018341462643047042, -0.8469844749054506, -0.5313011541012956, 70.72566433693042], [0.0, 0.0, 0.0, 1.0]]}, {"class": "CreamCheese", "pose": [[0.9169997277773713, -0.10482656805559597, 0.38486755967905784, -15.190924742407452], [-0.3740765263279391, -0.5609724608258035, 0.7384962002316421, -27.40537491954035], [0.1384861108738295, -0.821170684105565, -0.5536247203591593, 66.37517099649918], [0.0, 0.0, 0.0, 1.0]]}, {"class": "Raisins", "pose": [[0.6710507449016285, 0.01862657701440667, -0.7411775070811962, -2.2940593289868416], [0.6454874093159364, -0.5064790442776999, 0.5716860757734593, -43.628575282229406], [-0.36474228742482306, -0.8620510598630252, -0.35189637719826083, 71.671363029353], [0.0, 0.0, 0.0, 1.0]]}, {"class": "BBQSauce", "pose": [[0.946827422898757, -0.004839443537776362, -0.32170570346287586, 8.372980513990957], [0.26329553329967326, -0.5630098071038746, 0.7833871369638435, -40.326122384057626], [-0.1849145844391622, -0.8264360446219959, -0.5317989158914866, 68.24057186693419], [0.0, 0.0, 0.0, 1.0]]}, {"class": "SaladDressing", "pose": [[0.6250910011125206, -0.07227129811454718, -0.7771989760700877, 19.932496561694013], [0.6608672316409165, -0.48083520993076817, 0.5762395249765684, -41.302288305937005], [-0.41535017714011024, -0.873827424270257, -0.2528040531222, 69.05885442773099], [0.0, 0.0, 0.0, 1.0]]}, {"class": "Mayo", "pose": [[-0.08335786714332893, 0.9818195900918378, 0.17053418163117057, 11.905147095865864], [0.5575390801275055, -0.09588953966376211, 0.8245940561420249, -30.6035248948444], [0.8259549851932402, 0.16381589995900717, -0.5394096214262163, 68.02940369277842], [0.0, 0.0, 0.0, 1.0]]}, {"class": "Mushrooms", "pose": [[0.945381964905423, 0.015312566094524704, -0.3256049974410157, 23.207080946960403], [0.2751450648261844, -0.5730891984144849, 0.7719222441888481, -32.40567675167881], [-0.17478055796772746, -0.8193499214430202, -0.5460013636612323, 69.8983441712594], [0.0, 0.0, 0.0, 1.0]]}, {"class": "Parmesan", "pose": [[0.9475049647977086, -0.03597300580070573, 0.3177112417664185, -4.586757863748581], [-0.2825574142518696, -0.5592736866550382, 0.7793421829836314, -20.205586020861123], [0.14965228661328842, -0.8282022015136015, -0.5400790061199932, 59.10405516526753], [0.0, 0.0, 0.0, 1.0]]}, {"class": "Mustard", "pose": [[0.9980629133450901, -0.044100055660694935, 0.0438834217357127, 1.8090267297972473], [-0.059596268007498766, -0.4752529373484546, 0.8778285239682928, -16.684346332915304], [-0.017856524339962036, -0.8787433280068981, -0.47696051655663674, 53.50570773222875], [0.0, 0.0, 0.0, 1.0]]}, {"class": "Milk", "pose": [[-0.011943348208144636, -0.8734054877605324, -0.4868473672423085, 5.694984412745486], [-0.48982374403197654, -0.4193543861894112, 0.7643393131831624, -21.58476387649725], [-0.8717396743040088, 0.24759813303924064, -0.42280625715798215, 61.56048884112726], [0.0, 0.0, 0.0, 1.0]]}, {"class": "AlphabetSoup", "pose": [[0.8919775491741402, -0.020758682749887302, 0.4516030087003242, 23.961402677926678], [-0.3996049364559003, -0.5033381720500072, 0.7661374331205483, -20.821585442906898], [0.21140505553385677, -0.8638401268468676, -0.4572615926097804, 60.682361896592155], [0.0, 0.0, 0.0, 1.0]]}, {"class": "Yogurt", "pose": [[0.9615963454814795, -0.02201992495408378, 0.2735831498266721, 31.964061417164093], [-0.2413844958799564, -0.5422796854274204, 0.804777146191807, -24.05665821484043], [0.13063748294242594, -0.8399094394556499, -0.5267694067577238, 64.25717443170934], [0.0, 0.0, 0.0, 1.0]]}, {"class": "Cherries", "pose": [[0.56440197126018, -0.013995226866166895, 0.8253815463590085, -5.157828774823425], [-0.708539079082754, -0.521262466473364, 0.47566564051839605, -8.190958497124996], [0.4235833804306171, -0.8532816512917226, -0.30411769058040594, 54.75219572780844], [0.0, 0.0, 0.0, 1.0]]}, {"class": "Cookies", "pose": [[0.38135251360762534, -0.06094955142275894, 0.922418322212819, -14.564211480541001], [-0.7853202216713266, -0.547770522475986, 0.2884780602603837, -4.506764646743755], [0.487690957523077, -0.8344055423161373, -0.2567585387761347, 45.752375539697], [0.0, 0.0, 0.0, 1.0]]}, {"class": "TomatoSauce", "pose": [[0.7976820203699921, -0.009395380917468516, -0.6030051988194333, 16.531633501944608], [0.512714477751696, -0.5158916689374884, 0.686279562085166, -10.115675231091203], [-0.31753317895192174, -0.8566023083326099, -0.4067003712268396, 54.29723472172893], [0.0, 0.0, 0.0, 1.0]]}, {"class": "PeasAndCarrots", "pose": [[0.7941002856209821, -0.0039139220388431, 0.6077742724057588, 27.16294505407556], [-0.5240503517823089, -0.5109203988760248, 0.6814187860048407, -9.731213884607143], [0.3078572735104197, -0.8596191186892306, -0.4077730940888561, 55.64513756414994], [0.0, 0.0, 0.0, 1.0]]}, {"class": "Ketchup", "pose": [[0.7536402711073655, -0.035054617134561726, 0.6563517838706356, -2.9655934153225982], [-0.5606365522863305, -0.5555242994292974, 0.614067908374304, 6.367922460335363], [0.3430934665527422, -0.8307610529381007, -0.4383183460250294, 40.5273084521402], [0.0, 0.0, 0.0, 1.0]]}, {"class": "MacaroniAndCheese", "pose": [[0.030714841711931142, 0.9994943906465987, 0.008228619081966483, 28.691817708672364], [0.8669180997558372, -0.022541309978063695, -0.49794064382344805, 3.6534207035068436], [-0.49750338228420654, 0.022427741468415648, -0.867172074827435, 48.36876951133207], [0.0, 0.0, 0.0, 1.0]]}, {"class": "Pineapple", "pose": [[0.9399168210589497, -0.027430347710597294, 0.34030000605688315, 11.094747573925245], [-0.30327547393616944, -0.5248264018587696, 0.795349748181187, 9.890152173549582], [0.15678173727217298, -0.8507671984874658, -0.501612088339013, 43.690812735150075], [0.0, 0.0, 0.0, 1.0]]}]}