{"camera": {"camera": "RealSense D415", "extrinsics": [[-0.998841, 0.03702785, -0.030750185, 0.7827387], [0.047509607, 0.86085224, -0.5066322, -0.3784269], [0.007711863, -0.507506, -0.8616137, 0.31853148], [0.0, 0.0, 0.0, 1.0]], "height": 480, "intrinsics": [[604.50507, 0.0, 326.28275], [0.0, 602.9669, 245.73769], [0.0, 0.0, 1.0]], "width": 640}, "objects": [{"class": "OrangeJuice", "pose": [[-0.9442172797168559, -0.025786548167572646, 0.32831211727884285, 9.95396464859497], [-0.26617337754508996, -0.5272837866388819, -0.8069222536772294, -3.585739151445], [0.19392135875247254, -0.8492978504712786, 0.49100677662120107, 43.83084078376384], [0.0, 0.0, 0.0, 1.0]]}, {"class": "ChocolatePudding", "pose": [[0.9997376243394795, 0.00376760663191576, 0.0225953834828031, -5.736969854315765], [-0.017174511708363205, -0.5294456452722376, 0.8481699870281787, -34.40490255856162], [0.015158634513342763, -0.848335481486621, -0.5292420179218914, 70.48940619103364], [0.0, 0.0, 0.0, 1.0]]}, {"class": "CreamCheese", "pose": [[0.9169349321123497, -0.10814623626624083, 0.3841025717018598, -14.640375666230964], [-0.3756281150920471, -0.5587660679631579, 0.7393808101992682, -27.311217966144653], [0.13466226562900593, -0.8222437914830096, -0.5529748714605309, 66.18469059044361], [0.0, 0.0, 0.0, 1.0]]}, {"class": "Raisins", "pose": [[0.6707543647198866, 0.015249815027534662, -0.7415228176430332, -1.748392284967637], [0.6455211420173909, -0.5043321707146443, 0.5735429354776828, -43.56462227505182], [-0.3652273605702862, -0.8633750517631502, -0.34812710605082553, 71.39953594908724], [0.0, 0.0, 0.0, 1.0]]}, {"class": "BBQSauce", "pose": [[0.9465891073546407, -0.008178925005387989, -0.3223386895141758, 8.912174913596626], [0.2625160106890885, -0.5609215028575486, 0.785144823462178, -40.267561928890814], [-0.18722830564266008, -0.827828574075103, -0.5288150909291861, 67.94353363421406], [0.0, 0.0, 0.0, 1.0]]}, {"class": "SaladDressing", "pose": [[0.6246562777596132, -0.07565062357636056, -0.7772268533333337, 20.47290318963452], [0.6610886285020499, -0.478539398414073, 0.5778943255270134, -41.260968083697165], [-0.41565170927632533, -0.8748011244601446, -0.2489108999269126, 68.72301552634748], [0.0, 0.0, 0.0, 1.0]]}, {"class": "Mayo", "pose": [[-0.08002661053917928, 0.9822016003776458, 0.16992887204833262, 12.456506460820515], [0.5555678677543743, -0.09759114066878265, 0.8257241038188022, -30.549112230934888], [0.8276110551700661, 0.16048695462198498, -0.5378697478385773, 67.74568864009615], [0.0, 0.0, 0.0, 1.0]]}, {"class": "Mushrooms", "pose": [[0.9451911439361164, 0.011981900844103489, -0.32629771560848253, 23.76186212387762], [0.2743418915751582, -0.571045157765988, 0.7737208387813539, -32.37080653915877], [-0.17706004746196247, -0.8208311861957651, -0.5430339678553309, 69.57455459701548], [0.0, 0.0, 0.0, 1.0]]}, {"class": "Parmesan", "pose": [[0.9475960049696677, -0.03931291450326167, 0.31704316717633885, -4.04959133656253], [-0.28417754381861327, -0.5571400548403518, 0.7802807603210863, -20.1070907916091], [0.1459623702245426, -0.8294874505261073, -0.5391155189582458, 58.898383742552674], [0.0, 0.0, 0.0, 1.0]]}, {"class": "Mustard", "pose": [[0.9979222390496945, -0.047487607326701896, 0.043545329196638415, 2.333227389258463], [-0.06086218532761378, -0.47298178454787143, 0.8789675807039731, -16.580179132077216], [-0.021143882063367328, -0.8797915306037317, -0.4748892353093665, 53.28882067644254], [0.0, 0.0, 0.0, 1.0]]}, {"class": "Milk", "pose": [[-0.015328348438898878, -0.8731769783423041, -0.4871622624563147, 6.237982750417892], [-0.48761239900823755, -0.41882842359690936, 0.7660397391560694, -21.505951034077285], [-0.872925636530306, 0.24928844901126254, -0.4193519871911935, 61.31900811602479], [0.0, 0.0, 0.0, 1.0]]}, {"class": "AlphabetSoup", "pose": [[0.8921081691080873, -0.02413668231641104, 0.4511767934100654, 24.50254496935055], [-0.40130704841852527, -0.5011350711308703, 0.7666917734121113, -20.76456136795059], [0.20759514965750583, -0.8650323913130609, -0.45675289019487164, 60.38537841809666], [0.0, 0.0, 0.0, 1.0]]}, {"class": "Yogurt", "pose": [[0.961681997852207, -0.025374224235970275, 0.2729907461542039, 32.512108538281765], [-0.24297545278152471, -0.5401349908443885, 0.8057400964682638, -24.019129489478377], [0.12700685839751277, -0.8411957659686562, -0.5256033943192201, 63.926875136968505], [0.0, 0.0, 0.0, 1.0]]}, {"class": "Cherries", "pose": [[0.564792595848078, -0.0173637941633533, 0.8250502324476113, -4.618448356608152], [-0.7103435642136123, -0.5190947477910567, 0.47534476503016126, -8.080810331793685], [0.4200254698971047, -0.8545402961822524, -0.30551509573496893, 54.578539415545755], [0.0, 0.0, 0.0, 1.0]]}, {"class": "Cookies", "pose": [[0.3818440726735339, -0.0642935941301769, 0.9219877990799712, -14.048171698736777], [-0.7870452595877321, -0.5455885165834718, 0.2879112918561303, -4.3616272498725355], [0.4845151123704146, -0.8355833185355476, -0.25893167159173447, 45.61762053360953], [0.0, 0.0, 0.0, 1.0]]}, {"class": "TomatoSauce", "pose": [[0.7973576978518854, -0.012767306098904899, -0.6033719924770574, 17.0669146732064], [0.5124635992975245, -0.5137216582010339, 0.6880923625035706, -10.032866506017745], [-0.3187503135464675, -0.8578618944959883, -0.4030771569678259, 54.05055780713904], [0.0, 0.0, 0.0, 1.0]]}, {"class": "PeasAndCarrots", "pose": [[0.7943699319371212, -0.007288784003406747, 0.607390606279337, 27.702905307735183], [-0.5258661030810885, -0.5087500172062048, 0.6816437806277815, -9.66576431210655], [0.30404165306780245, -0.8608834240021105, -0.4079686144321441, 55.36599214586014], [0.0, 0.0, 0.0, 1.0]]}, {"class": "Ketchup", "pose": [[0.7539724651428545, -0.03839761245980612, 0.6557828976865804, -2.4516597382368333], [-0.5624876760872829, -0.553385449963072, 0.6143062266204323, 6.510928209256084], [0.3393128453463593, -0.8320397488671618, -0.4388355457019288, 40.383451863298916], [0.0, 0.0, 0.0, 1.0]]}, {"class": "MacaroniAndCheese", "pose": [[0.030297891565005116, 0.9995291926399847, 0.004847118895885757, 29.226605507599935], [0.8681261941126148, -0.02391063008981547, -0.4957672588118274, 3.7351184767024592], [-0.4954179443139971, 0.01922864973355673, -0.8684418842758566, 48.11850287231987], [0.0, 0.0, 0.0, 1.0]]}, {"class": "Pineapple", "pose": [[0.9400029162965796, -0.03079564955012656, 0.339773761578387, 11.623188970265785], [-0.3049034927454624, -0.5226473474054125, 0.7961617878341326, 10.006712766222375], [0.15306356904585655, -0.8519925792281711, -0.5006797136439178, 43.51157551887639], [0.0, 0.0, 0.0, 1.0]]}]}