{"camera": {"camera": "RealSense D415", "extrinsics": [[-0.99911207, 0.033819493, -0.025127046, 0.7839116], [0.041935034, 0.85586816, -0.5154912, -0.37075907], [0.004071786, -0.5160872, -0.8565264, 0.31591532], [0.0, 0.0, 0.0, 1.0]], "height": 480, "intrinsics": [[604.50507, 0.0, 326.28275], [0.0, 602.9669, 245.73769], [0.0, 0.0, 1.0]], "width": 640}, "objects": [{"class": "OrangeJuice", "pose": [[-0.9433248186592336, -0.02008701791163036, 0.33126264213287654, 9.84148290198249], [-0.2695335907997928, -0.5359886955312243, -0.800042403813028, -3.0864640932907026], [0.19362344498668568, -0.8439861960955076, 0.5001972803191669, 43.005265245547015], [0.0, 0.0, 0.0, 1.0]]}, {"class": "ChocolatePudding", "pose": [[0.9997644655325798, 0.00947557745999277, 0.0195286136237789, -5.761614881380206], [-0.011365466422857207, -0.5379735126542042, 0.8428851713377744, -33.72253441948665], [0.018492736362005987, -0.8429085247902388, -0.5377390579312209, 69.92514724765422], [0.0, 0.0, 0.0, 1.0]]}, {"class": "CreamCheese", "pose": [[0.9185946721741425, -0.10235501609068007, 0.3817164114814423, -14.690870579773485], [-0.3690540143922754, -0.5676609140770115, 0.7359078116828361, -26.723245170333875], [0.14136165228247352, -0.8168749056816895, -0.5592247568004022, 65.52061245199943], [0.0, 0.0, 0.0, 1.0]]}, {"class": "Raisins", "pose": [[0.6682857103916282, 0.020864724938437454, -0.7436121384159309, -1.7245392410599414], [0.6455756524375798, -0.5129489741445951, 0.5657875158656506, -42.84986972470803], [-0.3696300242482805, -0.8581655317486528, -0.3562662237424942, 70.94069275007433], [0.0, 0.0, 0.0, 1.0]]}, {"class": "BBQSauce", "pose": [[0.94569562076967, -0.0023597019147531396, -0.3250451730511558, 8.928387197738674], [0.2659576148559849, -0.5693073064813144, 0.7779176203768169, -39.527707831657146], [-0.18688619360239003, -0.8221214583214363, -0.5377638099530445, 67.48516660807833], [0.0, 0.0, 0.0, 1.0]]}, {"class": "SaladDressing", "pose": [[0.6222633492166624, -0.07014208040490863, -0.7796592541861183, 20.491950797768666], [0.6603710948295338, -0.4877876907613905, 0.5709406904932797, -40.44777208971746], [-0.42035509395703263, -0.8701398322140824, -0.257212605184503, 68.31122652313711], [0.0, 0.0, 0.0, 1.0]]}, {"class": "Mayo", "pose": [[-0.08581317806219835, 0.9822132617409137, 0.16701301383741216, 12.418628005108346], [0.5634529410811089, -0.09040522964066655, 0.8211868020409796, -29.791866128540867], [0.8216793463888559, 0.1645726455946073, -0.5456729358571348, 67.2000182655325], [0.0, 0.0, 0.0, 1.0]]}, {"class": "Mushrooms", "pose": [[0.9441984522408545, 0.017835110268055294, -0.3288941037592729, 23.728104595921597], [0.2778776924670768, -0.5792454423825203, 0.7663281227476093, -31.530988066871785], [-0.17684281287318648, -0.8149580943766801, -0.55187859247483, 69.08299245728668], [0.0, 0.0, 0.0, 1.0]]}, {"class": "Parmesan", "pose": [[0.9487044424517335, -0.03350896498367985, 0.314383794108388, -4.117368577619063], [-0.277321814030237, -0.5657189925405981, 0.7765659786183373, -19.533434239314015], [0.1518309827670626, -0.8239170113225057, -0.5459928278030316, 58.195169189530404], [0.0, 0.0, 0.0, 1.0]]}, {"class": "Mustard", "pose": [[0.998311653746837, -0.04199484533162548, 0.0401299740685239, 2.263538313349678], [-0.05542783749774024, -0.48212166105917814, 0.8743492122564556, -16.027424269006506], [-0.0173705915850071, -0.8750972548938049, -0.4836353108616884, 52.57034866649383], [0.0, 0.0, 0.0, 1.0]]}, {"class": "Milk", "pose": [[-0.009776082664338116, -0.8716057411428956, -0.490110191767523, 6.170065134188651], [-0.4964999216570981, -0.42121629705115815, 0.7589892918207936, -20.84951875748634], [-0.8679817529589524, 0.2507595586658631, -0.4286343163525008, 60.6623640841363], [0.0, 0.0, 0.0, 1.0]]}, {"class": "AlphabetSoup", "pose": [[0.8936780824497428, -0.01853359181069924, 0.4483259202672303, 24.43308045848006], [-0.39413359904936945, -0.5099916298527651, 0.7645700293538418, -20.01432276777806], [0.21447225187613495, -0.8599797159018603, -0.4630729945694362, 59.77901786656611], [0.0, 0.0, 0.0, 1.0]]}, {"class": "Yogurt", "pose": [[0.9626194475356705, -0.019628510792984995, 0.2701456285970339, 32.44937939712834], [-0.23623463975155773, -0.5487547157079212, 0.8019111816001795, -23.18753227437586], [0.13250338930905914, -0.8357529857460809, -0.5328788375654404, 63.37863179894896], [0.0, 0.0, 0.0, 1.0]]}, {"class": "Cherries", "pose": [[0.5674235140328104, -0.011693618403361257, 0.8233431574205295, -4.7399407004726], [-0.7028509659262107, -0.5278056185485207, 0.4768876544122613, -7.554893400049573], [0.42898858477573915, -0.8492847325247045, -0.3077081313834886, 53.75185362588294], [0.0, 0.0, 0.0, 1.0]]}, {"class": "Cookies", "pose": [[0.3847025896158281, -0.058534461693670874, 0.9211828125822921, -14.16153843324478], [-0.7799296611980657, -0.5543712072307748, 0.2904864444041883, -3.979974345040044], [0.493673730225888, -0.8302086201607547, -0.2589207445968806, 44.7239227978558], [0.0, 0.0, 0.0, 1.0]]}, {"class": "TomatoSauce", "pose": [[0.79548506086556, -0.007116751534191114, -0.6059315222425969, 16.957645082350425], [0.513713434147657, -0.5224405050102335, 0.6805545624757033, -9.389509464182167], [-0.32140644955728215, -0.8526460806068681, -0.41193763156052854, 53.312252854123244], [0.0, 0.0, 0.0, 1.0]]}, {"class": "PeasAndCarrots", "pose": [[0.7963319292466675, -0.0016565773680860903, 0.6048577139076741, 27.587114251946886], [-0.518261105267366, -0.5174687878005498, 0.6809049615217242, -8.948963455036541], [0.3118670178915024, -0.8557005184062764, -0.41293539789858247, 54.6575191725617], [0.0, 0.0, 0.0, 1.0]]}, {"class": "Ketchup", "pose": [[0.7560277253471298, -0.03260658140737738, 0.6537270295890184, -2.609565312554152], [-0.5547517797444108, -0.5619852908187426, 0.613533276994332, 6.904473524309446], [0.3473797490967177, -0.8265043341637137, -0.44296495619074183, 39.416493266603844], [0.0, 0.0, 0.0, 1.0]]}, {"class": "MacaroniAndCheese", "pose": [[0.02700986024131577, 0.9995808192833625, 0.010430389755890298, 29.058748712869676], [0.8632258862214682, -0.018061124875537078, -0.5044947485663394, 4.386296579259735], [-0.5040948429611833, 0.022630150475147087, -0.8633517953165913, 47.27940463146538], [0.0, 0.0, 0.0, 1.0]]}, {"class": "Pineapple", "pose": [[0.9412052112913799, -0.025113414297797843, 0.3369008853063009, 11.435260520135493], [-0.29801745706099364, -0.5314081682871328, 0.792963454498526, 10.51128542381819], [0.15911788331061585, -0.8467436119643478, -0.5076483149733567, 42.55350238722144], [0.0, 0.0, 0.0, 1.0]]}]}