{"camera": {"camera": "RealSense D415", "extrinsics": [[-0.99951506, 0.018285077, -0.025205394, 0.7924744], [0.02896525, 0.8430831, -0.5370027, -0.35733488], [0.011431106, -0.53747237, -0.8432039, 0.3091163], [0.0, 0.0, 0.0, 1.0]], "height": 480, "intrinsics": [[604.50507, 0.0, 326.28275], [0.0, 602.9669, 245.73769], [0.0, 0.0, 1.0]], "width": 640}, "objects": [{"class": "OrangeJuice", "pose": [[-0.9380686919943855, -0.019792576203240785, 0.34588362223157443, 10.347188446144296], [-0.27691750169220425, -0.5571130624477624, -0.7829059890045288, -2.3682369170955067], [0.2081919541108627, -0.8302007999303039, 0.5171293658269436, 42.05294497064467], [0.0, 0.0, 0.0, 1.0]]}, {"class": "ChocolatePudding", "pose": [[0.9999440393241675, 0.00980150173757995, 0.0039932298466803075, -4.62984339224648], [0.002164147866586507, -0.5586839043035442, 0.8293778790447063, -32.52380963357824], [0.010360138191490438, -0.8293227979039149, -0.5586737897695475, 69.85645837087361], [0.0, 0.0, 0.0, 1.0]]}, {"class": "CreamCheese", "pose": [[0.9245243610285807, -0.10141115888124262, 0.36738342344192915, -13.686514774404657], [-0.353374808852992, -0.5891706626939045, 0.7266389952386764, -25.753957637404625], [0.14276224539610854, -0.8016194799189734, -0.5805387064321292, 65.35452723070935], [0.0, 0.0, 0.0, 1.0]]}, {"class": "Raisins", "pose": [[0.6566494105528229, 0.02073383409361079, -0.7539109740846481, -0.46390977191387295], [0.6448214351620518, -0.533901466995891, 0.5469502673988962, -41.56941053848747], [-0.3911737290906969, -0.8452924981164843, -0.36395569134067096, 71.06462201438468], [0.0, 0.0, 0.0, 1.0]]}, {"class": "BBQSauce", "pose": [[0.9405411222363872, -0.0014484755451901993, -0.33967690001200646, 10.11570912459291], [0.27354215702292906, -0.5896408313840056, 0.7599331766731591, -38.19565928662379], [-0.2013880583959195, -0.807664330849995, -0.5541851834632048, 67.43809164314972], [0.0, 0.0, 0.0, 1.0]]}, {"class": "SaladDressing", "pose": [[0.6100262539391507, -0.07069270263367437, -0.7892215204872297, 21.696763964340327], [0.6577430202176663, -0.5102383149144856, 0.5541038134327472, -38.943636707769585], [-0.4418620833415452, -0.8571227930640988, -0.2647611298455056, 68.18948299371364], [0.0, 0.0, 0.0, 1.0]]}, {"class": "Mayo", "pose": [[-0.0866396309295217, 0.9846246671255883, 0.15168367196595725, 13.47401035614616], [0.5826256492945101, -0.07342585250593356, 0.8094171061204881, -28.42520031799758], [0.808109524203561, 0.15850242174070767, -0.567305929949459, 66.88163434358303], [0.0, 0.0, 0.0, 1.0]]}, {"class": "Mushrooms", "pose": [[0.9389671085754541, 0.018933694434047132, -0.3434856348224544, 24.820421934884827], [0.28568872594177935, -0.5991322728328664, 0.7479455369426466, -29.968838329573515], [-0.19163190103794536, -0.8004262077116684, -0.5679745940399935, 68.71207627035957], [0.0, 0.0, 0.0, 1.0]]}, {"class": "Parmesan", "pose": [[0.9534976515734784, -0.03265611339070253, 0.29962627355245913, -3.268920772958317], [-0.2610241952937768, -0.5865057876078331, 0.7667316253333314, -18.611765469187382], [0.15069408560585185, -0.8092864881421921, -0.5677558556597121, 57.76392381240498], [0.0, 0.0, 0.0, 1.0]]}, {"class": "Mustard", "pose": [[0.9987863272167734, -0.042664134637355654, 0.024611811825356777, 3.0192209771442213], [-0.04279523103775655, -0.5043305424049005, 0.8624496083311413, -15.16422759878685], [-0.02438314130482187, -0.8624561162968651, -0.5055442105733488, 52.0002065573953], [0.0, 0.0, 0.0, 1.0]]}, {"class": "Milk", "pose": [[-0.010200924104034129, -0.8638833473069494, -0.5035887215715017, 7.054678843737994], [-0.5181044301806107, -0.42617612461853654, 0.7415805856040782, -19.731300206475748], [-0.8552565794785265, 0.268476292384067, -0.4432343653738852, 60.17646383842086], [0.0, 0.0, 0.0, 1.0]]}, {"class": "AlphabetSoup", "pose": [[0.9005345568544086, -0.018713637640231307, 0.4343816395500145, 25.297264258264807], [-0.3769443887361907, -0.5315053929239555, 0.7585611378165825, -18.679861706277563], [0.2166807527694052, -0.8468482120960252, -0.4856929029860782, 59.11905124285259], [0.0, 0.0, 0.0, 1.0]]}, {"class": "Yogurt", "pose": [[0.9667094535972695, -0.019098149248134792, 0.255163065747811, 33.38380386190684], [-0.22025414364642235, -0.5696624327215177, 0.7918161905801896, -21.65718215956698], [0.13023460907070325, -0.8216568947244465, -0.5549044358391616, 62.7288938605888], [0.0, 0.0, 0.0, 1.0]]}, {"class": "Cherries", "pose": [[0.5801505069342536, -0.011551621331726027, 0.8144274347352198, -4.086309430921197], [-0.6844455058976724, -0.5489558718728846, 0.47977271171388697, -6.757069663680943], [0.44154254110283836, -0.8357715529075714, -0.3263834167186018, 53.02956593946272], [0.0, 0.0, 0.0, 1.0]]}, {"class": "Cookies", "pose": [[0.39899745414648213, -0.057880047247584616, 0.915123504679067, -13.627184374093526], [-0.7622658644718592, -0.5756466081544133, 0.2959422056649342, -3.5321095550335913], [0.5096585505923319, -0.815647573253538, -0.27380145546679074, 43.99510884627309], [0.0, 0.0, 0.0, 1.0]]}, {"class": "TomatoSauce", "pose": [[0.7859732358199596, -0.0070736809235155225, -0.6182201328926041, 17.629451813066254], [0.5158778035256045, -0.5436170210512482, 0.6620805698444119, -8.31842464719052], [-0.34075826666367337, -0.8393036249556224, -0.42361924861686245, 52.453235129381504], [0.0, 0.0, 0.0, 1.0]]}, {"class": "PeasAndCarrots", "pose": [[0.8056347712567604, -0.0017048381388735667, 0.5924101670041138, 28.26266364033697], [-0.49986255052776696, -0.5386522049200488, 0.6782265752882161, -7.70557264751317], [0.31794676945336875, -0.8425265411681165, -0.43480905945420545, 53.697683116532794], [0.0, 0.0, 0.0, 1.0]]}, {"class": "Ketchup", "pose": [[0.7661067705730541, -0.0318243044334438, 0.6419250165169655, -2.263961601865405], [-0.5359785881422495, -0.5828263850011155, 0.6107703436743699, 7.366427986726731], [0.3546934839234695, -0.8119733363397832, -0.46356431322683367, 38.32173855421369], [0.0, 0.0, 0.0, 1.0]]}, {"class": "MacaroniAndCheese", "pose": [[0.01147554460128807, 0.9998827204920493, 0.010146636801247107, 29.497501642332647], [0.8506483820405497, -0.004427936947564747, -0.5257164427890002, 5.459383598916423], [-0.5256097970613518, 0.014664138405383432, -0.8505994023275273, 45.978192768026595], [0.0, 0.0, 0.0, 1.0]]}, {"class": "Pineapple", "pose": [[0.9463328939888354, -0.02490144501134901, 0.3222329419719782, 11.756653896976177], [-0.28162764748666264, -0.5526688858466334, 0.7843742891634742, 11.233655410711652], [0.15855608327505022, -0.8330288706154351, -0.5300216110118927, 41.24986690029413], [0.0, 0.0, 0.0, 1.0]]}]}