{"camera": {"camera": "RealSense D415", "extrinsics": [[-0.99958944, 0.001996872, -0.028583037, 0.80135125], [0.017254999, 0.83834743, -0.5448631, -0.35496333], [0.022874493, -0.54513264, -0.83803767, 0.2971078], [0.0, 0.0, 0.0, 1.0]], "height": 480, "intrinsics": [[604.50507, 0.0, 326.28275], [0.0, 602.9669, 245.73769], [0.0, 0.0, 1.0]], "width": 640}, "objects": [{"class": "OrangeJuice", "pose": [[-0.9322224977712505, -0.02278038182426723, 0.3611680802375275, 10.975927745076897], [-0.2860892452423028, -0.564789738279941, -0.7740578126124906, -2.8481976969726155], [0.221617313350309, -0.8249203470832449, 0.5199924645771825, 41.36059599388109], [0.0, 0.0, 0.0, 1.0]]}, {"class": "ChocolatePudding", "pose": [[0.9999000913769871, 0.006838513454319877, -0.012375594022816239, -3.3169909461503555], [0.014073000467088238, -0.5660027829621594, 0.8242832051625292, -32.92607673739173], [-0.0013677137059807092, -0.824374948991098, -0.5660424442219383, 69.6048708843495], [0.0, 0.0, 0.0, 1.0]]}, {"class": "CreamCheese", "pose": [[0.9302651901802932, -0.10367393407423064, 0.35193537000674696, -12.505340265632404], [-0.3411209366799876, -0.5975498469613567, 0.7256519061720269, -26.30468325613663], [0.13506776630512168, -0.7951011721923874, -0.5912451270913279, 65.14920455640339], [0.0, 0.0, 0.0, 1.0]]}, {"class": "Raisins", "pose": [[0.6443336023617379, 0.01728863535882569, -0.7645491647267469, 0.9702125468292522], [0.6489731365986378, -0.5412382671460684, 0.5346915074378089, -41.91053019370285], [-0.40455913586798947, -0.8406915085521474, -0.35995787095112197, 70.844644016157], [0.0, 0.0, 0.0, 1.0]]}, {"class": "BBQSauce", "pose": [[0.9348137587132908, -0.0037896063387042127, -0.3551182742883254, 11.466076641243838], [0.2828049915065836, -0.5968934356187511, 0.7508259220819927, -38.44492400435819], [-0.2148130571185942, -0.802311559514418, -0.5569124597156274, 67.0646085515778], [0.0, 0.0, 0.0, 1.0]]}, {"class": "SaladDressing", "pose": [[0.5969747937193397, -0.07454458367571981, -0.7987892801219628, 23.063162981149976], [0.660884197385759, -0.5187649782119741, 0.5423236828708364, -39.04918358246593], [-0.4548111522762684, -0.8516607176377549, -0.26042429537869244, 67.68698398788587], [0.0, 0.0, 0.0, 1.0]]}, {"class": "Mayo", "pose": [[-0.08419752235287006, 0.9872026165662603, 0.13543221331632885, 14.700987086923567], [0.5888421960824304, -0.060350537577488726, 0.8059917386071642, -28.64089457735567], [0.8038504936656402, 0.1476107346068005, -0.5762251562435923, 66.38192458035408], [0.0, 0.0, 0.0, 1.0]]}, {"class": "Mushrooms", "pose": [[0.933208355220509, 0.016786862160649483, -0.3589435614895791, 26.08546619828791], [0.2950198064418274, -0.6060775606063221, 0.7386699576350637, -30.03374532126162], [-0.2051476439215489, -0.7952283725114303, -0.5705490825265292, 68.09306330635967], [0.0, 0.0, 0.0, 1.0]]}, {"class": "Parmesan", "pose": [[0.9582256142485578, -0.035049118033637965, 0.28385796598375207, -2.262390751251997], [-0.24836649601187447, -0.594142154842242, 0.7650550212071507, -19.108800456068963], [0.14183750687383445, -0.8035960636634456, -0.5780272172952051, 57.373878799687695], [0.0, 0.0, 0.0, 1.0]]}, {"class": "Mustard", "pose": [[0.9988754055634137, -0.046652193409289285, 0.008462289289406661, 3.9169154503541637], [-0.031209137857049755, -0.5125748809680353, 0.8580751616792621, -15.639443139389927], [-0.035693493381963155, -0.8573742112292169, -0.5134543916209819, 51.50647603908336], [0.0, 0.0, 0.0, 1.0]]}, {"class": "Milk", "pose": [[-0.013945753868114856, -0.8555687574164779, -0.5175014305403086, 8.101115614092135], [-0.525898576183231, -0.4339098325474082, 0.7315414866999688, -20.084418737351807], [-0.850432934355415, 0.2823551186653618, -0.4438911881899805, 59.675252885302335], [0.0, 0.0, 0.0, 1.0]]}, {"class": "AlphabetSoup", "pose": [[0.9074172467793986, -0.022199990364446767, 0.41964415163863034, 26.31637554990721], [-0.36430319821791957, -0.5393226364053378, 0.7592195174026157, -18.827098656465044], [0.2094689462415294, -0.8418065259724926, -0.49747814948617675, 58.3950093382009], [0.0, 0.0, 0.0, 1.0]]}, {"class": "Yogurt", "pose": [[0.9707122186937799, -0.021837330741556842, 0.2392509828487167, 34.4791681263625], [-0.2076297858574138, -0.5772522825938722, 0.7897275962260918, -21.675907498476658], [0.12086266166959687, -0.816273793952598, -0.5648798864767438, 61.936284519558725], [0.0, 0.0, 0.0, 1.0]]}, {"class": "Cherries", "pose": [[0.593351907504842, -0.014702436148647724, 0.8048089621525415, -3.2759085059306803], [-0.6735233626527319, -0.5565864306909727, 0.4863926676130186, -7.307870807135918], [0.44079458921107945, -0.8306595911351489, -0.3401540086534724, 52.54408383445471], [0.0, 0.0, 0.0, 1.0]]}, {"class": "Cookies", "pose": [[0.41394184600033185, -0.06047280979369209, 0.9082925193652568, -12.958721725215927], [-0.752859905622476, -0.5836397261895264, 0.3042476532294069, -4.2776692915539485], [0.5117168752916667, -0.8097577938824849, -0.28712041135020167, 43.59360435404391], [0.0, 0.0, 0.0, 1.0]]}, {"class": "TomatoSauce", "pose": [[0.7757615313695991, -0.010329735775272313, -0.6309417218216742, 18.448774307053394], [0.5220276055826051, -0.5512271866925654, 0.6508730825873513, -8.617666904436428], [-0.3545155318050603, -0.8342912307690785, -0.422228440297898, 51.72746229381466], [0.0, 0.0, 0.0, 1.0]]}, {"class": "PeasAndCarrots", "pose": [[0.8151707095924897, -0.005058210824771453, 0.5791987932093093, 29.087647055115973], [-0.4874137200377138, -0.5462286144163598, 0.6812210862031872, -7.867990602852604], [0.3129292075071115, -0.8376208495036245, -0.44773496556713316, 52.84182565638553], [0.0, 0.0, 0.0, 1.0]]}, {"class": "Ketchup", "pose": [[0.776505027323864, -0.03429245694772055, 0.6291773067003004, -1.7928093213112728], [-0.5236606602524352, -0.5904776181573912, 0.6140974656642267, 6.702647253362065], [0.35045621612879874, -0.806325110683968, -0.4764664020503171, 37.690797290756855], [0.0, 0.0, 0.0, 1.0]]}, {"class": "MacaroniAndCheese", "pose": [[-0.004764276015476738, 0.9999672965493691, 0.006543763075285151, 30.07582039292822], [0.8459386423867091, 0.007519826197390173, -0.5332272193980365, 5.240320110772001], [-0.5332589626970952, 0.0029952153441157804, -0.845946737811468, 44.99153074766916], [0.0, 0.0, 0.0, 1.0]]}, {"class": "Pineapple", "pose": [[0.9513986668583555, -0.027974331623054384, 0.30668897404337536, 12.213737607886477], [-0.26898125962328456, -0.5604319844881321, 0.7833039478454288, 10.76158401957144], [0.14996593243465867, -0.827727854427862, -0.5407187752786611, 40.42003131309937], [0.0, 0.0, 0.0, 1.0]]}]}