{"camera": {"camera": "RealSense D415", "extrinsics": [[-0.9993166, -0.022794126, -0.02909956, 0.81433195], [-0.0029753232, 0.8342823, -0.5513295, -0.34941766], [0.03684432, -0.5508661, -0.83378, 0.2837937], [0.0, 0.0, 0.0, 1.0]], "height": 480, "intrinsics": [[604.50507, 0.0, 326.28275], [0.0, 602.9669, 245.73769], [0.0, 0.0, 1.0]], "width": 640}, "objects": [{"class": "OrangeJuice", "pose": [[-0.9229794689537302, -0.022707213709418188, 0.3841788579015085, 11.788618071604716], [-0.30344900126854696, -0.5710390311879104, -0.7627799226129782, -3.6284655206955563], [0.23670165489437375, -0.8206088889678724, 0.5201667336482444, 40.77790978228429], [0.0, 0.0, 0.0, 1.0]]}, {"class": "ChocolatePudding", "pose": [[0.9992851101844838, 0.006935049068383615, -0.03716565862547097, -1.4892836879728533], [0.03445659069333418, -0.5716436927324623, 0.8197782101089007, -33.78829262964722], [-0.015560272950347143, -0.8204727502426444, -0.5714738811985085, 69.42729930785353], [0.0, 0.0, 0.0, 1.0]]}, {"class": "CreamCheese", "pose": [[0.9388558969716363, -0.10248831753313382, 0.32870330392905256, -10.872700839157767], [-0.3210962139741426, -0.6052277333673951, 0.7284206847603963, -27.387835276410716], [0.12428574277101698, -0.7894274399766458, -0.6011301223802397, 65.05612040292108], [0.0, 0.0, 0.0, 1.0]]}, {"class": "Raisins", "pose": [[0.6251882636889659, 0.016646678565959354, -0.7802965049014132, 2.9980580716250538], [0.659063371544397, -0.5467888250366849, 0.5163889376776983, -42.67430025800962], [-0.4180611418521555, -0.8371051344086724, -0.352817131807707, 70.66834399705402], [0.0, 0.0, 0.0, 1.0]]}, {"class": "BBQSauce", "pose": [[0.9257321947001235, -0.002748765829566839, -0.3781698831281655, 13.366914670056207], [0.30026717629435873, -0.6025856777846911, 0.7394120675383552, -39.022513712306456], [-0.2299121519753804, -0.798049552883351, -0.5570075101772324, 66.71694875041095], [0.0, 0.0, 0.0, 1.0]]}, {"class": "SaladDressing", "pose": [[0.5768986805485345, -0.07577200573540072, -0.8132936911419298, 24.981505284768946], [0.6696451627950157, -0.5262727454994608, 0.5240347652036758, -39.38560232776281], [-0.46772135969755063, -0.8469331374218987, -0.2528656625492811, 67.17992131878755], [0.0, 0.0, 0.0, 1.0]]}, {"class": "Mayo", "pose": [[-0.0850248071845655, 0.9901957921547272, 0.11082954428023514, 16.390348254908638], [0.592752532640416, -0.03914003464942652, 0.8044330765131326, -29.15968449919569], [0.8008841093625961, 0.13409128252239833, -0.5836130774743544, 65.92124051993609], [0.0, 0.0, 0.0, 1.0]]}, {"class": "Mushrooms", "pose": [[0.924011779984567, 0.0181084612390259, -0.3819351078447376, 27.8237530686803], [0.31251571153458857, -0.6112971188978464, 0.727083106889158, -30.307707848199726], [-0.22030940049993916, -0.7911940721023706, -0.5705048301272596, 67.48126938100616], [0.0, 0.0, 0.0, 1.0]]}, {"class": "Parmesan", "pose": [[0.9650009674124675, -0.034072983422825144, 0.26002360896029575, -0.8888899965992847], [-0.22774454368914857, -0.6004819073526021, 0.766520700056022, -20.040458928956692], [0.13002183147652221, -0.7989121699840209, -0.5872254429671995, 57.0878072810042], [0.0, 0.0, 0.0, 1.0]]}, {"class": "Mustard", "pose": [[0.9987099378908041, -0.04809479512273298, -0.016293040333553332, 5.135532971679568], [-0.011082061630349103, -0.5195561052470041, 0.8543645142812005, -16.487945779227843], [-0.049555596985702284, -0.853081755153687, -0.519418727722057, 51.11012727931718], [0.0, 0.0, 0.0, 1.0]]}, {"class": "Milk", "pose": [[-0.01502845661154701, -0.8424718659297352, -0.5385307912569249, 9.52353967996764], [-0.5321597307664657, -0.4492357612720331, 0.7176303600024656, -20.787940511013993], [-0.8465106634016355, 0.29736918937688633, -0.44157820919262253, 59.24951894982624], [0.0, 0.0, 0.0, 1.0]]}, {"class": "AlphabetSoup", "pose": [[0.9175283090124006, -0.022884629337438206, 0.3970115973419378, 27.689563429447382], [-0.34420549302840997, -0.5456871571327442, 0.7640341530074565, -19.1685285889183], [0.19915948115425627, -0.8376765240512816, -0.5085603159870388, 57.70399089194305], [0.0, 0.0, 0.0, 1.0]]}, {"class": "Yogurt", "pose": [[0.976356066659195, -0.02138835415089091, 0.21510807034504337, 35.95765231403259], [-0.18691308461943212, -0.5834174089618045, 0.7903718792889297, -21.824761589968727], [0.10859305061950877, -0.8118908841442117, -0.573620775842183, 61.14937280654037], [0.0, 0.0, 0.0, 1.0]]}, {"class": "Cherries", "pose": [[0.6131255217170183, -0.014879980108438048, 0.7898454236964787, -2.2113761372895113], [-0.6581007551191645, -0.5627140253549983, 0.5002563379235959, -8.297603412345422], [0.4370132293255857, -0.826517786882717, -0.35480676182680654, 52.19163989832685], [0.0, 0.0, 0.0, 1.0]]}, {"class": "Cookies", "pose": [[0.4363864236002834, -0.05979010754875077, 0.8977706527057605, -12.07821364069359], [-0.7405698087543628, -0.5905447389084635, 0.3206452113496008, -5.529823408021672], [0.5110022415860676, -0.8047870519871253, -0.30198437529944067, 43.357898354413365], [0.0, 0.0, 0.0, 1.0]]}, {"class": "TomatoSauce", "pose": [[0.759876109737285, -0.010669148425589997, -0.6499804455869932, 19.522079617893194], [0.5351874090862381, -0.5572928840622009, 0.6348221486224013, -9.169794545841004], [-0.3690023912845551, -0.8302475233753069, -0.4177634953326529, 51.077879334212305], [0.0, 0.0, 0.0, 1.0]]}, {"class": "PeasAndCarrots", "pose": [[0.8292772030153648, -0.005548161474354398, 0.5588100312148413, 30.157864141737], [-0.4684268936132346, -0.5522118290985822, 0.6896654428023936, -8.195281402752958], [0.30475510292095737, -0.8336854636924949, -0.46053547935916167, 52.03696502901454], [0.0, 0.0, 0.0, 1.0]]}, {"class": "Ketchup", "pose": [[0.791890007325113, -0.0334297479219539, 0.6097481289643862, -1.2231663016556205], [-0.5051849340277249, -0.596822366092869, 0.6233709390203231, 5.633359679612488], [0.34307214930633334, -0.8016767799654253, -0.48950576473797014, 37.22280485299152], [0.0, 0.0, 0.0, 1.0]]}, {"class": "MacaroniAndCheese", "pose": [[-0.02954311552407234, 0.9995474953342006, 0.00566757614162551, 30.767509307141083], [0.8418189813606973, 0.0279376117231932, -0.5390365241098324, 4.87381738956037], [-0.5389508388772923, -0.01115370669798098, -0.8422634035605872, 44.083449148122504], [0.0, 0.0, 0.0, 1.0]]}, {"class": "Pineapple", "pose": [[0.9587120865526699, -0.028028063360538234, 0.2829941258845262, 12.733959031853148], [-0.24843544936062092, -0.5668083825064647, 0.7854986740114583, 9.99663841489381], [0.13838743952608754, -0.8233728355436095, -0.5503690971951419, 39.72630193247829], [0.0, 0.0, 0.0, 1.0]]}]}