{"camera": {"camera": "RealSense D415", "extrinsics": [[-0.997974, -0.05527851, -0.031500325, 0.82968944], [-0.028467208, 0.8307352, -0.55593944, -0.34357268], [0.05689993, -0.55391634, -0.8306257, 0.2632081], [0.0, 0.0, 0.0, 1.0]], "height": 480, "intrinsics": [[604.50507, 0.0, 326.28275], [0.0, 602.9669, 245.73769], [0.0, 0.0, 1.0]], "width": 640}, "objects": [{"class": "OrangeJuice", "pose": [[-0.9099444621439091, -0.024340526213610207, 0.4140154518850621, 12.801367058954261], [-0.3259061209134714, -0.5754140269185474, -0.7501226356719742, -4.783566145073265], [0.25648860254429534, -0.8175000141164113, 0.5156619917824843, 39.97808758494734], [0.0, 0.0, 0.0, 1.0]]}, {"class": "ChocolatePudding", "pose": [[0.9975554174165975, 0.005304290094411674, -0.06967950553575511, 0.8795200042922446], [0.06004031183693572, -0.5752563265242381, 0.8157667499471385, -35.1349947654847], [-0.035756476069479105, -0.8179560249872501, -0.5741684262397986, 69.01884727630473], [0.0, 0.0, 0.0, 1.0]]}, {"class": "CreamCheese", "pose": [[0.9491143392327451, -0.10257586333236765, 0.29775886741913377, -8.751110999338628], [-0.2962639136643684, -0.6114890831336818, 0.7336953490649618, -28.999017327544752], [0.10681686484590373, -0.7845758980888258, -0.6107624608693157, 64.8090598349519], [0.0, 0.0, 0.0, 1.0]]}, {"class": "Raisins", "pose": [[0.5995258653088926, 0.014038217718092431, -0.8002323694223068, 5.618325730774753], [0.6728677107436106, -0.5502412758107539, 0.494452882288861, -43.896657877257624], [-0.43337953829866355, -0.8348877159767093, -0.33932969746217206, 70.20819191062118], [0.0, 0.0, 0.0, 1.0]]}, {"class": "BBQSauce", "pose": [[0.9129131790382494, -0.0031294005596717413, -0.40814202698660057, 15.808710572478546], [0.3228290859296048, -0.606327565017862, 0.7267381479930182, -39.99894684241578], [-0.24974194164863192, -0.795208860141802, -0.5525140698824652, 66.03372559924559], [0.0, 0.0, 0.0, 1.0]]}, {"class": "SaladDressing", "pose": [[0.5499986179978763, -0.07905632076572378, -0.8314155387949739, 27.435724866059363], [0.6819640809672995, -0.532154144479177, 0.5017340225209214, -40.06128942427836], [-0.48210636039351723, -0.8429484551320926, -0.2387704448692924, 66.26514059418889], [0.0, 0.0, 0.0, 1.0]]}, {"class": "Mayo", "pose": [[-0.08428748157777154, 0.9933532711933685, 0.07839055339152266, 18.56038780736369], [0.5942566967278544, -0.01303758457296639, 0.804169801940833, -30.065684643257008], [0.7998466327554129, 0.11436557132404217, -0.5892078124482842, 65.1346833043198], [0.0, 0.0, 0.0, 1.0]]}, {"class": "Mushrooms", "pose": [[0.9110694263523483, 0.018078075436652814, -0.41185660533349105, 30.048430975115934], [0.3350758918081058, -0.6144669104235952, 0.7142510996102422, -30.912018240350292], [-0.240159896995393, -0.7887354691459539, -0.5658794480017925, 66.46996805053054], [0.0, 0.0, 0.0, 1.0]]}, {"class": "Parmesan", "pose": [[0.972953178657107, -0.034508417401801265, 0.2284107288893744, 0.8790343998093864], [-0.20224463359361136, -0.6050334070353547, 0.7700855505232752, -21.436387291951938], [0.11162169327889045, -0.795451938865748, -0.5956481987119725, 56.6101962036496], [0.0, 0.0, 0.0, 1.0]]}, {"class": "Mustard", "pose": [[0.9974765455144882, -0.05168962082404978, -0.04867138841110447, 6.689437810120857], [0.014337286987596254, -0.5247586601362542, 0.8511303433580503, -17.759366431083006], [-0.06953529736373194, -0.8496802706241537, -0.5226932620735982, 50.49747086843054], [0.0, 0.0, 0.0, 1.0]]}, {"class": "Milk", "pose": [[-0.01818484679769903, -0.8245109748628725, -0.5655538378261945, 11.348319363569026], [-0.5364765956035967, -0.469280099537803, 0.7014051048561887, -21.90562111812841], [-0.8437192686652417, 0.31616125512247945, -0.4337969830772307, 58.56578219667028], [0.0, 0.0, 0.0, 1.0]]}, {"class": "AlphabetSoup", "pose": [[0.929887287482997, -0.025511883970127693, 0.36695906604977857, 29.432112676370046], [-0.319549419141971, -0.5501582986367917, 0.7715011897191446, -19.82759620282907], [0.1822031163272146, -0.8346706075925825, -0.5197374022583128, 56.64905991476677], [0.0, 0.0, 0.0, 1.0]]}, {"class": "Yogurt", "pose": [[0.9828221341876343, -0.02252934703828047, 0.18317549201574998, 37.83301054403021], [-0.16123953601246424, -0.5877119367259896, 0.7928408175839776, -22.253779312522916], [0.08979224755715204, -0.8087565433332565, -0.5812488038515164, 59.939360630632855], [0.0, 0.0, 0.0, 1.0]]}, {"class": "Cherries", "pose": [[0.6384831149620037, -0.016849940376879285, 0.7694514742464458, -0.8431553834370775], [-0.6400017296063142, -0.5669194973956572, 0.518652234300149, -9.755307562437876], [0.4274777181274797, -0.8236008730346331, -0.3727524225617466, 51.690590433618254], [0.0, 0.0, 0.0, 1.0]]}, {"class": "Cookies", "pose": [[0.46543987302955886, -0.060585250433928525, 0.8830035853983854, -10.95230292774465], [-0.7266234547509761, -0.5957888372867802, 0.3421316807037596, -7.284865496834114], [0.5053554607960485, -0.8008527519385776, -0.3213264602247373, 43.04465891444771], [0.0, 0.0, 0.0, 1.0]]}, {"class": "TomatoSauce", "pose": [[0.7383143665056032, -0.012855503799069983, -0.6743343473647319, 20.879023566722722], [0.5527325006671574, -0.5614101558941921, 0.6158778207859458, -10.074290849934437], [-0.38649547338967455, -0.8274378568652601, -0.40739146795196274, 50.14478935009426], [0.0, 0.0, 0.0, 1.0]]}, {"class": "PeasAndCarrots", "pose": [[0.8469918739984506, -0.00793680754908514, 0.5315467545464261, 31.503161792352586], [-0.44548245133825587, -0.5562159853974684, 0.7015477415749675, -8.822223596143525], [0.2900867196933846, -0.8309998903691922, -0.47464601899569386, 50.886041963828056], [0.0, 0.0, 0.0, 1.0]]}, {"class": "Ketchup", "pose": [[0.8113364843594064, -0.03401501441038693, 0.5835891257933921, -0.5131964205413175], [-0.4830022229978782, -0.6013720240206041, 0.6364437224731063, 4.123555033356868], [0.3293054905972377, -0.7982447672848109, -0.5043442786921132, 36.64457393494533], [0.0, 0.0, 0.0, 1.0]]}, {"class": "MacaroniAndCheese", "pose": [[-0.061980561995110685, 0.9980736245393818, 0.0027621976591269727, 31.616903035826372], [0.838153816459812, 0.05355171080736058, -0.542798733228452, 4.219427574147916], [-0.541900913085542, -0.03132778805367999, -0.8398582833890834, 42.86520500484839], [0.0, 0.0, 0.0, 1.0]]}, {"class": "Pineapple", "pose": [[0.9673679407957411, -0.029822750039766734, 0.2516148852969345, 13.373954603560778], [-0.22304938060056298, -0.571334942633239, 0.789826200952421, 8.856056326405604], [0.12020158991977643, -0.8201749954831452, -0.5593429365331423, 38.848553393674855], [0.0, 0.0, 0.0, 1.0]]}]}