{"camera": {"camera": "RealSense D415", "extrinsics": [[-0.99668366, -0.075042166, -0.03147048, 0.83596057], [-0.043184258, 0.8155598, -0.5770592, -0.32636884], [0.06896983, -0.57378644, -0.81609577, 0.26242718], [0.0, 0.0, 0.0, 1.0]], "height": 480, "intrinsics": [[604.50507, 0.0, 326.28275], [0.0, 602.9669, 245.73769], [0.0, 0.0, 1.0]], "width": 640}, "objects": [{"class": "OrangeJuice", "pose": [[-0.901577383261454, -0.02384697574387508, 0.43196026638945084, 13.105291347292503], [-0.3340531558729452, -0.5960795642213903, -0.73013538910452, -3.8695468613290265], [0.2748941466280205, -0.8025712068777335, 0.5294456388377181, 39.95788967361717], [0.0, 0.0, 0.0, 1.0]]}, {"class": "ChocolatePudding", "pose": [[0.9959775915031875, 0.005784413519170539, -0.08941647378248173, 2.00505560781582], [0.0752674234948693, -0.5954533945562713, 0.7998563084240212, -33.671209464412485], [-0.048616606627508545, -0.8033690693827634, -0.5934935402874304, 69.88030696790348], [0.0, 0.0, 0.0, 1.0]]}, {"class": "CreamCheese", "pose": [[0.9549826904261975, -0.10111071410374498, 0.27889928734171693, -7.77104716123117], [-0.278081871914665, -0.6325784907460735, 0.7228519695011573, -27.799617331829374], [0.10333762077205078, -0.7678679241150859, -0.6322184793978823, 65.62897790953046], [0.0, 0.0, 0.0, 1.0]]}, {"class": "Raisins", "pose": [[0.5835595346187418, 0.013918406163511607, -0.8119511534109493, 6.900329241626779], [0.6713917986439847, -0.5707332718460917, 0.4727543012763576, -42.322367083517214], [-0.45682747219868897, -0.8210175849097491, -0.34240152505111493, 71.23357179553247], [0.0, 0.0, 0.0, 1.0]]}, {"class": "BBQSauce", "pose": [[0.9046703883449907, -0.0018856982107469417, -0.426108038640352, 16.978610640581692], [0.33119497856113833, -0.6260761067814418, 0.7059310440454697, -38.3662253719588], [-0.2681071737160832, -0.7797597199397943, -0.5657679215059809, 66.8472926355221], [0.0, 0.0, 0.0, 1.0]]}, {"class": "SaladDressing", "pose": [[0.5333563677973677, -0.07954443269267458, -0.8421423847293001, 28.6069157114885], [0.6784586077872161, -0.5543639596878632, 0.48205244732547453, -38.23447156885989], [-0.5051978931790838, -0.8284644534225764, -0.2417059299778638, 66.9475715239276], [0.0, 0.0, 0.0, 1.0]]}, {"class": "Mayo", "pose": [[-0.08526421146619985, 0.9946307343823526, 0.058650187254741734, 19.556244593454743], [0.6127116871675152, 0.005923848830922654, 0.7902843416626786, -28.415420651366695], [0.7856936221278707, 0.10331864844867572, -0.609926886990676, 65.66958814994858], [0.0, 0.0, 0.0, 1.0]]}, {"class": "Mushrooms", "pose": [[0.9027306363255495, 0.019522868167871313, -0.42976317182573365, 31.07065765410255], [0.34364707946436535, -0.6337058856526742, 0.6930538070876023, -29.041838558671458], [-0.2588129924911473, -0.7733277287590697, -0.5787746342868932, 66.89445034928659], [0.0, 0.0, 0.0, 1.0]]}, {"class": "Parmesan", "pose": [[0.9773210313825607, -0.03328254960496127, 0.20913154116266394, 1.6424848418565619], [-0.18359793096331528, -0.6252967003228996, 0.7584826171806008, -20.290321098994838], [0.10552504096252145, -0.7796770983351443, -0.6172261388708046, 57.13484347973614], [0.0, 0.0, 0.0, 1.0]]}, {"class": "Mustard", "pose": [[0.9962801077200159, -0.052378940460444945, -0.06842895262664386, 7.32396594922341], [0.028735302996320877, -0.5466977159230257, 0.8368368622498062, -16.674360845574203], [-0.08124254308243263, -0.8356902054022934, -0.5431588609532026, 50.86648766718657], [0.0, 0.0, 0.0, 1.0]]}, {"class": "Milk", "pose": [[-0.018622177123891283, -0.8131428800426577, -0.5817662753675614, 12.138948927349757], [-0.5577182434729963, -0.47448138759675007, 0.6810417152976063, -20.540726249616085], [-0.829821450736629, 0.3371440751921035, -0.44466869791343383, 58.9819921136596], [0.0, 0.0, 0.0, 1.0]]}, {"class": "AlphabetSoup", "pose": [[0.9369719122992674, -0.02562291680323324, 0.34846410101572173, 30.163889976708635], [-0.2997752603664721, -0.5712852507947689, 0.7640471188025114, -18.218958515206364], [0.17949528765128955, -0.8203515674257716, -0.542959267327551, 56.8079475893313], [0.0, 0.0, 0.0, 1.0]]}, {"class": "Yogurt", "pose": [[0.9862725902891047, -0.021737440928301894, 0.16368869633012917, 38.63928354144694], [-0.14299951102202602, -0.6081230994446728, 0.7808568883112421, -20.42541308477828], [0.0825690642221606, -0.7935451136770879, -0.6028835050293775, 60.06168194914978], [0.0, 0.0, 0.0, 1.0]]}, {"class": "Cherries", "pose": [[0.6536003424687624, -0.016564863815561534, 0.7566586585848563, -0.3258704219696096], [-0.6186436131519183, -0.5876207437595132, 0.5215189216737033, -8.765878160877927], [0.43598939476403004, -0.8089669543703164, -0.39431679248279394, 51.94553987584182], [0.0, 0.0, 0.0, 1.0]]}, {"class": "Cookies", "pose": [[0.48287419784903407, -0.059565928643453975, 0.8736615690279856, -10.568798336869412], [-0.7060728759997551, -0.6166140985681207, 0.34820711003410876, -6.677329207096721], [0.5179707069669423, -0.7850089320310404, -0.3398048584106214, 43.35656614379626], [0.0, 0.0, 0.0, 1.0]]}, {"class": "TomatoSauce", "pose": [[0.7248151799929896, -0.012704150584891083, -0.6888263114962964, 21.38030399635955], [0.5547347156692466, -0.5821455375580376, 0.594454382258614, -8.77182366957905], [-0.40854912580765484, -0.8129853895722879, -0.41490045382911606, 50.160535249769964], [0.0, 0.0, 0.0, 1.0]]}, {"class": "PeasAndCarrots", "pose": [[0.8573533820390034, -0.007911144220914023, 0.5146675821375822, 31.989885370167247], [-0.42428517971405977, -0.5769634922900246, 0.697922101020847, -7.3296822451144], [0.291423029197267, -0.8167316620933309, -0.4980181007067557, 50.749131918763645], [0.0, 0.0, 0.0, 1.0]]}, {"class": "Ketchup", "pose": [[0.822754251857277, -0.03288026262194555, 0.567445554551826, -0.3900311296428538], [-0.4613806825121287, -0.6216990942054842, 0.6329440309557933, 4.734308004360155], [0.3319690016919763, -0.7825657758940302, -0.5266758080250279, 36.5554399753519], [0.0, 0.0, 0.0, 1.0]]}, {"class": "MacaroniAndCheese", "pose": [[-0.08173297831377054, 0.9966512732339825, 0.0024673501956914666, 31.800588816293075], [0.8231683095249009, 0.06890131928759753, -0.5636014430856189, 5.506575547745573], [-0.5618840254108969, -0.044033744054292896, -0.8260432130442195, 42.40490765056852], [0.0, 0.0, 0.0, 1.0]]}, {"class": "Pineapple", "pose": [[0.9721739233528697, -0.02942472779142112, 0.23240519819280073, 13.440678548900486], [-0.20426837103195852, -0.5921582377289153, 0.7795018270277383, 9.744892933707611], [0.11468403550275245, -0.8052843436389285, -0.5816912551643125, 38.48223918756013], [0.0, 0.0, 0.0, 1.0]]}]}