{"camera": {"camera": "RealSense D415", "extrinsics": [[-0.99566066, -0.08969353, -0.024797846, 0.83594257], [-0.058430728, 0.80996174, -0.5835648, -0.3225085], [0.072427295, -0.5795835, -0.8116879, 0.26338327], [0.0, 0.0, 0.0, 1.0]], "height": 480, "intrinsics": [[604.50507, 0.0, 326.28275], [0.0, 602.9669, 245.73769], [0.0, 0.0, 1.0]], "width": 640}, "objects": [{"class": "OrangeJuice", "pose": [[-0.8953339846168269, -0.016832976162358973, 0.4450773100590871, 12.698463487401558], [-0.3462122631386588, -0.6023606192099373, -0.719234910071263, -4.500681873113621], [0.2802038297803272, -0.7980466426978053, 0.5334860440237031, 40.0616015714441], [0.0, 0.0, 0.0, 1.0]]}, {"class": "ChocolatePudding", "pose": [[0.994508072795381, 0.012782217384876938, -0.1038769131679531, 2.16256101466612], [0.0906498465466793, -0.6012717149259306, 0.7938860325883575, -34.24988522679916], [-0.05231059083281763, -0.7989424556870519, -0.5991281531528347, 70.23915941509047], [0.0, 0.0, 0.0, 1.0]]}, {"class": "CreamCheese", "pose": [[0.9595775779131376, -0.09340316712753947, 0.26549355051048207, -7.718186808603855], [-0.2621588874290615, -0.6398171048361477, 0.7224312373429296, -28.565613027904764], [0.1023899380788825, -0.7628302813287491, -0.6384404841337734, 65.97518860972099], [0.0, 0.0, 0.0, 1.0]]}, {"class": "Raisins", "pose": [[0.5714612255215094, 0.020469985419479225, -0.8203737882502962, 7.198367209951262], [0.6771090141461555, -0.5765585191616373, 0.45727864539244684, -42.812163624720505], [-0.4636328912795239, -0.8167994591356685, -0.3433411932645596, 71.64115979985868], [0.0, 0.0, 0.0, 1.0]]}, {"class": "BBQSauce", "pose": [[0.8984924482050186, 0.005669861096863778, -0.43895247831565437, 17.19935870590865], [0.34345415371703947, -0.63183473214136, 0.694855537606313, -38.729945881234364], [-0.27340560967453814, -0.7750824714890572, -0.5696459640002483, 67.19392216932188], [0.0, 0.0, 0.0, 1.0]]}, {"class": "SaladDressing", "pose": [[0.5210059772935995, -0.07326261993232891, -0.8504031192150934, 28.824367157406694], [0.6830191767018666, -0.5617259886424613, 0.4668498907881962, -38.41349488691688], [-0.5118960563406273, -0.8240731790711586, -0.242622777890571, 67.25659449810281], [0.0, 0.0, 0.0, 1.0]]}, {"class": "Mayo", "pose": [[-0.09257869722043383, 0.9947206905034159, 0.044272313370061406, 19.615428646244194], [0.6171379070065705, 0.022430491578876034, 0.7865353007785924, -28.7486810087572], [0.781389850338137, 0.10013854916237641, -0.6159562988338233, 65.93429468946537], [0.0, 0.0, 0.0, 1.0]]}, {"class": "Mushrooms", "pose": [[0.8963838387930363, 0.027216026416739387, -0.44244254596784083, 31.141981701783493], [0.3559430858809305, -0.6390765989654743, 0.6818252876331837, -29.18368721608442], [-0.26419802501192136, -0.7686615010562493, -0.5825451825280317, 67.12749870480934], [0.0, 0.0, 0.0, 1.0]]}, {"class": "Parmesan", "pose": [[0.9804226642786491, -0.025735002904778526, 0.19521581395986043, 1.549392313345721], [-0.1673196568982768, -0.6315515489598708, 0.7570646445381164, -20.971985918801508], [0.10380578567958008, -0.7749067459274682, -0.6234932904918978, 57.39595590313107], [0.0, 0.0, 0.0, 1.0]]}, {"class": "Mustard", "pose": [[0.9954488773737493, -0.046244031765927736, -0.08332542881458051, 7.153839331039158], [0.04388592567366201, -0.5536851145329471, 0.831568952078053, -17.313516791788032], [-0.08459111582996445, -0.8314411484488908, -0.5491356381637352, 51.083075778157536], [0.0, 0.0, 0.0, 1.0]]}, {"class": "Milk", "pose": [[-0.012299261798251877, -0.8044973505424832, -0.5938289704579128, 12.054058056178697], [-0.5641260608688139, -0.48475491612705746, 0.6684119697664573, -21.04249329207928], [-0.8255971273161907, 0.3432152772622329, -0.4478757038888423, 59.21184204950434], [0.0, 0.0, 0.0, 1.0]]}, {"class": "AlphabetSoup", "pose": [[0.942143742985834, -0.019055427455679386, 0.3346672425901368, 30.033276780552498], [-0.2835650221179454, -0.5777310113339713, 0.7653873916926422, -18.4521526369821], [0.17876283898868173, -0.8160048241879355, -0.5497089808358476, 56.9638658981204], [0.0, 0.0, 0.0, 1.0]]}, {"class": "Yogurt", "pose": [[0.9886602293076632, -0.014505535817891576, 0.1494678742797883, 38.55239064041705], [-0.12675730458421525, -0.6143015144973909, 0.7788236883971553, -20.49987808646243], [0.08052108945452559, -0.7889381151363918, -0.6091740259982852, 60.20717316649791], [0.0, 0.0, 0.0, 1.0]]}, {"class": "Cherries", "pose": [[0.6646387563049134, -0.009705221884633485, 0.7471018921883336, -0.6170300989267297], [-0.6049517809333501, -0.5938356594035034, 0.5304645652201131, -9.519210107533793], [0.4385073863744412, -0.8045278895558585, -0.4005572822140614, 52.12750059563582], [0.0, 0.0, 0.0, 1.0]]}, {"class": "Cookies", "pose": [[0.49556858611067445, -0.052168691732510486, 0.867000754952928, -10.917755624387482], [-0.694456298292424, -0.6233259255814864, 0.35943753678178614, -7.657188752534849], [0.5216725598412054, -0.7802200532239799, -0.34512953824434944, 43.5555695363855], [0.0, 0.0, 0.0, 1.0]]}, {"class": "TomatoSauce", "pose": [[0.7146931451152688, -0.0059439419175447835, -0.6994129559176663, 21.081002151195417], [0.5630651773160732, -0.5883302284120829, 0.5803664799231563, -9.195080656357282], [-0.4149353421019442, -0.8085989843698356, -0.4171286775848384, 50.274230341196876], [0.0, 0.0, 0.0, 1.0]]}, {"class": "PeasAndCarrots", "pose": [[0.8648476196166835, -0.0012450202241684766, 0.5020330166371118, 31.668138504387468], [-0.4084794404772452, -0.5831011309487163, 0.7022376523524744, -7.580911916965963], [0.2918616739189202, -0.8123986863106653, -0.5048020672410269, 50.81868917145387], [0.0, 0.0, 0.0, 1.0]]}, {"class": "Ketchup", "pose": [[0.8309636508377631, -0.025398525726146856, 0.555746732696715, -0.9417357109970492], [-0.4458137824024014, -0.6279697065672726, 0.6378904464260823, 3.8629350714618207], [0.332790581729312, -0.7778232936278228, -0.533142890710449, 36.637921465154655], [0.0, 0.0, 0.0, 1.0]]}, {"class": "MacaroniAndCheese", "pose": [[-0.09646793318070715, 0.9952964241304116, 0.008892187965804826, 31.250194140694166], [0.8175521395613571, 0.08432960745342574, -0.5696464859833582, 5.18805758677151], [-0.5677168592591586, -0.04768275780716296, -0.8218417801704189, 42.38007761221161], [0.0, 0.0, 0.0, 1.0]]}, {"class": "Pineapple", "pose": [[0.9756314914923101, -0.02248035658060863, 0.21826115413022984, 12.81362943925728], [-0.1879999495276486, -0.598548403331259, 0.778714280358972, 9.105957868804682], [0.1131340846377064, -0.8007712222733546, -0.5881888453421136, 38.48391321136657], [0.0, 0.0, 0.0, 1.0]]}]}