{"camera": {"camera": "RealSense D415", "extrinsics": [[-0.9920319, -0.12536849, -0.012468046, 0.8324282], [-0.09252015, 0.79210716, -0.60332936, -0.3180125], [0.085514516, -0.5973684, -0.79739463, 0.26461133], [0.0, 0.0, 0.0, 1.0]], "height": 480, "intrinsics": [[604.50507, 0.0, 326.28275], [0.0, 602.9669, 245.73769], [0.0, 0.0, 1.0]], "width": 640}, "objects": [{"class": "OrangeJuice", "pose": [[-0.8790588236125612, -0.0036774457565822093, 0.4766992302814995, 11.540609281126102], [-0.37144691183555495, -0.6214942679236027, -0.6897624023681326, -6.303354906554476], [0.2988023308283594, -0.7834100900490677, 0.5449639668576577, 40.36306913769058], [0.0, 0.0, 0.0, 1.0]]}, {"class": "ChocolatePudding", "pose": [[0.9899304086236865, 0.025867133210914866, -0.13917173790305262, 2.4221413721358664], [0.12514881724030194, -0.6193606862144276, 0.7750678802595743, -35.68245738695128], [-0.06614868120572442, -0.7846803479014576, -0.6163611205002909, 71.35383003896857], [0.0, 0.0, 0.0, 1.0]]}, {"class": "CreamCheese", "pose": [[0.969524016040072, -0.07844785043728494, 0.23209741965964886, -7.7044681935724], [-0.2248877001673671, -0.6608323200796544, 0.7160490710463198, -30.46153996722673], [0.09720497300190954, -0.7464225409415713, -0.6583346496049031, 67.07418333630187], [0.0, 0.0, 0.0, 1.0]]}, {"class": "Raisins", "pose": [[0.5414013415277036, 0.03245701666440928, -0.8401376224111241, 7.780486153643807], [0.6859759329691145, -0.5948207751308299, 0.41907680674863884, -44.021729624859375], [-0.4861292329903085, -0.8032028375761322, -0.344301463566869, 72.89728111428985], [0.0, 0.0, 0.0, 1.0]]}, {"class": "BBQSauce", "pose": [[0.8823894576992382, 0.020130233189208892, -0.4700890487794414, 17.577477267271302], [0.36896781856231314, -0.64958060837255, 0.6647615265540269, -39.689351807522456], [-0.29197885451526706, -0.7600262040580565, -0.5806104071866421, 68.2376972244193], [0.0, 0.0, 0.0, 1.0]]}, {"class": "SaladDressing", "pose": [[0.49024022547045626, -0.061826171686389084, -0.8693918224567424, 29.183324987185443], [0.6889079631603147, -0.5835535973500845, 0.4299664200944222, -38.95281312671006], [-0.5339198020741766, -0.8097176885022225, -0.24348888506886948, 68.15585268201083], [0.0, 0.0, 0.0, 1.0]]}, {"class": "Mayo", "pose": [[-0.10637410363723115, 0.994285911299907, 0.008953870406585586, 19.615694495102975], [0.6319168293170827, 0.060647828750201214, 0.7726597354518071, -29.66050123252966], [0.7677015629704129, 0.087849103603775, -0.6347572547684536, 66.71535298834593], [0.0, 0.0, 0.0, 1.0]]}, {"class": "Mushrooms", "pose": [[0.8799296359569274, 0.04199399735512312, -0.47324458272674985, 31.16279586681989], [0.38158934713100956, -0.6558857227939185, 0.6513091384941209, -29.651219789063187], [-0.28304322072685273, -0.7536912152036552, -0.5931576641988139, 67.78247714854173], [0.0, 0.0, 0.0, 1.0]]}, {"class": "Parmesan", "pose": [[0.986926680560951, -0.01126041154343114, 0.1607763211986964, 1.1869956054030073], [-0.12935223419946512, -0.6504250996876497, 0.7484753130856392, -22.746310745814636], [0.09614482454147116, -0.7594869437787305, -0.6433783352087021, 58.21012444460627], [0.0, 0.0, 0.0, 1.0]]}, {"class": "Mustard", "pose": [[0.9922153153583667, -0.03519945630503594, -0.11945652503523298, 6.585592078530256], [0.07769034555169274, -0.5747229408744483, 0.8146519849208044, -19.040335605372064], [-0.09732967129129522, -0.8175906970373448, -0.5675141535474688, 51.74734005805711], [0.0, 0.0, 0.0, 1.0]]}, {"class": "Milk", "pose": [[-0.000836173453053246, -0.7825692264111286, -0.6225630906322768, 11.706518935221876], [-0.5837911833517142, -0.5050794495533956, 0.6356750026344979, -22.394797551160934], [-0.8119034204711807, 0.3639782964621238, -0.45643462051438694, 59.90319336479634], [0.0, 0.0, 0.0, 1.0]]}, {"class": "AlphabetSoup", "pose": [[0.953714683726903, -0.006988728217732889, 0.30063192586776266, 29.554201563305902], [-0.24507501565210527, -0.597397382355939, 0.7635801918280207, -19.212810441255197], [0.17426026686543475, -0.8019149191977202, -0.5714593152906738, 57.38312458690227], [0.0, 0.0, 0.0, 1.0]]}, {"class": "Yogurt", "pose": [[0.9934312670461584, -0.0008186231553955034, 0.114427892755938, 38.17698256691244], [-0.08908802721315039, -0.6331222316426357, 0.7689081013371135, -20.874064045714533], [0.0718174110932273, -0.7740514131284081, -0.6290362442420692, 60.5730158589759], [0.0, 0.0, 0.0, 1.0]]}, {"class": "Cherries", "pose": [[0.6909157867802098, 0.0030648559295640924, 0.7229288190170466, -1.451227093878471], [-0.5699468118557581, -0.6128754941869776, 0.5473064638529758, -11.508346064793335], [0.4447427173370686, -0.7901735574763303, -0.42169846064839334, 52.699768985761054], [0.0, 0.0, 0.0, 1.0]]}, {"class": "Cookies", "pose": [[0.5261255379543803, -0.038031789847823995, 0.8495561172768714, -11.90584713014996], [-0.6634702230450764, -0.6432867642981813, 0.38208573266482715, -10.224290337571427], [0.5319767278251756, -0.764680159295103, -0.3636824745643101, 44.20846814336663], [0.0, 0.0, 0.0, 1.0]]}, {"class": "TomatoSauce", "pose": [[0.6892027110344042, 0.006579067005536728, -0.7245387733651887, 20.199179536376032], [0.578364833470616, -0.6073370727315778, 0.5446429147478824, -10.447007221664833], [-0.43645592489060586, -0.7944170253911279, -0.422383407189466, 50.583706429974605], [0.0, 0.0, 0.0, 1.0]]}, {"class": "PeasAndCarrots", "pose": [[0.8822451922594063, 0.011043244047551313, 0.47066077234611037, 30.726057430292762], [-0.3699522243666798, -0.6020344479024646, 0.7075945027483216, -8.43983761190257], [0.29116811211859517, -0.7983937519929035, -0.5270564244332588, 50.96520746519744], [0.0, 0.0, 0.0, 1.0]]}, {"class": "Ketchup", "pose": [[0.8501883329000041, -0.011086088756062462, 0.5263620354529486, -2.430830394242156], [-0.40749347733573293, -0.6469042540016242, 0.6445650139265686, 1.4790368514508156], [0.3333601025966721, -0.7624906615067153, -0.5545078542132393, 36.90475153510701], [0.0, 0.0, 0.0, 1.0]]}, {"class": "MacaroniAndCheese", "pose": [[-0.1322838540084332, 0.9909982235272141, 0.020581498097777526, 29.752619889970976], [0.7997302265904982, 0.11897360547886197, -0.5884530150926196, 4.100256064674079], [-0.5856044532697745, -0.06138314958522716, -0.8082694232308868, 42.23423371191414], [0.0, 0.0, 0.0, 1.0]]}, {"class": "Pineapple", "pose": [[0.9829916734277578, -0.00948894311747752, 0.183405084606662, 11.144489276352697], [-0.1499626653477502, -0.6179542887580366, 0.7717796324742392, 7.256960858875727], [0.1060125935236638, -0.7861567745562267, -0.6088668024339319, 38.464665406558844], [0.0, 0.0, 0.0, 1.0]]}]}