{"camera": {"camera": "RealSense D415", "extrinsics": [[-0.9882659, -0.1517101, -0.017737761, 0.83490664], [-0.10509691, 0.75965536, -0.6417775, -0.30439585], [0.11083871, -0.63238263, -0.7666857, 0.24212581], [0.0, 0.0, 0.0, 1.0]], "height": 480, "intrinsics": [[604.50507, 0.0, 326.28275], [0.0, 602.9669, 245.73769], [0.0, 0.0, 1.0]], "width": 640}, "objects": [{"class": "OrangeJuice", "pose": [[-0.8659829430668344, -0.008339477724791274, 0.5000041625206303, 11.636640638424534], [-0.3712808852434718, -0.6590835230055365, -0.6540332255657574, -5.515906089423331], [0.3349987345280343, -0.7520235128075277, 0.567658741118448, 38.369677558548055], [0.0, 0.0, 0.0, 1.0]]}, {"class": "ChocolatePudding", "pose": [[0.9859690888932964, 0.021130019319393175, -0.16558576369923836, 3.6792273797656705], [0.13859423786604677, -0.6565120358538475, 0.7414739578689735, -33.493163424435515], [-0.0930416494657803, -0.754019541538557, -0.6502289940948581, 70.93742301440156], [0.0, 0.0, 0.0, 1.0]]}, {"class": "CreamCheese", "pose": [[0.9751924158976178, -0.08162357827167231, 0.20576080908489833, -6.624517602021984], [-0.2033197656077202, -0.6978303650367895, 0.6867997530098261, -28.661234111307948], [0.08752710179357791, -0.711597064142933, -0.6971144720013462, 66.62385348066384], [0.0, 0.0, 0.0, 1.0]]}, {"class": "Raisins", "pose": [[0.51898213226871, 0.026899654310549807, -0.8543618215329923, 9.217264893340982], [0.6704654025479321, -0.6327999567646221, 0.38735049360165713, -41.65441806706892], [-0.5302204475874933, -0.7738479311490722, -0.3464471369998025, 72.77089607029326], [0.0, 0.0, 0.0, 1.0]]}, {"class": "BBQSauce", "pose": [[0.8694953027529397, 0.016439715446644233, -0.4936677236319825, 18.83811795398894], [0.36919596335475063, -0.6855817079285526, 0.6274329514656065, -37.38925198633909], [-0.32813467676517566, -0.7278100445073232, -0.6021794876425158, 67.7004123045322], [0.0, 0.0, 0.0, 1.0]]}, {"class": "SaladDressing", "pose": [[0.46681873557466674, -0.06768403536440397, -0.8817592112264228, 30.42475489359071], [0.670182270984392, -0.6234720641489123, 0.40266407223965256, -36.460129560838155], [-0.5770060785700649, -0.7789104290284894, -0.2456877920508027, 67.33781832423898], [0.0, 0.0, 0.0, 1.0]]}, {"class": "Mayo", "pose": [[-0.10217780138899486, 0.9946061826450775, -0.01784391932495946, 20.663878423735373], [0.6668492881407987, 0.08179518520471138, 0.7406899626510094, -27.41373590663148], [0.7381542689459045, 0.06378288574571116, -0.6716099917674161, 65.64971053132926], [0.0, 0.0, 0.0, 1.0]]}, {"class": "Mushrooms", "pose": [[0.8669897973975531, 0.03853749071998045, -0.49683369463728466, 32.22818410276558], [0.3821962063597648, -0.6911959116593124, 0.6133305126423862, -27.15562951038561], [-0.31977313549096964, -0.7216391599827028, -0.6139886211622124, 66.47106002542955], [0.0, 0.0, 0.0, 1.0]]}, {"class": "Parmesan", "pose": [[0.9908442719292725, -0.0149132260636414, 0.1341841703879592, 1.9449519039745011], [-0.10766842121153891, -0.6869330622152733, 0.7187005811169777, -21.239068877692848], [0.0814574148767329, -0.726567662418172, -0.6822492827469573, 57.209497833986575], [0.0, 0.0, 0.0, 1.0]]}, {"class": "Mustard", "pose": [[0.9884773230765833, -0.04138587642163869, -0.1456020539193732, 7.143792861295872], [0.08971160054448835, -0.6145855102267126, 0.7837324323617285, -17.762642981989952], [-0.12192032428488941, -0.7877638335399956, -0.6037909732776543, 50.46166881269056], [0.0, 0.0, 0.0, 1.0]]}, {"class": "Milk", "pose": [[-0.0067564718303435274, -0.7657984075034885, -0.6430453454173386, 12.488567087868685], [-0.622778047432044, -0.49989946887266806, 0.60187047680217, -20.62603322430787], [-0.7823693825524499, 0.4045409733037549, -0.4735448368231783, 58.66097608726191], [0.0, 0.0, 0.0, 1.0]]}, {"class": "AlphabetSoup", "pose": [[0.961314086310849, -0.01245901868341338, 0.27517297727640505, 30.22124262282877], [-0.21997579240027393, -0.6359815697867165, 0.7396878664937064, -17.267884073905204], [0.1657891615532426, -0.7716036640460439, -0.6141186382622936, 55.612921289959026], [0.0, 0.0, 0.0, 1.0]]}, {"class": "Yogurt", "pose": [[0.9961274563289324, -0.005082398757434758, 0.0877748658779997, 38.93543759288809], [-0.06853890306216137, -0.6701888991177714, 0.7390191502626057, -18.623902061210856], [0.05506977030316443, -0.7421731677071426, -0.6679418177156196, 58.697001265764335], [0.0, 0.0, 0.0, 1.0]]}, {"class": "Cherries", "pose": [[0.7099506503004577, -0.0018921171791852838, 0.7042490050684587, -1.0066089246977161], [-0.5356395525892321, -0.6506927535735227, 0.5382278851354962, -10.330965122376098], [0.4572312946021779, -0.759338765123295, -0.46297315833251734, 51.21636474738378], [0.0, 0.0, 0.0, 1.0]]}, {"class": "Cookies", "pose": [[0.5486750045703966, -0.04190870469775405, 0.8349847704836353, -11.652571639983101], [-0.627570919196998, -0.6805143960361199, 0.37822604928051484, -9.642425851614389], [0.5523681370615072, -0.731535249939816, -0.39968185044311527, 42.89533883711984], [0.0, 0.0, 0.0, 1.0]]}, {"class": "TomatoSauce", "pose": [[0.6696762018332754, 0.0014349472463082394, -0.7426519324245615, 20.573821412430917], [0.5679476707536031, -0.6453097494321939, 0.5108921772368722, -9.006089868347209], [-0.4785073500081192, -0.7639196734000728, -0.43296352144201977, 48.594527071189596], [0.0, 0.0, 0.0, 1.0]]}, {"class": "PeasAndCarrots", "pose": [[0.8944914990541257, 0.005721284730653254, 0.44704853442362447, 31.068357608634333], [-0.34017698215804765, -0.640132990330349, 0.6888464427498223, -6.803724680261966], [0.29011158861846603, -0.7682428132448073, -0.5706471837886482, 48.655650898496305], [0.0, 0.0, 0.0, 1.0]]}, {"class": "Ketchup", "pose": [[0.8639782666734426, -0.01486331839541004, 0.5033098484945491, -2.5400748406620433], [-0.3761474170246065, -0.6835610712902218, 0.6255057383196381, 1.8488164032098409], [0.3347459086119635, -0.7297419732644042, -0.5961726188300367, 34.832966911616275], [0.0, 0.0, 0.0, 1.0]]}, {"class": "MacaroniAndCheese", "pose": [[-0.15852206320359072, 0.98724442583195, 0.014811017885232543, 29.692237457852478], [0.7677265085888357, 0.13267887049984015, -0.6268910364021794, 5.275389912434014], [-0.6208597151926168, -0.08800521174027962, -0.7789661475805172, 39.34798125422353], [0.0, 0.0, 0.0, 1.0]]}, {"class": "Pineapple", "pose": [[0.9874823282708729, -0.014268325770182302, 0.15708352345751625, 10.957652580548826], [-0.12783491613690753, -0.6557817425113498, 0.7440487797137785, 7.926467943813853], [0.0923961909012214, -0.7548156873705092, -0.6493967849668425, 35.823198176404084], [0.0, 0.0, 0.0, 1.0]]}]}