{"camera": {"camera": "RealSense D415", "extrinsics": [[-0.9824212, -0.1824104, -0.03968631, 0.8477663], [-0.115272135, 0.7599913, -0.63962924, -0.30006227], [0.14683628, -0.6238106, -0.7676584, 0.19810818], [0.0, 0.0, 0.0, 1.0]], "height": 480, "intrinsics": [[604.50507, 0.0, 326.28275], [0.0, 602.9669, 245.73769], [0.0, 0.0, 1.0]], "width": 640}, "objects": [{"class": "OrangeJuice", "pose": [[-0.8493363364414728, -0.02958353414548172, 0.5270224575046765, 13.251765074868471], [-0.38089257087726963, -0.6568844562060064, -0.6507101708052464, -5.842339923474352], [0.3654431109402791, -0.7534106875367498, 0.546647631825956, 36.69020238651506], [0.0, 0.0, 0.0, 1.0]]}, {"class": "ChocolatePudding", "pose": [[0.9804526510623987, -0.00023448963158443793, -0.19675520995885917, 6.777143232209804], [0.14869159316580477, -0.6540134302098984, 0.7417258988136027, -33.99468203963031], [-0.1288544456689159, -0.7564829248982577, -0.641194261498001, 69.43512978240105], [0.0, 0.0, 0.0, 1.0]]}, {"class": "CreamCheese", "pose": [[0.9797127731031675, -0.10094121908804325, 0.1731294923291517, -3.7258080382515213], [-0.19385072536922734, -0.6964803715665818, 0.6908958344354459, -29.25282326378535], [0.0508414310194798, -0.7104407137553487, -0.7019181618535856, 65.5204954567954], [0.0, 0.0, 0.0, 1.0]]}, {"class": "Raisins", "pose": [[0.4924399743483464, 0.0045659128577975544, -0.8703344717464682, 12.459165456079734], [0.6771856074901418, -0.6301858967267077, 0.37984925209734693, -42.10577582984161], [-0.5467380764462113, -0.7764308868606645, -0.3134206733798736, 71.03586044849528], [0.0, 0.0, 0.0, 1.0]]}, {"class": "BBQSauce", "pose": [[0.853119884516162, -0.003668179030790501, -0.5217020947939136, 21.843942239996306], [0.37882226371807665, -0.6832065715160253, 0.6242776136405832, -37.729804874100495], [-0.35872020613663214, -0.7302159727576882, -0.5814674639634361, 65.62854184832507], [0.0, 0.0, 0.0, 1.0]]}, {"class": "SaladDressing", "pose": [[0.4385914944902655, -0.09022743386315256, -0.8941457262358871, 33.399601869942444], [0.6765223537137706, -0.6217860783855309, 0.3945879412697253, -36.68416837271071], [-0.5915699445820143, -0.7779724402215848, -0.21166919410284185, 64.84224681531609], [0.0, 0.0, 0.0, 1.0]]}, {"class": "Mayo", "pose": [[-0.08144127475506455, 0.9954281316401228, -0.049902125329035874, 23.494464245673875], [0.6635897337273384, 0.09151321773118938, 0.7424783242735885, -27.730505731647416], [0.7436504706474603, 0.027353859579112003, -0.6680087639254239, 63.545396519461825], [0.0, 0.0, 0.0, 1.0]]}, {"class": "Mushrooms", "pose": [[0.8507966117792848, 0.01869642291911047, -0.525162487009067, 35.07809372021771], [0.3917718530034547, -0.6886186624867304, 0.6101796609304325, -27.35960829782606], [-0.3502284573134137, -0.7248826275799234, -0.5931990970407219, 63.940807116974085], [0.0, 0.0, 0.0, 1.0]]}, {"class": "Parmesan", "pose": [[0.9941871567778688, -0.0349391144622371, 0.10183920750459857, 4.417011496000034], [-0.09803042762170873, -0.6848740511525175, 0.7220371424394996, -21.717526488278843], [0.044519701538923706, -0.7278233541123894, -0.6843180007808611, 55.82161818125028], [0.0, 0.0, 0.0, 1.0]]}, {"class": "Mustard", "pose": [[0.9823752129704824, -0.06436258420584591, -0.1754892227522039, 9.328892974587843], [0.09992286944042139, -0.6126114503729113, 0.7840425350570845, -18.169315427272416], [-0.15796967877565016, -0.7877592916040663, -0.5953829388622172, 48.89844721108485], [0.0, 0.0, 0.0, 1.0]]}, {"class": "Milk", "pose": [[-0.029478738028842575, -0.7453925918411556, -0.6659736906509003, 15.00044414890056], [-0.6204745161446341, -0.508713421553146, 0.5968434428648143, -21.003774358626636], [-0.7836723882120026, 0.4308138312580861, -0.44750083302722554, 56.885536829499394], [0.0, 0.0, 0.0, 1.0]]}, {"class": "AlphabetSoup", "pose": [[0.9688956945640935, -0.03464992879060972, 0.24503180221472862, 32.57466877226803], [-0.2108779642459421, -0.6337663201400345, 0.7442249669257258, -17.459964271013572], [0.1295055598113544, -0.7727481278505073, -0.6213602865413258, 53.19723190602069], [0.0, 0.0, 0.0, 1.0]]}, {"class": "Yogurt", "pose": [[0.9981076348286178, -0.025856067233530018, 0.05579141233801075, 41.409636493009174], [-0.05877154342209308, -0.6679861946189823, 0.74184932110651, -18.73826965683157], [0.01808660006771965, -0.7437243760252006, -0.6682416420825282, 55.95346133873039], [0.0, 0.0, 0.0, 1.0]]}, {"class": "Cherries", "pose": [[0.7315760385592952, -0.023493381102322988, 0.681354995180118, 1.1390747797298317], [-0.5299005409959507, -0.6484080288316602, 0.5466008695042388, -10.821527348323976], [0.4289545064011595, -0.7609304345833701, -0.48680886390054073, 49.97795369734403], [0.0, 0.0, 0.0, 1.0]]}, {"class": "Cookies", "pose": [[0.5748330899034142, -0.06216138253483661, 0.815906213899662, -9.812867251619217], [-0.6237185287000361, -0.6787099500876629, 0.3877216351355909, -10.214273727031262], [0.5296622985516928, -0.7317710080794725, -0.4289160827440789, 42.05733017950791], [0.0, 0.0, 0.0, 1.0]]}, {"class": "TomatoSauce", "pose": [[0.6459416165736782, -0.020390753348704736, -0.7631144827368204, 22.593998661626635], [0.5760208730939066, -0.6429784714773791, 0.5047560843820486, -9.273804713118608], [-0.500958470423691, -0.7656127863709267, -0.403581016730639, 46.566934696428476], [0.0, 0.0, 0.0, 1.0]]}, {"class": "PeasAndCarrots", "pose": [[0.9078920270464226, -0.016318011588602414, 0.41888645040149164, 33.0614436160791], [-0.3321100403242219, -0.6377463571888992, 0.6949694746908555, -6.967144829922275], [0.255802770880996, -0.7700735950797281, -0.5844241314146964, 46.24858917808906], [0.0, 0.0, 0.0, 1.0]]}, {"class": "Ketchup", "pose": [[0.8794018998357129, -0.03503955637408501, 0.47478900225371073, -1.1176217092939034], [-0.3685159821004576, -0.6814922627150295, 0.6322691930973975, 1.3912532953582746], [0.30141057701423063, -0.7309860240280799, -0.6122181486601008, 33.70313809475394], [0.0, 0.0, 0.0, 1.0]]}, {"class": "MacaroniAndCheese", "pose": [[-0.18887181696181832, 0.9819711164237098, -0.007760919645468541, 31.223991859828015], [0.7679596962787043, 0.14277421161277926, -0.6243824910532167, 5.125405291514701], [-0.6120174408492222, -0.12388829849075883, -0.7810802176490377, 37.03851699361034], [0.0, 0.0, 0.0, 1.0]]}, {"class": "Pineapple", "pose": [[0.9914298304099307, -0.03564358324976893, 0.1256841077984077, 12.346928084534737], [-0.11826201609161947, -0.6536336047536458, 0.7475140614267071, 7.600146354398446], [0.05550728447631768, -0.755971351142372, -0.6522470562841015, 34.21556380942037], [0.0, 0.0, 0.0, 1.0]]}]}