{"camera": {"camera": "RealSense D415", "extrinsics": [[-0.9790528, -0.19973154, -0.039533984, 0.84855545], [-0.12750487, 0.7528262, -0.64575166, -0.29362655], [0.1587392, -0.6271842, -0.76252335, 0.1814377], [0.0, 0.0, 0.0, 1.0]], "height": 480, "intrinsics": [[604.50507, 0.0, 326.28275], [0.0, 602.9669, 245.73769], [0.0, 0.0, 1.0]], "width": 640}, "objects": [{"class": "OrangeJuice", "pose": [[-0.8399184017861706, -0.02903792455507565, 0.5419354058950974, 13.200745147072235], [-0.38967611031788607, -0.6627626937610313, -0.6394514732953045, -6.047616392079139], [0.3777428618753941, -0.7482663045021213, 0.5453511424053314, 35.65411494439796], [0.0, 0.0, 0.0, 1.0]]}, {"class": "ChocolatePudding", "pose": [[0.9768294811631583, 0.00023300639648599067, -0.21401919849097487, 7.477579636423048], [0.16102622153592275, -0.6595164649298292, 0.7342401748458854, -34.043006174467614], [-0.1409780747472871, -0.7516901152088878, -0.6442725772618854, 68.67242678418843], [0.0, 0.0, 0.0, 1.0]]}, {"class": "CreamCheese", "pose": [[0.9827747938920237, -0.09936350739119389, 0.15582267092306204, -3.1322376828152088], [-0.18016032363883458, -0.703005210629807, 0.6879869021333788, -29.47307743359948], [0.041183361401434936, -0.70420921825771, -0.7087970854471818, 64.84240021997326], [0.0, 0.0, 0.0, 1.0]]}, {"class": "Raisins", "pose": [[0.4770059280030403, 0.004484350879132811, -0.8788886972372199, 13.287331352977972], [0.6797548094917416, -0.6357737263973068, 0.36568458224147354, -42.064238220341856], [-0.5571344147826837, -0.7718624934357516, -0.30631607167397656, 70.26747500075012], [0.0, 0.0, 0.0, 1.0]]}, {"class": "BBQSauce", "pose": [[0.843804800543132, -0.0025079353208289387, -0.5366444593257051, 22.55044790481272], [0.38770695448701015, -0.6885590360426374, 0.612837512901939, -37.601329799479025], [-0.3710482977592952, -0.7251759905545853, -0.5800370196176977, 64.72316475427525], [0.0, 0.0, 0.0, 1.0]]}, {"class": "SaladDressing", "pose": [[0.4226735393537681, -0.09042613198904245, -0.9017595581239227, 34.08124307097502], [0.6780304741887689, -0.6286724003678236, 0.38084870353003886, -36.404832332971075], [-0.6013499490866621, -0.772395092164744, -0.20441149920483534, 63.799018196677636], [0.0, 0.0, 0.0, 1.0]]}, {"class": "Mayo", "pose": [[-0.08217027128120288, 0.9943299372068193, -0.06749910648330162, 24.040930868822365], [0.6678888586535986, 0.10520963013093121, 0.736787250234082, -27.59618908797588], [0.7397111397396948, 0.01546012143742133, -0.6727469175433053, 62.549384896435825], [0.0, 0.0, 0.0, 1.0]]}, {"class": "Mushrooms", "pose": [[0.8414000937364242, 0.019986699647589437, -0.540043073265199, 35.62211621829211], [0.4006860911836336, -0.6936277214734655, 0.5986077899834771, -27.065257578173163], [-0.36262460187282675, -0.7200563652165751, -0.5916267655384979, 62.81139437628263], [0.0, 0.0, 0.0, 1.0]]}, {"class": "Parmesan", "pose": [[0.9958683180794109, -0.033724485985777555, 0.08431523572208263, 4.79799977698635], [-0.08420168059182886, -0.6906329486854846, 0.7182870269390228, -21.89971368068877], [0.03400702622119111, -0.722418744871335, -0.6906190555581244, 54.998116169369624], [0.0, 0.0, 0.0, 1.0]]}, {"class": "Mustard", "pose": [[0.9790918295831291, -0.06479998337500716, -0.1928218304091756, 9.583264522467271], [0.1120747199521702, -0.6192201029770059, 0.777178079406631, -18.336330151068616], [-0.16976025179797863, -0.7825391208262714, -0.5990108362624231, 47.99452998753447], [0.0, 0.0, 0.0, 1.0]]}, {"class": "Milk", "pose": [[-0.02976853691883277, -0.7335151050558272, -0.6790210097992833, 15.381939950758216], [-0.6265788045500829, -0.5155894423258433, 0.5844369722597196, -21.034609525364694], [-0.7787893714597571, 0.4428579474093094, -0.4442566307795602, 55.937382464829085], [0.0, 0.0, 0.0, 1.0]]}, {"class": "AlphabetSoup", "pose": [[0.9730714984822616, -0.034635330834110974, 0.22788672533450657, 32.86381147537421], [-0.19675227386792998, -0.6398586358307198, 0.742879206044995, -17.279976124204058], [0.12008541893310727, -0.7677117755104341, -0.6294427079378655, 52.02554622124017], [0.0, 0.0, 0.0, 1.0]]}, {"class": "Yogurt", "pose": [[0.9989567209846366, -0.025051183406239467, 0.03818395859204656, 41.74567450036858], [-0.045089187335561054, -0.6737411144828677, 0.737590619337175, -18.417936476706853], [0.007248595349549029, -0.7385427552344547, -0.6741676773845194, 54.69108152130815], [0.0, 0.0, 0.0, 1.0]]}, {"class": "Cherries", "pose": [[0.743491999586243, -0.02314851138489707, 0.6683441477682732, 1.306498583673199], [-0.5167487313347048, -0.6542600939567411, 0.5521906591142964, -11.092575314985108], [0.4244884740402905, -0.7559152908528525, -0.49839904608222135, 49.113283158842734], [0.0, 0.0, 0.0, 1.0]]}, {"class": "Cookies", "pose": [[0.5891802261053475, -0.06107079963113776, 0.8056904650565578, -9.740601862362109], [-0.6119396105038513, -0.6848680327785649, 0.39558278105575667, -10.692388162896837], [0.5276330352488562, -0.7261034285466142, -0.440882287964495, 41.31254623752633], [0.0, 0.0, 0.0, 1.0]]}, {"class": "TomatoSauce", "pose": [[0.632376478089044, -0.020172839799388595, -0.7743985752687772, 22.69881191564013], [0.5810223473425452, -0.6488236133949822, 0.49136645844321725, -9.27909479261569], [-0.5123602738379666, -0.7606714309564285, -0.39857988483271356, 45.44933832623372], [0.0, 0.0, 0.0, 1.0]]}, {"class": "PeasAndCarrots", "pose": [[0.9151444547749558, -0.016222032739216328, 0.4027996765547901, 33.12958228936862], [-0.3178663335612177, -0.6435697566530806, 0.6962607329178027, -6.8330384698278515], [0.24793490802494741, -0.7652155671294845, -0.5941156603551521, 44.99627141717548], [0.0, 0.0, 0.0, 1.0]]}, {"class": "Ketchup", "pose": [[0.8876657125265387, -0.03390643986531086, 0.45923854697161254, -1.2985442144168302], [-0.35431819486894045, -0.6872762458366712, 0.6341214588600974, 0.968130507177023], [0.2941229210190238, -0.7256044161484599, -0.6220851543566719, 32.77720510554577], [0.0, 0.0, 0.0, 1.0]]}, {"class": "MacaroniAndCheese", "pose": [[-0.20616883642983214, 0.9784840155372238, -0.007971769408720887, 31.02436353075668], [0.7607929352689382, 0.15516676491340656, -0.6301725403447639, 5.1652303998556635], [-0.6153767362307607, -0.13598677797030564, -0.7764142382756175, 35.72044126769989], [0.0, 0.0, 0.0, 1.0]]}, {"class": "Pineapple", "pose": [[0.9935104463911855, -0.035170038509160145, 0.10816731570598302, 12.084890710304851], [-0.10438725143646645, -0.659613331406678, 0.7443208989820962, 7.362744003697741], [0.04517081440625954, -0.7507818411940393, -0.6590039644289245, 33.09284518470654], [0.0, 0.0, 0.0, 1.0]]}]}