{"camera": {"camera": "RealSense D415", "extrinsics": [[-0.9236988, -0.3760735, 0.073138595, 0.526836], [-0.3398775, 0.7162674, -0.60946226, -0.13141955], [0.17681582, -0.5878177, -0.78943425, 0.016245544], [0.0, 0.0, 0.0, 1.0]], "height": 480, "intrinsics": [[603.75165, 0.0, 326.28275], [0.0, 603.20245, 245.73769], [0.0, 0.0, 1.0]], "width": 640}, "objects": [{"class": "ChocolatePudding", "pose": [[0.9807707962833346, 0.075421967507452, 0.18000034882276042, 3.0232880794627883], [-0.08273067748367287, -0.6746691404814269, 0.7334692430908933, 1.9285585840267934], [0.17676037129709404, -0.7342567651112479, -0.6554560889541488, 34.32569996100771], [0.0, 0.0, 0.0, 1.0]]}, {"class": "MacaroniAndCheese", "pose": [[0.09536088489133683, 0.881780924780939, 0.4619184515977586, -1.2100966539596913], [-0.5788472144561181, 0.42663388095778504, -0.6949240092344448, -8.84029380934265], [-0.8098407990523954, -0.201111648294667, 0.5511006220556913, 37.15197385896769], [0.0, 0.0, 0.0, 1.0]]}, {"class": "Milk", "pose": [[-0.05815348496057752, 0.9926049692980454, 0.1065528071569383, -5.745953221159084], [0.773351935912923, 0.11228751315984996, -0.6239537180619203, -19.795666949555606], [-0.6313041192240803, 0.046117731740279715, -0.774162886212992, 48.04605417166011], [0.0, 0.0, 0.0, 1.0]]}, {"class": "Ketchup", "pose": [[0.9305247132185328, 0.08807661699083483, 0.3554802684120084, -15.133558469879505], [-0.21904303373330564, -0.6440487902538695, 0.7329537842324166, -11.112984819225746], [0.29350272557493584, -0.7598970874106782, -0.5800107560594387, 35.88553481357394], [0.0, 0.0, 0.0, 1.0]]}, {"class": "OrangeJuice", "pose": [[-0.895852661499368, -0.4395054699290756, -0.06544390260504059, 12.252046291087265], [0.3200320992986579, -0.7403520577359897, 0.5911499223545266, -7.310542760049676], [-0.3082651522622263, 0.508639091325591, 0.8039022211662394, 41.09171251792213], [0.0, 0.0, 0.0, 1.0]]}]}