{"camera": {"camera": "RealSense D415", "extrinsics": [[-0.9762315, -0.21439736, -0.031714298, 0.84727675], [-0.1402678, 0.7365667, -0.6616604, -0.27812284], [0.16521794, -0.6414852, -0.7491327, 0.18287592], [0.0, 0.0, 0.0, 1.0]], "height": 480, "intrinsics": [[604.50507, 0.0, 326.28275], [0.0, 602.9669, 245.73769], [0.0, 0.0, 1.0]], "width": 640}, "objects": [{"class": "OrangeJuice", "pose": [[-0.8319974649677371, -0.020887383336266913, 0.554386146804069, 12.764019797643877], [-0.39562562391581585, -0.6782043516671786, -0.6192893738833364, -5.322808167824503], [0.3889223618891526, -0.7345765514915509, 0.5560006329189233, 35.61009920587781], [0.0, 0.0, 0.0, 1.0]]}, {"class": "ChocolatePudding", "pose": [[0.9735224869875703, 0.00831337581630947, -0.22844018774224534, 7.623812413220776], [0.17410194448642025, -0.6745495137418874, 0.7174061415687226, -32.732020785682636], [-0.14813011477254806, -0.7381828882329152, -0.6581363916411878, 69.21097258843491], [0.0, 0.0, 0.0, 1.0]]}, {"class": "CreamCheese", "pose": [[0.9857504742398108, -0.0903787007469522, 0.14187232729084878, -3.0737801725017277], [-0.16317287593564378, -0.7186900849395551, 0.6759136630460716, -28.415110135523864], [0.040874031638411884, -0.6894319340572531, -0.7231963351847118, 65.33187896445378], [0.0, 0.0, 0.0, 1.0]]}, {"class": "Raisins", "pose": [[0.4637039806943378, 0.012099243752642885, -0.8859076085306413, 13.570563762171684], [0.6760219327359377, -0.6511547978887946, 0.3449519983566743, -40.62302339073355], [-0.5726892298727208, -0.7588485813177076, -0.31012238552673593, 70.9446928644977], [0.0, 0.0, 0.0, 1.0]]}, {"class": "BBQSauce", "pose": [[0.8359403625208081, 0.006148237597416248, -0.5487859088448488, 22.738526969797523], [0.3938566826669225, -0.7030887776921877, 0.5920668794366102, -36.12254018905712], [-0.38220497669527237, -0.7110755999273024, -0.5901617272937091, 65.27403576349055], [0.0, 0.0, 0.0, 1.0]]}, {"class": "SaladDressing", "pose": [[0.4092448188574519, -0.08291653000134008, -0.9086493226512173, 34.24459694015236], [0.672510964887538, -0.6456205799145434, 0.36180543724596087, -34.756429409972114], [-0.6166422499672227, -0.7591436267608179, -0.20845456792476597, 64.27956142002252], [0.0, 0.0, 0.0, 1.0]]}, {"class": "Mayo", "pose": [[-0.09042084529415319, 0.9925148586711974, -0.08208769893733242, 24.056205614151704], [0.6813343751004334, 0.12176694530484826, 0.721773084744452, -26.14053361257137], [0.7263660762686807, 0.009334181432529069, -0.6872446534444103, 62.89223605109736], [0.0, 0.0, 0.0, 1.0]]}, {"class": "Mushrooms", "pose": [[0.8333535163674269, 0.02874191340598043, -0.5519926479903963, 35.627976247367144], [0.40696305673442085, -0.7076835144237074, 0.5775510534923993, -25.414855464922788], [-0.3740361050084618, -0.7059448176655305, -0.6014473575851684, 63.096933423382026], [0.0, 0.0, 0.0, 1.0]]}, {"class": "Parmesan", "pose": [[0.9972371737537401, -0.02501960467861521, 0.06994356960452604, 4.694487795606539], [-0.06717820263566343, -0.7056170849207845, 0.7054018174646507, -20.914351840045136], [0.03170450676204865, -0.7081515994177336, -0.7053482500708322, 55.3045630483126], [0.0, 0.0, 0.0, 1.0]]}, {"class": "Mustard", "pose": [[0.976483757681096, -0.057486878528375765, -0.20778545195876888, 9.39465787973609], [0.12461978244815143, -0.6359578942635281, 0.7615954123222943, -17.416026151060844], [-0.17592450722684952, -0.7695797194517039, -0.6138384482504547, 48.21112970262013], [0.0, 0.0, 0.0, 1.0]]}, {"class": "Milk", "pose": [[-0.022325547606869885, -0.7232981606143897, -0.6901749090191092, 15.266152359354734], [-0.6426644267720203, -0.5184320868410333, 0.5641016853540992, -19.857191652511407], [-0.7658225217691582, 0.45614465792452824, -0.4532636468799851, 56.183614632133875], [0.0, 0.0, 0.0, 1.0]]}, {"class": "AlphabetSoup", "pose": [[0.9766121195711233, -0.026932392641937232, 0.2133154434095657, 32.669366650937825], [-0.17831613554571138, -0.6557945173722337, 0.7335782250806354, -15.897041340392743], [0.12013406951396456, -0.7544589647148036, -0.6452592450235656, 52.12641200514382], [0.0, 0.0, 0.0, 1.0]]}, {"class": "Yogurt", "pose": [[0.9995831725076401, -0.016684797430266234, 0.023561898011751577, 41.57850502591944], [-0.028571713168014205, -0.6889163545246617, 0.724277584354915, -16.83508322939979], [0.004147760922415751, -0.724648888000466, -0.6891057992673709, 54.778741287187586], [0.0, 0.0, 0.0, 1.0]]}, {"class": "Cherries", "pose": [[0.7534504441129692, -0.015166849660611968, 0.657329794852616, 1.0040283297049757], [-0.49578228907599337, -0.6697635158276515, 0.5528262477746904, -10.287529408476756], [0.43187081888341744, -0.7424196480720171, -0.5121529843108296, 49.216276302351794], [0.0, 0.0, 0.0, 1.0]]}, {"class": "Cookies", "pose": [[0.6011064176590499, -0.052470437365022216, 0.7974446639833193, -10.076817923486326], [-0.5913730964929852, -0.7003766535578014, 0.3996880151059915, -10.226716631991927], [0.5375397399755419, -0.7118423521021148, -0.45203043159245077, 41.45346634540984], [0.0, 0.0, 0.0, 1.0]]}, {"class": "TomatoSauce", "pose": [[0.6208415283607067, -0.012298550146798329, -0.7838396561738054, 22.349973944070932], [0.5807758164390098, -0.6643767281936537, 0.47042865516270405, -8.19881691959724], [-0.5265503241594505, -0.747296756502413, -0.4053299041934259, 45.43049529204487], [0.0, 0.0, 0.0, 1.0]]}, {"class": "PeasAndCarrots", "pose": [[0.9211565606191982, -0.008451468679250434, 0.3891005368397919, 32.73735520526246], [-0.2977417178448146, -0.6591522330789316, 0.6905565209349408, -5.59201788267179], [0.2506402391060767, -0.7519621261591087, -0.6096986540480652, 44.886127903410376], [0.0, 0.0, 0.0, 1.0]]}, {"class": "Ketchup", "pose": [[0.8944514866510276, -0.02526848473184856, 0.4464505638598329, -1.8592154223638024], [-0.33369333102114046, -0.7023291799237789, 0.6287945526032325, 1.3947607224920222], [0.297666534315166, -0.7114037989800179, -0.6366312013485483, 32.65003814230914], [0.0, 0.0, 0.0, 1.0]]}, {"class": "MacaroniAndCheese", "pose": [[-0.22092130454695014, 0.975291559562443, -0.0004640120387764998, 30.4008967645775], [0.7446650547997969, 0.168372904914372, -0.6458518611683363, 6.179380431160392], [-0.6298156383504805, -0.14302793415856607, -0.7634626966161546, 35.37789093485213], [0.0, 0.0, 0.0, 1.0]]}, {"class": "Pineapple", "pose": [[0.9952528120906017, -0.02707969873679039, 0.09348044825371257, 11.418287929366622], [-0.08716885770921141, -0.6752075275616649, 0.7324592073922116, 8.012721707003712], [0.04328392888591886, -0.7371306665528642, -0.6743625874204687, 32.78244010429323], [0.0, 0.0, 0.0, 1.0]]}]}