{"camera": {"camera": "RealSense D415", "extrinsics": [[-0.97587746, -0.21559744, -0.034363918, 0.8324601], [-0.13775524, 0.73019767, -0.66920465, -0.29193574], [0.16937126, -0.64832795, -0.7422831, 0.18088599], [0.0, 0.0, 0.0, 1.0]], "height": 480, "intrinsics": [[604.50507, 0.0, 326.28275], [0.0, 602.9669, 245.73769], [0.0, 0.0, 1.0]], "width": 640}, "objects": [{"class": "OrangeJuice", "pose": [[-0.8312239883034319, -0.023509658473976947, 0.5554403903666114, 11.349827923675582], [-0.39095099097684166, -0.6856091449480942, -0.614082642608769, -6.468369983297332], [0.39525183101515965, -0.7275901258122246, 0.5607036105400126, 35.3836086127831], [0.0, 0.0, 0.0, 1.0]]}, {"class": "ChocolatePudding", "pose": [[0.9732442596034877, 0.00568382492426454, -0.2297027542419322, 6.281706909202589], [0.17176340789291755, -0.6820158742223729, 0.710880966092991, -33.53067075274255], [-0.15262036546852997, -0.731315277792633, -0.6647442579550635, 69.27536893575767], [0.0, 0.0, 0.0, 1.0]]}, {"class": "CreamCheese", "pose": [[0.9857274958185217, -0.09290685427522971, 0.14039113376302995, -4.4232145926816795], [-0.16358542676598156, -0.725575516103222, 0.668416073652434, -29.244293962384365], [0.03976395596551191, -0.6818419829572723, -0.7304178790635948, 65.38265747764132], [0.0, 0.0, 0.0, 1.0]]}, {"class": "Raisins", "pose": [[0.46264490521250135, 0.009430712057990523, -0.8864935438987903, 12.226843000786102], [0.6697794086152166, -0.6588353900619761, 0.342536919955406, -41.40870556408523], [-0.5808228934195176, -0.7522280110219551, -0.3111233290620066, 71.07244546462259], [0.0, 0.0, 0.0, 1.0]]}, {"class": "BBQSauce", "pose": [[0.8351843168120513, 0.003571566109168461, -0.5499585901592563, 21.382502208634456], [0.389246995283873, -0.7102766162322032, 0.5865099948268656, -36.97380193455101], [-0.388527914465086, -0.7039136108309514, -0.5946020754599126, 65.3306876613921], [0.0, 0.0, 0.0, 1.0]]}, {"class": "SaladDressing", "pose": [[0.4080594495698475, -0.08558094758578855, -0.9089353316107369, 32.88684459687232], [0.665868579817708, -0.6532238741879146, 0.36044094320441555, -35.62761640797062], [-0.6245850742564535, -0.7523127422123472, -0.20956851598915896, 64.29012410483561], [0.0, 0.0, 0.0, 1.0]]}, {"class": "Mayo", "pose": [[-0.08781862437842113, 0.9926366440306152, -0.08342920449796097, 22.701655346919438], [0.6887500477134031, 0.12101365965501647, 0.7148280456776215, -27.0176120624442], [0.7196605150946594, 0.005313370019351792, -0.6943057331504764, 62.84395888387794], [0.0, 0.0, 0.0, 1.0]]}, {"class": "Mushrooms", "pose": [[0.8326312041299836, 0.02617581329264239, -0.5532089611808226, 34.27454681236453], [0.4024378164413696, -0.7148381858206124, 0.5718830657802348, -26.299707164025616], [-0.38048533389356276, -0.6987998246845729, -0.6057306791682322, 63.00881965742138], [0.0, 0.0, 0.0, 1.0]]}, {"class": "Parmesan", "pose": [[0.9972670221717168, -0.02758998828501348, 0.06853706339226018, 3.322957922207792], [-0.06769857140254508, -0.7127486738612182, 0.6981448991969609, -21.85231450589172], [0.02958791346067928, -0.7008766797095592, -0.7126684889829517, 55.25794133764862], [0.0, 0.0, 0.0, 1.0]]}, {"class": "Mustard", "pose": [[0.9760867720900833, -0.06017284569589893, -0.2088872710694922, 8.006019284479404], [0.12199912351208604, -0.6436892078822656, 0.7555001564882593, -18.43017192868559], [-0.179919037262869, -0.7629177024524937, -0.6209554406621316, 48.116194146361245], [0.0, 0.0, 0.0, 1.0]]}, {"class": "Milk", "pose": [[-0.02500659239135387, -0.7224366845641443, -0.6909847734618921, 13.897916407646903], [-0.6503870671271874, -0.5131607958227702, 0.5600560056635756, -20.795250294987845], [-0.7591912290007267, 0.4634125964588708, -0.4570310528011278, 56.096557793140065], [0.0, 0.0, 0.0, 1.0]]}, {"class": "AlphabetSoup", "pose": [[0.9767997476414187, -0.029592209909301847, 0.21210045766944147, 31.292887498736064], [-0.17791547037237332, -0.6633972017078845, 0.7268083014825351, -16.891255185850707], [0.11919900041479256, -0.7476820480772128, -0.6532710718040954, 51.95055390889159], [0.0, 0.0, 0.0, 1.0]]}, {"class": "Yogurt", "pose": [[0.9995671268957163, -0.01928794071032425, 0.022216754844997195, 40.20868044164329], [-0.029375842979770788, -0.6962233661624392, 0.7172239212367881, -17.809876491028504], [0.001634075714778622, -0.7175660223581262, -0.6964885306497093, 54.58727351496427], [0.0, 0.0, 0.0, 1.0]]}, {"class": "Cherries", "pose": [[0.7542558443112752, -0.017804296263973916, 0.6563392250811095, -0.3759043088440328], [-0.4920110073218093, -0.6772532250433841, 0.5470404982979914, -11.284724719459893], [0.4347681681352369, -0.7355345468251514, -0.5195820535545292, 49.072430014726685], [0.0, 0.0, 0.0, 1.0]]}, {"class": "Cookies", "pose": [[0.6021314040774778, -0.05504679112657945, 0.7964971268206774, -11.478491753595144], [-0.5863948592853099, -0.707522704163143, 0.39440177615350286, -11.29332886757247], [0.5418292184336626, -0.7045434499827805, -0.4583007365375067, 41.34051277442061], [0.0, 0.0, 0.0, 1.0]]}, {"class": "TomatoSauce", "pose": [[0.6198335183049601, -0.014945314844298861, -0.7845910381677459, 20.961010990837615], [0.5748733931882399, -0.6719186639731903, 0.4669539160820088, -9.252658432329813], [-0.5341600759187899, -0.7404741312196491, -0.4078860309716813, 45.20577836859476], [0.0, 0.0, 0.0, 1.0]]}, {"class": "PeasAndCarrots", "pose": [[0.9216136977517431, -0.011107093013609499, 0.38794957742519565, 31.34895254612737], [-0.2959628708947913, -0.6667450674213319, 0.6840007770877445, -6.660330658664643], [0.2510662085906163, -0.7452030857995676, -0.6177686134724135, 44.605835454509595], [0.0, 0.0, 0.0, 1.0]]}, {"class": "Ketchup", "pose": [[0.8950115709588454, -0.02784532189998174, 0.4451729730355458, -3.2761664114031253], [-0.33141253979782803, -0.7094937461278331, 0.6219199479079661, 0.23120004860994192], [0.29852987616837323, -0.7041613887254261, -0.6442333363278142, 32.39651091230028], [0.0, 0.0, 0.0, 1.0]]}, {"class": "MacaroniAndCheese", "pose": [[-0.2220818901674747, 0.9750229830218641, -0.0031411243256485788, 28.995402398960092], [0.7384196112583341, 0.16608496483062798, -0.653568918402567, 5.015906581045293], [-0.6367229756629208, -0.14746525261795335, -0.7568604835147436, 34.98514320416557], [0.0, 0.0, 0.0, 1.0]]}, {"class": "Pineapple", "pose": [[0.9952988614604784, -0.029706676551509034, 0.09218318592336101, 10.007076067992148], [-0.08756894680267947, -0.6826331552725998, 0.7254955022700316, 6.838901318182733], [0.0413752598659172, -0.7301571632794255, -0.6820253255969771, 32.4244609953764], [0.0, 0.0, 0.0, 1.0]]}]}