{"camera": {"camera": "RealSense D415", "extrinsics": [[-0.9747475, -0.22039336, -0.035974193, 0.8101867], [-0.13897766, 0.72480875, -0.674787, -0.30614224], [0.17479298, -0.6527473, -0.7371353, 0.17458096], [0.0, 0.0, 0.0, 1.0]], "height": 480, "intrinsics": [[604.50507, 0.0, 326.28275], [0.0, 602.9669, 245.73769], [0.0, 0.0, 1.0]], "width": 640}, "objects": [{"class": "OrangeJuice", "pose": [[-0.8284271553864585, -0.025011695215959216, 0.5595382257117614, 9.142576486201637], [-0.3901188363817447, -0.6910541723461235, -0.6084829464774321, -7.944302537321332], [0.4018903395895612, -0.7223701847052374, 0.5627304235546873, 34.90847424170307], [0.0, 0.0, 0.0, 1.0]]}, {"class": "ChocolatePudding", "pose": [[0.9721019048337771, 0.0041553786216466685, -0.23452245555382117, 4.296721734905118], [0.173102539459111, -0.6874143477869157, 0.7053347411408188, -34.76684467365661], [-0.15828312704749667, -0.7262536637151312, -0.6689559970827265, 69.0226109818468], [0.0, 0.0, 0.0, 1.0]]}, {"class": "CreamCheese", "pose": [[0.986315140342151, -0.09409916507857766, 0.13538077328520406, -6.4366170971553505], [-0.16077466276875457, -0.7308561092893804, 0.663325656896123, -30.536785785576598], [0.036525474545043415, -0.6760139312560124, -0.735983092779706, 65.1465793919703], [0.0, 0.0, 0.0, 1.0]]}, {"class": "Raisins", "pose": [[0.4582992936402727, 0.007748385947418721, -0.8887642447105865, 10.270183444434721], [0.666621156493143, -0.664380427432465, 0.3379570285274307, -42.61614353094499], [-0.5878588405514509, -0.7473544982276237, -0.3096502800983257, 70.85122293411482], [0.0, 0.0, 0.0, 1.0]]}, {"class": "BBQSauce", "pose": [[0.8324220579321658, 0.0022392591234794428, -0.55413776797697, 19.388463104544385], [0.38847494021331014, -0.7154759909716175, 0.5806732290541197, -38.20072461885687], [-0.39517191562615217, -0.6986338307789242, -0.5964478065950564, 65.03544155886281], [0.0, 0.0, 0.0, 1.0]]}, {"class": "SaladDressing", "pose": [[0.4035279039314462, -0.08727686131673093, -0.9107953353741679, 30.88450001857248], [0.6622462691809549, -0.6590116710314675, 0.35655794503967647, -36.83301548246886], [-0.6313439048083633, -0.7470518761935837, -0.20813079190142045, 63.93298761783417], [0.0, 0.0, 0.0, 1.0]]}, {"class": "Mayo", "pose": [[-0.08635885322733541, 0.9923350341407449, -0.08839395453361047, 20.670731074481097], [0.693852549100833, 0.12357725678398025, 0.7094345448896003, -28.25995997210769], [0.7149202216747186, -6.639327716425785e-05, -0.6992060716505798, 62.46898740286083], [0.0, 0.0, 0.0, 1.0]]}, {"class": "Mushrooms", "pose": [[0.8298711061516687, 0.024877964380009044, -0.557400391796468, 32.242356705437366], [0.4017186125360594, -0.7199418582257137, 0.5659557835090134, -27.511380696128246], [-0.3872159705777843, -0.6935884547229672, -0.6074528014628319, 62.576263991210034], [0.0, 0.0, 0.0, 1.0]]}, {"class": "Parmesan", "pose": [[0.9975613705314235, -0.028901846370772612, 0.06353076429395835, 1.2448596570561077], [-0.06493699103660198, -0.718004762688126, 0.6930024673282013, -23.20053892496585], [0.02558634835125951, -0.695437978866148, -0.718130499790358, 54.93243063468578], [0.0, 0.0, 0.0, 1.0]]}, {"class": "Mustard", "pose": [[0.974950037725959, -0.0619413788457261, -0.2136254952873899, 5.886919918027644], [0.12314418806789633, -0.6494913939507712, 0.7503309335884214, -19.81964226817218], [-0.1852244136579166, -0.7578418913252881, -0.625593832081264, 47.744419984466425], [0.0, 0.0, 0.0, 1.0]]}, {"class": "Milk", "pose": [[-0.026741561205290067, -0.7190195526801391, -0.6944752943625134, 11.820719820387149], [-0.6560718028744165, -0.5115413698175487, 0.5548831302256271, -22.110345841931206], [-0.7542246448875773, 0.4704640105445812, -0.4580489692456992, 55.71542708030782], [0.0, 0.0, 0.0, 1.0]]}, {"class": "AlphabetSoup", "pose": [[0.9777816227701304, -0.031241805731741203, 0.2072853358527166, 29.18674538187388], [-0.17453676328647114, -0.6690076957152862, 0.7224719324000737, -18.192979697354954], [0.11610414880641312, -0.7425986735103, -0.6595961606401393, 51.46207748011506], [0.0, 0.0, 0.0, 1.0]]}, {"class": "Yogurt", "pose": [[0.9996368907052771, -0.020717580705092737, 0.017234596100845684, 38.1166437735542], [-0.026817296320071814, -0.7015828317219632, 0.7120831655233584, -19.069275740830737], [-0.0026611305848445155, -0.7122867750910526, -0.7018835564500228, 54.06525777618454], [0.0, 0.0, 0.0, 1.0]]}, {"class": "Cherries", "pose": [[0.7574698672357432, -0.019363685862726673, 0.6525830296687292, -2.5090277277761697], [-0.4868445274938581, -0.6827430113734536, 0.5448343401811971, -12.68865564781921], [0.4349964395863948, -0.7304020573883514, -0.5265842672455697, 48.68545385469588], [0.0, 0.0, 0.0, 1.0]]}, {"class": "Cookies", "pose": [[0.6060723204845175, -0.05638825075900426, 0.7934083880516989, -13.646207066679805], [-0.5808173586939704, -0.7128761213934381, 0.3930125992350619, -12.782984852707042], [0.5434405205205608, -0.6990194131387645, -0.46480567887237656, 41.00402012645351], [0.0, 0.0, 0.0, 1.0]]}, {"class": "TomatoSauce", "pose": [[0.6159404591073495, -0.016540714319204553, -0.7876191454734837, 18.80497488877544], [0.5724650900765385, -0.6774380374057818, 0.46191070337258294, -10.631046315611822], [-0.5412034029475421, -0.7353939402327663, -0.40779245665835684, 44.707535434554465], [0.0, 0.0, 0.0, 1.0]]}, {"class": "PeasAndCarrots", "pose": [[0.9234937502105822, -0.012737153183866293, 0.383402166090266, 29.18339185643536], [-0.29174122929766777, -0.6722899641866777, 0.6803773445320266, -8.016802399143705], [0.24909132873405557, -0.7401784283323178, -0.624571423122715, 44.04148124986535], [0.0, 0.0, 0.0, 1.0]]}, {"class": "Ketchup", "pose": [[0.8971968365803564, -0.02918034238538107, 0.4406659809429526, -5.513937182511331], [-0.3269048742674409, -0.7147749923900951, 0.6182475112805694, -1.3043811570225494], [0.2969363126568021, -0.698745559023221, -0.6508329496665315, 31.937823081366666], [0.0, 0.0, 0.0, 1.0]]}, {"class": "MacaroniAndCheese", "pose": [[-0.22684676034639825, 0.9739184323176647, -0.004857697416300157, 26.756493674361504], [0.7331001542656658, 0.16746710595966252, -0.6591805549376006, 3.5815952376434423], [-0.6411744820732566, -0.15309411205948892, -0.7519691049447035, 34.34515392591604], [0.0, 0.0, 0.0, 1.0]]}, {"class": "Pineapple", "pose": [[0.9956974980068344, -0.03122784988625086, 0.08724377666260208, 7.752205215040531], [-0.08472418057094097, -0.688113129993442, 0.7206401358014287, 5.337151082905617], [0.03752955159567315, -0.7249312240505943, -0.6877981619298392, 31.856776615467663], [0.0, 0.0, 0.0, 1.0]]}]}