{"camera": {"camera": "RealSense D415", "extrinsics": [[-0.97239524, -0.22838697, -0.047821395, 0.79990214], [-0.13883786, 0.7310145, -0.6680882, -0.31314912], [0.18754077, -0.6430064, -0.7425438, 0.1612937], [0.0, 0.0, 0.0, 1.0]], "height": 480, "intrinsics": [[604.50507, 0.0, 326.28275], [0.0, 602.9669, 245.73769], [0.0, 0.0, 1.0]], "width": 640}, "objects": [{"class": "OrangeJuice", "pose": [[-0.8232992211151022, -0.036678469519114264, 0.5664213782685502, 8.414757891241875], [-0.3922596468486009, -0.684506181466032, -0.614478406769604, -8.67694515022308], [0.41025701202951353, -0.728083820764445, 0.5491658986390815, 34.81332027762674], [0.0, 0.0, 0.0, 1.0]]}, {"class": "ChocolatePudding", "pose": [[0.9700509721402432, -0.007563410932002722, -0.24278385786432566, 4.009102946740207], [0.1728179337607303, -0.6808825915285125, 0.7117112572674378, -35.795721092891064], [-0.1706902290260117, -0.7323535778656421, -0.6591836867739125, 68.75249623977885], [0.0, 0.0, 0.0, 1.0]]}, {"class": "CreamCheese", "pose": [[0.9864350007156428, -0.10516749615892362, 0.1260392101269927, -6.7708516727974395], [-0.16281646124692742, -0.7246014534828961, 0.6696593081221313, -31.51236359674018], [0.020901824627232952, -0.6810966204948773, -0.7318951820336825, 65.06915480693623], [0.0, 0.0, 0.0, 1.0]]}, {"class": "Raisins", "pose": [[0.4510573757994384, -0.0042306738002304105, -0.8924849805519216, 9.993493974018374], [0.6710633644294757, -0.6576667479544072, 0.3422695793563556, -43.671508180543334], [-0.5884056713079961, -0.7532971666557842, -0.2938063901404501, 70.42480010539262], [0.0, 0.0, 0.0, 1.0]]}, {"class": "BBQSauce", "pose": [[0.8273871142093538, -0.00913523049929775, -0.5615578386762009, 19.03556355520729], [0.39054862252493805, -0.7091873124021136, 0.5869626774922322, -39.22005022020534], [-0.4036116837559344, -0.7049609743984859, -0.5832046669199803, 64.51821436519052], [0.0, 0.0, 0.0, 1.0]]}, {"class": "SaladDressing", "pose": [[0.3956590058200256, -0.09923154523135493, -0.913020890735342, 30.517123347384207], [0.6671740453916465, -0.6521351130502674, 0.3599981151058665, -37.86257555435492], [-0.6311360960663763, -0.7515803146866965, -0.19181842722730053, 63.26285170086403], [0.0, 0.0, 0.0, 1.0]]}, {"class": "Mayo", "pose": [[-0.07478214613295298, 0.9924614901970135, -0.09709745861925587, 20.299462568864403], [0.6875655621043717, 0.12184111298536357, 0.7158270715694526, -29.258931315256763], [0.7222612392153918, -0.013229754314065334, -0.6914938366567308, 62.0225441343782], [0.0, 0.0, 0.0, 1.0]]}, {"class": "Mushrooms", "pose": [[0.8249755061975003, 0.013565193610820474, -0.5650057478213152, 31.872817248937185], [0.40372487450926126, -0.7137377251340533, 0.5723501907224792, -28.531536938465297], [-0.3955018262454098, -0.7002817408149294, -0.5942927217492796, 61.97011787130615], [0.0, 0.0, 0.0, 1.0]]}, {"class": "Parmesan", "pose": [[0.9977025038567239, -0.04023190762839574, 0.05450874041152843, 0.7768690315949844], [-0.06690434981413858, -0.711690287157142, 0.6993002206057461, -24.098264191714915], [0.010659184349649044, -0.7013404321067735, -0.7127468206086198, 54.81159763147747], [0.0, 0.0, 0.0, 1.0]]}, {"class": "Mustard", "pose": [[0.9724182752976763, -0.0740358497959614, -0.22118202048702953, 5.321542728399143], [0.12309820526706848, -0.6425627178253762, 0.7562803983431017, -20.66117347853601], [-0.1981151436856439, -0.7626479661090089, -0.6157260103638756, 47.588092212124664], [0.0, 0.0, 0.0, 1.0]]}, {"class": "Milk", "pose": [[-0.038800103819517984, -0.7131457419579639, -0.6999412818554599, 11.364907428957116], [-0.6492367005213919, -0.5144827406326636, 0.5601778928914547, -23.033590022469014], [-0.7595961631057262, 0.4761624759245242, -0.44303839080027235, 55.452165049885046], [0.0, 0.0, 0.0, 1.0]]}, {"class": "AlphabetSoup", "pose": [[0.9790194994298138, -0.043157140985968616, 0.19914410935992605, 28.675363927082664], [-0.17727646196916472, -0.6622684194293339, 0.7279928928604846, -19.108562102561606], [0.1004687806453978, -0.7480227767112338, -0.6560243896710327, 50.98474820802599], [0.0, 0.0, 0.0, 1.0]]}, {"class": "Yogurt", "pose": [[0.9994435377867469, -0.032259714459471185, 0.008486517186188368, 37.64007027003631], [-0.02853664868769414, -0.6951322851730198, 0.7183152658748964, -20.023739523611923], [-0.01727336599655418, -0.7181577051836909, -0.6956660057231883, 53.451327557219976], [0.0, 0.0, 0.0, 1.0]]}, {"class": "Cherries", "pose": [[0.7627256417180738, -0.03113083451064639, 0.6459725706119933, -3.0466483403671973], [-0.4920454018896728, -0.6761332228098673, 0.5483933286329089, -13.524269384820652], [0.4196915642553515, -0.7361214631723045, -0.531021875779491, 48.71344761488082], [0.0, 0.0, 0.0, 1.0]]}, {"class": "Cookies", "pose": [[0.6127253834991951, -0.06775725538182281, 0.787385962621592, -14.293156227230641], [-0.5867222530987423, -0.7064817921616343, 0.39577838553909317, -13.530302267341574], [0.5294569677050712, -0.7044803088186568, -0.4726339641220574, 41.192403612597076], [0.0, 0.0, 0.0, 1.0]]}, {"class": "TomatoSauce", "pose": [[0.6091756541037089, -0.028369913042480394, -0.7925277697695675, 18.211842275534686], [0.5762179157635884, -0.6707886474890894, 0.46692136313295185, -11.468278807479004], [-0.5448650945703296, -0.7411058026175149, -0.39228085379218186, 44.44803500427651], [0.0, 0.0, 0.0, 1.0]]}, {"class": "PeasAndCarrots", "pose": [[0.9264276863365131, -0.024625820246379014, 0.375666615952246, 28.58450243582923], [-0.2955734424699451, -0.6656045366046657, 0.6852787727303858, -8.866283158761071], [0.23316985964856204, -0.7458982785091903, -0.6239131549141311, 43.65622064201268], [0.0, 0.0, 0.0, 1.0]]}, {"class": "Ketchup", "pose": [[0.9007547973509958, -0.04055182648402455, 0.432430849723535, -6.270441795306791], [-0.33111862915362084, -0.7084305155608092, 0.623287023326157, -1.9850959715869032], [0.281071786519554, -0.7046146655588863, -0.6515495945117701, 32.11317733621879], [0.0, 0.0, 0.0, 1.0]]}, {"class": "MacaroniAndCheese", "pose": [[-0.2346579502423586, 0.9719312749470823, -0.0168919668019307, 26.04033128929678], [0.7392130774696571, 0.16713304980702723, -0.6524037286505572, 2.8227860625167747], [-0.6312683425029794, -0.16557844677158903, -0.7576833823733086, 34.0998463296503], [0.0, 0.0, 0.0, 1.0]]}, {"class": "Pineapple", "pose": [[0.9959732816326418, -0.042925243178159725, 0.07870667790375667, 7.005588123903284], [-0.08679452376385496, -0.6815314569923473, 0.7266234507443337, 4.633736890232293], [0.022450612643968762, -0.7305288286361369, -0.682512747668373, 31.90076350591187], [0.0, 0.0, 0.0, 1.0]]}]}