{"camera": {"camera": "RealSense D415", "extrinsics": [[-0.9735578, -0.22240189, -0.052178793, 0.78822696], [-0.13377006, 0.74017864, -0.65896976, -0.31318632], [0.18517774, -0.6345652, -0.75035745, 0.15811522], [0.0, 0.0, 0.0, 1.0]], "height": 480, "intrinsics": [[604.50507, 0.0, 326.28275], [0.0, 602.9669, 245.73769], [0.0, 0.0, 1.0]], "width": 640}, "objects": [{"class": "OrangeJuice", "pose": [[-0.8265384369793195, -0.04117047171093603, 0.5613727105588078, 7.402325344332539], [-0.3908878945164802, -0.6756386207609522, -0.6250753249810064, -8.367959843664712], [0.4050196662951906, -0.7360825827580485, 0.5423482070042619, 34.7062535644086], [0.0, 0.0, 0.0, 1.0]]}, {"class": "ChocolatePudding", "pose": [[0.9714526704723286, -0.01202569511354427, -0.23692869685725534, 2.76662067479837], [0.16756696818197853, -0.6721824773878314, 0.7211740997224295, -35.84879902635676], [-0.16793189383416643, -0.7402879310347437, -0.6509782903937226, 68.32201106811209], [0.0, 0.0, 0.0, 1.0]]}, {"class": "CreamCheese", "pose": [[0.9851773338734906, -0.10999523628564971, 0.13163124447351404, -7.978069598110416], [-0.1704013662638054, -0.7157696715118799, 0.677227587715241, -31.442326031733213], [0.019725861696700674, -0.6896194232790384, -0.7239033207431604, 64.68110392276671], [0.0, 0.0, 0.0, 1.0]]}, {"class": "Raisins", "pose": [[0.4565315167072769, -0.008502744267908823, -0.889666675389232, 8.690797574957255], [0.6745271748066868, -0.6487484112305798, 0.352333142375946, -43.7880397676775], [-0.5801655640038605, -0.7609555331784342, -0.29043875642822437, 69.90635388419612], [0.0, 0.0, 0.0, 1.0]]}, {"class": "BBQSauce", "pose": [[0.8306079504179592, -0.013831036895836884, -0.5566859535017247, 17.77067439364679], [0.3890687151328359, -0.7007935987388273, 0.5979246781284149, -39.33525307587015], [-0.39839180771522337, -0.7132300855171579, -0.5767034671518373, 64.05906527392389], [0.0, 0.0, 0.0, 1.0]]}, {"class": "SaladDressing", "pose": [[0.4011412404739113, -0.1034611775841256, -0.9101547152156199, 29.26306508327039], [0.6715518349492293, -0.6425290041718171, 0.3690185166325718, -38.048822389073386], [-0.6229798160374963, -0.7592446172671019, -0.18826533490579772, 62.82823496197945], [0.0, 0.0, 0.0, 1.0]]}, {"class": "Mayo", "pose": [[-0.07025939183577867, 0.993352062724171, -0.09118888663518156, 19.11079917840994], [0.6795970606219165, 0.11458361019575794, 0.7245815932743251, -29.35528744669853], [0.7302133732569777, -0.01106300239396932, -0.6831296479154334, 61.68124051587505], [0.0, 0.0, 0.0, 1.0]]}, {"class": "Mushrooms", "pose": [[0.8282878044659485, 0.00883097181405417, -0.5602333822747982, 30.689289985936902], [0.40216668910997705, -0.7055676562506291, 0.5834691855331475, -28.713650834132476], [-0.39012989099728373, -0.7085876204250835, -0.5879645641508784, 61.64594807850765], [0.0, 0.0, 0.0, 1.0]]}, {"class": "Parmesan", "pose": [[0.9971673574436922, -0.044948490949674076, 0.0603076289981269, -0.366819525442974], [-0.07446255002201535, -0.7031068539027435, 0.7071747552639369, -23.965077230512964], [0.010616292818700869, -0.7096622484215199, -0.7044621095974363, 54.51675157823937], [0.0, 0.0, 0.0, 1.0]]}, {"class": "Mustard", "pose": [[0.9734723965928698, -0.0781857006643735, -0.21503163718070764, 4.209327177831801], [0.11815560875460884, -0.633015778703888, 0.7650688399582988, -20.47759811472035], [-0.19593581947184868, -0.7701805920983146, -0.6069852441117077, 47.33740251598058], [0.0, 0.0, 0.0, 1.0]]}, {"class": "Milk", "pose": [[-0.043003185437504504, -0.7173530941278699, -0.6953814637252429, 10.228318802621473], [-0.6399876143582903, -0.5146925643574171, 0.5705326208960988, -22.986962955537198], [-0.7671810101115701, 0.46957017386238037, -0.43696364369294105, 55.17762492918501], [0.0, 0.0, 0.0, 1.0]]}, {"class": "AlphabetSoup", "pose": [[0.9775882335610756, -0.04746677329568799, 0.2051055014890962, 27.57123392333315], [-0.18573664556773592, -0.6531211461363191, 0.7341217343235569, -19.13906936217761], [0.09911236313488185, -0.7557643791253885, -0.6472997907348662, 50.769385179251856], [0.0, 0.0, 0.0, 1.0]]}, {"class": "Yogurt", "pose": [[0.9992173036851109, -0.03683922860338717, 0.014414123540076474, 36.52682313787988], [-0.03578435595608748, -0.6864129152124887, 0.7263310839704605, -20.149898850852125], [-0.016863409218874227, -0.7262783921428582, -0.6871938583123909, 53.231735749163974], [0.0, 0.0, 0.0, 1.0]]}, {"class": "Cherries", "pose": [[0.758690891736913, -0.035553954439641676, 0.6504799480571348, -4.106410452456832], [-0.5026014150100432, -0.6672136925566534, 0.5497433582483903, -13.292162346003538], [0.41446355243143335, -0.7440174238209264, -0.5240783463597347, 48.54009461323582], [0.0, 0.0, 0.0, 1.0]]}, {"class": "Cookies", "pose": [[0.6078985123540981, -0.0724316657326975, 0.7907042229444101, -15.346398251289251], [-0.5974362818013306, -0.6976568289672367, 0.39540471927656906, -13.126236059401448], [0.5230003385419171, -0.7127613385440772, -0.4673777877994016, 41.01113546846233], [0.0, 0.0, 0.0, 1.0]]}, {"class": "TomatoSauce", "pose": [[0.6139027964982351, -0.03274916404873823, -0.7887020758252238, 17.17034006307382], [0.5780018009302634, -0.6618318388076937, 0.4773809685201116, -11.344932208199504], [-0.5376218987895073, -0.7489367339872722, -0.3873713190116285, 44.31487781439852], [0.0, 0.0, 0.0, 1.0]]}, {"class": "PeasAndCarrots", "pose": [[0.9240065915703951, -0.02896258444227035, 0.38127824897592416, 27.56274591494129], [-0.3051843786765872, -0.6566200127683257, 0.6897192962990885, -8.8112610804509], [0.230378874051933, -0.7536653432115111, -0.6155600711537461, 43.56132372272715], [0.0, 0.0, 0.0, 1.0]]}, {"class": "Ketchup", "pose": [[0.8980298904934519, -0.0452414023757024, 0.43760215606948166, -7.230379572668689], [-0.34109577395224133, -0.6998066597859867, 0.6276339424812055, -1.5356224403033025], [0.2778418572117419, -0.7128982930443566, -0.6438788725544096, 32.07379813441044], [0.0, 0.0, 0.0, 1.0]]}, {"class": "MacaroniAndCheese", "pose": [[-0.22862138686587996, 0.9732863336639275, -0.02112083984629874, 25.11364354177704], [0.7482857012257614, 0.16180873657736908, -0.6433401090804975, 3.0075869787996146], [-0.6227365362157162, -0.16288568648655066, -0.7652891845349856, 34.140699640091285], [0.0, 0.0, 0.0, 1.0]]}, {"class": "Pineapple", "pose": [[0.9952802497818162, -0.04739288353979679, 0.08468326097458709, 6.094749364258167], [-0.0944760250130554, -0.6725889628756498, 0.7339607765807316, 4.986061895440786], [0.02217253099361228, -0.7384972066086138, -0.6738919283289996, 31.948836591422648], [0.0, 0.0, 0.0, 1.0]]}]}