{"camera": {"camera": "RealSense D415", "extrinsics": [[-0.95750654, -0.28025046, -0.068124264, 0.7717511], [-0.17314576, 0.7474694, -0.6413346, -0.30389133], [0.2306551, -0.60228664, -0.764231, 0.11613607], [0.0, 0.0, 0.0, 1.0]], "height": 480, "intrinsics": [[604.50507, 0.0, 326.28275], [0.0, 602.9669, 245.73769], [0.0, 0.0, 1.0]], "width": 640}, "objects": [{"class": "OrangeJuice", "pose": [[-0.7905571532162493, -0.05582556901568959, 0.6098385058053929, 6.077524982804217], [-0.43028438143022435, -0.6579525066746834, -0.6180242202329084, -10.49198494213549], [0.4357462482432899, -0.7509873911694653, 0.49612813287937074, 34.71880960943089], [0.0, 0.0, 0.0, 1.0]]}, {"class": "ChocolatePudding", "pose": [[0.9551315780553087, -0.027073298055959618, -0.2949420535532507, 4.13380819572442], [0.20640122237572042, -0.6533507297241734, 0.7283758961604118, -38.95790006763544], [-0.2124200914419548, -0.7565711568248565, -0.61844787023684, 67.77359812083144], [0.0, 0.0, 0.0, 1.0]]}, {"class": "CreamCheese", "pose": [[0.9901671732638805, -0.12073509921365741, 0.07065489812281825, -6.93002893683885], [-0.13547204827823134, -0.7016771538947225, 0.6994973785328203, -34.84865736313743], [-0.03487693382012933, -0.702191052692706, -0.7111338156729785, 64.80253600812591], [0.0, 0.0, 0.0, 1.0]]}, {"class": "Raisins", "pose": [[0.4024448836793348, -0.025432027038976814, -0.9150909448908762, 10.401950307650887], [0.7048135642274306, -0.629293196724199, 0.32745686582273675, -46.71734471694145], [-0.5841883039941095, -0.7767517851227099, -0.23533097665450664, 68.84082503779084], [0.0, 0.0, 0.0, 1.0]]}, {"class": "BBQSauce", "pose": [[0.7950238020903356, -0.02649185389759496, -0.6059995425799896, 19.00888878454937], [0.42844590816800426, -0.6826796025708112, 0.5919313733403893, -41.79676280723654], [-0.4293848079068733, -0.7302374964124497, -0.5313961463541578, 62.66257787607172], [0.0, 0.0, 0.0, 1.0]]}, {"class": "SaladDressing", "pose": [[0.3450528119642974, -0.1203332140171009, -0.9308375714269993, 30.371213637239304], [0.7009353019739971, -0.6265216078719958, 0.34082321524934756, -40.06926190620123], [-0.6242021080871679, -0.7700588603464562, -0.1318372430288724, 60.88544415528072], [0.0, 0.0, 0.0, 1.0]]}, {"class": "Mayo", "pose": [[-0.05582884549588046, 0.986916039393907, -0.15126130046348246, 19.8797351226465], [0.6580663781127124, 0.15030707364763332, 0.737805199457071, -31.71858011382903], [0.7508873648003893, -0.058349129095237554, -0.6578476444473673, 60.489661991525814], [0.0, 0.0, 0.0, 1.0]]}, {"class": "Mushrooms", "pose": [[0.7926834973127496, -0.0034692965515463617, -0.6096236108368241, 31.411956761479537], [0.4412405065585543, -0.6867547128279302, 0.5776459698789249, -30.662242807535346], [-0.42066583515783507, -0.7268809994291325, -0.5428482721607041, 59.88434646129812], [0.0, 0.0, 0.0, 1.0]]}, {"class": "Parmesan", "pose": [[0.9983577472173856, -0.05728530294414552, -0.0005589793280649989, -0.11605880109667455], [-0.03896680385442235, -0.6861941593327555, 0.7263740431979747, -26.85049805287527], [-0.04199409792581004, -0.725159314198071, -0.6872993842272659, 54.470368283903866], [0.0, 0.0, 0.0, 1.0]]}, {"class": "Mustard", "pose": [[0.9574037322321521, -0.09599910106627813, -0.27232769951415514, 3.9603051652777332], [0.15781377191447488, -0.6158377609134071, 0.7719059219646337, -23.021998856765368], [-0.24181190127438484, -0.782002607203702, -0.5744553120275525, 47.16471777092935], [0.0, 0.0, 0.0, 1.0]]}, {"class": "Milk", "pose": [[-0.060489308847617745, -0.6739826392068775, -0.7362666333490412, 10.459067177179648], [-0.6216190811324418, -0.5516859660698692, 0.5560866834859474, -25.510711198671643], [-0.7809806740159005, 0.4913146013804871, -0.3855893256717539, 54.61902244936364], [0.0, 0.0, 0.0, 1.0]]}, {"class": "AlphabetSoup", "pose": [[0.9872211161362658, -0.06390211074677248, 0.14598321107933734, 27.408267235972055], [-0.15306090411761047, -0.6351869405361948, 0.7570402875275226, -20.934878562116456], [0.04435017146439864, -0.7697104161400484, -0.6368507802967556, 49.44196371043087], [0.0, 0.0, 0.0, 1.0]]}, {"class": "Yogurt", "pose": [[0.9976517585984698, -0.05062507689955209, -0.04613220105911882, 36.50858063767012], [0.0004388697321378672, -0.6688080411559669, 0.7434350665762716, -21.686123942798968], [-0.06849001288326238, -0.7417094875621244, -0.6672152073983165, 51.41869085174433], [0.0, 0.0, 0.0, 1.0]]}, {"class": "Cherries", "pose": [[0.7959511253026148, -0.050919993543673304, 0.6032156083916217, -4.524870686538485], [-0.48538858983079536, -0.6491350459787241, 0.5856805406371776, -16.171334077962513], [0.3617455080162411, -0.7589669964253999, -0.5413956635909384, 48.980931179859], [0.0, 0.0, 0.0, 1.0]]}, {"class": "Cookies", "pose": [[0.6543229315702713, -0.08506330897720309, 0.7514158931692868, -16.137731260314546], [-0.5882597327048666, -0.6816551089273422, 0.43508261984137975, -16.21851981019113], [0.4751968620898237, -0.7267121905566469, -0.4960618037546733, 42.03907840379627], [0.0, 0.0, 0.0, 1.0]]}, {"class": "TomatoSauce", "pose": [[0.565035827117568, -0.04856012316562155, -0.8236361686642755, 16.42552086782114], [0.6129433601526, -0.6435342289269159, 0.45843671338699027, -13.35814535253994], [-0.5522997183334446, -0.7638754250555042, -0.33385526042443164, 43.7358065918622], [0.0, 0.0, 0.0, 1.0]]}, {"class": "PeasAndCarrots", "pose": [[0.9446381248621338, -0.0452046499227205, 0.32498532659579776, 26.671655027181373], [-0.2776135686662697, -0.6380729320271268, 0.7181878073620225, -10.435973375369068], [0.17489890746445824, -0.7686478559273845, -0.6152973464382633, 42.524576829844605], [0.0, 0.0, 0.0, 1.0]]}, {"class": "Ketchup", "pose": [[0.9224002327695029, -0.05785849515037536, 0.3818773558957914, -8.898333906949551], [-0.31561409130184714, -0.6828262199848562, 0.6588901163393533, -4.123726430575397], [0.22263346964911998, -0.7282862133575103, -0.6480999216273416, 33.01715051686623], [0.0, 0.0, 0.0, 1.0]]}, {"class": "MacaroniAndCheese", "pose": [[-0.28612640930240213, 0.9574207357229164, -0.03843595358209476, 23.333489166380218], [0.7550485884688667, 0.20058721973999755, -0.6242327154715104, 1.5208350370283397], [-0.5899435052994139, -0.20763042637440218, -0.7802924101813491, 33.56227722827179], [0.0, 0.0, 0.0, 1.0]]}, {"class": "Pineapple", "pose": [[0.9977607333447447, -0.06226576663399448, 0.024425460509463412, 4.1699113085674195], [-0.059319312041096965, -0.6550677567547984, 0.753238036755973, 2.871802142677815], [-0.03090058646894119, -0.7530001760633569, -0.6572943536897476, 32.39217850700068], [0.0, 0.0, 0.0, 1.0]]}]}