{"camera": {"camera": "RealSense D415", "extrinsics": [[-0.9582689, -0.27993956, -0.057919145, 0.7572869], [-0.17787202, 0.7424947, -0.6458043, -0.29617003], [0.22379084, -0.6085519, -0.76130295, 0.12749152], [0.0, 0.0, 0.0, 1.0]], "height": 480, "intrinsics": [[604.50507, 0.0, 326.28275], [0.0, 602.9669, 245.73769], [0.0, 0.0, 1.0]], "width": 640}, "objects": [{"class": "OrangeJuice", "pose": [[-0.7914129979717928, -0.04562648360380085, 0.6095767874620088, 4.323266283274441], [-0.43287142940165424, -0.6622746196530868, -0.6115674472011464, -10.040074726523704], [0.43161082835651676, -0.7478707162657299, 0.5043822029832846, 35.168412687080675], [0.0, 0.0, 0.0, 1.0]]}, {"class": "ChocolatePudding", "pose": [[0.9555396897181467, -0.01685858444708247, -0.29438046586185046, 2.2857866078861866], [0.2112086310028538, -0.6575237570010141, 0.7232243855638241, -38.341217529423766], [-0.20575466627429637, -0.7532452138067006, -0.6247292111565914, 68.35876190095945], [0.0, 0.0, 0.0, 1.0]]}, {"class": "CreamCheese", "pose": [[0.9912372643195732, -0.11066065681670555, 0.07213233695366084, -8.778617906039399], [-0.12949023743706914, -0.7061421116533789, 0.696129072272663, -34.31678665975479], [-0.026098448714457878, -0.6993694339236391, -0.7142836887096851, 65.27582697008837], [0.0, 0.0, 0.0, 1.0]]}, {"class": "Raisins", "pose": [[0.4028359364332047, -0.015201369632715553, -0.9151460516532459, 8.592846818900778], [0.704185764417246, -0.6335642154120369, 0.32049786714801914, -46.05570884871511], [-0.584675665520523, -0.7735407891718422, -0.24451776157208807, 69.51857859392413], [0.0, 0.0, 0.0, 1.0]]}, {"class": "BBQSauce", "pose": [[0.7958388524726433, -0.01631084299784753, -0.6052888950517585, 17.219350608176644], [0.43109467379299776, -0.6867078812393368, 0.5853116749015778, -41.11460191900558], [-0.42520350398032947, -0.7267505103570031, -0.539477152423875, 63.38415473690385], [0.0, 0.0, 0.0, 1.0]]}, {"class": "SaladDressing", "pose": [[0.34579743975048166, -0.11016934412724418, -0.9318191967618207, 28.584908707029022], [0.6997374680927687, -0.631347772873418, 0.33431654781046005, -39.32589670806338], [-0.6251332701871801, -0.767634518972755, -0.141228757253058, 61.69018825834232], [0.0, 0.0, 0.0, 1.0]]}, {"class": "Mayo", "pose": [[-0.06602196966047316, 0.986411624409934, -0.15044392951648458, 18.04559873055084], [0.6616930087400069, 0.15613414906517342, 0.7333379700965257, -31.042901070785113], [0.7468624503404663, -0.05113128630078551, -0.6630097992649505, 61.16427677553919], [0.0, 0.0, 0.0, 1.0]]}, {"class": "Mushrooms", "pose": [[0.7933484274999837, 0.0067082983791584986, -0.6087310083225703, 29.575628278859433], [0.4439206787939331, -0.6906216974921952, 0.5709432463889327, -29.91804314923793], [-0.4165727077112953, -0.7231851304651458, -0.5508814467313978, 60.64705968761337], [0.0, 0.0, 0.0, 1.0]]}, {"class": "Parmesan", "pose": [[0.9988890492354575, -0.047122406241413596, 0.0005615378521023333, -1.9301045615862211], [-0.032975127256187654, -0.6903869553035304, 0.7226884402245294, -26.3314720316603], [-0.03366716191589547, -0.7219040058816141, -0.6911736761403013, 54.95657084926769], [0.0, 0.0, 0.0, 1.0]]}, {"class": "Mustard", "pose": [[0.9583519207083527, -0.08580505064009893, -0.27239540843507776, 2.182013708715258], [0.16248053026938428, -0.6205763905818125, 0.767127831225558, -22.51660983890424], [-0.23486557696738908, -0.7794372860811802, -0.5807887739194567, 47.663835545240474], [0.0, 0.0, 0.0, 1.0]]}, {"class": "Milk", "pose": [[-0.05026972815631336, -0.6745478246748526, -0.7365177226888491, 8.634973575378202], [-0.6261310624303419, -0.5532476424535868, 0.549433369467491, -24.92511852464924], [-0.7780956845540092, 0.488776391493517, -0.39454361848304176, 55.18398465176393], [0.0, 0.0, 0.0, 1.0]]}, {"class": "AlphabetSoup", "pose": [[0.987753405147256, -0.05369048468827668, 0.14649474956868633, 25.597260832424784], [-0.14667519789910086, -0.6396597287840594, 0.754534231429008, -20.271498123346756], [0.05319543981236397, -0.7667808120973127, -0.6397009875490597, 50.12036758385779], [0.0, 0.0, 0.0, 1.0]]}, {"class": "Yogurt", "pose": [[0.9981558144483522, -0.04043489892460387, -0.04527867278487322, 34.68560626020439], [0.006283821153818838, -0.6730480453803781, 0.7395721269128268, -20.955557191576556], [-0.06037926154782074, -0.7384926582316508, -0.6715525747114519, 52.17501278651457], [0.0, 0.0, 0.0, 1.0]]}, {"class": "Cherries", "pose": [[0.7959567552413509, -0.04071053065266023, 0.6039831666999432, -6.359882495431068], [-0.4784930606564186, -0.6534693889130417, 0.586534088832242, -15.709321413116076], [0.37080628463493415, -0.7558574365426554, -0.5396129696246085, 49.37418242616123], [0.0, 0.0, 0.0, 1.0]]}, {"class": "Cookies", "pose": [[0.6540457678320942, -0.07491433603772416, 0.7527364379477101, -17.915182617550695], [-0.5816384780240352, -0.6860292139943917, 0.437104892598015, -15.865729098284085], [0.48365363018400864, -0.7237070000879097, -0.49226747416651107, 42.33851259723244], [0.0, 0.0, 0.0, 1.0]]}, {"class": "TomatoSauce", "pose": [[0.5657258879092821, -0.038345336395686484, -0.8237014168393842, 14.614836269198383], [0.6135003293698058, -0.6478801940109982, 0.45151820425804695, -12.793744319719764], [-0.55097333538954, -0.7607765387728034, -0.3429976149061188, 44.28449789107836], [0.0, 0.0, 0.0, 1.0]]}, {"class": "PeasAndCarrots", "pose": [[0.9448768833117126, -0.034984839155032796, 0.32555169418956165, 24.852259468386574], [-0.27079395322311556, -0.6424235940969021, 0.7169118839511702, -9.814343644686762], [0.18406097060906262, -0.7655508069417261, -0.6164847469143168, 43.14091674868551], [0.0, 0.0, 0.0, 1.0]]}, {"class": "Ketchup", "pose": [[0.9224854014008838, -0.04769086174366917, 0.38307497319147377, -10.67727800924061], [-0.30867757152443426, -0.687039337658601, 0.6577957084478491, -3.7742968495815656], [0.23181665000151627, -0.7250535099841657, -0.6485047189731172, 33.31088346132557], [0.0, 0.0, 0.0, 1.0]]}, {"class": "MacaroniAndCheese", "pose": [[-0.2859627914077101, 0.9578255669474852, -0.02820699220568869, 21.513521050168592], [0.7501027513980599, 0.2054345615427213, -0.6286036843463537, 2.0735899842147187], [-0.5962978355520495, -0.20091538494916025, -0.7772141413377389, 34.08766995610654], [0.0, 0.0, 0.0, 1.0]]}, {"class": "Pineapple", "pose": [[0.998327308445269, -0.052067744421366115, 0.02513372993705492, 2.3521478763350423], [-0.053271629837171715, -0.6594407627032496, 0.7498667232547712, 3.2990089182159235], [-0.022469688031900966, -0.7499512556831909, -0.6611112987293754, 32.754589175115356], [0.0, 0.0, 0.0, 1.0]]}]}