{"camera": {"camera": "RealSense D415", "extrinsics": [[-0.9601807, -0.27457762, -0.05157713, 0.74156404], [-0.17797847, 0.7434717, -0.6446499, -0.2914926], [0.21535258, -0.6098008, -0.762736, 0.13892198], [0.0, 0.0, 0.0, 1.0]], "height": 480, "intrinsics": [[604.50507, 0.0, 326.28275], [0.0, 602.9669, 245.73769], [0.0, 0.0, 1.0]], "width": 640}, "objects": [{"class": "OrangeJuice", "pose": [[-0.7951588089879962, -0.0394030602729232, 0.6051198339328032, 2.566999036831774], [-0.4333285068625018, -0.6611432415791365, -0.6124672048299818, -9.588901377337722], [0.424203928706506, -0.7492242412776565, 0.5086393652214491, 35.731683790122645], [0.0, 0.0, 0.0, 1.0]]}, {"class": "ChocolatePudding", "pose": [[0.9573054573121906, -0.01058934881804192, -0.2888845326092251, 0.240459067060117], [0.21128868847136067, -0.6563911945989309, 0.7242290711610142, -37.939219028751445], [-0.19729035538686746, -0.7543463495791483, -0.6261294125409942, 68.86100875058486], [0.0, 0.0, 0.0, 1.0]]}, {"class": "CreamCheese", "pose": [[0.9913943829984304, -0.10485795140307014, 0.07837176453071, -10.796372051899983], [-0.12968727783240433, -0.7050677986408882, 0.6971805125115147, -33.907539738347715], [-0.017847499655637415, -0.7013445436908544, -0.7125989324241958, 65.68996736248525], [0.0, 0.0, 0.0, 1.0]]}, {"class": "Raisins", "pose": [[0.4079610303342099, -0.00875389053835624, -0.9129574542211903, 6.535669490868257], [0.7049643178777861, -0.6324016888572533, 0.32108172197636436, -45.656941191243874], [-0.5801665010519235, -0.7745911308118899, -0.25182404933945646, 70.06294548586891], [0.0, 0.0, 0.0, 1.0]]}, {"class": "BBQSauce", "pose": [[0.7995295175773334, -0.010273920152840331, -0.6005390438399443, 15.215233983853016], [0.43154110518557603, -0.6856150839633903, 0.5862629861374423, -40.708711568789894], [-0.41776180479214053, -0.7278917208217286, -0.5437358346816872, 64.009645192626], [0.0, 0.0, 0.0, 1.0]]}, {"class": "SaladDressing", "pose": [[0.35126826284112656, -0.10376823121602964, -0.9305068015870843, 26.595213699790822], [0.7005901963282064, -0.630171455817911, 0.33474971369495254, -38.92018122942999], [-0.6211151571323786, -0.7694907662316635, -0.1486602265760065, 62.415243736111194], [0.0, 0.0, 0.0, 1.0]]}, {"class": "Mayo", "pose": [[-0.07223287907543595, 0.9868466021238315, -0.14462482894049686, 16.06263520831859], [0.6605897529261122, 0.15597540605165536, 0.7343656505949514, -30.633895731983174], [0.7472640371295514, -0.04249233034273633, -0.6631672499271086, 61.811987315852576], [0.0, 0.0, 0.0, 1.0]]}, {"class": "Mushrooms", "pose": [[0.7969685499500062, 0.012713128547807429, -0.6038871192880808, 27.59690586136586], [0.4443547666021087, -0.6895397205677041, 0.5719124696097337, -29.51101297123723], [-0.4091333191467718, -0.7241362474097712, -0.5551905646282508, 61.394697157241154], [0.0, 0.0, 0.0, 1.0]]}, {"class": "Parmesan", "pose": [[0.9991321389321064, -0.0411264816945783, 0.006612680646150613, -3.858395917853763], [-0.03316277182475222, -0.689294065961228, 0.7237223078869734, -25.90841653023077], [-0.025206060588004547, -0.7233133885637482, -0.6900596620112355, 55.4414086457514], [0.0, 0.0, 0.0, 1.0]]}, {"class": "Mustard", "pose": [[0.9603545921932416, -0.07930184463909107, -0.2672647017081259, 0.31656071886262405], [0.1626035597902657, -0.6193882220157859, 0.7680614366763646, -22.083620052170893], [-0.22644926890457354, -0.7810693915036988, -0.5819375180976212, 48.189695001742635], [0.0, 0.0, 0.0, 1.0]]}, {"class": "Milk", "pose": [[-0.043780495110410565, -0.6788120304892108, -0.7330058946556621, 6.704678318695734], [-0.6249533661019332, -0.5538180248982603, 0.550199003300951, -24.50492339145617], [-0.7794334510116208, 0.48218244201746274, -0.3999794104140698, 55.7609233491269], [0.0, 0.0, 0.0, 1.0]]}, {"class": "AlphabetSoup", "pose": [[0.9872312648236509, -0.04730057105771842, 0.15210927592113965, 23.710536369808032], [-0.1469901087536592, -0.6384981422657101, 0.7554562118280124, -19.8477700790152], [0.06138798329528595, -0.7681684230581782, -0.6372979915426098, 50.848969191089864], [0.0, 0.0, 0.0, 1.0]]}, {"class": "Yogurt", "pose": [[0.9986353482300074, -0.03429398652681008, -0.03938920972269217, 32.78089372135952], [0.006136299682375873, -0.6719319332721353, 0.7405875239383172, -20.537070872408915], [-0.051864554413963905, -0.7398184586469821, -0.6708044848848598, 52.97993332260098], [0.0, 0.0, 0.0, 1.0]]}, {"class": "Cherries", "pose": [[0.7926609896171061, -0.03441726039218571, 0.6086905238421828, -8.238060241209267], [-0.47923740455478103, -0.652327234911545, 0.5871973658029813, -15.27686432545278], [0.3768556564373195, -0.7571555852286829, -0.5335683411421651, 49.83741652695871], [0.0, 0.0, 0.0, 1.0]]}, {"class": "Cookies", "pose": [[0.6497705378681766, -0.06890105917259548, 0.7570013462685125, -19.733038622252053], [-0.5825178345610094, -0.6849270058886937, 0.4376620005899629, -15.419983575903451], [0.4883352537669135, -0.7253465348540624, -0.48518143514009715, 42.70333877076703], [0.0, 0.0, 0.0, 1.0]]}, {"class": "TomatoSauce", "pose": [[0.5705374970620577, -0.032008985196384405, -0.820647631692071, 12.779913590057069], [0.61418970278769, -0.6467312452674445, 0.45222755679203747, -12.358669651443543], [-0.5452137607640833, -0.7620459762617603, -0.3493248142313117, 44.930971235747045], [0.0, 0.0, 0.0, 1.0]]}, {"class": "PeasAndCarrots", "pose": [[0.9432134523624716, -0.028606706930102227, 0.33095344943062266, 23.02737920373974], [-0.2712944349570221, -0.6412683045417489, 0.7177564690681699, -9.38000038920711], [0.19169729967645832, -0.7667832586968478, -0.6126136793934591, 43.87910921413499], [0.0, 0.0, 0.0, 1.0]]}, {"class": "Ketchup", "pose": [[0.9204074051388922, -0.041667330627943214, 0.38873408419223626, -12.415762606921776], [-0.309244173056653, -0.6859416012014427, 0.6586745925792284, -3.316774200182071], [0.23920365457390996, -0.7264625989927103, -0.6442310490842829, 33.75583132971799], [0.0, 0.0, 0.0, 1.0]]}, {"class": "MacaroniAndCheese", "pose": [[-0.2807033095630737, 0.9595487229495898, -0.021726628249530623, 19.768568725013523], [0.7510628311019768, 0.20550683538770068, -0.6274325637737668, 2.5222699561810336], [-0.597587098965629, -0.19244043815437545, -0.778367700777589, 34.815580348014265], [0.0, 0.0, 0.0, 1.0]]}, {"class": "Pineapple", "pose": [[0.9984704483943818, -0.0458257236509591, 0.030934007563401464, 0.6195245948710237], [-0.05347588202257955, -0.6583047375845553, 0.7508496921843562, 3.7542505976305653], [-0.01404421725986077, -0.7513553260739785, -0.6597483419022876, 33.32115570892618], [0.0, 0.0, 0.0, 1.0]]}]}