{"camera": {"camera": "RealSense D415", "extrinsics": [[-0.9583413, -0.28026727, -0.055065747, 0.7331088], [-0.18115391, 0.74546516, -0.64145535, -0.28946286], [0.22082853, -0.6047577, -0.76518154, 0.1351469], [0.0, 0.0, 0.0, 1.0]], "height": 480, "intrinsics": [[604.50507, 0.0, 326.28275], [0.0, 602.9669, 245.73769], [0.0, 0.0, 1.0]], "width": 640}, "objects": [{"class": "OrangeJuice", "pose": [[-0.7913707995311696, -0.04276570835033775, 0.6098388951792826, 1.820572423730793], [-0.43702080587983033, -0.6579786300361198, -0.6132511777154607, -9.64815687990927], [0.42748698914099437, -0.7518212963967401, 0.5020154406909417, 35.905129733183], [0.0, 0.0, 0.0, 1.0]]}, {"class": "ChocolatePudding", "pose": [[0.9555071129034532, -0.013997087670281136, -0.29463598721550277, -0.22424346104727988], [0.21437868676406258, -0.6531370970312467, 0.7262601327818955, -38.14721803858942], [-0.20260318050182852, -0.7571103339070943, -0.6210763107978441, 68.92523642868169], [0.0, 0.0, 0.0, 1.0]]}, {"class": "CreamCheese", "pose": [[0.9915535204602899, -0.10780513913059223, 0.07210959904642686, -11.290813260950095], [-0.12729155699103284, -0.7022632229323218, 0.7004450689104552, -34.127629485885116], [-0.02487167310433301, -0.7037076634990561, -0.710054092659369, 65.84375698438853], [0.0, 0.0, 0.0, 1.0]]}, {"class": "Raisins", "pose": [[0.4025373235489771, -0.012349182804406639, -0.9153203412297178, 6.096477163356006], [0.708424753641676, -0.6290558105402819, 0.32003628697181463, -45.85534718455759], [-0.5797396254648417, -0.7772620679001356, -0.2444699056369098, 70.05253129782585], [0.0, 0.0, 0.0, 1.0]]}, {"class": "BBQSauce", "pose": [[0.7957875745630891, -0.013441544438135574, -0.6054267811130519, 14.724903176400561], [0.4352157062787575, -0.6824746035466088, 0.5872101615670897, -40.86064712125467], [-0.42108132238971624, -0.730785735885703, -0.5372547053801847, 63.964388019437266], [0.0, 0.0, 0.0, 1.0]]}, {"class": "SaladDressing", "pose": [[0.34558875881171947, -0.1073331063993369, -0.9322275153032379, 26.09007523695431], [0.7040957569234074, -0.6270697562286768, 0.3332157787849109, -39.038631519720774], [-0.6203366187694601, -0.7715329956079958, -0.1411354186391998, 62.303660494941695], [0.0, 0.0, 0.0, 1.0]]}, {"class": "Mayo", "pose": [[-0.06887907041238646, 0.9861855415269288, -0.15064487238921445, 15.534682908361964], [0.6571727688675514, 0.15846389673306885, 0.7368943035582474, -30.77444402336554], [0.7505862185120105, -0.04824310183693677, -0.65900896958814, 61.805114311482434], [0.0, 0.0, 0.0, 1.0]]}, {"class": "Mushrooms", "pose": [[0.7932534019902182, 0.009578523684666489, -0.60881640775341, 27.063361370033995], [0.44798581411610955, -0.6863617587232301, 0.572901663323251, -29.622811385901915], [-0.41238065701788046, -0.7271972500663344, -0.5487497093448823, 61.31756003883032], [0.0, 0.0, 0.0, 1.0]]}, {"class": "Parmesan", "pose": [[0.99902023501483, -0.04425499252133141, 0.00043806694926584635, -4.438357569361284], [-0.030718232167538575, -0.6862454912692502, 0.7267211193095988, -26.067951842685034], [-0.03186042213167369, -0.726022502319026, -0.6869324056416647, 55.58510863154156], [0.0, 0.0, 0.0, 1.0]]}, {"class": "Mustard", "pose": [[0.9584782581915754, -0.08296776844411757, -0.2728294416082022, -0.31965946889833674], [0.16582770839475397, -0.6161792728824214, 0.7699508712405612, -22.20200160665234], [-0.23199291225174337, -0.7832237788045683, -0.5768359309826979, 48.32305463889261], [0.0, 0.0, 0.0, 1.0]]}, {"class": "Milk", "pose": [[-0.047423746088967614, -0.6743702558818949, -0.7368689656400758, 6.123308766675817], [-0.6216684342033183, -0.5574883733138439, 0.5502137228937, -24.641176613941518], [-0.7818435787941053, 0.4841812602896909, -0.39279640499289525, 55.841886399091756], [0.0, 0.0, 0.0, 1.0]]}, {"class": "AlphabetSoup", "pose": [[0.9879475818498544, -0.050838947169100264, 0.14620226811701886, 23.085949761990598], [-0.14494747588340368, -0.6352701178291419, 0.758565867907227, -19.92304079372526], [0.05431321415144217, -0.7706148960460495, -0.6349823990104809, 50.8395294170518], [0.0, 0.0, 0.0, 1.0]]}, {"class": "Yogurt", "pose": [[0.9982587446916097, -0.03757046359604091, -0.045475984285236894, 32.1715888212727], [0.008694794472612618, -0.6687960356190967, 0.74339513895016, -20.60037694476749], [-0.05834385679256321, -0.74249604101112, -0.6673046633660028, 52.908321818558726], [0.0, 0.0, 0.0, 1.0]]}, {"class": "Cherries", "pose": [[0.7962078947741578, -0.03785214445643451, 0.6038379995447042, -8.879034986925882], [-0.4790133125662507, -0.6491166883842254, 0.590926256457495, -15.422464065108112], [0.36959339616266207, -0.759746525323735, -0.5349633903960997, 50.05608999584522], [0.0, 0.0, 0.0, 1.0]]}, {"class": "Cookies", "pose": [[0.654286873542612, -0.07205225511568096, 0.7528062738031461, -20.41996843755506], [-0.583109788005748, -0.6819345739240329, 0.4415294795870442, -15.561510133827195], [0.4815513064603094, -0.7278555909279901, -0.4881951129352545, 42.99651558264132], [0.0, 0.0, 0.0, 1.0]]}, {"class": "TomatoSauce", "pose": [[0.565547570171899, -0.03548876296818579, -0.8239518310013316, 12.099675998932181], [0.6178796025833242, -0.6434939337809609, 0.451819016005351, -12.433913887730084], [-0.5462423761696104, -0.7646281096705213, -0.3419985536093579, 45.02553003843433], [0.0, 0.0, 0.0, 1.0]]}, {"class": "PeasAndCarrots", "pose": [[0.9450682573524244, -0.032130095817733864, 0.325290289007208, 22.333154554932044], [-0.26991818662956424, -0.63800256751272, 0.7211774855742868, -9.426772812408887], [0.18436448077464312, -0.769363646472405, -0.6116283250537129, 43.91988396878105], [0.0, 0.0, 0.0, 1.0]]}, {"class": "Ketchup", "pose": [[0.9226604183636117, -0.044824121286813116, 0.3829995780294632, -13.189204967054991], [-0.30812674933879297, -0.6828806759166327, 0.662368445902291, -3.4025511375886053], [0.23185286004191494, -0.7291535039124777, -0.6438783342489238, 34.05426501128746], [0.0, 0.0, 0.0, 1.0]]}, {"class": "MacaroniAndCheese", "pose": [[-0.2863306235354987, 0.9577953256536583, -0.02535772893168494, 18.987791723685632], [0.7529889248769214, 0.20858111652159242, -0.6241006859223678, 2.5070377166085898], [-0.5924714248107337, -0.1977931891806395, -0.7809323628772983, 34.929660145487105], [0.0, 0.0, 0.0, 1.0]]}, {"class": "Pineapple", "pose": [[0.9984783022830591, -0.04920867919733654, 0.02489401527257551, -0.17339087379779627], [-0.05108104066597025, -0.6551459289021867, 0.7537735790360645, 3.700734478243323], [-0.020782998651261677, -0.7538981112630925, -0.6566624666399267, 33.56542670940244], [0.0, 0.0, 0.0, 1.0]]}]}