{"camera": {"camera": "RealSense D415", "extrinsics": [[-0.9564494, -0.2856174, -0.060226496, 0.72146404], [-0.1828911, 0.7471826, -0.6389593, -0.28706154], [0.22749808, -0.6001173, -0.76687926, 0.12842797], [0.0, 0.0, 0.0, 1.0]], "height": 480, "intrinsics": [[604.50507, 0.0, 326.28275], [0.0, 602.9669, 245.73769], [0.0, 0.0, 1.0]], "width": 640}, "objects": [{"class": "OrangeJuice", "pose": [[-0.7876515942586599, -0.04780838699565035, 0.6142633058539603, 0.8087212217585238], [-0.43927039986292654, -0.6555141316226758, -0.6142823271809191, -9.557533152956177], [0.4320260448958123, -0.7536681301595555, 0.49531584018744534, 35.840161153033655], [0.0, 0.0, 0.0, 1.0]]}, {"class": "ChocolatePudding", "pose": [[0.9537199380473025, -0.01908576331629968, -0.3000901500110488, -0.9559199095879323], [0.21605197868849874, -0.6506249112616642, 0.7280170367444074, -38.168588208367325], [-0.20914084908961156, -0.7591594207693165, -0.6163903102145478, 68.77948077677958], [0.0, 0.0, 0.0, 1.0]]}, {"class": "CreamCheese", "pose": [[0.9914651728253088, -0.11243493226132421, 0.06599455891089395, -12.049692709133264], [-0.126170705166505, -0.7000268107348309, 0.7028822489220942, -34.15033214664045], [-0.032830565595986884, -0.7052098468154872, -0.7082380682681777, 65.79562538792463], [0.0, 0.0, 0.0, 1.0]]}, {"class": "Raisins", "pose": [[0.3973950916911904, -0.017615684116233175, -0.917478562963102, 5.381052055592805], [0.7107732904731382, -0.6264748988803657, 0.3198914957644178, -45.873814910323276], [-0.5804122794685272, -0.7792425502758473, -0.23643724137465588, 69.8329615672486], [0.0, 0.0, 0.0, 1.0]]}, {"class": "BBQSauce", "pose": [[0.7921187790200277, -0.018300166892285228, -0.6100926393093975, 13.95784265604637], [0.43744858650026336, -0.6800493757965301, 0.5883635093097163, -40.84983294004416], [-0.425660189863123, -0.7329379392990143, -0.5306743967150857, 63.69614501470906], [0.0, 0.0, 0.0, 1.0]]}, {"class": "SaladDressing", "pose": [[0.3401439943224665, -0.11255528487708216, -0.9336131188541511, 25.308195229749682], [0.7065200270234899, -0.6246073032572866, 0.33270889163346234, -39.01040629137406], [-0.6205895951138717, -0.7727852806020533, -0.13293381792579656, 61.95519895233363], [0.0, 0.0, 0.0, 1.0]]}, {"class": "Mayo", "pose": [[-0.0638416718889383, 0.9856280147096059, -0.1564025008559607, 14.740888563184317], [0.6545956069085126, 0.15965526435294203, 0.7389281605271534, -30.755649348616892], [0.7532787662894503, -0.055205961299523175, -0.6553802999187234, 61.564480766804294], [0.0, 0.0, 0.0, 1.0]]}, {"class": "Mushrooms", "pose": [[0.7896377914191418, 0.004750471539301879, -0.6135549495414624, 26.264345695989412], [0.450186973184187, -0.6839243849935005, 0.5740898564041138, -29.590339766050842], [-0.4168979145940685, -0.7295374845523875, -0.542191039087892, 60.99318600506262], [0.0, 0.0, 0.0, 1.0]]}, {"class": "Parmesan", "pose": [[0.9987799679209202, -0.049072647835392835, -0.005525906105304274, -5.283653613136307], [-0.029566872550638494, -0.6838683442981596, 0.7290061221649958, -26.04935215082584], [-0.039553251846922446, -0.7279533203437379, -0.684484798294294, 55.51217971851173], [0.0, 0.0, 0.0, 1.0]]}, {"class": "Mustard", "pose": [[0.9565171229829423, -0.08829065581524051, -0.2779925147555591, -1.2242304190309472], [0.16760233718133874, -0.6136524436927049, 0.7715829011589719, -22.154918734184044], [-0.23871430893614753, -0.7846244331527293, -0.5721712270256253, 48.23199117155648], [0.0, 0.0, 0.0, 1.0]]}, {"class": "Milk", "pose": [[-0.05273158461535753, -0.6701005344420644, -0.740394988130245, 5.278197614021662], [-0.6191089903621999, -0.559803760431542, 0.5507484419396718, -24.612393438794], [-0.7835327056368463, 0.4874269358188242, -0.385345840593604, 55.69345846646462], [0.0, 0.0, 0.0, 1.0]]}, {"class": "AlphabetSoup", "pose": [[0.9884793428546544, -0.05604743930183084, 0.14059643673048786, 22.19749452287501], [-0.14409414695628764, -0.6327515793159625, 0.7608300428648097, -19.8598742110444], [0.046320024558079605, -0.7723238884725043, -0.633537845788841, 50.578137299067016], [0.0, 0.0, 0.0, 1.0]]}, {"class": "Yogurt", "pose": [[0.9977769391663132, -0.04253136145120156, -0.05130640978459926, 31.299284880354612], [0.009933364353241271, -0.6663571101794267, 0.7455666089797243, -20.534595958757468], [-0.06589834677182066, -0.7444188039985693, -0.6644531492687793, 52.57555644845409], [0.0, 0.0, 0.0, 1.0]]}, {"class": "Cherries", "pose": [[0.799483103630412, -0.042964262278398356, 0.5991501680716848, -9.777098703997355], [-0.479409079745435, -0.6466206960575183, 0.5933368757521296, -15.390150820978945], [0.3619305407843991, -0.7616008239364992, -0.5375596748770064, 50.052651615394], [0.0, 0.0, 0.0, 1.0]]}, {"class": "Cookies", "pose": [[0.6585236382540771, -0.07688742769410499, 0.7486220849314891, -21.3712189790055], [-0.5840264374201662, -0.6795804219338965, 0.4439409971584397, -15.517744394311364], [0.47461533430485003, -0.7295607221177923, -0.4924239764804077, 43.08055273196481], [0.0, 0.0, 0.0, 1.0]]}, {"class": "TomatoSauce", "pose": [[0.5607476100063845, -0.040643800266848204, -0.8269886843820585, 11.159700898810499], [0.6202875877785362, -0.6409792373037886, 0.45209397721371086, -12.362911746953193], [-0.5484572865361599, -0.766481418721132, -0.3342166588124369, 44.87283433933559], [0.0, 0.0, 0.0, 1.0]]}, {"class": "PeasAndCarrots", "pose": [[0.9467175140826405, -0.0373268375021966, 0.31989488969854113, 21.38140351678155], [-0.2695423020140009, -0.6354686116392148, 0.7235514007213966, -9.341400293427776], [0.176275235271952, -0.7712239727807354, -0.6116703038935543, 43.69950848383225], [0.0, 0.0, 0.0, 1.0]]}, {"class": "Ketchup", "pose": [[0.9247103506317698, -0.04966899680475205, 0.3774173325575409, -14.22105970150479], [-0.3079323106267917, -0.6804937117594089, 0.6649105494482093, -3.321498871370671], [0.2238046330685671, -0.7310686508052022, -0.6445541478060781, 34.12427666745697], [0.0, 0.0, 0.0, 1.0]]}, {"class": "MacaroniAndCheese", "pose": [[-0.29159485125375745, 0.9560505674989234, -0.030656807258050728, 17.955612941289157], [0.7546590362389538, 0.21024080964110198, -0.6215211817982716, 2.6187950307579477], [-0.5877602439809944, -0.20436777515902818, -0.7827973195528114, 34.77487437358217], [0.0, 0.0, 0.0, 1.0]]}, {"class": "Pineapple", "pose": [[0.9983430479725944, -0.05426984784506094, 0.01913182959455798, -1.216595157151179], [-0.04996703548500706, -0.6526812670228167, 0.7559831330670701, 3.7969871706648393], [-0.028540104567020164, -0.7556864534949169, -0.6543113798969826, 33.56027635424198], [0.0, 0.0, 0.0, 1.0]]}]}