{"camera": {"camera": "RealSense D415", "extrinsics": [[-0.9539621, -0.29299092, -0.06412957, 0.7126608], [-0.18731955, 0.74900657, -0.6355317, -0.28387156], [0.23423849, -0.59426045, -0.7694068, 0.12043602], [0.0, 0.0, 0.0, 1.0]], "height": 480, "intrinsics": [[604.50507, 0.0, 326.28275], [0.0, 602.9669, 245.73769], [0.0, 0.0, 1.0]], "width": 640}, "objects": [{"class": "OrangeJuice", "pose": [[-0.7826480067441002, -0.05154900242284322, 0.6203264198496923, 0.04825978440499146], [-0.4440697727384257, -0.6521051762456571, -0.6144598704087271, -9.597925506735303], [0.4361928135330147, -0.7563739536333596, 0.48747741920650756, 35.69947213091218], [0.0, 0.0, 0.0, 1.0]]}, {"class": "ChocolatePudding", "pose": [[0.9512642256140489, -0.022888277357953696, -0.3075265339793118, -1.3540354447208247], [0.220383437387024, -0.647089298786284, 0.7298675470322004, -38.37049858354452], [-0.2157025107293309, -0.7620705893272058, -0.610508645554338, 68.51529143915866], [0.0, 0.0, 0.0, 1.0]]}, {"class": "CreamCheese", "pose": [[0.9916033325404611, -0.11563173099742585, 0.05789821202793377, -12.485155743755783], [-0.12253495276916869, -0.6970730440248626, 0.7064519891208578, -34.37711585834407], [-0.04132897308813224, -0.7076146551328111, -0.7053888136154404, 65.63907398644801], [0.0, 0.0, 0.0, 1.0]]}, {"class": "Raisins", "pose": [[0.39027936278165365, -0.021662407365956385, -0.9204416485409048, 5.017847302205968], [0.71490081808237, -0.6228395421286381, 0.3177857475646036, -46.058343980837535], [-0.5801713978089822, -0.7820496523508033, -0.22759493177881834, 69.48157301580366], [0.0, 0.0, 0.0, 1.0]]}, {"class": "BBQSauce", "pose": [[0.787172169661338, -0.021791244217368454, -0.6163482670219507, 13.527881299590415], [0.4422335483138664, -0.67663454099501, 0.5887234010698462, -40.97532909361239], [-0.42987149349963816, -0.7359965083821433, -0.522991014525804, 63.30059142590279], [0.0, 0.0, 0.0, 1.0]]}, {"class": "SaladDressing", "pose": [[0.33272441925678703, -0.11655333595776164, -0.9357937005463326, 24.85752043582873], [0.7106368435747762, -0.62133559269801, 0.3300566831466167, -39.08787929388099], [-0.6199110769423839, -0.7748273469785336, -0.12390642278507195, 61.478039563990436], [0.0, 0.0, 0.0, 1.0]]}, {"class": "Mayo", "pose": [[-0.06009674572800577, 0.984595829342646, -0.16419349338147682, 14.258847766214222], [0.6507968188201009, 0.16337143374509222, 0.7414670131157274, -30.86848930993072], [0.7568698026264418, -0.06229683231607506, -0.6505898624361128, 61.210811929613165], [0.0, 0.0, 0.0, 1.0]]}, {"class": "Mushrooms", "pose": [[0.7847170274130748, 0.0012991175382990377, -0.619852860327716, 25.77326285276384], [0.45492155944045015, -0.6804447030523139, 0.5744923299169149, -29.66007077649519], [-0.4210292143145106, -0.7327982936690252, -0.5345474946518012, 60.55327411432152], [0.0, 0.0, 0.0, 1.0]]}, {"class": "Parmesan", "pose": [[0.9985289256730824, -0.05250950829374321, -0.013520555009094883, -5.829589697978211], [-0.025875330481511794, -0.680584979584028, 0.7322121339653773, -26.20389265018651], [-0.04764997337710463, -0.7307850977310626, -0.6809424230582286, 55.340710365997204], [0.0, 0.0, 0.0, 1.0]]}, {"class": "Mustard", "pose": [[0.9539933274222742, -0.09242216798615549, -0.28522787972664276, -1.8419606458477844], [0.17208434944648957, -0.6102397914128974, 0.7733009956937645, -22.260845705280175], [-0.24552752527080807, -0.7868071899137034, -0.5662602253236035, 48.04702311188911], [0.0, 0.0, 0.0, 1.0]]}, {"class": "Milk", "pose": [[-0.056836791972408256, -0.6642407857021773, -0.7453548329238106, 4.728321770149635], [-0.6155766597634379, -0.5644507318510152, 0.5499643657150798, -24.730763336203783], [-0.7860247889556462, 0.4900811943404019, -0.3768095230353966, 55.44466782159873], [0.0, 0.0, 0.0, 1.0]]}, {"class": "AlphabetSoup", "pose": [[0.9893117565362095, -0.060015684783291764, 0.13289257027416368, 21.58964358951694], [-0.14084298975873424, -0.6292836695167081, 0.7643071187712798, -19.894771620057718], [0.03775671279451231, -0.7748549518946586, -0.6310104568961791, 50.21737738127726], [0.0, 0.0, 0.0, 1.0]]}, {"class": "Yogurt", "pose": [[0.9971785148932715, -0.046160700981618105, -0.05919686136088068, 30.709377933056732], [0.013745331415443094, -0.6629732090027567, 0.7485169646026181, -20.54699980710356], [-0.0737979858121647, -0.7472186650209364, -0.6604680813509805, 52.13898186543994], [0.0, 0.0, 0.0, 1.0]]}, {"class": "Cherries", "pose": [[0.8040061869257328, -0.04679925957137866, 0.5927764755483766, -10.403444787522231], [-0.4783081784995135, -0.6431573741646389, 0.597971516652065, -15.53481305566731], [0.3532639084873226, -0.764302582995763, -0.5394869184098073, 49.967939042461275], [0.0, 0.0, 0.0, 1.0]]}, {"class": "Cookies", "pose": [[0.6643148024138328, -0.0803509480931504, 0.7431215497543078, -22.052348197933647], [-0.5839513049402548, -0.6763871073143942, 0.44888908519420245, -15.670096573871408], [0.46656913101033365, -0.732150413785965, -0.4962549547665479, 43.087908791133486], [0.0, 0.0, 0.0, 1.0]]}, {"class": "TomatoSauce", "pose": [[0.5541948374492026, -0.044537430203710315, -0.8311946635598323, 10.48069986809863], [0.6248385901313227, -0.6374847843415535, 0.4507659506936514, -12.40967228434451], [-0.5499498488162595, -0.7691746116989618, -0.3254620454888252, 44.63593647670007], [0.0, 0.0, 0.0, 1.0]]}, {"class": "PeasAndCarrots", "pose": [[0.9490244266460608, -0.041277581694107564, 0.31248818882230295, 20.682161451349167], [-0.26705024720895143, -0.6319401824349502, 0.7275546904382977, -9.346802890842731], [0.16744213570617347, -0.7739171677465725, -0.6107497942744838, 43.39559765133485], [0.0, 0.0, 0.0, 1.0]]}, {"class": "Ketchup", "pose": [[0.9275308003610883, -0.05314241873063761, 0.3699494113900126, -15.016292451201396], [-0.3057416391691624, -0.6771977602212463, 0.6692722166043703, -3.4066095847553157], [0.21496215459082482, -0.73387948494436, -0.6443695649396513, 34.13308397397915], [0.0, 0.0, 0.0, 1.0]]}, {"class": "MacaroniAndCheese", "pose": [[-0.29889543168163546, 0.9536530419301793, -0.03474860877798724, 17.14374000959514], [0.7564034500784027, 0.21455796580369538, -0.6179148455157207, 2.643385774377199], [-0.5818207252123198, -0.2109758631564, -0.7854767924183805, 34.55555361291728], [0.0, 0.0, 0.0, 1.0]]}, {"class": "Pineapple", "pose": [[0.9982507475043088, -0.05803616377810317, 0.011283531178256579, -2.041527548820554], [-0.046328771566718815, -0.6492854809260047, 0.7591324426428189, 3.7600433768860855], [-0.036730890601813615, -0.7583272288653433, -0.6508383963673716, 33.499367854754695], [0.0, 0.0, 0.0, 1.0]]}]}