{"camera": {"camera": "RealSense D415", "extrinsics": [[-0.94930524, -0.30669937, -0.06895726, 0.7031536], [-0.19609134, 0.7491929, -0.6326596, -0.27635455], [0.2456986, -0.58706516, -0.77135384, 0.10806136], [0.0, 0.0, 0.0, 1.0]], "height": 480, "intrinsics": [[604.50507, 0.0, 326.28275], [0.0, 602.9669, 245.73769], [0.0, 0.0, 1.0]], "width": 640}, "objects": [{"class": "OrangeJuice", "pose": [[-0.7733229870620071, -0.05607558072838065, 0.6315276978346702, -0.7394508512663656], [-0.4523215746777679, -0.6491871219646216, -0.6115237663790589, -9.5294674421812], [0.4442711528530994, -0.7585589487277482, 0.47666707544448994, 35.463807898454526], [0.0, 0.0, 0.0, 1.0]]}, {"class": "ChocolatePudding", "pose": [[0.9465808634031696, -0.027532460830150655, -0.321289244831561, -1.4843143489991606], [0.22905078746662774, -0.6439135461011207, 0.7300076198222258, -38.455790569273226], [-0.22698138002958027, -0.7646027573196352, -0.6032098419159374, 68.16577182544329], [0.0, 0.0, 0.0, 1.0]]}, {"class": "CreamCheese", "pose": [[0.9919417008751733, -0.1191563591786174, 0.04305311065479547, -12.683624720303655], [-0.11428798844271065, -0.6948873462446645, 0.7099787847653487, -34.540480758533434], [-0.054681424939404505, -0.7091779820806194, -0.7029058032651527, 65.45148084381903], [0.0, 0.0, 0.0, 1.0]]}, {"class": "Raisins", "pose": [[0.37694914174288063, -0.02676123701079417, -0.9258473561758696, 4.961396984671252], [0.7205813831412493, -0.6195674446169696, 0.31128555207583514, -46.09573785740769], [-0.5819552026610633, -0.784487147708407, -0.21426174166477302, 69.01522343877308], [0.0, 0.0, 0.0, 1.0]]}, {"class": "BBQSauce", "pose": [[0.7779433166903922, -0.025859366751738014, -0.6278022263203924, 13.34935672565295], [0.4504945489837605, -0.673562691273856, 0.5859761132929853, -40.916716814239365], [-0.4380170828265597, -0.7386776444074267, -0.5123440343850791, 62.74767732374769], [0.0, 0.0, 0.0, 1.0]]}, {"class": "SaladDressing", "pose": [[0.31892062209346295, -0.1215597173534128, -0.939953731906722, 24.638836513255242], [0.7160235864517898, -0.6188665436053352, 0.3229775037689529, -38.929272740234985], [-0.6209669040521435, -0.7760331867333354, -0.11032966022598001, 60.787420141767534], [0.0, 0.0, 0.0, 1.0]]}, {"class": "Mayo", "pose": [[-0.05554018676229428, 0.9823556399917295, -0.17858563894037016, 13.971590676982027], [0.6469690629186835, 0.17164098662522667, 0.7429471356876985, -30.79522236278298], [0.7604908843994695, -0.07427595095125798, -0.6450866101701175, 60.693930887890936], [0.0, 0.0, 0.0, 1.0]]}, {"class": "Mushrooms", "pose": [[0.7755005662615079, -0.002699515742390004, -0.6313412156256932, 25.46639483857176], [0.4631233740274408, -0.6771989782608457, 0.5717677215111234, -29.490375745831223], [-0.42908707690337633, -0.7357950286152999, -0.5239179258860112, 59.89315032172796], [0.0, 0.0, 0.0, 1.0]]}, {"class": "Parmesan", "pose": [[0.998004394453375, -0.0564746707015054, -0.028248653521936295, -6.228187802097606], [-0.01754853062784037, -0.6777854768006777, 0.7350502973273328, -26.26844389219578], [-0.06065824708578935, -0.7330876675744443, -0.6774238595413635, 55.10473345428244], [0.0, 0.0, 0.0, 1.0]]}, {"class": "Mustard", "pose": [[0.9493132288639521, -0.09767608168143113, -0.2987706859384781, -2.3673162064105524], [0.18090643478935464, -0.6075226341179563, 0.7734268898714979, -22.261237284425132], [-0.2570552381137699, -0.7882738745809228, -0.5590589771899064, 47.7778890229964], [0.0, 0.0, 0.0, 1.0]]}, {"class": "Milk", "pose": [[-0.06204163647085025, -0.6532599048650073, -0.7545876213168828, 4.31795001018489], [-0.6125734184124573, -0.5719706241676181, 0.5455304347457599, -24.71000508207529], [-0.7879750696978632, 0.4960858661415429, -0.3646836159116783, 55.07891694897382], [0.0, 0.0, 0.0, 1.0]]}, {"class": "AlphabetSoup", "pose": [[0.9908224632772266, -0.06496484975903281, 0.11853506133598497, 21.070571155859604], [-0.13295989204353603, -0.6263545563817154, 0.7681156683063763, -19.714280214559253], [0.024344450556788733, -0.776826625787646, -0.6292438143991896, 49.65600264174863], [0.0, 0.0, 0.0, 1.0]]}, {"class": "Yogurt", "pose": [[0.9959956670206601, -0.050481604810104684, -0.07378607630684565, 30.21939647815562], [0.022173868529353973, -0.6600509455887401, 0.7508935423027494, -20.30075214530345], [-0.08660887389931442, -0.7495227985948265, -0.6562884381989733, 51.45671693856434], [0.0, 0.0, 0.0, 1.0]]}, {"class": "Cherries", "pose": [[0.812348791478383, -0.051501305445995044, 0.5808934521285797, -10.957216367690947], [-0.4732974968359275, -0.6401664001494348, 0.6051251958881513, -15.613493567117148], [0.3407036928038241, -0.7665080978523156, -0.5444137823400826, 49.83933673651905], [0.0, 0.0, 0.0, 1.0]]}, {"class": "Cookies", "pose": [[0.6749939004355473, -0.08436443710737795, 0.7329843261156765, -22.692779466609238], [-0.5805674332735749, -0.6738081378333403, 0.4570821500581875, -15.813365570799876], [0.4553292741079054, -0.7340744549845529, -0.5037955770396099, 43.109798025284256], [0.0, 0.0, 0.0, 1.0]]}, {"class": "TomatoSauce", "pose": [[0.5419639252542988, -0.04934862879266183, -0.8389517046672752, 9.830212885752342], [0.631723265110505, -0.6344543490266645, 0.4454137833626043, -12.295386352537458], [-0.5542570574648932, -0.7713834714640097, -0.3126766556167324, 44.252097447945246], [0.0, 0.0, 0.0, 1.0]]}, {"class": "PeasAndCarrots", "pose": [[0.9532381965839083, -0.046195339195091674, 0.29866884239069685, 19.98969923128818], [-0.2600566771777852, -0.6288627337652829, 0.7327361256459376, -9.144291253152131], [0.15397269121292118, -0.7761428481215321, -0.6114693176567568, 42.89383614216521], [0.0, 0.0, 0.0, 1.0]]}, {"class": "Ketchup", "pose": [[0.9326748484940282, -0.05717492617801386, 0.35615839314561926, -15.872512240004422], [-0.29912905670363554, -0.6743900081789423, 0.6750703425526211, -3.454024480054127], [0.20159254031317486, -0.7361584163710055, -0.6460892124632526, 34.119874080936526], [0.0, 0.0, 0.0, 1.0]]}, {"class": "MacaroniAndCheese", "pose": [[-0.3125017859600428, 0.9490776421279115, -0.039930053713930595, 16.240412974240282], [0.7564870393134786, 0.22322430309275432, -0.6147343433952561, 2.855299183765181], [-0.5745171975278391, -0.22231212570418926, -0.7877228860930826, 34.154035734220066], [0.0, 0.0, 0.0, 1.0]]}, {"class": "Pineapple", "pose": [[0.9980327668744255, -0.06261004528828829, -0.003274855548991723, -2.9653139559225217], [-0.03805113486446136, -0.6464117360640302, 0.7620393833026793, 3.820569837032312], [-0.04982822326048455, -0.7604156223060199, -0.6475224060098805, 33.35074441973098], [0.0, 0.0, 0.0, 1.0]]}]}