{"camera": {"camera": "RealSense D415", "extrinsics": [[-0.93283415, -0.35616675, 0.054458346, 0.53107], [-0.31778818, 0.7420748, -0.5901997, -0.13582064], [0.16979733, -0.56786466, -0.8054183, 0.012046024], [0.0, 0.0, 0.0, 1.0]], "height": 480, "intrinsics": [[603.75165, 0.0, 326.28275], [0.0, 603.20245, 245.73769], [0.0, 0.0, 1.0]], "width": 640}, "objects": [{"class": "ChocolatePudding", "pose": [[0.9782388242603444, 0.054945085839213814, 0.20007449757165513, 3.9472799151848648], [-0.11549522540697596, -0.6568829904109289, 0.7450943624347307, 2.0366091266839055], [0.17236483492384855, -0.7519878919237714, -0.6362425712435767, 34.40115340877895], [0.0, 0.0, 0.0, 1.0]]}, {"class": "MacaroniAndCheese", "pose": [[0.07752237919425695, 0.8933930035962768, 0.44253721445317423, -0.5898960479324034], [-0.5597056103396889, 0.4063246078623909, -0.7222395460751104, -8.67734586075567], [-0.8250575298690892, -0.19170082498044594, 0.5315363595174415, 36.95120455267257], [0.0, 0.0, 0.0, 1.0]]}, {"class": "Milk", "pose": [[-0.03679956030891655, 0.9954877271207319, 0.08746394594208541, -5.423243610827133], [0.7911424624904188, 0.08249284304669698, -0.6060433598396243, -19.782559831766726], [-0.6105239035033068, 0.04689433384346939, -0.7906083228030071, 47.561962017915164], [0.0, 0.0, 0.0, 1.0]]}, {"class": "Ketchup", "pose": [[0.9242617459538683, 0.06843811099080342, 0.37557477851555315, -14.574736025258272], [-0.2533518266882266, -0.6259704615103768, 0.7375458306744437, -10.515169714624447], [0.28557499142025156, -0.7768379637980853, -0.5612216475317832, 35.655659556352184], [0.0, 0.0, 0.0, 1.0]]}, {"class": "OrangeJuice", "pose": [[-0.8867219002038329, -0.459879915968087, -0.047272602157897164, 12.916280747150177], [0.35365955932454946, -0.7406376287914057, 0.5712975039606246, -7.639419875319961], [-0.29774014748375793, 0.4898636133242369, 0.8193805466925571, 40.90049247902281], [0.0, 0.0, 0.0, 1.0]]}]}