{"camera": {"camera": "RealSense D415", "extrinsics": [[-0.9161992, -0.39356366, -0.07541009, 0.66019267], [-0.25598666, 0.7196046, -0.64547664, -0.22650757], [0.3083016, -0.5720812, -0.7600482, 0.06632753], [0.0, 0.0, 0.0, 1.0]], "height": 480, "intrinsics": [[604.50507, 0.0, 326.28275], [0.0, 602.9669, 245.73769], [0.0, 0.0, 1.0]], "width": 640}, "objects": [{"class": "OrangeJuice", "pose": [[-0.7109588557137535, -0.06064870047987542, 0.7006135530601889, -4.368266210502414], [-0.49737519159075594, -0.6609447482717808, -0.5619342145666847, -9.025141787984545], [0.49714737323934677, -0.7479798569823104, 0.439739298278593, 35.693919035112955], [0.0, 0.0, 0.0, 1.0]]}, {"class": "ChocolatePudding", "pose": [[0.9124621973756001, -0.03297284959001972, -0.40783040552383354, -1.0613223809719297], [0.28892254153177216, -0.653851986472849, 0.699286384651522, -37.52421160942679], [-0.2897181580339977, -0.7559037383316186, -0.5870885409393382, 68.6115830925127], [0.0, 0.0, 0.0, 1.0]]}, {"class": "CreamCheese", "pose": [[0.9918427152335534, -0.11720577657611497, -0.05010932343040133, -12.650248572984346], [-0.04843026588325098, -0.7101348767271445, 0.7023980845509672, -34.40030848847608], [-0.11790949077976114, -0.6942415721197872, -0.7100183231053366, 66.59673925855549], [0.0, 0.0, 0.0, 1.0]]}, {"class": "Raisins", "pose": [[0.2893752629497559, -0.03512274995582599, -0.9565711995181702, 5.926460740392525], [0.7368030296052536, -0.6297600410572565, 0.24601562802137072, -44.70514459444131], [-0.6110509863370701, -0.7759953421747238, -0.15635839804832333, 69.10417702095774], [0.0, 0.0, 0.0, 1.0]]}, {"class": "BBQSauce", "pose": [[0.7160833539796794, -0.027644104736114453, -0.6974672348905592, 13.526694197529743], [0.4959395410184432, -0.6829956295599839, 0.5362471861325189, -39.056241638141174], [-0.49119109212060136, -0.7298992172406301, -0.4753719294547136, 62.26395727241862], [0.0, 0.0, 0.0, 1.0]]}, {"class": "SaladDressing", "pose": [[0.2294053664675833, -0.12901500667136895, -0.9647426682845525, 24.507367385138153], [0.727889230622022, -0.6352889399009911, 0.25804134118902267, -36.343643749300746], [-0.6461814719061234, -0.7614218149621461, -0.051830036519423674, 59.55997495239161], [0.0, 0.0, 0.0, 1.0]]}, {"class": "Mayo", "pose": [[-0.05020894150231125, 0.9617455118800925, -0.26930418246111293, 13.331494079675988], [0.6512981641548705, 0.23595095061008722, 0.7212059021204413, -28.942342936127584], [0.7571590678417665, -0.1391863231971995, -0.6382298496940142, 60.09125044780802], [0.0, 0.0, 0.0, 1.0]]}, {"class": "Mushrooms", "pose": [[0.7133713929507411, -0.004154604933950666, -0.7007739329460632, 24.6369970020491], [0.5084879170502414, -0.6850398713379414, 0.521690057284851, -26.88250355232425], [-0.4822254469162947, -0.7284937940340102, -0.4865752131181002, 58.5365615610377], [0.0, 0.0, 0.0, 1.0]]}, {"class": "Parmesan", "pose": [[0.9909672325820493, -0.05748315195950774, -0.12115998229122103, -7.4443910173273675], [0.04841551991015381, -0.6891841815060608, 0.722966945559976, -25.845827289351586], [-0.12505995793623945, -0.7223025307357397, -0.6801757777474483, 55.7858956570437], [0.0, 0.0, 0.0, 1.0]]}, {"class": "Mustard", "pose": [[0.9165039105375034, -0.10678534248145005, -0.38550951054404936, -4.340416289381177], [0.24069500156807613, -0.6225289357921723, 0.7446635101173379, -21.681800482325546], [-0.3195099445276353, -0.775277177779859, -0.5448474287195028, 48.19162778166185], [0.0, 0.0, 0.0, 1.0]]}, {"class": "Milk", "pose": [[-0.07094558573444913, -0.5800205597326771, -0.8115066138187162, 2.9491301822852645], [-0.6251832837790191, -0.6080753280087476, 0.4892753418362753, -23.586651444102543], [-0.7772468547181945, 0.5420522314585058, -0.3194788456567034, 55.06391345760584], [0.0, 0.0, 0.0, 1.0]]}, {"class": "AlphabetSoup", "pose": [[0.9970545301143182, -0.07221136567732216, 0.025843621357370564, 18.944226107412344], [-0.06614272850567253, -0.6389880524149012, 0.7663677389579389, -17.551122870418062], [-0.0388267032919224, -0.7658197416736222, -0.641882105993802, 48.525957166994324], [0.0, 0.0, 0.0, 1.0]]}, {"class": "Yogurt", "pose": [[0.9846228574783972, -0.0537665629291768, -0.16621400470836534, 28.208348443403104], [0.0875863656855931, -0.671296344154772, 0.7359958898316602, -17.502354589748087], [-0.15115081525576682, -0.7392364085552521, -0.6562644215058919, 49.73475090546325], [0.0, 0.0, 0.0, 1.0]]}, {"class": "Cherries", "pose": [[0.8626049235864364, -0.05721266259605466, 0.5026326363880866, -13.209510220324173], [-0.4136507851019898, -0.6517389415672449, 0.6357117924090925, -15.597540589802634], [0.291214450435748, -0.756282456372226, -0.5858592131746394, 50.75080810206066], [0.0, 0.0, 0.0, 1.0]]}, {"class": "Cookies", "pose": [[0.7404339884532601, -0.08558351380851195, 0.666658144048895, -25.31204130381025], [-0.5284127864540482, -0.6870919431128611, 0.4986829571981872, -16.665482944657956], [0.41537633815011804, -0.7215124521445222, -0.5539695900733261, 44.7977990694267], [0.0, 0.0, 0.0, 1.0]]}, {"class": "TomatoSauce", "pose": [[0.46144606916043496, -0.055767366999678006, -0.8854138219802292, 6.905560393640653], [0.6595237123746052, -0.6459574090401765, 0.38440551700045644, -10.96821340262439], [-0.5933768305909836, -0.7613337746070169, -0.26129456209619456, 43.80116485407045], [0.0, 0.0, 0.0, 1.0]]}, {"class": "PeasAndCarrots", "pose": [[0.9765208930444993, -0.05331023859036839, 0.20872248088872086, 16.721206046393526], [-0.19383114477394542, -0.6402277206393284, 0.7433290361739265, -7.162610636692484], [0.09400284628671748, -0.7663331999852181, -0.6355288499439049, 41.761576374522946], [0.0, 0.0, 0.0, 1.0]]}, {"class": "Ketchup", "pose": [[0.9617364604557418, -0.0586063738548096, 0.26763479537044726, -19.931797973028143], [-0.23358994029238705, -0.6858818666770676, 0.6892038216206046, -3.991761443994943], [0.14317408691387812, -0.7253491933242588, -0.6733273766904431, 35.28371170625641], [0.0, 0.0, 0.0, 1.0]]}, {"class": "MacaroniAndCheese", "pose": [[-0.39902874137483607, 0.915640680568681, -0.04876799938348483, 11.618097274566264], [0.7266515191977648, 0.28333492054391063, -0.6258586065770952, 4.449098282209163], [-0.5592438451565179, -0.28517288598217067, -0.7784104151254422, 33.184984202035686], [0.0, 0.0, 0.0, 1.0]]}, {"class": "Pineapple", "pose": [[0.9930734258818862, -0.06746112403958264, -0.09619915628455568, -7.620887054290049], [0.028098059937535405, -0.6586356835488901, 0.7519372569320525, 4.1187837535859195], [-0.11408672720070002, -0.7494318678037241, -0.6521779832357614, 33.62010883632951], [0.0, 0.0, 0.0, 1.0]]}]}