{"camera": {"camera": "RealSense D415", "extrinsics": [[-0.90868795, -0.4104182, -0.07644023, 0.6129045], [-0.2704857, 0.7182637, -0.641042, -0.22260539], [0.31799954, -0.5618311, -0.76368976, 0.06889343], [0.0, 0.0, 0.0, 1.0]], "height": 480, "intrinsics": [[604.50507, 0.0, 326.28275], [0.0, 602.9669, 245.73769], [0.0, 0.0, 1.0]], "width": 640}, "objects": [{"class": "OrangeJuice", "pose": [[-0.6978452654057632, -0.06132053742506113, 0.7136188583308564, -8.897196819233244], [-0.5104159884932138, -0.6563947384464089, -0.5555372425810633, -9.790701785203716], [0.5024814250488567, -0.751921403707031, 0.42676287087563475, 36.93615516059383], [0.0, 0.0, 0.0, 1.0]]}, {"class": "ChocolatePudding", "pose": [[0.9047474598558246, -0.03384531703245531, -0.4246017264733844, -4.789917255302489], [0.3032359520988704, -0.6488737520626844, 0.697861714885543, -38.47474581741924], [-0.2991322309180353, -0.7601430160154258, -0.5768036333613606, 69.60205903334302], [0.0, 0.0, 0.0, 1.0]]}, {"class": "CreamCheese", "pose": [[0.9908193668066485, -0.11652480168085966, -0.06854962201852538, -16.444353053725756], [-0.03422323941147227, -0.706721526393687, 0.7066637219216568, -35.4931401472628], [-0.13078934885114624, -0.6978300147121728, -0.7042210907263418, 67.7565973710912], [0.0, 0.0, 0.0, 1.0]]}, {"class": "Raisins", "pose": [[0.2716773538906609, -0.03657334004907451, -0.9616932483413813, 2.2990757501975545], [0.7449399785839766, -0.624671453492515, 0.23420112160931203, -45.564154922314074], [-0.6093077192107093, -0.7800307780443492, -0.14246408825970022, 69.95422339523248], [0.0, 0.0, 0.0, 1.0]]}, {"class": "BBQSauce", "pose": [[0.7030639948512684, -0.02779603251241119, -0.7105832093746088, 9.735242217616392], [0.5090074368659325, -0.6781261460387468, 0.5301476408869674, -39.765091009691254], [-0.49660097434123796, -0.734419755040503, -0.46261757804851905, 63.059548408224444], [0.0, 0.0, 0.0, 1.0]]}, {"class": "SaladDressing", "pose": [[0.21138943114130307, -0.1301898700112791, -0.9686925228745105, 20.643276985744848], [0.7354674743173689, -0.6315682141917548, 0.24537592976508849, -36.88569055777028], [-0.6437407428758112, -0.7643116109959287, -0.03775639135842633, 60.236656128203734], [0.0, 0.0, 0.0, 1.0]]}, {"class": "Mayo", "pose": [[-0.04927208737717151, 0.9566493629854861, -0.2870441698236281, 9.377004078427786], [0.6451902781734435, 0.2498699141447694, 0.7220074049620046, -29.639625738557985], [0.7624315211283834, -0.14962328820615337, -0.6295323463064751, 60.96280591402308], [0.0, 0.0, 0.0, 1.0]]}, {"class": "Mushrooms", "pose": [[0.7002987486953762, -0.0042652729007894, -0.7138372137592347, 20.633194203150396], [0.5214543910436198, -0.6798635168028369, 0.5156268790957408, -27.416659900999807], [-0.48751108903666523, -0.7333263073746202, -0.4738833113842335, 59.28024899961017], [0.0, 0.0, 0.0, 1.0]]}, {"class": "Parmesan", "pose": [[0.9885565091315967, -0.057450352702893726, -0.13948327122864138, -11.491638080543321], [0.0626501100883985, -0.6847698669649398, 0.7260615365566065, -26.793018010497782], [-0.13722643357271846, -0.7264913997325572, -0.6733343002353605, 56.943044589964146], [0.0, 0.0, 0.0, 1.0]]}, {"class": "Mustard", "pose": [[0.9090545057042184, -0.10831134259179684, -0.4023538945376253, -8.540692445749043], [0.25527920160608963, -0.6184120854380902, 0.7432356178734135, -22.53392203367291], [-0.32932131979031715, -0.7783541556175251, -0.5345205371118948, 49.34049896438014], [0.0, 0.0, 0.0, 1.0]]}, {"class": "Milk", "pose": [[-0.07246726974958993, -0.5648753233214759, -0.8219881152682644, -1.139332942886917], [-0.6205691695521226, -0.6196562419227312, 0.4805415793787193, -24.388920030172503], [-0.7807960344624729, 0.5449239233012971, -0.30563932700406277, 56.106081631046436], [0.0, 0.0, 0.0, 1.0]]}, {"class": "AlphabetSoup", "pose": [[0.997274980672289, -0.07340244549079486, 0.0074021379230202865, 14.688937835103438], [-0.05242280253647003, -0.6344702285681316, 0.7711676475962487, -18.092273080120183], [-0.051909174193221656, -0.7694541319880114, -0.6365891172734975, 49.41028818466033], [0.0, 0.0, 0.0, 1.0]]}, {"class": "Yogurt", "pose": [[0.9813564391462695, -0.054189605108986016, -0.1843993594594729, 23.96622623695965], [0.10191546819151308, -0.6667142295920708, 0.7383126270537201, -17.9272053101793], [-0.1629505420311478, -0.743340893881773, -0.6487614077337688, 50.50216472202263], [0.0, 0.0, 0.0, 1.0]]}, {"class": "Cherries", "pose": [[0.8717052412891216, -0.058114101638563356, 0.4865725241159751, -17.457112199352252], [-0.4040371840654671, -0.6470849607642994, 0.6465563929846482, -16.588000808244114], [0.2772796372858273, -0.7601998816930282, -0.5875475048457293, 52.05562893101791], [0.0, 0.0, 0.0, 1.0]]}, {"class": "Cookies", "pose": [[0.7526733551864795, -0.08556385684357048, 0.6528106498205707, -29.619126811332407], [-0.521310692168327, -0.6830621771260877, 0.5115284804142937, -17.77682049552967], [0.40214181132122684, -0.725330928184824, -0.5587279624609118, 46.24854903140143], [0.0, 0.0, 0.0, 1.0]]}, {"class": "TomatoSauce", "pose": [[0.4449784529037484, -0.056810805179931166, -0.8937375490550731, 2.5040084485134173], [0.6698636465619981, -0.6412488885368, 0.37427626137545494, -11.63895409050003], [-0.5943710378011928, -0.7652270570940746, -0.24728636910305388, 44.88590986739888], [0.0, 0.0, 0.0, 1.0]]}, {"class": "PeasAndCarrots", "pose": [[0.9801465068674117, -0.05449449354482975, 0.1906391171131418, 12.241048134905375], [-0.18131274077190848, -0.6354513846998701, 0.7505513903664446, -7.687076395723127], [0.0802409284227541, -0.7702155150349449, -0.6327158774957412, 42.74999001558684], [0.0, 0.0, 0.0, 1.0]]}, {"class": "Ketchup", "pose": [[0.9665233119107108, -0.05865640612565485, 0.24978432952918916, -24.53067608105962], [-0.22161399966041556, -0.6814615220031081, 0.6974937928382777, -4.964757490553537], [0.1293058765180701, -0.7294996138179481, -0.6716474012212462, 36.75924951659313], [0.0, 0.0, 0.0, 1.0]]}, {"class": "MacaroniAndCheese", "pose": [[-0.4158131224465878, 0.908058109273756, -0.05029925554284894, 6.874098216113389], [0.7251453432090537, 0.29765966463109106, -0.6209372892153738, 3.9151781306692195], [-0.5488749566442174, -0.2946681095415929, -0.7822447922599991, 34.32295171183082], [0.0, 0.0, 0.0, 1.0]]}, {"class": "Pineapple", "pose": [[0.9910741297405977, -0.06818120757284467, -0.11455780208087027, -12.351634809571422], [0.04228576970407447, -0.6541674835497525, 0.7551668550796734, 3.3225340182901713], [-0.12642818083210305, -0.7532703923035516, -0.6454452408998265, 34.99890852484111], [0.0, 0.0, 0.0, 1.0]]}]}