{"camera": {"camera": "RealSense D415", "extrinsics": [[-0.9044098, -0.41833726, -0.08388566, 0.6063804], [-0.27343038, 0.71921164, -0.63872564, -0.22052684], [0.32753426, -0.5547328, -0.76484823, 0.06114447], [0.0, 0.0, 0.0, 1.0]], "height": 480, "intrinsics": [[604.50507, 0.0, 326.28275], [0.0, 602.9669, 245.73769], [0.0, 0.0, 1.0]], "width": 640}, "objects": [{"class": "OrangeJuice", "pose": [[-0.6909635585181224, -0.06859989894066723, 0.7196273115147046, -9.225251404022083], [-0.5135114004695731, -0.654084470867424, -0.5554094029117294, -9.82830470716256], [0.5087979916439572, -0.7533045016923243, 0.4167216139447688, 37.00616646319414], [0.0, 0.0, 0.0, 1.0]]}, {"class": "ChocolatePudding", "pose": [[0.9006186013144272, -0.041236652066776826, -0.43264965769701735, -4.683294758055013], [0.3061109808912227, -0.6464789557757648, 0.6988283661971616, -38.60923921229249], [-0.3085161908725296, -0.7618166512033903, -0.5696078668859267, 69.52898415025656], [0.0, 0.0, 0.0, 1.0]]}, {"class": "CreamCheese", "pose": [[0.9893191633272583, -0.12307428835989657, -0.07810483615460465, -16.36432875088939], [-0.031709178087890304, -0.7047024900112038, 0.7087940369965767, -35.646267546053004], [-0.14227499109361427, -0.6987469080477807, -0.7010781393700404, 67.82727579847368], [0.0, 0.0, 0.0, 1.0]]}, {"class": "Raisins", "pose": [[0.26311068826960193, -0.04424326598789502, -0.9637506689728418, 2.4239543093610094], [0.7474804493659122, -0.6222181984777084, 0.23263178971025075, -45.68477979856094], [-0.6099554756963259, -0.781592703887857, -0.13064124538949126, 69.776553186825], [0.0, 0.0, 0.0, 1.0]]}, {"class": "BBQSauce", "pose": [[0.696252450217108, -0.03483145520461997, -0.7169514266026544, 9.76833719382043], [0.5120948285633787, -0.6758016588748723, 0.5301424928314272, -39.84774680934217], [-0.5029825119520581, -0.736260146731391, -0.45269146347711076, 62.81585409471093], [0.0, 0.0, 0.0, 1.0]]}, {"class": "SaladDressing", "pose": [[0.20245068092891016, -0.13765841305568804, -0.9695689433552399, 20.63720958803861], [0.7379923211705965, -0.6293633064476372, 0.24345270726661633, -36.936215103620164], [-0.643724308303873, -0.7648216134500802, -0.02582414757359975, 59.87723563353203], [0.0, 0.0, 0.0, 1.0]]}, {"class": "Mayo", "pose": [[-0.04184113875786562, 0.9543462522122468, -0.29575767582340856, 9.365036955757787], [0.6426127483271754, 0.2523707352200398, 0.7234348111452733, -29.71632425433709], [0.7650478968731358, -0.15978828247355512, -0.6238344270507391, 60.75640683162611], [0.0, 0.0, 0.0, 1.0]]}, {"class": "Mushrooms", "pose": [[0.6935660926267674, -0.011286131234949702, -0.7203046239007258, 20.596510153324648], [0.5245064225907096, -0.6774929147465845, 0.5156514534200201, -27.464180101816815], [-0.4938209024888971, -0.7354427847180438, -0.4639663767675421, 58.95190120659927], [0.0, 0.0, 0.0, 1.0]]}, {"class": "Parmesan", "pose": [[0.9867817093816246, -0.06437884230582837, -0.14871877993657465, -11.554289732352919], [0.06517951216813558, -0.6825335627519972, 0.7279420479650137, -26.90074822804414], [-0.14836961136421647, -0.7280133363596569, -0.6693153312196695, 56.985973668921396], [0.0, 0.0, 0.0, 1.0]]}, {"class": "Mustard", "pose": [[0.904677692476118, -0.11597007025348495, -0.4100113027150182, -8.699767691034921], [0.25826142884302006, -0.6161156505891873, 0.7441119524345297, -22.610841913291033], [-0.33890904857374043, -0.7790715987044482, -0.5274353732795286, 49.36396073783803], [0.0, 0.0, 0.0, 1.0]]}, {"class": "Milk", "pose": [[-0.08015204439436009, -0.5572884076215451, -0.8264413671414491, -1.2172945688740167], [-0.6181891922213117, -0.6226077359448593, 0.4797934847903672, -24.47211821059007], [-0.7819321455069276, 0.5493534486529381, -0.2946063142154921, 56.03797713338496], [0.0, 0.0, 0.0, 1.0]]}, {"class": "AlphabetSoup", "pose": [[0.9967188286744365, -0.08092796665848372, -0.0015144606176080901, 14.51987501224759], [-0.050150396692172895, -0.6321288443680964, 0.7732387212978785, -18.12044524109139], [-0.06353397599562359, -0.7706256539086815, -0.6341131661869074, 49.181353321416005], [0.0, 0.0, 0.0, 1.0]]}, {"class": "Yogurt", "pose": [[0.9792050458013513, -0.061349429707899826, -0.19337471025000003, 23.80874000104029], [0.10451267905829575, -0.664416623860479, 0.740018721478591, -17.93934206327987], [-0.17388107908795927, -0.7448401924514847, -0.6441881946633489, 50.16710553499145], [0.0, 0.0, 0.0, 1.0]]}, {"class": "Cherries", "pose": [[0.8756705463919683, -0.06550814106711074, 0.47844522199317885, -17.596688660624082], [-0.40309294968620657, -0.6447411931741434, 0.649480504728633, -16.692567700187634], [0.2659270191636906, -0.7615888583730301, -0.5909866355344745, 52.20073214332388], [0.0, 0.0, 0.0, 1.0]]}, {"class": "Cookies", "pose": [[0.758325180315602, -0.09248062633439108, 0.6452831219431425, -29.822165649036393], [-0.5210209951161686, -0.6808889538298998, 0.514710999965503, -17.888233262112337], [0.3917652699140417, -0.7265243864309215, -0.564519495952028, 46.52991524776614], [0.0, 0.0, 0.0, 1.0]]}, {"class": "TomatoSauce", "pose": [[0.4367272486171259, -0.06427481826658525, -0.8972948851212137, 2.270393324400688], [0.6727219272529098, -0.6388861374499804, 0.37318865236269017, -11.678231281451277], [-0.5972557859265591, -0.7666116109684555, -0.23577984690209938, 44.81833903512894], [0.0, 0.0, 0.0, 1.0]]}, {"class": "PeasAndCarrots", "pose": [[0.9813777725763665, -0.06202802441690565, 0.18179726206014432, 11.97402521520381], [-0.17950339938187304, -0.6330676380542267, 0.7529966490919462, -7.698925218228084], [0.06838304184766786, -0.7716074130088759, -0.6324126278601574, 42.58359585388797], [0.0, 0.0, 0.0, 1.0]]}, {"class": "Ketchup", "pose": [[0.9684030565417016, -0.06562625065889428, 0.24060084812345203, -24.86969827001586], [-0.2199919666285057, -0.6792180465479754, 0.7001902870987136, -5.034805527716458], [0.11746954026465536, -0.7309966877921263, -0.6721939613285213, 37.024625979868745], [0.0, 0.0, 0.0, 1.0]]}, {"class": "MacaroniAndCheese", "pose": [[-0.42359713627423373, 0.903991898491723, -0.058001434587241524, 6.486523951228296], [0.7260398983038598, 0.3005272650756905, -0.6185058506610521, 3.919206012742044], [-0.5416931507608617, -0.30410861343547885, -0.783636684792577, 34.256665614443605], [0.0, 0.0, 0.0, 1.0]]}, {"class": "Pineapple", "pose": [[0.9894654922096937, -0.07548022391792988, -0.12353472522374788, -12.728898295626434], [0.044785671870154975, -0.6518673385544562, 0.757009428478915, 3.283817479756257], [-0.13766748293404682, -0.7545673077524662, -0.6416196804286621, 35.15152164372502], [0.0, 0.0, 0.0, 1.0]]}]}