{"camera": {"camera": "RealSense D415", "extrinsics": [[-0.9365916, -0.34838924, 0.037697405, 0.5391004], [-0.29877356, 0.7376977, -0.6054225, -0.13880123], [0.18311341, -0.57829666, -0.795011, 0.00885189], [0.0, 0.0, 0.0, 1.0]], "height": 480, "intrinsics": [[603.75165, 0.0, 326.28275], [0.0, 603.20245, 245.73769], [0.0, 0.0, 1.0]], "width": 640}, "objects": [{"class": "ChocolatePudding", "pose": [[0.9775735230309658, 0.03751113937798737, 0.2072265682760104, 5.302701922582498], [-0.1289990176885347, -0.6711332367918522, 0.7300269649246665, 3.166557942876552], [0.1664608064025055, -0.7403870971949288, -0.6512432546086698, 34.19238462011577], [0.0, 0.0, 0.0, 1.0]]}, {"class": "MacaroniAndCheese", "pose": [[0.06110555000842277, 0.8984650264124903, 0.434771936973665, 0.6072533092405075], [-0.5756830258124465, 0.3875599539447644, -0.719990467643978, -7.421112582150539], [-0.8153864964545164, -0.20629543073253012, 0.5409131973733929, 36.972950299962484], [0.0, 0.0, 0.0, 1.0]]}, {"class": "Milk", "pose": [[-0.02861190996692835, 0.9970974191186961, 0.0705551167736347, -4.322837455785489], [0.7805518936781043, 0.06637972650411825, -0.6215564421620934, -18.24999429856572], [-0.6244358269507376, 0.03728802280677135, -0.7801855752381665, 47.82213095417516], [0.0, 0.0, 0.0, 1.0]]}, {"class": "Ketchup", "pose": [[0.922238131179453, 0.051313026419244984, 0.3832019465326193, -13.417023018793506], [-0.263860434901415, -0.6409063370685043, 0.7208444184479091, -9.043813519417327], [0.2825853030697544, -0.7659020858657581, -0.5775288493137412, 35.82478192435104], [0.0, 0.0, 0.0, 1.0]]}, {"class": "OrangeJuice", "pose": [[-0.8831167194598456, -0.4681468347408153, -0.030713678397365, 14.161877813871904], [0.36328031906612795, -0.7237841058522028, 0.5866548521092919, -6.542222754704147], [-0.29687072645326323, 0.5069270913564603, 0.8092544261591584, 40.792724707587816], [0.0, 0.0, 0.0, 1.0]]}]}