{"camera": {"camera": "RealSense D415", "extrinsics": [[-0.89386547, -0.4370159, -0.10010792, 0.600314], [-0.2817243, 0.7212024, -0.6328496, -0.21224736], [0.3487634, -0.5374795, -0.7677759, 0.04128919], [0.0, 0.0, 0.0, 1.0]], "height": 480, "intrinsics": [[604.50507, 0.0, 326.28275], [0.0, 602.9669, 245.73769], [0.0, 0.0, 1.0]], "width": 640}, "objects": [{"class": "OrangeJuice", "pose": [[-0.6743133669510699, -0.08443350798167872, 0.7336024370925913, -9.069361069262937], [-0.5219815806334142, -0.6482092004079719, -0.5544007756065891, -9.68931370013075], [0.5223377613423571, -0.7567667506123248, 0.3930232693765948, 36.94099548497031], [0.0, 0.0, 0.0, 1.0]]}, {"class": "ChocolatePudding", "pose": [[0.8903797221049728, -0.05734866311542971, -0.45159179701397784, -3.5048020099515798], [0.31422159914986825, -0.6403643345913227, 0.7008555226424341, -38.71109004088799], [-0.3293763683317956, -0.765927378457588, -0.5521470827067673, 69.08874074433213], [0.0, 0.0, 0.0, 1.0]]}, {"class": "CreamCheese", "pose": [[0.9854194031875727, -0.137156089501851, -0.10068205779173754, -15.243881547287119], [-0.024415019185205333, -0.6996145621378782, 0.7141033043545585, -35.80626198186883], [-0.16838226256487823, -0.701233044859294, -0.6927622770322054, 67.7185003174894], [0.0, 0.0, 0.0, 1.0]]}, {"class": "Raisins", "pose": [[0.24256918042156062, -0.06101725836946951, -0.9682133838766415, 3.648507102394749], [0.7541370787887635, -0.615959003314631, 0.2277541012559056, -45.74442007817963], [-0.6102765467095426, -0.7854116702571651, -0.10339722814503516, 69.09024693848046], [0.0, 0.0, 0.0, 1.0]]}, {"class": "BBQSauce", "pose": [[0.6797612809389819, -0.05010098771683216, -0.731720275647165, 10.772942572938321], [0.5205493888930702, -0.6698584182586785, 0.529450839283801, -39.80446621087401], [-0.5166749074192265, -0.7407966654305255, -0.4292636515689379, 61.9894288509122], [0.0, 0.0, 0.0, 1.0]]}, {"class": "SaladDressing", "pose": [[0.18110209943933198, -0.15391628740227606, -0.9713453947377031, 21.5434862042354], [0.7445556538707753, -0.6238200565812745, 0.2376669377580592, -36.80153604623124], [-0.6425254107102856, -0.7662626186150332, 0.001624171409834006, 58.792135478667284], [0.0, 0.0, 0.0, 1.0]]}, {"class": "Mayo", "pose": [[-0.025591328468024675, 0.9483080624922939, -0.3163178343794822, 10.255446271183793], [0.6359584292160411, 0.2595793253402495, 0.7267569113343583, -29.658952487346873], [0.7712989466730793, -0.18256630579498268, -0.6097273332214351, 60.02717048641198], [0.0, 0.0, 0.0, 1.0]]}, {"class": "Mushrooms", "pose": [[0.6772422214821605, -0.026532672181116185, -0.7352816199090043, 21.422126216960525], [0.5328675482514299, -0.6714109787123335, 0.5150336219047701, -27.322565674261508], [-0.5073412816019524, -0.7406101716709358, -0.4405693357781349, 57.948483052508905], [0.0, 0.0, 0.0, 1.0]]}, {"class": "Parmesan", "pose": [[0.982146031387915, -0.07938134371368452, -0.17055159080569468, -10.771955361767816], [0.07250348687751329, -0.6768410012313465, 0.7325501084909092, -26.941360339966913], [-0.17358712540198018, -0.7318367100513917, -0.6590011242356014, 56.82952333162763], [0.0, 0.0, 0.0, 1.0]]}, {"class": "Mustard", "pose": [[0.8939253243566104, -0.132688358488187, -0.42812543001182357, -8.143884835919934], [0.26665239928253126, -0.610320686003878, 0.7459258114584266, -22.57067789505123], [-0.36026943734588746, -0.7809625753974888, -0.5101993045574922, 49.17203967646919], [0.0, 0.0, 0.0, 1.0]]}, {"class": "Milk", "pose": [[-0.0969459475537028, -0.5389733552344482, -0.836725328544205, -0.4780209432073246], [-0.6121491407482211, -0.630583800262205, 0.4771138840312441, -24.441142871554916], [-0.7847770385268997, 0.5584548403749535, -0.268799429111532, 55.63192660565808], [0.0, 0.0, 0.0, 1.0]]}, {"class": "AlphabetSoup", "pose": [[0.9949910326838266, -0.09734208369426481, -0.022747163515528728, 15.035830544429452], [-0.043464298079467605, -0.6261868527970692, 0.7784606850598492, -17.935613373430968], [-0.09002098490500732, -0.7735726442437644, -0.6272810601177065, 48.41984988542553], [0.0, 0.0, 0.0, 1.0]]}, {"class": "Yogurt", "pose": [[0.9736688769204211, -0.07690216949997518, -0.21460439014590688, 24.346107272807473], [0.11199988914301454, -0.6585664074172266, 0.7441414313561712, -17.7053543349358], [-0.19855732987864685, -0.7485829591518844, -0.6326124264087956, 49.16365596144811], [0.0, 0.0, 0.0, 1.0]]}, {"class": "Cherries", "pose": [[0.8847278659039448, -0.08161575112289686, 0.4589068993694336, -16.99844642958752], [-0.3998749774833188, -0.6387784448753548, 0.6573144291377047, -16.731250904327545], [0.23949252979347183, -0.7650497136842633, -0.5977810684462161, 52.29073903148942], [0.0, 0.0, 0.0, 1.0]]}, {"class": "Cookies", "pose": [[0.7714270869622047, -0.1074437157704507, 0.6271811279603504, -29.36108681566815], [-0.5195677206505288, -0.6753824004487962, 0.5233623551893328, -17.955195576421744], [0.3673549814492308, -0.7295989085911836, -0.5768324645986393, 46.93190087369262], [0.0, 0.0, 0.0, 1.0]]}, {"class": "TomatoSauce", "pose": [[0.41690120315174856, -0.08054945477075738, -0.9053757462920737, 2.6380013364833643], [0.6803491109009452, -0.6328743216851568, 0.3695880656286602, -11.533110661822766], [-0.6027590560715896, -0.7700532276466879, -0.20904422724044605, 44.43367146585958], [0.0, 0.0, 0.0, 1.0]]}, {"class": "PeasAndCarrots", "pose": [[0.9838851215321294, -0.07846912941980207, 0.1606634158200814, 12.255824351329297], [-0.17400201698198595, -0.6270007183954662, 0.7593375765922943, -7.475511998773674], [0.041151465450265545, -0.7750566355507834, -0.6305503236125934, 41.97953197564329], [0.0, 0.0, 0.0, 1.0]]}, {"class": "Ketchup", "pose": [[0.9724434134240459, -0.08072627841017621, 0.2187170443504637, -24.736214206992468], [-0.21497670042323852, -0.6735085588726376, 0.7072279670712459, -4.9928352726017895], [0.09021585678247827, -0.7347581893537788, -0.6723030896779437, 37.40951413442216], [0.0, 0.0, 0.0, 1.0]]}, {"class": "MacaroniAndCheese", "pose": [[-0.4419726029175755, 0.8939006323320011, -0.0748461596468541, 6.48276020478038], [0.727889383863251, 0.30862236422920375, -0.6123148203040999, 4.17734899903488], [-0.5242492616766108, -0.3251060615848825, -0.7870633407675939, 33.89782466558257], [0.0, 0.0, 0.0, 1.0]]}, {"class": "Pineapple", "pose": [[0.9852309388370744, -0.09135766339593857, -0.14482349368877329, -12.698463855301556], [0.052038322918809186, -0.6460241750825414, 0.7615411585489045, 3.4158911425497567], [-0.1631321059666487, -0.757830219077559, -0.6317287527758219, 35.2898628047643], [0.0, 0.0, 0.0, 1.0]]}]}