{"camera": {"camera": "RealSense D415", "extrinsics": [[-0.8889614, -0.4470033, -0.09967817, 0.5890274], [-0.28651166, 0.7125949, -0.6404058, -0.19923049], [0.35729364, -0.54073703, -0.761541, 0.03780117], [0.0, 0.0, 0.0, 1.0]], "height": 480, "intrinsics": [[604.50507, 0.0, 326.28275], [0.0, 602.9669, 245.73769], [0.0, 0.0, 1.0]], "width": 640}, "objects": [{"class": "OrangeJuice", "pose": [[-0.6661237045829257, -0.0837944021954087, 0.7411193327632349, -10.074473826269326], [-0.5232987573582887, -0.6555299036685239, -0.544462144676549, -8.70904291113968], [0.5314486718954228, -0.750505906557115, 0.3928144036520314, 36.961494334028586], [0.0, 0.0, 0.0, 1.0]]}, {"class": "ChocolatePudding", "pose": [[0.8853188878022444, -0.05684253309411421, -0.46149707515219446, -4.036281275851216], [0.31914558342471666, -0.6475275993033408, 0.6919929015265476, -37.3980733175909], [-0.33816667154540936, -0.7599190777663799, -0.5551272465440884, 69.32173341008269], [0.0, 0.0, 0.0, 1.0]]}, {"class": "CreamCheese", "pose": [[0.9844382740323384, -0.13568368070299383, -0.11167533502572831, -15.80960718462282], [-0.017218820866864975, -0.7069087454337435, 0.7070951908190491, -34.60874228030823], [-0.17488554227145744, -0.6941686013676612, -0.698244199641294, 68.00643434680708], [0.0, 0.0, 0.0, 1.0]]}, {"class": "Raisins", "pose": [[0.23175672978757442, -0.06085853529583308, -0.9708682783579887, 3.178885550296384], [0.7508679888816516, -0.623327070028701, 0.2183133025824146, -44.36791807258302], [-0.6184545817885343, -0.7795894230517374, -0.09876347545351329, 69.33559268901061], [0.0, 0.0, 0.0, 1.0]]}, {"class": "BBQSauce", "pose": [[0.6716221806734033, -0.049164499444187576, -0.7392608845758682, 10.202353095198225], [0.5219641992253932, -0.6767355500789783, 0.5192132904967658, -38.427936467624946], [-0.5258108909764806, -0.7345828218632559, -0.4288483964141223, 62.13491372202886], [0.0, 0.0, 0.0, 1.0]]}, {"class": "SaladDressing", "pose": [[0.1701606851727273, -0.15355296196091486, -0.9733791584663065, 20.92405735082518], [0.7404641169668781, -0.6318370678281919, 0.2291176166184596, -35.358488479139254], [-0.650198592134808, -0.7597390857351113, 0.0061866586560032945, 58.83818156816578], [0.0, 0.0, 0.0, 1.0]]}, {"class": "Mayo", "pose": [[-0.02601704998381872, 0.9447183166084713, -0.3268494644581619, 9.581792951615526], [0.6424394302076576, 0.26630292280297496, 0.7185780422913272, -28.304943282945704], [0.7658947448700707, -0.1912856755842736, -0.6138525820176264, 60.08805903532198], [0.0, 0.0, 0.0, 1.0]]}, {"class": "Mushrooms", "pose": [[0.6690571688378015, -0.02558263512219361, -0.742770617787848, 20.71306105848153], [0.5343409934272645, -0.6780790198071628, 0.5046668373122055, -25.888705387420885], [-0.5165677884938317, -0.7345436994615284, -0.4400036770584911, 57.912958417306534], [0.0, 0.0, 0.0, 1.0]]}, {"class": "Parmesan", "pose": [[0.9802716216912303, -0.07832073470074642, -0.18147607904287225, -11.489953537140229], [0.07961783126003218, -0.683896710185215, 0.7252215949525185, -25.80055066932509], [-0.18091076786344867, -0.7253628258541766, -0.6641686738268622, 57.010490605495676], [0.0, 0.0, 0.0, 1.0]]}, {"class": "Mustard", "pose": [[0.8890770872142058, -0.13254510688891255, -0.4381482450866364, -8.95243076598372], [0.2713406760166939, -0.6182807340957036, 0.7376335420973357, -21.474150771460376], [-0.36866828326453416, -0.7747004556097856, -0.5137342341578949, 49.297519784155384], [0.0, 0.0, 0.0, 1.0]]}, {"class": "Milk", "pose": [[-0.09681445805350113, -0.5295865077744865, -0.8427130285791372, -1.2268818782990243], [-0.6198280186521337, -0.6303856572551763, 0.46736198119114536, -23.220455818493683], [-0.7787427395537987, 0.5675844372630123, -0.26722203225427194, 55.72095869285116], [0.0, 0.0, 0.0, 1.0]]}, {"class": "AlphabetSoup", "pose": [[0.9947068362508991, -0.09701063257947153, -0.033873354192467314, 14.179722136829948], [-0.03549612537283677, -0.6337700034173612, 0.7727067224335868, -16.642112347435166], [-0.0964286886628781, -0.7674142224357933, -0.6338587236593443, 48.346846758200705], [0.0, 0.0, 0.0, 1.0]]}, {"class": "Yogurt", "pose": [[0.9712766827916899, -0.07611657391013393, -0.2254507256216917, 23.492402350089876], [0.11881791915305945, -0.6657483816714064, 0.7366555948557137, -16.323451328448517], [-0.20616513611261073, -0.7422839303214629, -0.6375817326360765, 49.025057619633], [0.0, 0.0, 0.0, 1.0]]}, {"class": "Cherries", "pose": [[0.8898307503733436, -0.08111624037970233, 0.4490228816871859, -17.837114388930665], [-0.3899634111723423, -0.6461476301188046, 0.6560654304875884, -15.685756173293633], [0.23691744003185938, -0.7588896271356107, -0.6065942818620629, 52.42567207963978], [0.0, 0.0, 0.0, 1.0]]}, {"class": "Cookies", "pose": [[0.7784599198702025, -0.10637918480221943, 0.6186144027085728, -30.224312826467447], [-0.509523827354644, -0.6826654960908958, 0.5237875149781914, -17.065298019169724], [0.36658652663974295, -0.7229463099159028, -0.5856303559569105, 47.16218830605764], [0.0, 0.0, 0.0, 1.0]]}, {"class": "TomatoSauce", "pose": [[0.4067821873807171, -0.08013606581672264, -0.9100036373702951, 1.6990567339652651], [0.6786852013534089, -0.6402784031914299, 0.3597638599313411, -10.384082360144417], [-0.6114856189740572, -0.7639514689148341, -0.2060666234105122, 44.38984213214833], [0.0, 0.0, 0.0, 1.0]]}, {"class": "PeasAndCarrots", "pose": [[0.9856429286127442, -0.07814165405655417, 0.14967316465883, 11.263786234376433], [-0.16497265213067622, -0.6344307721592403, 0.7551699745279755, -6.263679353640381], [0.03594700008363479, -0.7690198603842434, -0.6382133106357265, 41.8349124998869], [0.0, 0.0, 0.0, 1.0]]}, {"class": "Ketchup", "pose": [[0.9748959292396793, -0.07971481525815008, 0.20790293990766567, -25.77878902812104], [-0.2056151186315483, -0.6806019433520946, 0.7032094202566312, -4.14664930049414], [0.08544289652446624, -0.7283039332917925, -0.6799065042623438, 37.496066570947804], [0.0, 0.0, 0.0, 1.0]]}, {"class": "MacaroniAndCheese", "pose": [[-0.45192963576537304, 0.8889179874096587, -0.0747300007930509, 5.3333373127091965], [0.7193536353375636, 0.31361515476984453, -0.6198192906545423, 5.266714895798022], [-0.5275319336466026, -0.3338719539574066, -0.7811783021159562, 33.69174320299713], [0.0, 0.0, 0.0, 1.0]]}, {"class": "Pineapple", "pose": [[0.9836081427287939, -0.09074465709295679, -0.15582228919087426, -13.830560588203811], [0.05927295077057576, -0.6534152747493829, 0.7546756038678599, 4.34876434886278], [-0.1702994318148311, -0.7515410554323531, -0.6373257470683251, 35.221240270869345], [0.0, 0.0, 0.0, 1.0]]}]}