{"camera": {"camera": "RealSense D415", "extrinsics": [[-0.8778514, -0.4671882, -0.10541374, 0.5722125], [-0.29715592, 0.70392233, -0.6451292, -0.1799899], [0.37559986, -0.53500324, -0.756767, 0.028600072], [0.0, 0.0, 0.0, 1.0]], "height": 480, "intrinsics": [[604.50507, 0.0, 326.28275], [0.0, 602.9669, 245.73769], [0.0, 0.0, 1.0]], "width": 640}, "objects": [{"class": "OrangeJuice", "pose": [[-0.6484338237825061, -0.08911187141978245, 0.7560374988324029, -11.253508909031428], [-0.5300598763984874, -0.6599828810632534, -0.5324088244850286, -7.589960079618237], [0.5464157167835603, -0.7459770474689287, 0.3807205144344357, 37.319735471603224], [0.0, 0.0, 0.0, 1.0]]}, {"class": "ChocolatePudding", "pose": [[0.8741247433370892, -0.06246000620268572, -0.481668692988159, -4.195418211741608], [0.3298218563881061, -0.651651423968756, 0.6830578284024409, -36.04749171378834], [-0.3565438795532738, -0.7559426257992267, -0.5490238696656503, 69.67800383253466], [0.0, 0.0, 0.0, 1.0]]}, {"class": "CreamCheese", "pose": [[0.9810330430300491, -0.13918806493579527, -0.1349107117931154, -16.029501293911974], [-0.0044061895406722704, -0.7118202983639165, 0.7023478344698586, -33.42693947042072], [-0.1937906473416564, -0.6884320097865578, -0.698932438733471, 68.57857216194151], [0.0, 0.0, 0.0, 1.0]]}, {"class": "Raisins", "pose": [[0.20935248162368653, -0.06718980728536376, -0.9755291473497111, 3.1148182404517777], [0.75121649147067, -0.6275970987986329, 0.20443995885271396, -42.91689931002823], [-0.6259754723809929, -0.7756336078069234, -0.08091486530659106, 69.58190562016236], [0.0, 0.0, 0.0, 1.0]]}, {"class": "BBQSauce", "pose": [[0.6540578309137505, -0.05389055362391811, -0.7545225053929153, 9.91514886877885], [0.5288266690336434, -0.6806366674891824, 0.5070267381920457, -36.91283548918683], [-0.5408795991575338, -0.7306364496317282, -0.41667689964108157, 62.22194822203924], [0.0, 0.0, 0.0, 1.0]]}, {"class": "SaladDressing", "pose": [[0.1473072115860647, -0.15935770367893523, -0.976168918162639, 20.527715196491876], [0.739820761211928, -0.6372972936640391, 0.21567900459239298, -33.71042723584083], [-0.6564798462209742, -0.7539611147661428, 0.024017700474092057, 58.705856292635914], [0.0, 0.0, 0.0, 1.0]]}, {"class": "Mayo", "pose": [[-0.020190478187284647, 0.9370693777742095, -0.3485589977641095, 9.114711447346401], [0.6454463071736782, 0.27846360599913855, 0.7112363298816246, -26.808656524850537], [0.7635387971450524, -0.2106159218795009, -0.6104501942950881, 60.144795632295136], [0.0, 0.0, 0.0, 1.0]]}, {"class": "Mushrooms", "pose": [[0.651499532047029, -0.03029591883650128, -0.7580439077904721, 20.167395461726343], [0.5412081775656807, -0.6816541587999113, 0.4923833349946809, -24.24870463771055], [-0.531640951154492, -0.7310470928989647, -0.4277008861684709, 57.74496061489697], [0.0, 0.0, 0.0, 1.0]]}, {"class": "Parmesan", "pose": [[0.9754061466829241, -0.08276156916064135, -0.20428759330203208, -12.045139268048445], [0.09233569796714344, -0.688158377018402, 0.7196611697694871, -24.60932336705565], [-0.20014252711511935, -0.7208249837187657, -0.6635919775710023, 57.46421519802226], [0.0, 0.0, 0.0, 1.0]]}, {"class": "Mustard", "pose": [[0.8779588497557919, -0.13883215737849622, -0.4581636599589851, -9.716932751132678], [0.2819371347471309, -0.6235193539944845, 0.7292016864342408, -20.282918101111836], [-0.3869105486351246, -0.7693824324246866, -0.5082823044735211, 49.685503893551214], [0.0, 0.0, 0.0, 1.0]]}, {"class": "Milk", "pose": [[-0.10316790723167146, -0.5097515966477417, -0.8541134243918724, -1.8456344276238212], [-0.6245911651357041, -0.6350879161179119, 0.45447689434018096, -21.893550977758412], [-0.7741074475687738, 0.5803590783881976, -0.2528655784418591, 55.965851951871315], [0.0, 0.0, 0.0, 1.0]]}, {"class": "AlphabetSoup", "pose": [[0.9930631111354901, -0.10295222250459816, -0.05680269603777763, 13.323261021455462], [-0.022187997427646, -0.638483597512733, 0.7693155534181101, -15.13620055533596], [-0.11547036884193468, -0.762718570530366, -0.6363387282708779, 48.267905343246184], [0.0, 0.0, 0.0, 1.0]]}, {"class": "Yogurt", "pose": [[0.9653829087950528, -0.08113594466470644, -0.24789684746617072, 22.64194530285808], [0.13129420602948266, -0.6700573888984337, 0.7306058850703075, -14.685925900826282], [-0.22538352959202926, -0.7378618700291046, -0.6362091844319518, 48.764789822988135], [0.0, 0.0, 0.0, 1.0]]}, {"class": "Cherries", "pose": [[0.8995590810260495, -0.08672622370868378, 0.42810287427053656, -18.619310174872396], [-0.3765716683607814, -0.6506022003140133, 0.6594775112073232, -14.603804569954173], [0.22133060900307108, -0.7544504110115772, -0.6179136993566063, 52.96022363990846], [0.0, 0.0, 0.0, 1.0]]}, {"class": "Cookies", "pose": [[0.7923771931312646, -0.11078269172062376, 0.5998880129777951, -31.085182563069345], [-0.4970761170070156, -0.6873039404679211, 0.5296495629868495, -16.177864897946606], [0.35362931200393977, -0.7178722549131923, -0.5996713569341502, 47.94281150874061], [0.0, 0.0, 0.0, 1.0]]}, {"class": "TomatoSauce", "pose": [[0.38546564783168047, -0.08592532204764815, -0.918712752968307, 0.6829863189014018], [0.6814896303318811, -0.6447427510045797, 0.34623503726634347, -9.068927437113034], [-0.6220836846820604, -0.7595549402232744, -0.18996890020364887, 44.52631932933869], [0.0, 0.0, 0.0, 1.0]]}, {"class": "PeasAndCarrots", "pose": [[0.9883491818333302, -0.08411029518458256, 0.12685189043622436, 10.13858369387407], [-0.15118253560616748, -0.6388909182431409, 0.7542958754810937, -4.828326702775746], [0.01760042444243358, -0.7646855141521542, -0.6441632483424345, 41.76979774381279], [0.0, 0.0, 0.0, 1.0]]}, {"class": "Ketchup", "pose": [[0.979122788337859, -0.08425765579033877, 0.18498449095020508, -27.00649346680978], [-0.19174721558567429, -0.6848963960679525, 0.7029580102836396, -3.2425245379364336], [0.06746556494473264, -0.7237524854552261, -0.6867537683579499, 38.13825466336252], [0.0, 0.0, 0.0, 1.0]]}, {"class": "MacaroniAndCheese", "pose": [[-0.47195282457177773, 0.8778823488609103, -0.0811366873311095, 3.8928334768713824], [0.7106715261905316, 0.32436096918183793, -0.6242883755021414, 6.582443392376466], [-0.5217340815104052, -0.35229618997010453, -0.7769690751457338, 33.6941342138726], [0.0, 0.0, 0.0, 1.0]]}, {"class": "Pineapple", "pose": [[0.97922868370185, -0.09610947567044166, -0.17853347808125347, -15.223461680539751], [0.07208661534324576, -0.6579690979890019, 0.7495866982768286, 5.406797118445597], [-0.18951191889120797, -0.7468866840067567, -0.6373739207571474, 35.59730390377205], [0.0, 0.0, 0.0, 1.0]]}]}