{"camera": {"camera": "RealSense D415", "extrinsics": [[-0.87077785, -0.4795803, -0.10839148, 0.5644343], [-0.30304003, 0.6970934, -0.64979035, -0.16909902], [0.38718566, -0.5329761, -0.7523455, 0.023801731], [0.0, 0.0, 0.0, 1.0]], "height": 480, "intrinsics": [[604.50507, 0.0, 326.28275], [0.0, 602.9669, 245.73769], [0.0, 0.0, 1.0]], "width": 640}, "objects": [{"class": "OrangeJuice", "pose": [[-0.6373396280542645, -0.09183456828735603, 0.7650913337624595, -11.71907120686364], [-0.5330532112257049, -0.6644454065431435, -0.5238001559584627, -6.935918895001074], [0.5564643559880027, -0.741672924279516, 0.3745246198353352, 37.57970158342417], [0.0, 0.0, 0.0, 1.0]]}, {"class": "ChocolatePudding", "pose": [[0.8669806394658123, -0.06537472014686674, -0.49403527725908625, -4.034926774881065], [0.33576603819737655, -0.6559281234663707, 0.6760321679443609, -35.16869378727539], [-0.3682470421719218, -0.7519870043621076, -0.5467263101035182, 69.99219536485467], [0.0, 0.0, 0.0, 1.0]]}, {"class": "CreamCheese", "pose": [[0.9787317398057255, -0.1407798090025906, -0.14921583459319937, -15.903774155439654], [0.0033100529069010607, -0.7164371377709691, 0.697643819458558, -32.65843912716086], [-0.20511794301477793, -0.6833000003052947, -0.7007337126137471, 69.01717601949215], [0.0, 0.0, 0.0, 1.0]]}, {"class": "Raisins", "pose": [[0.19541760613478099, -0.07054543439346496, -0.9781796559518514, 3.3345896208136105], [0.7499183545316995, -0.6320147626701408, 0.19539659403353066, -41.97355079898591], [-0.6320082723682467, -0.7717387461321639, -0.07060345836950738, 69.8448669489155], [0.0, 0.0, 0.0, 1.0]]}, {"class": "BBQSauce", "pose": [[0.6430379057748007, -0.05625605738057625, -0.7637654392312115, 9.995803374575923], [0.5318973427460726, -0.6847102666469487, 0.4982540468318969, -35.94621793919367], [-0.5509878189395495, -0.7266409842285346, -0.41037214863694144, 62.377487784391825], [0.0, 0.0, 0.0, 1.0]]}, {"class": "SaladDressing", "pose": [[0.13312836876310574, -0.16236707058073194, -0.9777084996259401, 20.53815251454955], [0.7378226570110205, -0.6424221480702849, 0.20715100319910695, -32.667561857086994], [-0.661736043246534, -0.7489530905808217, 0.034273519444880975, 58.72314986661936], [0.0, 0.0, 0.0, 1.0]]}, {"class": "Mayo", "pose": [[-0.017124076903606074, 0.9320599059425373, -0.3618994834810944, 9.081512836847915], [0.6490298667902071, 0.28569269475138526, 0.7050815157387189, -25.859966030213837], [0.7605701871282468, -0.2228097139530156, -0.6098268760698854, 60.260581290951734], [0.0, 0.0, 0.0, 1.0]]}, {"class": "Mushrooms", "pose": [[0.6404762485178853, -0.03265960717716995, -0.7672833007193519, 20.082535067078627], [0.5443015039020876, -0.685521002247834, 0.4835254450217507, -23.21429073036645], [-0.5417805422287205, -0.7273199560900879, -0.42128318562784123, 57.720441601698525], [0.0, 0.0, 0.0, 1.0]]}, {"class": "Parmesan", "pose": [[0.9721707502175876, -0.08494380865555458, -0.21833167477889884, -12.12660796576871], [0.09996560277239971, -0.6924382430112944, 0.7145181491986166, -23.86127457309706], [-0.2118751072094197, -0.7164592403820137, -0.6646766828868782, 57.814616018608376], [0.0, 0.0, 0.0, 1.0]]}, {"class": "Mustard", "pose": [[0.870890269956334, -0.14214434602293605, -0.4704734434677347, -9.92693803131256], [0.2877667555036793, -0.628539982729719, 0.7225841211882802, -19.553160850306266], [-0.39842261107476373, -0.7646780285013285, -0.5064848790131475, 49.9884873018821], [0.0, 0.0, 0.0, 1.0]]}, {"class": "Milk", "pose": [[-0.10652886669736976, -0.49734524837150285, -0.8609874812688953, -1.9696586689396667], [-0.6293197000582504, -0.6366801775376739, 0.44564009503816066, -21.06285390711504], [-0.7698105786440328, 0.5893098828306711, -0.24516429585711713, 56.18500137216863], [0.0, 0.0, 0.0, 1.0]]}, {"class": "AlphabetSoup", "pose": [[0.9918226829711254, -0.10605807799224849, -0.07099005603493094, 13.048623577671965], [-0.013975090805680117, -0.6431528966513657, 0.7656102637911547, -14.209915630844646], [-0.12685663421683924, -0.7583574669297398, -0.639375745289387, 48.279053075249195], [0.0, 0.0, 0.0, 1.0]]}, {"class": "Yogurt", "pose": [[0.9615104067108566, -0.08367613518491689, -0.26171774988818614, 22.368043178054958], [0.13870795908113415, -0.6744084924234673, 0.7252125999257637, -13.674750719509685], [-0.23718767113717606, -0.7336017331701684, -0.6368441745886712, 48.66576091886507], [0.0, 0.0, 0.0, 1.0]]}, {"class": "Cherries", "pose": [[0.9053707277444545, -0.08963048286309172, 0.41505464737128184, -18.841146368024653], [-0.3674935726789152, -0.6550862224162326, 0.6601594829255631, -13.936822073316616], [0.21272612035406366, -0.7502189213998348, -0.626034475608214, 53.33842396178501], [0.0, 0.0, 0.0, 1.0]]}, {"class": "Cookies", "pose": [[0.8007999319023309, -0.11293548884852886, 0.5881880505782656, -31.349581010435568], [-0.4882824321587234, -0.691817079156829, 0.5319487034371893, -15.646029128503407], [0.3468425966290859, -0.7131863145307068, -0.6091514515184027, 48.47347250323566], [0.0, 0.0, 0.0, 1.0]]}, {"class": "TomatoSauce", "pose": [[0.3721778306242175, -0.08894074551109252, -0.9238903314782964, 0.31248988418587365], [0.6817725236051402, -0.6492453629282745, 0.3371449427614808, -8.273383765993204], [-0.629817393714233, -0.755360850504236, -0.18099732886924996, 44.654647104371314], [0.0, 0.0, 0.0, 1.0]]}, {"class": "PeasAndCarrots", "pose": [[0.989793470602002, -0.08723722338551362, 0.11268846803876495, 9.69751437766001], [-0.14234321841612413, -0.6434032769731868, 0.7521772789758641, -3.9630488091178444], [0.006886239886139222, -0.7605405325670337, -0.649253937208053, 41.76816739811993], [0.0, 0.0, 0.0, 1.0]]}, {"class": "Ketchup", "pose": [[0.9815046930081869, -0.08650256473130288, 0.17078050918387655, -27.49964675458768], [-0.18273956523417426, -0.6892042182158176, 0.7011446530837826, -2.7240070371576888], [0.057051800124906564, -0.7193850609338757, -0.6922645615405613, 38.55947032547732], [0.0, 0.0, 0.0, 1.0]]}, {"class": "MacaroniAndCheese", "pose": [[-0.4842513861175511, 0.8708354884357249, -0.08453570573098955, 3.257632008970024], [0.7038660542170105, 0.3303597907396104, -0.6288362378552048, 7.351734016607092], [-0.519685653799087, -0.3640166299882766, -0.7729286585996593, 33.70993984276267], [0.0, 0.0, 0.0, 1.0]]}, {"class": "Pineapple", "pose": [[0.9762958573116238, -0.09885985748694738, -0.19254419231209022, -15.824202524576647], [0.07980422429069904, -0.6624981574605938, 0.7448003120320964, 6.016484473649903], [-0.2011910393914887, -0.7425112341353751, -0.6389047110552633, 35.84012111692873], [0.0, 0.0, 0.0, 1.0]]}]}