{"camera": {"camera": "RealSense D415", "extrinsics": [[-0.8611027, -0.4947155, -0.11729751, 0.5570395], [-0.31011516, 0.6938776, -0.64989424, -0.15785676], [0.40290287, -0.52325, -0.7509186, 0.013388458], [0.0, 0.0, 0.0, 1.0]], "height": 480, "intrinsics": [[604.50507, 0.0, 326.28275], [0.0, 602.9669, 245.73769], [0.0, 0.0, 1.0]], "width": 640}, "objects": [{"class": "OrangeJuice", "pose": [[-0.622807437430327, -0.10043356443678507, 0.7759021093210063, -11.869948631776273], [-0.5384809323540194, -0.6644312385151093, -0.5182369486181918, -6.371167774377391], [0.5675819493649453, -0.7405702209289233, 0.35973114320992267, 37.80456459852182], [0.0, 0.0, 0.0, 1.0]]}, {"class": "ChocolatePudding", "pose": [[0.8574050223004686, -0.07423552710150037, -0.5092600538847422, -3.37002341253666], [0.34279294793429327, -0.6557003211286856, 0.6727185175501905, -34.57451673831064], [-0.3838615705818428, -0.7513628937030198, -0.5367533077340181, 70.03852164707676], [0.0, 0.0, 0.0, 1.0]]}, {"class": "CreamCheese", "pose": [[0.9747121307170445, -0.14788819178468107, -0.16752741028408685, -15.273853383114123], [0.01105454805993892, -0.7168542786832234, 0.6971354676369704, -32.15497474188776], [-0.22319082325351197, -0.6813582442935454, -0.697091684153083, 69.2860423543161], [0.0, 0.0, 0.0, 1.0]]}, {"class": "Raisins", "pose": [[0.17790679644319773, -0.0799548962029053, -0.9807937981988353, 4.047651150809273], [0.7520019505984753, -0.6318088597993399, 0.1879115512995894, -41.32217784990748], [-0.6346986277408828, -0.7709894935451679, -0.05227685485519292, 69.74742696383097], [0.0, 0.0, 0.0, 1.0]]}, {"class": "BBQSauce", "pose": [[0.6286148528788378, -0.0644279672001534, -0.7750435420125568, 10.522897166358291], [0.5373638694764228, -0.6844352614693823, 0.49273579611728685, -35.23656603641003], [-0.5622130614372765, -0.7262213410657701, -0.3956248906435298, 62.1646320705425], [0.0, 0.0, 0.0, 1.0]]}, {"class": "SaladDressing", "pose": [[0.11517280792313885, -0.1712561482429005, -0.9784715858096796, 20.970242512257258], [0.7394542568018398, -0.6429458610643524, 0.1995698924550894, -31.87321965245641], [-0.6632817919831395, -0.7465199081910442, 0.052586194621993584, 58.31940595134475], [0.0, 0.0, 0.0, 1.0]]}, {"class": "Mayo", "pose": [[-0.008034697688080966, 0.9255490572833308, -0.37854256620332233, 9.49198044298345], [0.6481577162670991, 0.29308538930221767, 0.702846106596358, -25.15566617486425], [0.7614637490711479, -0.2397081170891827, -0.6022565850356614, 60.07600124938364], [0.0, 0.0, 0.0, 1.0]]}, {"class": "Mushrooms", "pose": [[0.6261287097629051, -0.04084259133327027, -0.7786493496925433, 20.423405175862406], [0.5497391730910106, -0.6850632978991849, 0.4779908362901709, -22.422798574357746], [-0.5529464435552468, -0.7273377394252852, -0.40648500603843424, 57.33560416043719], [0.0, 0.0, 0.0, 1.0]]}, {"class": "Parmesan", "pose": [[0.967283545461934, -0.0928619839249072, -0.23609168315068063, -11.772540668867526], [0.10766297001056994, -0.6923939574377417, 0.7134419476936308, -23.318325080428178], [-0.22972007121395827, -0.7155188935147048, -0.6597434491313234, 58.02509735867049], [0.0, 0.0, 0.0, 1.0]]}, {"class": "Mustard", "pose": [[0.8611246018377786, -0.15143543865459008, -0.4853162023485454, -9.751352850436668], [0.2948538579488784, -0.6288932130235356, 0.7194127113154637, -18.98595867781781], [-0.4141566165762013, -0.7626012421774713, -0.49690407438687295, 50.164303067188534], [0.0, 0.0, 0.0, 1.0]]}, {"class": "Milk", "pose": [[-0.11591613842792899, -0.48143565770536323, -0.8687826221642322, -1.6693379268243547], [-0.6293932941844931, -0.6410559201869003, 0.43921692654722577, -20.44009072887927], [-0.7683928356149247, 0.5977182535644018, -0.22870364294939108, 56.210855165567295], [0.0, 0.0, 0.0, 1.0]]}, {"class": "AlphabetSoup", "pose": [[0.9893823275357697, -0.11512695662594172, -0.08870446466073896, 13.146823803483848], [-0.006203221697491114, -0.6432332910888335, 0.7656452007374381, -13.464013503525033], [-0.1452040520178844, -0.756965480292085, -0.6371177769380681, 48.03581617823705], [0.0, 0.0, 0.0, 1.0]]}, {"class": "Yogurt", "pose": [[0.9558585847673607, -0.09205067642346117, -0.2790360677928953, 22.46741077992343], [0.14634589831639774, -0.6743387325224094, 0.7237750147682024, -12.857337684220157], [-0.25478878877144967, -0.7326622494220327, -0.6311011948609926, 48.25058211329963], [0.0, 0.0, 0.0, 1.0]]}, {"class": "Cherries", "pose": [[0.911955031695757, -0.09846015985757346, 0.39830102349656116, -18.644972032817208], [-0.3606996444642075, -0.6550472380609225, 0.6639344866241116, -13.44173004475575], [0.19553488506124503, -0.7491453366296572, -0.6328881339517022, 53.68474538166935], [0.0, 0.0, 0.0, 1.0]]}, {"class": "Cookies", "pose": [[0.8108177180686718, -0.12079222500978734, 0.5726988341841586, -31.22780465469389], [-0.48241860425376903, -0.6919918506377216, 0.5370471944415119, -15.242771650165801], [0.33143178755046554, -0.7117278583921852, -0.6193516307852289, 49.050239444193004], [0.0, 0.0, 0.0, 1.0]]}, {"class": "TomatoSauce", "pose": [[0.3551964678461961, -0.09791070331644727, -0.9296499618880547, 0.3004661683822074], [0.6852196917190901, -0.6491963629811356, 0.33017900676622775, -7.622478475825396], [-0.6358533979703559, -0.7542927802533798, -0.16350191042897316, 44.65418908404765], [0.0, 0.0, 0.0, 1.0]]}, {"class": "PeasAndCarrots", "pose": [[0.9908173941232157, -0.09634837416317295, 0.09485763296535647, 9.596995683843868], [-0.13470982430802125, -0.6433364050064703, 0.7536389409823012, -3.2371397308148087], [-0.011586511450155617, -0.7594967294108248, -0.6504079393222542, 41.59923028607592], [0.0, 0.0, 0.0, 1.0]]}, {"class": "Ketchup", "pose": [[0.9837698795753457, -0.09449948053530142, 0.15253445660461024, -27.661626246403127], [-0.17521641642839014, -0.6891692834040143, 0.7030967404013909, -2.28204812208386], [0.038679788786284044, -0.7184118414147087, -0.6945418035088454, 39.080779835139815], [0.0, 0.0, 0.0, 1.0]]}, {"class": "MacaroniAndCheese", "pose": [[-0.49919171787516475, 0.8613790188426783, -0.09398884473842266, 2.9221508748975555], [0.7006014257017404, 0.337412593822561, -0.628737229668557, 8.035255697373673], [-0.5098680161947838, -0.37970911255536804, -0.7719168431060146, 33.67389097138749], [0.0, 0.0, 0.0, 1.0]]}, {"class": "Pineapple", "pose": [[0.9717607724498105, -0.10748794633119078, -0.21006530116620165, -16.1061358108065], [0.0875239013026778, -0.6625374496615684, 0.7438977178573513, 6.550824373983616], [-0.219136148834676, -0.7412762593581917, -0.6344201071471319, 36.155366195625824], [0.0, 0.0, 0.0, 1.0]]}]}