{"camera": {"camera": "RealSense D415", "extrinsics": [[-0.8529263, -0.50992924, -0.1117537, 0.5414864], [-0.3225532, 0.68311036, -0.6552249, -0.14184272], [0.41045845, -0.52281207, -0.74712205, 0.009555281], [0.0, 0.0, 0.0, 1.0]], "height": 480, "intrinsics": [[604.50507, 0.0, 326.28275], [0.0, 602.9669, 245.73769], [0.0, 0.0, 1.0]], "width": 640}, "objects": [{"class": "OrangeJuice", "pose": [[-0.6096897856637961, -0.09457644391711185, 0.7869776044090178, -13.312703846423691], [-0.5461525146856525, -0.669430863504643, -0.5035670873211167, -5.728443499616132], [0.5744526443342431, -0.7368294125862952, 0.3564919651880394, 37.86188808249355], [0.0, 0.0, 0.0, 1.0]]}, {"class": "ChocolatePudding", "pose": [[0.8488187150063266, -0.06860502022770691, -0.524213914907543, -4.114721428449819], [0.35525256456292154, -0.660314650890261, 0.6616496345757676, -33.636846074065296], [-0.3915385937366461, -0.7478488350638155, -0.5361152810608214, 70.16086094829525], [0.0, 0.0, 0.0, 1.0]]}, {"class": "CreamCheese", "pose": [[0.972784358421744, -0.14072813451038033, -0.1840822438350688, -16.062323704238068], [0.026261585823838966, -0.722362885965147, 0.6910153774216815, -31.419493204881544], [-0.2302194739261316, -0.677043151815959, -0.6990075174723003, 69.48283271064571], [0.0, 0.0, 0.0, 1.0]]}, {"class": "Raisins", "pose": [[0.16082162321152055, -0.0748615065481174, -0.9841403602500447, 3.412320453548834], [0.7519180266409248, -0.6366128445995911, 0.1712992383122078, -40.26124806442333], [-0.6393400697849625, -0.7675414025346753, -0.04609138358699741, 69.84701493918186], [0.0, 0.0, 0.0, 1.0]]}, {"class": "BBQSauce", "pose": [[0.6155529708049361, -0.058141042209290464, -0.7859479929818288, 9.731125255198354], [0.5451572184266379, -0.6887655830883944, 0.4779180269600042, -34.103727525546425], [-0.5691205430902803, -0.7226489897215074, -0.39227565584115737, 62.19065154318678], [0.0, 0.0, 0.0, 1.0]]}, {"class": "SaladDressing", "pose": [[0.09810472956859448, -0.16578826868954877, -0.9812694840508044, 20.093330661769837], [0.7381946969231653, -0.6491562956490394, 0.18347957651152327, -30.584592256418354], [-0.6674159771887815, -0.7423680481931083, 0.058698717989462516, 58.25551849877343], [0.0, 0.0, 0.0, 1.0]]}, {"class": "Mayo", "pose": [[-0.013454110948411976, 0.9188037324666536, -0.39448545782077304, 8.517265211935609], [0.6514490745248147, 0.30735467054152005, 0.6936478007895542, -24.051173912579205], [0.7585730411736875, -0.24765476514317677, -0.6026889774874624, 60.06405494621091], [0.0, 0.0, 0.0, 1.0]]}, {"class": "Mushrooms", "pose": [[0.6129263494084799, -0.03455697903647962, -0.789384059712886, 19.38183157246932], [0.5575321090689879, -0.6890057000010156, 0.4630649570700697, -21.149246782120635], [-0.5598922071444534, -0.7239315802230543, -0.4030430853062309, 57.233082662294606], [0.0, 0.0, 0.0, 1.0]]}, {"class": "Parmesan", "pose": [[0.9636978139325757, -0.08636160951689281, -0.25264260161611674, -12.788976661461648], [0.12270157996528873, -0.6971473639498516, 0.7063497270863115, -22.577912573074833], [-0.23713061286794637, -0.7117072415719414, -0.6612426330882143, 58.15737087631787], [0.0, 0.0, 0.0, 1.0]]}, {"class": "Mustard", "pose": [[0.8531231746668624, -0.14631947659049757, -0.50077095357533, -10.896198405360536], [0.30724249078865196, -0.634849872860893, 0.7089201312740382, -18.248876534956473], [-0.42164317339186713, -0.7586542115824132, -0.4966495410838538, 50.26284637489225], [0.0, 0.0, 0.0, 1.0]]}, {"class": "Milk", "pose": [[-0.11083874484282069, -0.4664150520072353, -0.8775943597305572, -2.748354697942512], [-0.6347848307828746, -0.646217169047035, 0.4236173400368566, -19.540156662579843], [-0.7646979496953936, 0.6040367621162239, -0.22444727849165666, 56.25780193197068], [0.0, 0.0, 0.0, 1.0]]}, {"class": "AlphabetSoup", "pose": [[0.9882933368749296, -0.10973759226195705, -0.10599070459854291, 11.89092708307567], [0.00961156806423392, -0.6485567506051134, 0.7611056567566632, -12.356063457244042], [-0.15226288494648904, -0.753214290214846, -0.6399095185746335, 47.94541415656507], [0.0, 0.0, 0.0, 1.0]]}, {"class": "Yogurt", "pose": [[0.9514511362250403, -0.08597344678471357, -0.29554930240514615, 21.20137527074103], [0.1610723994319709, -0.6791606180166987, 0.7160981768022554, -11.593181396264097], [-0.2622908635049259, -0.728937165300573, -0.632340143470197, 48.0906273826042], [0.0, 0.0, 0.0, 1.0]]}, {"class": "Cherries", "pose": [[0.9192135907465954, -0.09282084392678078, 0.38266271551798775, -19.855948472141826], [-0.34454586670852694, -0.6600550492145527, 0.6675444101208187, -12.837382420439528], [0.19061640143187797, -0.7454606559733755, -0.6387125667930812, 53.82192724024186], [0.0, 0.0, 0.0, 1.0]]}, {"class": "Cookies", "pose": [[0.8210887847879076, -0.11426708284098798, 0.5592462155461211, -32.439510169662476], [-0.4673032205909977, -0.6971931672561935, 0.5436445983357763, -14.869252191152704], [0.32778192769887315, -0.7077179476485647, -0.6258548230449422, 49.285899240170664], [0.0, 0.0, 0.0, 1.0]]}, {"class": "TomatoSauce", "pose": [[0.33918886585861735, -0.09240566339696933, -0.9361688923361215, -1.0748236617681983], [0.6880944896145824, -0.6542197035326173, 0.3138831225390269, -6.745095326901965], [-0.6414646699455475, -0.7506382209304764, -0.15832019317977175, 44.62966709054045], [0.0, 0.0, 0.0, 1.0]]}, {"class": "PeasAndCarrots", "pose": [[0.9928211901667201, -0.09097832926793041, 0.07764738429389248, 8.12529762286776], [-0.11823385231597727, -0.6483586607696536, 0.7520983080120663, -2.2196405191629838], [-0.018081299526935685, -0.7558795907060014, -0.6544608896183529, 41.488416485541606], [0.0, 0.0, 0.0, 1.0]]}, {"class": "Ketchup", "pose": [[0.9868075773901885, -0.0880731892079891, 0.13584552578634868, -29.161000339270547], [-0.15861930694939463, -0.6939638382575889, 0.7023205595714791, -1.897159851278668], [0.0324162608237068, -0.7146028801862767, -0.6987788310632965, 39.23282599338053], [0.0, 0.0, 0.0, 1.0]]}, {"class": "MacaroniAndCheese", "pose": [[-0.5144220714890618, 0.8529113316356394, -0.0889510037073943, 1.207152499032349], [0.6898204942115183, 0.34995843883764627, -0.6337798029246452, 8.90319108875687], [-0.5094287818591414, -0.3873905237140424, -0.7683819645388432, 33.560407532926625], [0.0, 0.0, 0.0, 1.0]]}, {"class": "Pineapple", "pose": [[0.9685855862880935, -0.10166628916375764, -0.22694936882650876, -17.775622580749072], [0.10268908085134916, -0.6676581667775784, 0.7373517388276886, 7.113402530967053], [-0.22648840506104936, -0.7374933936384639, -0.6362440112024824, 36.18488023132846], [0.0, 0.0, 0.0, 1.0]]}]}