{"camera": {"camera": "RealSense D415", "extrinsics": [[-0.8429377, -0.52902925, -0.09789846, 0.52354926], [-0.34630615, 0.67277855, -0.6537898, -0.120751806], [0.41173792, -0.51720124, -0.75031644, 0.004837104], [0.0, 0.0, 0.0, 1.0]], "height": 480, "intrinsics": [[604.50507, 0.0, 326.28275], [0.0, 602.9669, 245.73769], [0.0, 0.0, 1.0]], "width": 640}, "objects": [{"class": "OrangeJuice", "pose": [[-0.593500967144595, -0.080328322552547, 0.8008146349331283, -15.160796860353365], [-0.5645487732063138, -0.6676110252174651, -0.4853661430844051, -5.533571651381856], [0.5736212849242258, -0.7401641048205989, 0.3508784764265076, 37.67844292260983], [0.0, 0.0, 0.0, 1.0]]}, {"class": "ChocolatePudding", "pose": [[0.8380732619748968, -0.05463764532433805, -0.5428149336605641, -5.137817215926832], [0.37878776249076196, -0.6577793191693854, 0.6510347835819542, -33.37431920615606], [-0.3926234277064996, -0.7512264082268204, -0.5305711200216384, 69.78978250129518], [0.0, 0.0, 0.0, 1.0]]}, {"class": "CreamCheese", "pose": [[0.9709397093457254, -0.12489991956523373, -0.2041475148930123, -17.140233859873966], [0.052177818465780845, -0.7220200491023797, 0.6899018880447061, -31.45711976104581], [-0.23356729016270383, -0.6805050253303335, -0.6945208544519023, 69.16695038932723], [0.0, 0.0, 0.0, 1.0]]}, {"class": "Raisins", "pose": [[0.13932220165546183, -0.061566394336532486, -0.9883314323358484, 2.553494386190558], [0.7592100284967139, -0.6341374628695117, 0.14652611367513552, -39.80384783365166], [-0.6357590111819913, -0.7707653828308714, -0.04160757302299956, 69.41235888945369], [0.0, 0.0, 0.0, 1.0]]}, {"class": "BBQSauce", "pose": [[0.5994073663781438, -0.04336184245003356, -0.7992688388018844, 8.685557446557935], [0.5636736459147292, -0.6860918197976522, 0.459945786893677, -33.446607113688636], [-0.5683158670016629, -0.726221585399429, -0.38680650203490025, 61.76738974516596], [0.0, 0.0, 0.0, 1.0]]}, {"class": "SaladDressing", "pose": [[0.07686891131889717, -0.15205136384496698, -0.9853789474888818, 18.94046578310778], [0.7440525145769596, -0.6491197342663242, 0.15820719740589576, -29.64446219428249], [-0.6636844754453483, -0.7453348060997517, 0.0632370909472655, 57.81448679129409], [0.0, 0.0, 0.0, 1.0]]}, {"class": "Mayo", "pose": [[-0.027129783346171252, 0.909786672661539, -0.41418872755278235, 7.20934723520762], [0.6467769529394441, 0.33190146060121267, 0.6866739290015692, -23.41670225127687], [0.7621965431499811, -0.24925840833067192, -0.5974333948559181, 59.700624887871825], [0.0, 0.0, 0.0, 1.0]]}, {"class": "Mushrooms", "pose": [[0.5965023930232493, -0.019784223907028393, -0.8023674946872478, 17.986219352551743], [0.575927721959389, -0.6857266322225679, 0.4450689116447764, -20.224798851212366], [-0.5590100621329687, -0.7275902669106041, -0.3976432317208961, 56.846649824580155], [0.0, 0.0, 0.0, 1.0]]}, {"class": "Parmesan", "pose": [[0.9593858217049303, -0.07131983108923186, -0.2729330389192909, -14.134363897346569], [0.14839231724455254, -0.6952459756545087, 0.7032871708571877, -22.474090906646175], [-0.2399139200839885, -0.7152248189491555, -0.6564257422675258, 57.87870961395254], [0.0, 0.0, 0.0, 1.0]]}, {"class": "Mustard", "pose": [[0.8434808347999334, -0.13301240919850504, -0.5204304922400028, -12.381416163915604], [0.3310662103507969, -0.6342359740621, 0.6986701544668705, -18.05570634650831], [-0.42300751962630884, -0.7616117421798148, -0.49092991181614837, 50.00141727570946], [0.0, 0.0, 0.0, 1.0]]}, {"class": "Milk", "pose": [[-0.09756754076597543, -0.44762640043430996, -0.8888820492910516, -4.181130717108095], [-0.633238133519972, -0.6611055682429599, 0.4024288571506734, -19.172354340076645], [-0.7677825595727374, 0.6021379547920812, -0.21895161661228593, 55.95982901844728], [0.0, 0.0, 0.0, 1.0]]}, {"class": "AlphabetSoup", "pose": [[0.9871567291799401, -0.09607478425726947, -0.12763755244221056, 10.240207275110091], [0.035504289033248246, -0.647039729332842, 0.7616292571182042, -11.574259817651026], [-0.15575994400634197, -0.7563790345651712, -0.6353184884101739, 47.634593621004015], [0.0, 0.0, 0.0, 1.0]]}, {"class": "Yogurt", "pose": [[0.9460766071684672, -0.0714520536802551, -0.3159648308312732, 19.528804234379844], [0.18657592972904663, -0.6771620456759441, 0.7117872417478531, -10.576237535616801], [-0.2648180495297987, -0.7323566015649369, -0.6273158650870224, 47.75053448767302], [0.0, 0.0, 0.0, 1.0]]}, {"class": "Cherries", "pose": [[0.9283570221338017, -0.07884318256343105, 0.3632314812167105, -21.462103467772174], [-0.32214483915303826, -0.6581470473158161, 0.6804889844000684, -12.89261169594129], [0.185407766345442, -0.748749783176127, -0.6363943024374774, 53.622469764679614], [0.0, 0.0, 0.0, 1.0]]}, {"class": "Cookies", "pose": [[0.8338882119890848, -0.09920008684497987, 0.5429455862278951, -34.00696933407596], [-0.44809354481339386, -0.6960212820466339, 0.5610406769638269, -15.218426728956178], [0.3222463443176268, -0.711135531567529, -0.6248548112309623, 49.120581275453816], [0.0, 0.0, 0.0, 1.0]]}, {"class": "TomatoSauce", "pose": [[0.3192407312769973, -0.0785953835017882, -0.944408935850721, -2.8758929236235575], [0.699944237418225, -0.652275069583946, 0.2908872449551184, -6.276118078113568], [-0.638876742706692, -0.753896557630796, -0.15322034402555812, 44.39647000264703], [0.0, 0.0, 0.0, 1.0]]}, {"class": "PeasAndCarrots", "pose": [[0.9954247092783652, -0.07733665270151986, 0.05611423380714518, 6.194769413788381], [-0.09291054278563701, -0.6463513816447227, 0.7573622737227789, -1.5017745571555525], [-0.022302374592334424, -0.7591106329832231, -0.6505794623116694, 41.24715850900658], [0.0, 0.0, 0.0, 1.0]]}, {"class": "Ketchup", "pose": [[0.9906253047246425, -0.07312235606900702, 0.11538952990146839, -31.095885522577937], [-0.13370866610171495, -0.6920912449663082, 0.7093178359688875, -2.1130416710404583], [0.02799306291993722, -0.7180966897311112, -0.6953801251315475, 39.12745517272235], [0.0, 0.0, 0.0, 1.0]]}, {"class": "MacaroniAndCheese", "pose": [[-0.5336407181870872, 0.8423142175274001, -0.07572621588809077, -1.0326451738286613], [0.6792999137460561, 0.37357675480034724, -0.6316582356233021, 9.4847887800159], [-0.503765093739985, -0.38851934956447215, -0.7715396497559479, 33.405516845449505], [0.0, 0.0, 0.0, 1.0]]}, {"class": "Pineapple", "pose": [[0.9648189964586623, -0.08746325337598543, -0.2479407193466694, -19.95402220757314], [0.12845286043350057, -0.6660151786468111, 0.7347950296727711, 7.199829281758012], [-0.22939984841404013, -0.7407928072615926, -0.6313491205818627, 36.08831668339758], [0.0, 0.0, 0.0, 1.0]]}]}