{"camera": {"camera": "RealSense D415", "extrinsics": [[-0.83444494, -0.54216, -0.098814, 0.5126854], [-0.35896072, 0.67076945, -0.6490112, -0.10481765], [0.4181493, -0.50609374, -0.75433433, -0.0044676987], [0.0, 0.0, 0.0, 1.0]], "height": 480, "intrinsics": [[604.50507, 0.0, 326.28275], [0.0, 602.9669, 245.73769], [0.0, 0.0, 1.0]], "width": 640}, "objects": [{"class": "OrangeJuice", "pose": [[-0.5808229309307532, -0.08098012209258083, 0.8099920166699333, -15.903801297163788], [-0.5756294424195885, -0.6627120053160482, -0.4790235859235292, -4.989643676478107], [0.5755827363811807, -0.7444831055998324, 0.3383037103076199, 37.53120755941459], [0.0, 0.0, 0.0, 1.0]]}, {"class": "ChocolatePudding", "pose": [[0.829427845537002, -0.055523890432872175, -0.5558477048411646, -5.218464973224924], [0.3912362452870518, -0.6525060814088386, 0.6489761682369491, -32.96398661304912], [-0.3987276367295257, -0.7557466421350604, -0.5194836532184529, 69.31115482604201], [0.0, 0.0, 0.0, 1.0]]}, {"class": "CreamCheese", "pose": [[0.9676740213403603, -0.12428338533608049, -0.2194555829559265, -17.24767243785159], [0.06491944442841108, -0.7180806677812408, 0.6929254455822039, -31.177307381762038], [-0.24370591770695865, -0.6847728653134973, -0.6867994830781939, 68.83415862812194], [0.0, 0.0, 0.0, 1.0]]}, {"class": "Raisins", "pose": [[0.12384227411028258, -0.06293046497213475, -0.9903044845196507, 2.5396211285775516], [0.7656394845386383, -0.6287929098982563, 0.13570449151901318, -39.303366274193074], [-0.631236274890075, -0.7750221324612104, -0.02968906885879636, 68.79936703836555], [0.0, 0.0, 0.0, 1.0]]}, {"class": "BBQSauce", "pose": [[0.586796613317367, -0.0436586058331167, -0.8085566059801401, 8.515976110850442], [0.5747797626105771, -0.6808829006607053, 0.45390169962507887, -32.81836051233928], [-0.5703489975251094, -0.7310899267315232, -0.37444561875567667, 61.13841861864334], [0.0, 0.0, 0.0, 1.0]]}, {"class": "SaladDressing", "pose": [[0.061259574302259895, -0.15295778219237557, -0.9863322491743081, 18.683748198317147], [0.749996644942904, -0.6449900859013348, 0.14660448323542383, -28.87041814178743], [-0.6585987058076037, -0.7487267728006507, 0.07520602204346305, 57.1041837991966], [0.0, 0.0, 0.0, 1.0]]}, {"class": "Mayo", "pose": [[-0.02599014032576033, 0.9032299154899045, -0.42836941616797886, 6.9051639767235775], [0.6404987814906762, 0.3440499275435708, 0.68657920963831, -22.789987554023917], [0.7675193154559918, -0.2565257645095457, -0.5874594572362271, 59.16694233761245], [0.0, 0.0, 0.0, 1.0]]}, {"class": "Mushrooms", "pose": [[0.5838571683128974, -0.02010298275854039, -0.8116075415075947, 17.613716945717332], [0.5869277940762756, -0.6802415979962196, 0.43907537591813284, -19.454875313732035], [-0.5609158506803569, -0.7327123023649317, -0.3853648553904935, 56.22104505030286], [0.0, 0.0, 0.0, 1.0]]}, {"class": "Parmesan", "pose": [[0.9549765451223621, -0.07139016271571055, -0.28796417706327887, -14.466459240071583], [0.1610440531794155, -0.6904363640095559, 0.7052393161403834, -22.07370662635593], [-0.24916806785299253, -0.7198618977501884, -0.6478534583387127, 57.58499298451816], [0.0, 0.0, 0.0, 1.0]]}, {"class": "Mustard", "pose": [[0.8350346554504418, -0.1342661523448602, -0.5335633503806402, -12.849562226407517], [0.3438157375963559, -0.6297670440425751, 0.6965516934587783, -17.574891527270577], [-0.42954387727743376, -0.7650922447723107, -0.4797143898553145, 49.72414173026865], [0.0, 0.0, 0.0, 1.0]]}, {"class": "Milk", "pose": [[-0.098904509576708, -0.4335741136536285, -0.8956737744809817, -4.572409081899764], [-0.6283222489727454, -0.6707555534504622, 0.39407891570412457, -18.64530063547753], [-0.7716405392348626, 0.6017478455022827, -0.20608345395546593, 55.58393829114549], [0.0, 0.0, 0.0, 1.0]]}, {"class": "AlphabetSoup", "pose": [[0.984929338847265, -0.09713252773765706, -0.14310693159777202, 9.670869402267568], [0.047826581816535096, -0.6421941964204954, 0.7650485507449335, -10.820926100963625], [-0.16621353546650347, -0.7603630450222779, -0.6278702746138708, 47.16231496112564], [0.0, 0.0, 0.0, 1.0]]}, {"class": "Yogurt", "pose": [[0.9409688778682863, -0.07191250702637633, -0.3307662113255054, 18.948444715166303], [0.1992673796278807, -0.6722227279839884, 0.7130281679143876, -9.719287659802486], [-0.2736241818674815, -0.7368482022754191, -0.618210736927433, 47.184982024380226], [0.0, 0.0, 0.0, 1.0]]}, {"class": "Cherries", "pose": [[0.9338784581216784, -0.07969516711766213, 0.3485969450992229, -21.947100384100704], [-0.31309764610007423, -0.6531655900778405, 0.6894524122709274, -12.542634564868873], [0.17274545299162056, -0.7530096067427126, -0.6349295409535038, 53.48441311951622], [0.0, 0.0, 0.0, 1.0]]}, {"class": "Cookies", "pose": [[0.8423307177637686, -0.09921345280429553, 0.5297506744048295, -34.51384054953671], [-0.44115990522090665, -0.6915573067082118, 0.5719497201724187, -14.974593336174758], [0.3096077714223558, -0.7154755496192441, -0.6262888687526279, 49.10118406895293], [0.0, 0.0, 0.0, 1.0]]}, {"class": "TomatoSauce", "pose": [[0.30436690373699704, -0.07956951299084693, -0.9492257923434758, -3.53837521905489], [0.7084296744889297, -0.6472514487021522, 0.2814125286795466, -5.6458770734787835], [-0.6367795225847719, -0.7581123463011504, -0.14063246906030447, 44.109028339551514], [0.0, 0.0, 0.0, 1.0]]}, {"class": "PeasAndCarrots", "pose": [[0.996096240728437, -0.0784343677239616, 0.04050251232410599, 5.443249672385014], [-0.08151831847433189, -0.6412736947381772, 0.7629697667871951, -0.7453973189154486], [-0.03386987210721035, -0.7632929794886656, -0.6451640416035905, 40.898865958080876], [0.0, 0.0, 0.0, 1.0]]}, {"class": "Ketchup", "pose": [[0.9923054009422766, -0.07325924445797659, 0.09981582389771404, -31.859261991162214], [-0.12275680500254049, -0.6872799522294964, 0.7159448909869602, -1.7601352462636917], [0.01615180875656965, -0.7226890271152845, -0.6909845660451296, 39.18052995798346], [0.0, 0.0, 0.0, 1.0]]}, {"class": "MacaroniAndCheese", "pose": [[-0.5466963277829132, 0.8337715643418536, -0.0771247562184938, -1.9921325736108941], [0.6771340487523717, 0.3860416527026888, -0.6264673776344141, 10.21956828246285], [-0.4925572163545975, -0.3947111613889523, -0.7756226331428946, 33.22318711312734], [0.0, 0.0, 0.0, 1.0]]}, {"class": "Pineapple", "pose": [[0.9607473005218916, -0.08813891370378432, -0.2630518594672176, -20.856206438422966], [0.14108609527331434, -0.6611917854097377, 0.7368311811185482, 7.700918905413677], [-0.23887120985230775, -0.7450214971681722, -0.6228029344925345, 36.09374203319503], [0.0, 0.0, 0.0, 1.0]]}]}