{"camera": {"camera": "RealSense D415", "extrinsics": [[-0.8401798, -0.5344884, -0.0917612, 0.50088334], [-0.34871107, 0.66204315, -0.66339993, -0.09328534], [0.41532943, -0.5253771, -0.74261725, 0.0033888263], [0.0, 0.0, 0.0, 1.0]], "height": 480, "intrinsics": [[604.50507, 0.0, 326.28275], [0.0, 602.9669, 245.73769], [0.0, 0.0, 1.0]], "width": 640}, "objects": [{"class": "OrangeJuice", "pose": [[-0.5889712880564162, -0.07407885858432413, 0.8047517028595533, -17.505400940238257], [-0.5628676169611105, -0.6769482237830282, -0.4742586010579518, -2.9335691963060144], [0.5799077169072003, -0.7322932745458435, 0.35700644261871023, 37.41724715634765], [0.0, 0.0, 0.0, 1.0]]}, {"class": "ChocolatePudding", "pose": [[0.8350225462265499, -0.04846694971995022, -0.5480770573354753, -7.26298334315284], [0.38137218326200073, -0.6670256447250321, 0.6400250930214002, -30.306633292987577], [-0.3966014800526594, -0.743456627913129, -0.5384974545686745, 69.85971561901025], [0.0, 0.0, 0.0, 1.0]]}, {"class": "CreamCheese", "pose": [[0.9706033040708901, -0.11821720256677398, -0.2096522784118971, -19.281112712146008], [0.057818569520305944, -0.7310345138518846, 0.6798864796125064, -28.500760058332062], [-0.2336373055727362, -0.6720217663331054, -0.702709296341032, 69.20781545741988], [0.0, 0.0, 0.0, 1.0]]}, {"class": "Raisins", "pose": [[0.1331677526663606, -0.0555870930516517, -0.9895335180958754, 0.483836885622152], [0.7528491209886575, -0.6436762549494277, 0.13747418821294513, -36.67340970313312], [-0.6445809598705691, -0.7632764672600045, -0.04386822134856474, 69.56222987664539], [0.0, 0.0, 0.0, 1.0]]}, {"class": "BBQSauce", "pose": [[0.5948816004707536, -0.036963089849969405, -0.8029631187728612, 6.565678784634316], [0.5621061174255533, -0.694943241579611, 0.4484313507322118, -30.353823914831235], [-0.5745891467817807, -0.7181139443118179, -0.39263173016246705, 61.8462533007501], [0.0, 0.0, 0.0, 1.0]]}, {"class": "SaladDressing", "pose": [[0.07086580802948077, -0.14595564077504197, -0.9867497893983179, 16.78990360188647], [0.7368244076159101, -0.6591399941682914, 0.1504138724094887, -26.509943612112284], [-0.6723599401923301, -0.7377204313615623, 0.0608331827307046, 57.8544233969521], [0.0, 0.0, 0.0, 1.0]]}, {"class": "Mayo", "pose": [[-0.033209432350310736, 0.9070457847051571, -0.4197204268926156, 5.004196895736445], [0.6554465297300878, 0.33679882388341337, 0.6759855556736837, -20.362086202646836], [0.7545110952133919, -0.25265518015754385, -0.605704851626856, 59.660697082729506], [0.0, 0.0, 0.0, 1.0]]}, {"class": "Mushrooms", "pose": [[0.5918648461398693, -0.013388627201418713, -0.8059261177458101, 15.75492884330772], [0.5744433210073538, -0.6943903221487799, 0.43340168901387494, -17.110931235897258], [-0.5654298973049445, -0.7194740030176715, -0.40329417347677116, 56.77519009463037], [0.0, 0.0, 0.0, 1.0]]}, {"class": "Parmesan", "pose": [[0.9582226216473276, -0.06484803700945652, -0.27857548018210115, -16.34568126573136], [0.15384817374592533, -0.7042087205436433, 0.693124007612819, -19.625591139486126], [-0.24112299118600572, -0.7070253371712866, -0.6648119101401607, 57.81619305548333], [0.0, 0.0, 0.0, 1.0]]}, {"class": "Mustard", "pose": [[0.8408618716716558, -0.12703548847639923, -0.5261306455014222, -14.625887949180571], [0.3333447783858441, -0.6442848106785714, 0.6883156354723401, -15.285257490685616], [-0.42641845547360374, -0.7541611771181186, -0.4994078692853991, 49.88836247231677], [0.0, 0.0, 0.0, 1.0]]}, {"class": "Milk", "pose": [[-0.09159658591311827, -0.4422863273094478, -0.8921844141339411, -6.420110308250148], [-0.6430532200666347, -0.6578169587665459, 0.39212176362067525, -16.260728340214055], [-0.7603240321990516, 0.6096390184757458, -0.2241598388591703, 55.86397378157264], [0.0, 0.0, 0.0, 1.0]]}, {"class": "AlphabetSoup", "pose": [[0.9869135267917306, -0.08999199999237088, -0.1338031736253807, 7.9404134913831195], [0.04220306416957946, -0.656706183350018, 0.7529647818513654, -8.636749488873871], [-0.15563016333199892, -0.7487579329522451, -0.6443142170146492, 47.4576737962877], [0.0, 0.0, 0.0, 1.0]]}, {"class": "Yogurt", "pose": [[0.9446000714597947, -0.06512544119437833, -0.3216979027080116, 17.219963827784703], [0.1916194309924445, -0.6863295526658139, 0.7015937652143166, -7.557146952569194], [-0.2664823563346471, -0.7243689927576583, -0.6358275837351319, 47.566905968760445], [0.0, 0.0, 0.0, 1.0]]}, {"class": "Cherries", "pose": [[0.9309858888240179, -0.07267000115043584, 0.35774922004483933, -23.753184299906817], [-0.31189986321541224, -0.6675734906899149, 0.6760652205506594, -10.158607743437052], [0.18969421707866113, -0.7409890144084149, -0.6441672024232705, 53.44341167834955], [0.0, 0.0, 0.0, 1.0]]}, {"class": "Cookies", "pose": [[0.8375204834713827, -0.09272318905480376, 0.5384812054999798, -36.27457600092061], [-0.4370410613895474, -0.7051768923030239, 0.5583195624418611, -12.645654367256437], [0.3279553011874863, -0.7029423724369703, -0.6311238718354532, 48.96240363606182], [0.0, 0.0, 0.0, 1.0]]}, {"class": "TomatoSauce", "pose": [[0.3135936235380152, -0.0724696231751587, -0.9467879127304545, -5.218881036518919], [0.6951087687179922, -0.6617605886749328, 0.28088573390595384, -3.490714447349476], [-0.6469025491325106, -0.7462044562139938, -0.15714961532597393, 44.15023734057837], [0.0, 0.0, 0.0, 1.0]]}, {"class": "PeasAndCarrots", "pose": [[0.9962045493031736, -0.07125875471406976, 0.0499884439005991, 3.8122230488192854], [-0.08455539945802419, -0.6558880324047087, 0.7501075562575655, 1.3244806496846604], [-0.02066490664862981, -0.7514872532212318, -0.6594238925183674, 40.949848170257326], [0.0, 0.0, 0.0, 1.0]]}, {"class": "Ketchup", "pose": [[0.9917253504250598, -0.06667589748369081, 0.10970557286837242, -33.47038225234999], [-0.1247985533270043, -0.7011037235195874, 0.7020533900910805, 0.3658583700641496], [0.030104942279173225, -0.7099351454034623, -0.7036233238858665, 38.81720138439208], [0.0, 0.0, 0.0, 1.0]]}, {"class": "MacaroniAndCheese", "pose": [[-0.5391647201646885, 0.8393057169016019, -0.06976730470186603, -3.50478346544012], [0.6686821220123874, 0.376246721157174, -0.6413288525424452, 12.155055558602756], [-0.5120212050898871, -0.3924340045846808, -0.7640875851162575, 32.97541974462349], [0.0, 0.0, 0.0, 1.0]]}, {"class": "Pineapple", "pose": [[0.9638210857552406, -0.08122690434823464, -0.25387253369148444, -22.407440537157107], [0.13408160722729118, -0.6754216473651683, 0.7251398440699499, 9.738304081192217], [-0.2303718479703969, -0.7329446112958062, -0.640094530971799, 35.67464994419753], [0.0, 0.0, 0.0, 1.0]]}]}