{"camera": {"camera": "RealSense D415", "extrinsics": [[-0.8310468, -0.54964453, -0.085159495, 0.49888346], [-0.36310905, 0.65212023, -0.6655005, -0.08269083], [0.42132294, -0.5221399, -0.7415234, 0.0012367845], [0.0, 0.0, 0.0, 1.0]], "height": 480, "intrinsics": [[604.50507, 0.0, 326.28275], [0.0, 602.9669, 245.73769], [0.0, 0.0, 1.0]], "width": 640}, "objects": [{"class": "OrangeJuice", "pose": [[-0.5749863793101052, -0.06717112599718454, 0.8154010241639214, -17.551762458389625], [-0.5726822192578995, -0.6787274106745586, -0.45974355134473177, -3.0348951930636066], [0.5843164736490638, -0.7313119701523318, 0.3517912682133066, 37.660975709500015], [0.0, 0.0, 0.0, 1.0]]}, {"class": "ChocolatePudding", "pose": [[0.8254440331973049, -0.04181491290556737, -0.5629332001979556, -6.6071112523610145], [0.39568921938620705, -0.6683646281580998, 0.6298561111451001, -30.197777947764585], [-0.4025819889757317, -0.742657588573422, -0.5351518324209894, 70.05075401224747], [0.0, 0.0, 0.0, 1.0]]}, {"class": "CreamCheese", "pose": [[0.9678114709160709, -0.10993670560287565, -0.2263956808154788, -18.659345087348463], [0.0747003986990913, -0.7335340369563145, 0.6755350637228091, -28.604140919246134], [-0.24033503171240075, -0.6707024577400719, -0.7017102829302961, 69.48017432287014], [0.0, 0.0, 0.0, 1.0]]}, {"class": "Raisins", "pose": [[0.11547755319393915, -0.049480529437323596, -0.9920769822359501, 1.2483332509916734], [0.7545638426851403, -0.645159850870264, 0.12000887215328944, -36.42751021431043], [-0.6459862821471093, -0.7624437703329161, -0.037165250102385486, 69.70436542313816], [0.0, 0.0, 0.0, 1.0]]}, {"class": "BBQSauce", "pose": [[0.5809454886652836, -0.02964811882755411, -0.813402394277819, 7.164995740998653], [0.5720290390927247, -0.6960553984040868, 0.43392351404987606, -30.00802606330588], [-0.579038099550288, -0.7173757214630825, -0.38741062063578363, 61.942563026800656], [0.0, 0.0, 0.0, 1.0]]}, {"class": "SaladDressing", "pose": [[0.053278350885103735, -0.13938567755837886, -0.9888039123031467, 17.292393508548443], [0.7374234802443204, -0.6621908010277934, 0.1330785823366839, -25.988030673249963], [-0.6733260448872146, -0.7362574503326635, 0.06750584836207206, 57.87804102855089], [0.0, 0.0, 0.0, 1.0]]}, {"class": "Mayo", "pose": [[-0.039567367248672984, 0.8992253569878368, -0.4356929051138591, 5.412975794356889], [0.6553591197091017, 0.3525040949358883, 0.6680158999049003, -20.047043988861788], [0.7542803899103329, -0.2591036660282745, -0.6032631425044264, 59.76106088417442], [0.0, 0.0, 0.0, 1.0]]}, {"class": "Mushrooms", "pose": [[0.577774929378668, -0.006096912517714242, -0.8161734407628528, 16.084799788842517], [0.5843185197710635, -0.6950888904408729, 0.41883559673986787, -16.609541328288984], [-0.5698666508570533, -0.7188979876846886, -0.3980423582996684, 56.799618971199706], [0.0, 0.0, 0.0, 1.0]]}, {"class": "Parmesan", "pose": [[0.9536917312211269, -0.057289040924942136, -0.29527982382445367, -15.958696380506193], [0.17049134841767283, -0.7058012323763203, 0.6875880130928737, -19.68774181043786], [-0.24780011016287584, -0.7060896821526561, -0.6633494566348279, 58.06269891317575], [0.0, 0.0, 0.0, 1.0]]}, {"class": "Mustard", "pose": [[0.8319231746176082, -0.12084300099121638, -0.54157264278492, -14.369924743205448], [0.34774834553933875, -0.6470180961251625, 0.6785562811730741, -15.324113731858713], [-0.4324060512417965, -0.7528377055658634, -0.49624634143204727, 50.12032948130515], [0.0, 0.0, 0.0, 1.0]]}, {"class": "Milk", "pose": [[-0.08547432972017205, -0.4264528707004973, -0.9004622228598153, -6.107491121943504], [-0.6451680973078404, -0.6650125678250813, 0.37618661075200993, -16.15032591908599], [-0.7592445744942565, 0.6131037465441037, -0.21829225256868262, 56.0401118083112], [0.0, 0.0, 0.0, 1.0]]}, {"class": "AlphabetSoup", "pose": [[0.9849282016839592, -0.0835504937525545, -0.1514459616125613, 8.058690419089338], [0.05943614937828733, -0.6587815370942588, 0.749982790328564, -8.281549145024208], [-0.1624312331849532, -0.7476805862042029, -0.64388653577804, 47.530281765088176], [0.0, 0.0, 0.0, 1.0]]}, {"class": "Yogurt", "pose": [[0.9392331021392772, -0.05799990174857961, -0.3383449689450617, 17.31833495987377], [0.2079969622350664, -0.6879434774133003, 0.6953207826922003, -7.038769288087476], [-0.27309073753822005, -0.7234430442490387, -0.6340754263140996, 47.57506964916944], [0.0, 0.0, 0.0, 1.0]]}, {"class": "Cherries", "pose": [[0.9376087978837977, -0.06598709470577803, 0.34137306898851405, -23.561449730264002], [-0.2953218507747409, -0.6693362437993088, 0.6817433185956605, -10.356018703126905], [0.1835070810091881, -0.7400234812598694, -0.6470629288256287, 53.73451673285145], [0.0, 0.0, 0.0, 1.0]]}, {"class": "Cookies", "pose": [[0.8473098946915001, -0.08511420075158029, 0.5242343387796587, -36.06754998361265], [-0.4219783199784399, -0.7072564316264237, 0.5672059525863979, -13.066527144590678], [0.32249079050755575, -0.7018147658164927, -0.6351816747802508, 49.341262723685304], [0.0, 0.0, 0.0, 1.0]]}, {"class": "TomatoSauce", "pose": [[0.29687146688801214, -0.06592479324498461, -0.9526391659756661, -5.211485709622815], [0.7000048984141847, -0.6635248556828998, 0.2640603403492182, -3.370452029460896], [-0.6495078341000723, -0.7452440840397805, -0.15083389573710507, 44.309818203210476], [0.0, 0.0, 0.0, 1.0]]}, {"class": "PeasAndCarrots", "pose": [[0.9973732717570383, -0.06485369296230449, 0.03225960417083531, 3.7113346092470136], [-0.06703212144311031, -0.6576360981088188, 0.7503475277611401, 1.6003443353632476], [-0.027447735877358874, -0.7505390188115523, -0.6602558886473405, 41.04425716885128], [0.0, 0.0, 0.0, 1.0]]}, {"class": "Ketchup", "pose": [[0.9939510287049318, -0.05919116014916496, 0.09250884208576708, -33.56236628628831], [-0.10730756050430065, -0.7027311835533818, 0.7033163771578823, -0.01574609853897957], [0.023378724356859972, -0.7089889587506875, -0.7048319849963897, 39.16829725265581], [0.0, 0.0, 0.0, 1.0]]}, {"class": "MacaroniAndCheese", "pose": [[-0.5543453185109812, 0.8298452007774415, -0.0637050811085977, -3.8496186717518253], [0.6586864950468181, 0.39064321372335625, -0.643062933213412, 12.29418238400599], [-0.5087566786457531, -0.39844057505374414, -0.763159082721993, 33.11297520955402], [0.0, 0.0, 0.0, 1.0]]}, {"class": "Pineapple", "pose": [[0.9597107372162051, -0.07434922586277522, -0.27097531299544675, -22.687874507318323], [0.15083487301909126, -0.6773273457088443, 0.7200530974133343, 9.547386498785562], [-0.23707437008542373, -0.7319152378016012, -0.6388238123139393, 35.943556740400695], [0.0, 0.0, 0.0, 1.0]]}]}