{"camera": {"camera": "RealSense D415", "extrinsics": [[-0.88088876, -0.4546569, -0.13161363, 0.49436402], [-0.25434577, 0.6891927, -0.6784701, -0.09081142], [0.39917824, -0.56418127, -0.72274214, 0.018006664], [0.0, 0.0, 0.0, 1.0]], "height": 480, "intrinsics": [[604.50507, 0.0, 326.28275], [0.0, 602.9669, 245.73769], [0.0, 0.0, 1.0]], "width": 640}, "objects": [{"class": "OrangeJuice", "pose": [[-0.6557235403575455, -0.1155849179433335, 0.7461011427285229, -18.319116427412407], [-0.48471564379939813, -0.6932126964733444, -0.5333919663127074, 4.868026022590774], [0.5788587564392449, -0.7114044984449922, 0.3985299709343255, 36.43048171693582], [0.0, 0.0, 0.0, 1.0]]}, {"class": "ChocolatePudding", "pose": [[0.8782617839743273, -0.08884198988425457, -0.4698547535775775, -11.634023488071222], [0.28799876873877966, -0.6861091537803521, 0.6680651359907973, -22.144656933151747], [-0.381723829319312, -0.7220536013951975, -0.5769969435699817, 70.08059041184222], [0.0, 0.0, 0.0, 1.0]]}, {"class": "CreamCheese", "pose": [[0.9781754955471235, -0.16633047442881277, -0.12452719784542912, -23.406460552006582], [-0.040601253314410946, -0.7407761565094839, 0.6705239084469569, -19.260621324343646], [-0.20377532790446962, -0.650834040360694, -0.731362171357171, 68.97893490986405], [0.0, 0.0, 0.0, 1.0]]}, {"class": "Raisins", "pose": [[0.2217645887144654, -0.09316524468634799, -0.9706394048206812, -4.510959296051576], [0.7135454178815951, -0.6629328929733251, 0.22665613527289602, -29.20666149761416], [-0.6645851372392549, -0.7428595329185023, -0.0805373687170197, 70.24674467423165], [0.0, 0.0, 0.0, 1.0]]}, {"class": "BBQSauce", "pose": [[0.6613786489568586, -0.08074472900306663, -0.7456934499229768, 2.3581485596711307], [0.48360382600946494, -0.7140367013809663, 0.5062400776041381, -23.758998765085142], [-0.5733286148085281, -0.6954365219905145, -0.43320007083395856, 62.52660320940281], [0.0, 0.0, 0.0, 1.0]]}, {"class": "SaladDressing", "pose": [[0.15907684002667852, -0.18529244526320174, -0.9697223409364798, 13.009327795580578], [0.7023538453322578, -0.6690460894504133, 0.24305656494066374, -21.023114045443343], [-0.6938253550701389, -0.7197528160156765, 0.023711148145590808, 58.74345486434478], [0.0, 0.0, 0.0, 1.0]]}, {"class": "Mayo", "pose": [[0.006152540037122009, 0.941560645676878, -0.3367875392282841, 1.802197047692683], [0.6825343507092568, 0.24218892367981076, 0.6895588973911922, -13.751208461551922], [0.7308276649282243, -0.23411157298766938, -0.6411572768173774, 59.96052597366338], [0.0, 0.0, 0.0, 1.0]]}, {"class": "Mushrooms", "pose": [[0.6592618083963876, -0.05719216456108097, -0.7497353360476973, 12.889575435201989], [0.49648977105332603, -0.7157142011071922, 0.4911732659617763, -11.613819171749594], [-0.5646873955597363, -0.6960476392759625, -0.44344761494611523, 57.31931318110719], [0.0, 0.0, 0.0, 1.0]]}, {"class": "Parmesan", "pose": [[0.9750507333612645, -0.10968614766021219, -0.19299006761731444, -19.32219293472609], [0.05582823208159231, -0.7202790301088742, 0.6914343171341111, -11.111985108529565], [-0.21484744791003757, -0.6849577716050763, -0.6961848772355164, 57.399949045688494], [0.0, 0.0, 0.0, 1.0]]}, {"class": "Mustard", "pose": [[0.8804554236788409, -0.16459357791770068, -0.4446429475866794, -16.972989533195893], [0.23859173273848944, -0.6566065041629902, 0.7155012029216641, -7.23835415856694], [-0.40972229894207624, -0.7360549741473653, -0.5388419720378282, 49.39227123547361], [0.0, 0.0, 0.0, 1.0]]}, {"class": "Milk", "pose": [[-0.12902968487276173, -0.5194901913545233, -0.8446783004930853, -9.07267962716597], [-0.6588785776021173, -0.5916780161521417, 0.46453873121831835, -8.751483601595998], [-0.7411008235405447, 0.6164796151787971, -0.26593685615876017, 55.660428624521664], [0.0, 0.0, 0.0, 1.0]]}, {"class": "AlphabetSoup", "pose": [[0.9906654186707458, -0.1290475286602618, -0.04391939676731476, 6.177432709142189], [-0.05482932382775806, -0.6721946824271737, 0.7383414804735475, -2.7958492097295617], [-0.12480352937643129, -0.7290412314572869, -0.6729954828507431, 47.47629336757279], [0.0, 0.0, 0.0, 1.0]]}, {"class": "Yogurt", "pose": [[0.9657666354324054, -0.10778339778793662, -0.23596121474232004, 15.510087172123106], [0.09375600720757593, -0.7030889096084194, 0.7048942359820992, -2.5751709880311195], [-0.24187758573962073, -0.702886051946694, -0.668914336475636, 47.85097842075986], [0.0, 0.0, 0.0, 1.0]]}, {"class": "Cherries", "pose": [[0.8918010291900441, -0.1130520463574113, 0.4380756886267359, -25.68112213950521], [-0.38954331941162945, -0.6843285112131005, 0.6164013129976913, -1.1651200048608354], [0.2301021878420641, -0.7203567157218876, -0.6543234240891473, 52.47653829195021], [0.0, 0.0, 0.0, 1.0]]}, {"class": "Cookies", "pose": [[0.78304150299145, -0.1376371948606501, 0.6065493854580952, -38.24371031215021], [-0.5004356437291576, -0.718518945818902, 0.4830059819581181, -2.6446218600215095], [0.3693375470398282, -0.6817526014748295, -0.6315086102152381, 47.67627422479813], [0.0, 0.0, 0.0, 1.0]]}, {"class": "TomatoSauce", "pose": [[0.3959927666283997, -0.11215663568140521, -0.9113784985758794, -6.3407386340568745], [0.6393325995630093, -0.6787511936541281, 0.3613180480847158, 3.4214048393639866], [-0.6591233420371237, -0.7257532496451841, -0.19707510918008875, 43.57386203870182], [0.0, 0.0, 0.0, 1.0]]}, {"class": "PeasAndCarrots", "pose": [[0.9841133639224171, -0.11024804698944986, 0.1391632311356916, 3.190708960010297], [-0.17694591434594625, -0.673210330618149, 0.7179680228031935, 7.2626572434110965], [0.014531525884786345, -0.7311862217457661, -0.6820230948667992, 40.51024917016467], [0.0, 0.0, 0.0, 1.0]]}, {"class": "Ketchup", "pose": [[0.9744083193803574, -0.11112982078308602, 0.195393807145659, -33.93982338654159], [-0.21474273391293144, -0.7171255414702722, 0.6630358991979358, 9.67709640464229], [0.06643879342958935, -0.6880270352778306, -0.7226372834980864, 37.20059305263472], [0.0, 0.0, 0.0, 1.0]]}, {"class": "MacaroniAndCheese", "pose": [[-0.4590807974085563, 0.8819232825682951, -0.10703408303197925, -2.845319519823164], [0.6967134794345728, 0.28265331201466337, -0.6593159488469545, 18.42792966033457], [-0.5512124279688855, -0.3772513267924588, -0.7442084746447406, 31.94669411842404], [0.0, 0.0, 0.0, 1.0]]}, {"class": "Pineapple", "pose": [[0.9784598668050564, -0.12253681961004388, -0.1661359885981851, -21.961964204711247], [0.036030172566293074, -0.6910566136783237, 0.721902120082036, 17.86743444801236], [-0.20326894881645188, -0.7123380944089278, -0.6717560061123291, 34.10926566992475], [0.0, 0.0, 0.0, 1.0]]}]}