{"camera": {"camera": "RealSense D415", "extrinsics": [[-0.88913524, -0.43923315, -0.12850197, 0.49779454], [-0.252573, 0.7051241, -0.66257596, -0.09527072], [0.38163516, -0.5566635, -0.7378891, 0.023019362], [0.0, 0.0, 0.0, 1.0]], "height": 480, "intrinsics": [[604.50507, 0.0, 326.28275], [0.0, 602.9669, 245.73769], [0.0, 0.0, 1.0]], "width": 640}, "objects": [{"class": "OrangeJuice", "pose": [[-0.6690103203216945, -0.11279377506820606, 0.734644707018001, -18.310500091961114], [-0.4888896710659598, -0.6777135836771825, -0.5492642977159538, 4.472302409147375], [0.5598322310681337, -0.7266236285370506, 0.39825360284186684, 36.24879338442847], [0.0, 0.0, 0.0, 1.0]]}, {"class": "ChocolatePudding", "pose": [[0.8866173513210522, -0.085827984551929, -0.45447037235097415, -12.392497753150256], [0.28590101272719676, -0.6706927532174007, 0.6844208664441622, -23.271536605864767], [-0.3635524183475925, -0.7367528903312489, -0.5701094406951789, 69.4446067837525], [0.0, 0.0, 0.0, 1.0]]}, {"class": "CreamCheese", "pose": [[0.9804923650476841, -0.1648989441332784, -0.106972661215693, -24.11676895381013], [-0.047221697199626864, -0.7259093113335832, 0.6861675187253782, -20.23817627589838], [-0.1908007472302196, -0.6677305247676448, -0.719535251268149, 68.23557218106892], [0.0, 0.0, 0.0, 1.0]]}, {"class": "Raisins", "pose": [[0.2387701253855132, -0.08960818345794207, -0.9669329297430059, -5.347896010154107], [0.7240845452814512, -0.6470639979502466, 0.23876732306190937, -30.4126451063367], [-0.6470629118262708, -0.7571516264644889, -0.08961562000393658, 69.56996664151613], [0.0, 0.0, 0.0, 1.0]]}, {"class": "BBQSauce", "pose": [[0.6745739698902823, -0.07840758138508107, -0.7340315390148064, 1.6879157588124527], [0.48760719451049506, -0.6992275836164036, 0.5228002399507126, -24.888610735124846], [-0.5542465427011871, -0.710586431136463, -0.4334485557204329, 62.05700115401777], [0.0, 0.0, 0.0, 1.0]]}, {"class": "SaladDressing", "pose": [[0.17638991264000106, -0.18211484180816948, -0.9673266630527063, 12.42034041508645], [0.7141569393246432, -0.652628514951345, 0.2530928055236257, -22.19470212203415], [-0.6773968342236033, -0.7354659998144925, 0.014941511580792653, 58.4789003983684], [0.0, 0.0, 0.0, 1.0]]}, {"class": "Mayo", "pose": [[0.0029886689337447715, 0.9473175229002108, -0.32028217028872097, 1.274844384644852], [0.6678464680276985, 0.23649509729020693, 0.7057274578912016, -14.826586225529393], [0.7442930856166742, -0.21600848935083009, -0.6319557673596995, 59.68324097700327], [0.0, 0.0, 0.0, 1.0]]}, {"class": "Mushrooms", "pose": [[0.6724711906368015, -0.054867838863556964, -0.7380867889094109, 12.420781532755187], [0.5003421043151322, -0.7011492234520622, 0.5079838834284305, -12.75834741585076], [-0.5453808983876728, -0.7109003628393111, -0.44404989185495203, 57.24093423601138], [0.0, 0.0, 0.0, 1.0]]}, {"class": "Parmesan", "pose": [[0.9785495081780328, -0.10755994644016857, -0.17570375040664624, -19.781724052573246], [0.049436141585765585, -0.7053600954712151, 0.7071232455116343, -11.907229407541376], [-0.19999254644340067, -0.7006411587051623, -0.684912333633275, 56.87964245422099], [0.0, 0.0, 0.0, 1.0]]}, {"class": "Mustard", "pose": [[0.8886848977886733, -0.16105499566885917, -0.4293023768313851, -17.277718435800548], [0.23703613272160207, -0.6400953913368032, 0.7308158745503023, -7.901889197512688], [-0.39249598795509627, -0.7512251372791923, -0.5306671736847998, 48.98446140388673], [0.0, 0.0, 0.0, 1.0]]}, {"class": "Milk", "pose": [[-0.1254489704744971, -0.5344698246575922, -0.8358257308063751, -9.483993527921275], [-0.6426546732757317, -0.5980529864329007, 0.4788816942173765, -9.624629738409032], [-0.7558158210785042, 0.5972224590522206, -0.26845434561327, 55.33145035530133], [0.0, 0.0, 0.0, 1.0]]}, {"class": "AlphabetSoup", "pose": [[0.9917045100366958, -0.12577993736900528, -0.02648890463883716, 5.943501220834824], [-0.06314335050380093, -0.6562055837997919, 0.7519356553576122, -3.674907234681609], [-0.11196059281002123, -0.7440253155386213, -0.6587041157931891, 47.48232504570791], [0.0, 0.0, 0.0, 1.0]]}, {"class": "Yogurt", "pose": [[0.9700545029344771, -0.10521965851874393, -0.2189136239213657, 15.271689109352039], [0.08798974960318195, -0.6878406841021736, 0.7205089020821179, -3.5633882271759383], [-0.22638938750807508, -0.7181949966956619, -0.6579846112278331, 47.992222966168555], [0.0, 0.0, 0.0, 1.0]]}, {"class": "Cherries", "pose": [[0.8842475672666158, -0.11003948444553648, 0.4538696306062687, -25.963929685069274], [-0.4037105017829106, -0.668682295622279, 0.6244052361987861, -1.7962810165223386], [0.23478530722365062, -0.7353606819378725, -0.635704714186835, 52.06662470521799], [0.0, 0.0, 0.0, 1.0]]}, {"class": "Cookies", "pose": [[0.7723448831990125, -0.13553354670295426, 0.6205756432982701, -38.471874027647814], [-0.5161418312398312, -0.7033592416501955, 0.48875706434854665, -3.0436224642213574], [0.3702445712918067, -0.6977940056294044, -0.6131903781079909, 47.062072937949736], [0.0, 0.0, 0.0, 1.0]]}, {"class": "TomatoSauce", "pose": [[0.4121051568288855, -0.10900814470369667, -0.904591982080284, -6.451110223615575], [0.6478841344398758, -0.6630094780307485, 0.37505287774317947, 2.754313885193392], [-0.6406368000104139, -0.7406319521828862, -0.2026049321852433, 43.52928167818592], [0.0, 0.0, 0.0, 1.0]]}, {"class": "PeasAndCarrots", "pose": [[0.9818725877790538, -0.10696365488304874, 0.15647711603542316, 3.163246329914371], [-0.18791179343186862, -0.657383425784766, 0.7297508274155341, 6.551286345448423], [0.024808623624058643, -0.7459261620448817, -0.6655664126430028, 40.67681291907014], [0.0, 0.0, 0.0, 1.0]]}, {"class": "Ketchup", "pose": [[0.9710285242891663, -0.10892619948344472, 0.21269409494279506, -33.888655955742095], [-0.2266193269077973, -0.7021310059323825, 0.6750228232446583, 9.435140012020533], [0.07581141867281033, -0.7036669472369288, -0.7064739293368716, 36.89532905325318], [0.0, 0.0, 0.0, 1.0]]}, {"class": "MacaroniAndCheese", "pose": [[-0.4437612161246392, 0.8901578237138736, -0.10341722238196248, -2.6313297703225436], [0.7124348027023453, 0.2804286072500509, -0.643270183402915, 17.94877107152283], [-0.5436107572549127, -0.3591363574698231, -0.7586226848754596, 32.253532078305504], [0.0, 0.0, 0.0, 1.0]]}, {"class": "Pineapple", "pose": [[0.9815830157635258, -0.11970839335305457, -0.14887838548980434, -21.781708310444092], [0.029377094961655453, -0.6754638413737687, 0.7368077537656337, 17.55397976187148], [-0.18876403414550655, -0.727611526791875, -0.659507059977612, 34.13610842355987], [0.0, 0.0, 0.0, 1.0]]}]}