{"camera": {"camera": "RealSense D415", "extrinsics": [[-0.9144561, -0.35678166, -0.19098902, 0.50934166], [-0.16192143, 0.755099, -0.63530064, -0.11448922], [0.37087923, -0.55002934, -0.7482755, 0.021330543], [0.0, 0.0, 0.0, 1.0]], "height": 480, "intrinsics": [[604.50507, 0.0, 326.28275], [0.0, 602.9669, 245.73769], [0.0, 0.0, 1.0]], "width": 640}, "objects": [{"class": "OrangeJuice", "pose": [[-0.7222986735635237, -0.17708003421403234, 0.6685262188133929, -15.60742085725927], [-0.4226087529468359, -0.6521678850745318, -0.6293479984151477, 9.238487783017204], [0.5474362390764086, -0.7371022285574161, 0.3962243766926876, 35.73158418043993], [0.0, 0.0, 0.0, 1.0]]}, {"class": "ChocolatePudding", "pose": [[0.9153122116508645, -0.14942768671369253, -0.37399858186361934, -12.975850883258389], [0.19508413002840103, -0.6479119730031884, 0.7363099000755032, -19.41718478459315], [-0.35234320948151787, -0.7469146025922289, -0.5638907048805623, 68.57412518190144], [0.0, 0.0, 0.0, 1.0]]}, {"class": "CreamCheese", "pose": [[0.9717320258489281, -0.23455202802790429, -0.02687440561830717, -24.30084997205375], [-0.1483921825443245, -0.6953475443686529, 0.7031867207216282, -15.14162248685409], [-0.18362091309543846, -0.6793210832515572, -0.7104970893732574, 67.31494866612243], [0.0, 0.0, 0.0, 1.0]]}, {"class": "Raisins", "pose": [[0.3202390524446293, -0.15049048081742986, -0.9353072126646447, -6.728894143165509], [0.703250557951332, -0.6237453706270525, 0.3411456827536917, -27.266180882767564], [-0.6347326502501255, -0.7670034585679398, -0.09391509535326469, 68.65376490851655], [0.0, 0.0, 0.0, 1.0]]}, {"class": "BBQSauce", "pose": [[0.7276421059928085, -0.1453195869786742, -0.6703873513249636, 0.9232226883291283], [0.4206689937328601, -0.6774196064842821, 0.6034403748188256, -22.41970001584847], [-0.541825185957852, -0.7210997720822784, -0.4317875339198295, 61.276843217965634], [0.0, 0.0, 0.0, 1.0]]}, {"class": "SaladDressing", "pose": [[0.2574477023162291, -0.24326690580310487, -0.935169455608387, 11.913977436502044], [0.700400639806, -0.6197565129675193, 0.35403505461001344, -20.831709970614245], [-0.6657022996302362, -0.7461387671905336, 0.010829415790118048, 57.82337035501761], [0.0, 0.0, 0.0, 1.0]]}, {"class": "Mayo", "pose": [[0.06668544069896365, 0.9690395417202199, -0.23772975449290062, 1.6008661462330709], [0.6537670330006301, 0.13755396516109558, 0.7440884253427381, -12.339829187320426], [0.7537517480757419, -0.2050397185089253, -0.6243531885002972, 59.043751567214066], [0.0, 0.0, 0.0, 1.0]]}, {"class": "Mushrooms", "pose": [[0.7268165402374188, -0.12211396701177384, -0.6758889801496686, 12.925770619115973], [0.4334355998864355, -0.6818226013969654, 0.5892805210376316, -11.432942354638964], [-0.5327957091745801, -0.7212531495973302, -0.44263135266836967, 56.72029001488025], [0.0, 0.0, 0.0, 1.0]]}, {"class": "Parmesan", "pose": [[0.9801266500002708, -0.1750502622931522, -0.09332295119718059, -19.000501346439368], [-0.05195939499139006, -0.6805579317997933, 0.730849597547636, -7.166574398144437], [-0.1914470739959102, -0.711476138910152, -0.6761283972026707, 56.114085981709], [0.0, 0.0, 0.0, 1.0]]}, {"class": "Mustard", "pose": [[0.9124650562526473, -0.22084983516869347, -0.34443125440879346, -16.011757988915175], [0.1466663318484925, -0.6093183675954255, 0.7792433031550374, -3.34435368422548], [-0.38196400977381795, -0.7615487223767086, -0.5235904187128052, 48.29713560434116], [0.0, 0.0, 0.0, 1.0]]}, {"class": "Milk", "pose": [[-0.18567349630709803, -0.6004390904058946, -0.7778163466213879, -8.504735493414328], [-0.6155779731123062, -0.5459147189200243, 0.5683668623208408, -5.96853261629674], [-0.7658910431597752, 0.5843372095718479, -0.26825514608551454, 54.680907449393324], [0.0, 0.0, 0.0, 1.0]]}, {"class": "AlphabetSoup", "pose": [[0.9804486531060873, -0.18754956980741025, 0.05954506761535577, 7.53973968108016], [-0.16646421800721892, -0.6291735387020075, 0.7592300928041907, -1.5843123855061898], [-0.1049290922967774, -0.7542982154218355, -0.6480925672194917, 47.04094912205625], [0.0, 0.0, 0.0, 1.0]]}, {"class": "Yogurt", "pose": [[0.9760135734443649, -0.17070137818588213, -0.1351242447808938, 16.822011707675294], [-0.012373342887524898, -0.6631527681822283, 0.7483817995762989, -2.4695595302443833], [-0.21735780389072476, -0.7287588293141783, -0.6493581767163441, 47.626849067295595], [0.0, 0.0, 0.0, 1.0]]}, {"class": "Cherries", "pose": [[0.8342451493733243, -0.17330203725232857, 0.5234514802931352, -24.03102931095318], [-0.49831238316422966, -0.6433638190982146, 0.5811779216036741, 3.6063604450845665], [0.23605039304863654, -0.7456871881430827, -0.6230816296961328, 51.3966996859887], [0.0, 0.0, 0.0, 1.0]]}, {"class": "Cookies", "pose": [[0.7097861865565321, -0.2026801447121245, 0.6746290431806292, -36.55286095081763], [-0.6000397732211848, -0.6756397521350515, 0.4283260526591599, 3.7595301757604753], [0.3689929670926485, -0.7088241489784128, -0.6011758510994398, 46.27514416584111], [0.0, 0.0, 0.0, 1.0]]}, {"class": "TomatoSauce", "pose": [[0.48445778536821843, -0.17162576298360746, -0.8578142393701671, -4.0661145915452], [0.6090175538899262, -0.6377625163574824, 0.4715470318879382, 6.175379335619619], [-0.6280113188788194, -0.7508685314485999, -0.20444588458624247, 43.08125939279155], [0.0, 0.0, 0.0, 1.0]]}, {"class": "PeasAndCarrots", "pose": [[0.9561621710370292, -0.16894682258324906, 0.23918798340757372, 5.922909233984742], [-0.2913008481000575, -0.632314856512464, 0.7178591433065616, 8.969005284584444], [0.029962083989855778, -0.7560653897399012, -0.6538098254419084, 40.36014224972656], [0.0, 0.0, 0.0, 1.0]]}, {"class": "Ketchup", "pose": [[0.9407969756521974, -0.17603808661867093, 0.2896750942920659, -30.577583352348626], [-0.32931737686376505, -0.6771620499906902, 0.6580285972866187, 15.816432926104012], [0.08031887038409774, -0.7144663313765269, -0.6950443354733067, 36.32450528305273], [0.0, 0.0, 0.0, 1.0]]}, {"class": "MacaroniAndCheese", "pose": [[-0.36063295554822583, 0.9182111328061767, -0.16380538621532328, 1.4482292632016724], [0.7626738006060414, 0.18920863476345473, -0.6184891089575524, 21.02818961116829], [-0.5369101269493318, -0.34797759765152125, -0.7685304125380276, 32.054437950560036], [0.0, 0.0, 0.0, 1.0]]}, {"class": "Pineapple", "pose": [[0.9809118318421353, -0.18370776488105986, -0.06374521836431078, -17.653145279579007], [-0.07237513159339205, -0.6491845007534074, 0.75717985697416, 22.641561841665375], [-0.18048221401173473, -0.738113084256097, -0.6500885579360065, 33.77822560943859], [0.0, 0.0, 0.0, 1.0]]}]}