{"camera": {"camera": "RealSense D415", "extrinsics": [[-0.9176384, -0.33647245, -0.21148527, 0.51404715], [-0.13218077, 0.76025724, -0.63603234, -0.122261845], [0.37479058, -0.55569345, -0.74211645, 0.018509958], [0.0, 0.0, 0.0, 1.0]], "height": 480, "intrinsics": [[604.50507, 0.0, 326.28275], [0.0, 602.9669, 245.73769], [0.0, 0.0, 1.0]], "width": 640}, "objects": [{"class": "OrangeJuice", "pose": [[-0.7325613184196521, -0.19803577333410016, 0.6512570995161889, -14.411226040344893], [-0.39675886784825, -0.653196166459857, -0.6449164230742114, 10.668326500550657], [0.5531151333096551, -0.7308328348042497, 0.3999337655415813, 35.447372499096126], [0.0, 0.0, 0.0, 1.0]]}, {"class": "ChocolatePudding", "pose": [[0.9195069726723696, -0.17030149862908697, -0.3542659865222653, -12.510046629264771], [0.16546562920147634, -0.6498270336153965, 0.7418530688623506, -17.76326812795597], [-0.3565502874953934, -0.7407578935983135, -0.5693414050490128, 68.53415747672572], [0.0, 0.0, 0.0, 1.0]]}, {"class": "CreamCheese", "pose": [[0.9664899512049109, -0.2565577067731731, -0.008682151244563221, -23.710589907076972], [-0.17800977097556575, -0.6941903293898715, 0.6974326719216148, -13.173400385341491], [-0.18495878913979655, -0.6725161446458419, -0.7165977124266282, 67.2682530716726], [0.0, 0.0, 0.0, 1.0]]}, {"class": "Raisins", "pose": [[0.33851313092395185, -0.17072609006276612, -0.925344003492192, -6.492100510536558], [0.6881281115739807, -0.6258163222357682, 0.36719702712554597, -25.788509655839537], [-0.6417854539475984, -0.7610562153954439, -0.0943656084263857, 68.66597858344038], [0.0, 0.0, 0.0, 1.0]]}, {"class": "BBQSauce", "pose": [[0.7378632489814438, -0.16696999365355347, -0.6539716427008853, 1.2746930701887371], [0.39471462639346716, -0.6792142941915014, 0.6187635494451182, -21.229840428538303], [-0.5475018038768322, -0.7146950369526432, -0.43526173602938956, 61.225702704614314], [0.0, 0.0, 0.0, 1.0]]}, {"class": "SaladDressing", "pose": [[0.2755734799822181, -0.26328595937334737, -0.9245214022197471, 12.296353835643043], [0.6868232925202958, -0.6189659402391752, 0.3809920649046851, -19.990360861199864], [-0.6725570790728886, -0.7399741216895449, 0.010260339330693171, 57.72833675646895], [0.0, 0.0, 0.0, 1.0]]}, {"class": "Mayo", "pose": [[0.08778357642795102, 0.9719904918133379, -0.21801052719765443, 2.236409484605162], [0.6581302000304339, 0.10769663069269804, 0.745161794102635, -11.19366454794542], [0.7477691576579175, -0.20889226966723365, -0.6302422601454813, 58.90191856430812], [0.0, 0.0, 0.0, 1.0]]}, {"class": "Mushrooms", "pose": [[0.7374335902754129, -0.14390173208885107, -0.6599121561771372, 13.57578849506731], [0.4075781921469798, -0.6842871989995079, 0.6046743507182383, -10.634756817010974], [-0.5385830977365338, -0.7148729624962437, -0.4459651267406542, 56.53961228887102], [0.0, 0.0, 0.0, 1.0]]}, {"class": "Parmesan", "pose": [[0.9776418803610774, -0.19675001709834378, -0.07420139466934683, -18.215663624253743], [-0.08193192473369816, -0.681407941642078, 0.7273035134120118, -5.453053847030851], [-0.19365839295284493, -0.7049628931641861, -0.6822930060061796, 55.98302084787152], [0.0, 0.0, 0.0, 1.0]]}, {"class": "Mustard", "pose": [[0.9151746510952433, -0.2406229761745169, -0.3233512080766521, -15.141165101249188], [0.1168932741091504, -0.6093150332870791, 0.7842647362487503, -1.787265778229867], [-0.38573484965755095, -0.7555367659874576, -0.5295024277048428, 48.12451357725246], [0.0, 0.0, 0.0, 1.0]]}, {"class": "Milk", "pose": [[-0.20565515125156475, -0.6142029869824968, -0.7618797227781364, -7.694009341308828], [-0.6166262356311433, -0.5232074894041805, 0.5882397745882675, -4.571382598170313], [-0.7599197818210469, 0.5907695310892187, -0.2711333367148368, 54.51065615122428], [0.0, 0.0, 0.0, 1.0]]}, {"class": "AlphabetSoup", "pose": [[0.9749160980191213, -0.20788835049305762, 0.07950533307559578, 8.447474887887596], [-0.19563764679085338, -0.6300600635433088, 0.7514986702122992, -0.7195776092127169], [-0.10613468424898595, -0.7482023664740063, -0.6549264443786862, 46.78850367794213], [0.0, 0.0, 0.0, 1.0]]}, {"class": "Yogurt", "pose": [[0.974596098705593, -0.1919520478149998, -0.11539895217238051, 17.70202666785315], [-0.04247153386026329, -0.6642874417464356, 0.7462696479118323, -1.8675313688845478], [-0.21990605463877838, -0.7224102976739118, -0.6555644048393282, 47.356828132341555], [0.0, 0.0, 0.0, 1.0]]}, {"class": "Cherries", "pose": [[0.8202112046048913, -0.19403081097944427, 0.5381502454391953, -22.947121425280514], [-0.5201293455172286, -0.6445803239284535, 0.5603406943824654, 5.419105980811338], [0.23815767906643276, -0.739505430516411, -0.6296130860162217, 51.18452886311904], [0.0, 0.0, 0.0, 1.0]]}, {"class": "Cookies", "pose": [[0.693264560337287, -0.22421834196266258, 0.684916379525908, -35.47454763901893], [-0.6170518693495406, -0.6756703991585886, 0.40338136555625204, 5.889286051510041], [0.37233219409519414, -0.7022789191454695, -0.6067726566915932, 46.096052465885364], [0.0, 0.0, 0.0, 1.0]]}, {"class": "TomatoSauce", "pose": [[0.4999620463559688, -0.1922089931236462, -0.8444487655275249, -2.94127490579168], [0.5892513553997959, -0.6390753015692777, 0.49433351386341895, 7.33734343917118], [-0.6346816589844864, -0.7447405541394057, -0.2062539665394934, 42.79222748609929], [0.0, 0.0, 0.0, 1.0]]}, {"class": "PeasAndCarrots", "pose": [[0.9474383374071599, -0.18938941389001526, 0.2578610268198115, 7.116072906625359], [-0.3185365443545883, -0.6337529618744353, 0.7049054383893862, 9.817257699737798], [0.02991855307227432, -0.7499925759766414, -0.6607692608667769, 40.0192855071985], [0.0, 0.0, 0.0, 1.0]]}, {"class": "Ketchup", "pose": [[0.9311323633151036, -0.19764830774454015, 0.3064763137143923, -29.183392237381856], [-0.3556515894293884, -0.6780111982814175, 0.6432828194396767, 17.681050754294485], [0.08065060059288957, -0.7079802216477747, -0.7016120625559512, 36.023131938237185], [0.0, 0.0, 0.0, 1.0]]}, {"class": "MacaroniAndCheese", "pose": [[-0.34006424998016593, 0.9222480703986579, -0.183888186043567, 2.9666510687469785], [0.768054548131091, 0.15954719927474487, -0.6201910400381848, 21.92765451211755], [-0.5426311068168354, -0.352140941789708, -0.7625931018404486, 31.619760922444673], [0.0, 0.0, 0.0, 1.0]]}, {"class": "Pineapple", "pose": [[0.9778700279742676, -0.20457759358212144, -0.043798162390303035, -16.074947208841184], [-0.10226520635743738, -0.6500314549074313, 0.7529946607011987, 24.107333415152084], [-0.18251601438740053, -0.7318518618615495, -0.656567404556733, 33.38142925675667], [0.0, 0.0, 0.0, 1.0]]}]}