{"camera": {"camera": "RealSense D415", "extrinsics": [[-0.9223395, -0.30652568, -0.23522729, 0.5198077], [-0.095494434, 0.7707548, -0.6299348, -0.1356085], [0.37439373, -0.55855083, -0.7401691, 0.015704136], [0.0, 0.0, 0.0, 1.0]], "height": 480, "intrinsics": [[604.50507, 0.0, 326.28275], [0.0, 602.9669, 245.73769], [0.0, 0.0, 1.0]], "width": 640}, "objects": [{"class": "OrangeJuice", "pose": [[-0.747722817659559, -0.22245723148440988, 0.6256384676861202, -12.931522465321244], [-0.36639322662392926, -0.647565170563919, -0.6681432583673802, 11.96352245202955], [0.5537748933163973, -0.7288156195676903, 0.4026923598520042, 35.02955609538119], [0.0, 0.0, 0.0, 1.0]]}, {"class": "ChocolatePudding", "pose": [[0.925473502863372, -0.1946060602217165, -0.3250036937634338, -12.151999258290601], [0.12874438364608248, -0.6452996052366835, 0.7530028974088493, -16.407811070517692], [-0.356263626822321, -0.7387265908114894, -0.572153151444646, 68.21336402705685], [0.0, 0.0, 0.0, 1.0]]}, {"class": "CreamCheese", "pose": [[0.9590670191203587, -0.28255933186302745, 0.018729680985122045, -23.16658676032689], [-0.21570088365711668, -0.6860786613328386, 0.69481598974004, -11.394593711176238], [-0.18347668840544443, -0.6704150807599948, -0.7189436005542726, 66.92181779822218], [0.0, 0.0, 0.0, 1.0]]}, {"class": "Raisins", "pose": [[0.3652508343329554, -0.19409027056066896, -0.9104509426816263, -6.4475035909238425], [0.6724097569661767, -0.621359314906522, 0.4022160872724231, -24.65822332009186], [-0.6437832943552027, -0.7591058165441044, -0.09644379541822229, 68.3776357817217], [0.0, 0.0, 0.0, 1.0]]}, {"class": "BBQSauce", "pose": [[0.7529377368101289, -0.19242854924138822, -0.6293299151170167, 1.4948246357080364], [0.3641654946574829, -0.6747047588053152, 0.6419945804222065, -20.427105482443785], [-0.548149887750257, -0.7125621520412935, -0.4379347628520281, 60.92919189766738], [0.0, 0.0, 0.0, 1.0]]}, {"class": "SaladDressing", "pose": [[0.30233173582689654, -0.28633438603965095, -0.9091799959415596, 12.558763430029114], [0.6734238849885109, -0.6108802514647694, 0.4163239722169268, -19.624596373307746], [-0.6746078621944797, -0.7381314349358761, 0.008135938882883966, 57.43775556286824], [0.0, 0.0, 0.0, 1.0]]}, {"class": "Mayo", "pose": [[0.11246339363500311, 0.9755788917688859, -0.18867415075782884, 2.843935324555691], [0.6567961725510914, 0.06949934623259174, 0.7508586344583333, -10.443316206384385], [0.7456345249562943, -0.20836453263886204, -0.6329402445792113, 58.57259448526844], [0.0, 0.0, 0.0, 1.0]]}, {"class": "Mushrooms", "pose": [[0.7529965161694369, -0.16957250067893792, -0.6357999196188052, 14.198272422382368], [0.37706623730009037, -0.68066229548427, 0.6281082331410642, -10.329249467720974], [-0.5392748301832934, -0.712701960505055, -0.4485961987128656, 56.21878692960905], [0.0, 0.0, 0.0, 1.0]]}, {"class": "Parmesan", "pose": [[0.9739154732109849, -0.22227855793758694, -0.045618174651223066, -17.36973720162034], [-0.12015347089152088, -0.6757176369321983, 0.7273024672834834, -3.9297619117877756], [-0.19248872339147458, -0.7028499117802164, -0.6847992912921762, 55.61574658062056], [0.0, 0.0, 0.0, 1.0]]}, {"class": "Mustard", "pose": [[0.9192977500013462, -0.26330454699972516, -0.2925106605045809, -14.1502643857096], [0.08027605895482842, -0.6021615440620951, 0.7943282001519179, -0.41168701259976515], [-0.38528884198174046, -0.7537056885288256, -0.5324286053549881, 47.747784928348494], [0.0, 0.0, 0.0, 1.0]]}, {"class": "Milk", "pose": [[-0.22864061042667788, -0.6343486587153909, -0.738461491607245, -6.820793268977088], [-0.6108279395725774, -0.4971749414159051, 0.6162031858167923, -3.458683340521783], [-0.7580321711883365, 0.5919618868739054, -0.27380344849687976, 54.150044009640965], [0.0, 0.0, 0.0, 1.0]]}, {"class": "AlphabetSoup", "pose": [[0.9667466517080747, -0.23139839761320166, 0.10888442097180472, 9.46303193422704], [-0.23337258392053242, -0.6241260537309555, 0.7456567350152692, -0.25717017646876283], [-0.10458615980426425, -0.7462717505083789, -0.6573737034953236, 46.42975166711656], [0.0, 0.0, 0.0, 1.0]]}, {"class": "Yogurt", "pose": [[0.972411326718315, -0.21681151311298938, -0.08607614994109139, 18.666094193523392], [-0.08069433096155065, -0.658853743706427, 0.7479306316095422, -1.7585146105687275], [-0.2188715352597704, -0.7203503248288119, -0.6581721940713234, 47.010384462501776], [0.0, 0.0, 0.0, 1.0]]}, {"class": "Cherries", "pose": [[0.7993971061727659, -0.21811682215163797, 0.5598119708207155, -21.67546440860143], [-0.5505004084102457, -0.63913930797794, 0.5370756982798462, 7.100105154636102], [0.2406525453354967, -0.7375134390891789, -0.6309994105092326, 50.776446531745435], [0.0, 0.0, 0.0, 1.0]]}, {"class": "Cookies", "pose": [[0.6687089123514329, -0.24950779097917208, 0.7004101490694963, -34.17151916149038], [-0.642009829666003, -0.668918117424349, 0.37466250297947895, 8.034814661379933], [0.3750357584504666, -0.7002103228087876, -0.6074978684671235, 45.67497488773874], [0.0, 0.0, 0.0, 1.0]]}, {"class": "TomatoSauce", "pose": [[0.522768804327226, -0.21608036675242925, -0.8246345714700021, -1.6040379006887706], [0.5674173147627838, -0.6337262643536492, 0.5257648458397663, 8.218496149840169], [-0.6361999429752686, -0.7427653546675435, -0.2086845392942759, 42.396034267027396], [0.0, 0.0, 0.0, 1.0]]}, {"class": "PeasAndCarrots", "pose": [[0.93445232267435, -0.2130539076716722, 0.2853191427357077, 8.54347845346714], [-0.3546608198597627, -0.6285342246201936, 0.6922141949444879, 10.30008348327714], [0.03185389551290216, -0.7480326431110544, -0.6628970286986839, 39.623970398527376], [0.0, 0.0, 0.0, 1.0]]}, {"class": "Ketchup", "pose": [[0.9166901379702024, -0.2230430793039617, 0.3315585918957202, -27.423274732480827], [-0.39094855321995586, -0.6722990899058223, 0.6286280480476334, 19.54149196678417], [0.08269538502716317, -0.7058794506187752, -0.7034882024355098, 35.568261852420534], [0.0, 0.0, 0.0, 1.0]]}, {"class": "MacaroniAndCheese", "pose": [[-0.3098249426424131, 0.9279813161802191, -0.20702489191918313, 4.869837204972111], [0.7787288190553143, 0.12273983022437604, -0.6152368818547531, 22.532650776360704], [-0.5455180351191766, -0.35183192633105387, -0.7606736129579449, 31.180032867732084], [0.0, 0.0, 0.0, 1.0]]}, {"class": "Pineapple", "pose": [[0.9733521036816282, -0.22887159613135744, -0.014268807936517119, -14.07513259718124], [-0.14044256614021192, -0.6441545059584315, 0.7518915602761833, 25.449520374048184], [-0.18127791534840157, -0.7298512466604781, -0.6591323475840678, 32.916970708878544], [0.0, 0.0, 0.0, 1.0]]}]}