{"camera": {"camera": "RealSense D415", "extrinsics": [[-0.9461021, -0.23049457, -0.22751494, 0.5174873], [-0.04090342, 0.7819061, -0.62205285, -0.16318035], [0.32127512, -0.57921934, -0.74919105, 0.043917328], [0.0, 0.0, 0.0, 1.0]], "height": 480, "intrinsics": [[604.50507, 0.0, 326.28275], [0.0, 602.9669, 245.73769], [0.0, 0.0, 1.0]], "width": 640}, "objects": [{"class": "OrangeJuice", "pose": [[-0.79745596160481, -0.21642126270706138, 0.5632281112241588, -13.435594402062778], [-0.3195836126846165, -0.6402705264965571, -0.6985127160996861, 13.056836390056178], [0.511791292890142, -0.7370315913815862, 0.4414227749307471, 33.93380676052514], [0.0, 0.0, 0.0, 1.0]]}, {"class": "ChocolatePudding", "pose": [[0.9500537454313029, -0.18796674273661365, -0.24913141781165432, -16.1415848502928], [0.07407825673155358, -0.6396407465167187, 0.7650961863875935, -15.034988483212164], [-0.3031672080303676, -0.7453377048419265, -0.593768734539163, 67.25395474305621], [0.0, 0.0, 0.0, 1.0]]}, {"class": "CreamCheese", "pose": [[0.9543851812420023, -0.28182116675213603, 0.09861964672437577, -26.766385504213495], [-0.27024297091899546, -0.6748907765386963, 0.6866521852885649, -9.427855066566531], [-0.12695563377652547, -0.6819819312269209, -0.7202658349058346, 65.30581837274575], [0.0, 0.0, 0.0, 1.0]]}, {"class": "Raisins", "pose": [[0.43848648902950077, -0.1849485667139136, -0.8795019644849899, -10.926857204577978], [0.6456361973525696, -0.615937747988234, 0.45141404322527223, -23.58826654188152], [-0.6252067379946441, -0.7657772455998371, -0.15067085082331722, 67.7883745469433], [0.0, 0.0, 0.0, 1.0]]}, {"class": "BBQSauce", "pose": [[0.802208368150285, -0.1889365177955373, -0.566361020230788, -2.3478699888578647], [0.3171164500840908, -0.6689013099169832, 0.6723155820201552, -19.868017417060667], [-0.5058645234326605, -0.7189395726929613, -0.476683265018302, 60.78673368115736], [0.0, 0.0, 0.0, 1.0]]}, {"class": "SaladDressing", "pose": [[0.37758491739543926, -0.2775073734989277, -0.8834134743896082, 8.92485150117796], [0.6498903237246623, -0.6001686401473576, 0.4663048548561592, -19.711439922804765], [-0.6595999946766825, -0.7501915324036936, -0.046265236760707845, 57.93259293176425], [0.0, 0.0, 0.0, 1.0]]}, {"class": "Mayo", "pose": [[0.10633683192571665, 0.9882392908512666, -0.10988931302767636, -0.30936881862436705], [0.6557460472189248, 0.013378780517917148, 0.7548630186585521, -9.994817127222388], [0.7474554659990281, -0.15232920523662122, -0.6466112433142153, 58.459906087697725], [0.0, 0.0, 0.0, 1.0]]}, {"class": "Mushrooms", "pose": [[0.8024830395262932, -0.16647938068079499, -0.5729796383857696, 11.149332734388395], [0.33006783441363546, -0.6761219218613405, 0.6587218066936242, -10.532216216314188], [-0.49706762267803595, -0.7177352170978419, -0.48762680096864985, 56.76174594176761], [0.0, 0.0, 0.0, 1.0]]}, {"class": "Parmesan", "pose": [[0.9750522477115893, -0.21930196613829386, 0.034348810814433084, -19.92471503357227], [-0.17574825170545408, -0.6681708680405127, 0.7229524813389598, -2.391984112496143], [-0.13559402180986072, -0.7109531767089082, -0.6900433335502502, 54.31298040971644], [0.0, 0.0, 0.0, 1.0]]}, {"class": "Mustard", "pose": [[0.94283948404275, -0.25317407426840005, -0.21669488773906087, -16.069454809373994], [0.025787076633504696, -0.5928751910457655, 0.8048814084514777, 0.8755396715163066], [-0.33224809354395557, -0.7644618811259188, -0.5524574164965352, 46.624877108648924], [0.0, 0.0, 0.0, 1.0]]}, {"class": "Milk", "pose": [[-0.21885964978538378, -0.6939496760939144, -0.6859550857518858, -9.299516520206986], [-0.6034922382485006, -0.4561446876939783, 0.6540100835706358, -2.520698965825696], [-0.7667448359970338, 0.5571049042717786, -0.3189615063113633, 53.453328417821034], [0.0, 0.0, 0.0, 1.0]]}, {"class": "AlphabetSoup", "pose": [[0.956547928013101, -0.22302465644282934, 0.18781944243423598, 7.552098899725268], [-0.28765307387656835, -0.6165173936603423, 0.7329134052214571, -0.2946858724001161], [-0.047663818830280605, -0.7550936230500235, -0.6538820545051705, 46.66484710330289], [0.0, 0.0, 0.0, 1.0]]}, {"class": "Yogurt", "pose": [[0.9772688404066552, -0.2119090564749187, -0.006343837801352626, 16.60845702339886], [-0.13648890485347498, -0.6517843563229437, 0.7460214332405465, -2.300697779047342], [-0.16222350313636977, -0.7281976261771215, -0.6658916673606686, 47.78100731525863], [0.0, 0.0, 0.0, 1.0]]}, {"class": "Cherries", "pose": [[0.7522677145625832, -0.21112639756623852, 0.6241145798660659, -23.322655764742905], [-0.5920784690172557, -0.632172287165383, 0.49980129353170133, 8.819385345394473], [0.28902663186243843, -0.7455091675530758, -0.6005661059107257, 49.17729484187509], [0.0, 0.0, 0.0, 1.0]]}, {"class": "Cookies", "pose": [[0.6092028416477092, -0.24621378953713663, 0.7538240819276242, -35.43518475983938], [-0.6750480524344494, -0.6598454157559639, 0.3300215165106484, 10.404961277464928], [0.4161514361518794, -0.7099175150210204, -0.5681857657978661, 43.36156969264838], [0.0, 0.0, 0.0, 1.0]]}, {"class": "TomatoSauce", "pose": [[0.5891863512326116, -0.20849352835310841, -0.7806343389064943, -2.774574526932516], [0.5321117858598994, -0.626925079292802, 0.5690536349522723, 8.749365155137198], [-0.6080431522025245, -0.7506633519796327, -0.25843377769656756, 41.95817364404977], [0.0, 0.0, 0.0, 1.0]]}, {"class": "PeasAndCarrots", "pose": [[0.9097764503146694, -0.20488532746700572, 0.3610109305346359, 7.615247184895136], [-0.4058101206417121, -0.6219537217761043, 0.6696952748103444, 10.23999588961941], [0.08732132449689567, -0.7557748633413582, -0.6489832837829171, 39.76293943179063], [0.0, 0.0, 0.0, 1.0]]}, {"class": "Ketchup", "pose": [[0.887136951848654, -0.21969965599666771, 0.4058573256004251, -27.487223381881055], [-0.4406265528653114, -0.6647405836327667, 0.6032978074975012, 21.43340389540535], [0.13724547623370897, -0.7140392831719803, -0.6865213337841912, 33.59983662281248], [0.0, 0.0, 0.0, 1.0]]}, {"class": "MacaroniAndCheese", "pose": [[-0.23408043501047587, 0.9519642718279174, -0.19740935649648192, 5.120458926987093], [0.7901601731393931, 0.0679808366612833, -0.609118669703078, 22.586809954522653], [-0.5664390541869706, -0.29856773922740715, -0.7681172198203893, 31.058708958436625], [0.0, 0.0, 0.0, 1.0]]}, {"class": "Pineapple", "pose": [[0.972714418144513, -0.22256494101118005, 0.06551020294867864, -13.69959090571722], [-0.1958799842315109, -0.6365171460983409, 0.7459738612377631, 26.56739824839963], [-0.12432925938858178, -0.7384516546692078, -0.6627453126023561, 31.689253049728418], [0.0, 0.0, 0.0, 1.0]]}]}