{"camera": {"camera": "RealSense D415", "extrinsics": [[-0.9567524, -0.1935997, -0.2171267, 0.51791906], [-0.019501612, 0.78739345, -0.6161422, -0.17741372], [0.29024908, -0.5852612, -0.7571161, 0.061656844], [0.0, 0.0, 0.0, 1.0]], "height": 480, "intrinsics": [[604.50507, 0.0, 326.28275], [0.0, 602.9669, 245.73769], [0.0, 0.0, 1.0]], "width": 640}, "objects": [{"class": "OrangeJuice", "pose": [[-0.8207899029506867, -0.2068536537497239, 0.532461833247131, -13.63277200474381], [-0.301645861838245, -0.634617574506486, -0.7115267646656193, 13.094203736401976], [0.48509148185159257, -0.7446288697024419, 0.4584910849453014, 33.613675813037084], [0.0, 0.0, 0.0, 1.0]]}, {"class": "ChocolatePudding", "pose": [[0.9608681728430052, -0.17813670740801785, -0.21213149368134485, -18.06312383897598], [0.052564213901980766, -0.6346322993070865, 0.7710245630102999, -14.95276813095621], [-0.27197323547070695, -0.7520034642569321, -0.6004342788905364, 66.78662655050665], [0.0, 0.0, 0.0, 1.0]]}, {"class": "CreamCheese", "pose": [[0.9515980729868996, -0.27478513405073846, 0.13767476280219948, -28.48809185121762], [-0.2918947243273555, -0.6677740933505021, 0.6847446668882712, -9.10281750710752], [-0.09622200750943494, -0.6917882263332219, -0.7156607782400961, 64.50196161917151], [0.0, 0.0, 0.0, 1.0]]}, {"class": "Raisins", "pose": [[0.4732400934353922, -0.17391416010743868, -0.8635958438990372, -13.065133305119648], [0.6359013162192292, -0.6109895538537333, 0.47150960730872216, -23.623397103727648], [-0.6096501491155608, -0.7722989575454953, -0.17855248581620753, 67.47788575486459], [0.0, 0.0, 0.0, 1.0]]}, {"class": "BBQSauce", "pose": [[0.8252891810309879, -0.18063340811293388, -0.5350415332168266, -4.179955002204316], [0.2990663838855435, -0.6638823321544095, 0.6854338595043323, -20.095102098794744], [-0.47901680919438383, -0.7256940646906223, -0.49387346083350714, 60.764690337526204], [0.0, 0.0, 0.0, 1.0]]}, {"class": "SaladDressing", "pose": [[0.41360414833398834, -0.26654754549458815, -0.8705654008700544, 7.18039276499095], [0.641571541343344, -0.5931202627908092, 0.48640964204819354, -20.19415029588619], [-0.6460011857307444, -0.7597110064619491, -0.074307664669821, 58.27921720172042], [0.0, 0.0, 0.0, 1.0]]}, {"class": "Mayo", "pose": [[0.09686995697409669, 0.9927247248681917, -0.07151178078831422, -1.8419457561776986], [0.6525977253678071, -0.009102446081040463, 0.7576499079339116, -10.269379679234595], [0.7514868399199875, -0.12006191491873752, -0.6487315626256742, 58.52001039341184], [0.0, 0.0, 0.0, 1.0]]}, {"class": "Mushrooms", "pose": [[0.825572654388358, -0.1583980605525225, -0.5416086681910341, 9.650741336331143], [0.3120016743247805, -0.671615257714529, 0.6720029237255883, -11.067318750435092], [-0.47019653934723715, -0.7237700285578391, -0.5050466656467487, 57.19493423173614], [0.0, 0.0, 0.0, 1.0]]}, {"class": "Parmesan", "pose": [[0.9746867301905848, -0.2112183131803789, 0.07329873728741783, -21.13317476797345], [-0.19789081302492129, -0.6624638279057263, 0.7224824783404711, -2.2171400965072667], [-0.10404375487830744, -0.7186992116680119, -0.6874927741818351, 53.74802904799393], [0.0, 0.0, 0.0, 1.0]]}, {"class": "Mustard", "pose": [[0.9535048226857028, -0.24160219807645938, -0.18015835734162697, -16.955956456052178], [0.004471816887379353, -0.5863745008985638, 0.8100277626241226, 0.9670238855174956], [-0.3013447159681641, -0.773170986209929, -0.558030431584929, 46.19431315819833], [0.0, 0.0, 0.0, 1.0]]}, {"class": "Milk", "pose": [[-0.20748286071517127, -0.7219581823439803, -0.6600964688409798, -10.491318355238022], [-0.5977714573727293, -0.44057026293023, 0.6697515635250355, -2.588062438624261], [-0.7743514690656195, 0.533548722951708, -0.3401551659554071, 53.23448842215169], [0.0, 0.0, 0.0, 1.0]]}, {"class": "AlphabetSoup", "pose": [[0.9507788711183337, -0.2123213653181678, 0.22569731674231663, 6.618897272762125], [-0.30940764928457476, -0.6107065166346145, 0.7289063628315827, -0.7428629955689353], [-0.016927571488720747, -0.7628612194666775, -0.646340615690318, 47.00140561440141], [0.0, 0.0, 0.0, 1.0]]}, {"class": "Yogurt", "pose": [[0.9786649895650138, -0.20289554924052067, 0.032378032960739316, 15.5859497052325], [-0.15867294245125832, -0.6462379873920295, 0.7464578954351807, -2.956174804983563], [-0.13052905227391975, -0.7356697044389815, -0.6646444363844234, 48.40879471888727], [0.0, 0.0, 0.0, 1.0]]}, {"class": "Cherries", "pose": [[0.7287451435740996, -0.20110200659479058, 0.6545904073395961, -24.105268459666796], [-0.60933003821531, -0.6266362878642509, 0.48584348913245473, 9.07271940769046], [0.31248595832215564, -0.7529176570154131, -0.579195564502643, 48.52100252597088], [0.0, 0.0, 0.0, 1.0]]}, {"class": "Cookies", "pose": [[0.5797588994520402, -0.23795257539379375, 0.7792677929248237, -35.982581837800275], [-0.6891006560354416, -0.6535261631934519, 0.31311957547449554, 10.938996789678413], [0.4347642213794185, -0.7185277883036782, -0.542860814184819, 42.31644693975877], [0.0, 0.0, 0.0, 1.0]]}, {"class": "TomatoSauce", "pose": [[0.6206707665769935, -0.1981835734318404, -0.7586113454588053, -3.3398838831661837], [0.5189493788383203, -0.6214468679145367, 0.5869372719760533, 8.538307468682415], [-0.5877578882896152, -0.7579756681824201, -0.28286662144971675, 41.97444057832961], [0.0, 0.0, 0.0, 1.0]]}, {"class": "PeasAndCarrots", "pose": [[0.8969507338976511, -0.194298265849987, 0.3971494272543496, 7.147244718766766], [-0.426563331915362, -0.6165555513500472, 0.6617424005131163, 9.792663315736377], [0.11628926650946025, -0.7629596891954435, -0.6359003801627383, 40.12075352839683], [0.0, 0.0, 0.0, 1.0]]}, {"class": "Ketchup", "pose": [[0.8719083084136506, -0.2114368737422329, 0.4416678082695876, -27.471233901897463], [-0.4608896477641049, -0.6590230952825002, 0.5943646365155892, 21.790014569850953], [0.1653986627713049, -0.7217915654920086, -0.6720566885848913, 32.83486265757669], [0.0, 0.0, 0.0, 1.0]]}, {"class": "MacaroniAndCheese", "pose": [[-0.19741066744336597, 0.9624882064125929, -0.18613324156780697, 5.219746086007149], [0.7957179907150037, 0.04642135716064576, -0.6038857222389006, 22.199633911915335], [-0.5725922457111328, -0.2673230140189394, -0.7750332255206501, 31.35814843428047], [0.0, 0.0, 0.0, 1.0]]}, {"class": "Pineapple", "pose": [[0.9715243596077006, -0.21286055323951192, 0.10407164015100728, -13.515106973556868], [-0.21797207364413546, -0.6307237067963108, 0.7447656070661118, 26.60890642324168], [-0.09289075703566757, -0.7462426174437158, -0.6591610103015223, 31.38164498243537], [0.0, 0.0, 0.0, 1.0]]}]}