{"camera": {"camera": "RealSense D415", "extrinsics": [[-0.9760865, -0.1134496, -0.18543021, 0.538943], [0.022082655, 0.79685265, -0.60376996, -0.2202132], [0.21625803, -0.5934265, -0.77529186, 0.11396926], [0.0, 0.0, 0.0, 1.0]], "height": 480, "intrinsics": [[604.50507, 0.0, 326.28275], [0.0, 602.9669, 245.73769], [0.0, 0.0, 1.0]], "width": 640}, "objects": [{"class": "OrangeJuice", "pose": [[-0.8679657112608903, -0.17696486907213502, 0.46402487749082055, -12.019971551905206], [-0.2663591314180619, -0.6227176342249878, -0.7357143301607917, 11.604621539013937], [0.4191520204270943, -0.7621720463699865, 0.4933612844272422, 33.962796368806316], [0.0, 0.0, 0.0, 1.0]]}, {"class": "ChocolatePudding", "pose": [[0.9802411166626694, -0.1477963097816564, -0.13146760726338233, -20.204245170304723], [0.010713222007690794, -0.62398370929669, 0.7813639176945977, -16.31241509702761], [-0.19751633021400933, -0.767333451603205, -0.610071040795356, 66.52599777427082], [0.0, 0.0, 0.0, 1.0]]}, {"class": "CreamCheese", "pose": [[0.9424175444128972, -0.2501320789186589, 0.22199829463153004, -30.15657675234631], [-0.33349341013640754, -0.652981587731002, 0.6799979455471781, -9.999895860899223], [-0.025128507810860987, -0.7148769383718371, -0.6987986280373879, 63.48876660974331], [0.0, 0.0, 0.0, 1.0]]}, {"class": "Raisins", "pose": [[0.5459957273782492, -0.14099798941150044, -0.8258379746701674, -15.659783329682043], [0.6160356507295686, -0.6004938391019172, 0.509810985267414, -25.197882756036684], [-0.5677928736404017, -0.7871002222608487, -0.24100724932608403, 67.54279974679017], [0.0, 0.0, 0.0, 1.0]]}, {"class": "BBQSauce", "pose": [[0.8718692259543359, -0.15358217129736546, -0.4650340817984062, -6.1404916150135325], [0.2635656501118097, -0.6531688402250985, 0.709861696887945, -22.04768868689502], [-0.41276782952516683, -0.7414735520043599, -0.5289987637554066, 61.54933492563838], [0.0, 0.0, 0.0, 1.0]]}, {"class": "SaladDressing", "pose": [[0.48962320576412466, -0.23344771562561098, -0.8401020224872485, 5.361367164545938], [0.6244453677017199, -0.5785738516551552, 0.5247097249006187, -22.642899613698987], [-0.6085532804868105, -0.7815078423082957, -0.13750781318531685, 59.93754648352672], [0.0, 0.0, 0.0, 1.0]]}, {"class": "Mayo", "pose": [[0.06767584113465124, 0.997638689767157, 0.011711231664614604, -3.2079333249612985], [0.6455332875711982, -0.05273444193670238, 0.7619093566426653, -12.328875118861776], [0.7607278092294785, -0.04400286122548655, -0.647577755900029, 59.55072027054244], [0.0, 0.0, 0.0, 1.0]]}, {"class": "Mushrooms", "pose": [[0.8720452794461636, -0.13192071083600843, -0.4713110272303191, 8.306235540387553], [0.2764506362037763, -0.6618846971275146, 0.6967666093602937, -13.63143899077848], [-0.40387145995564505, -0.7379062400982946, -0.5407237983711484, 59.101680125814646], [0.0, 0.0, 0.0, 1.0]]}, {"class": "Parmesan", "pose": [[0.9701467802397585, -0.18452063858121157, 0.15737689305844169, -21.704804683734736], [-0.2405829228908249, -0.6504165366039616, 0.7204708186969907, -3.4163839957466107], [-0.030581204661024066, -0.7368246120115786, -0.6753919473336195, 53.370498293441806], [0.0, 0.0, 0.0, 1.0]]}, {"class": "Mustard", "pose": [[0.973039945059493, -0.20727322571664442, -0.10114940909539571, -16.82591783326788], [-0.036922313314545076, -0.5729017671384357, 0.8187919897371079, -0.39902097509550427], [-0.22766231321813576, -0.7929826097603608, -0.5651092400814562, 46.177538951703454], [0.0, 0.0, 0.0, 1.0]]}, {"class": "Milk", "pose": [[-0.1736976454580303, -0.7793341495823813, -0.6020527709410171, -11.081474134322466], [-0.5857957480269952, -0.4096624609978872, 0.6992996668890541, -4.256956879405507], [-0.7916264986626376, 0.4741466062877604, -0.38537317476513744, 53.66832998441016], [0.0, 0.0, 0.0, 1.0]]}, {"class": "AlphabetSoup", "pose": [[0.9347642386434293, -0.17996507765442482, 0.3063144082783576, 6.520045492034626], [-0.35117745857372074, -0.5985362498427058, 0.7200199751968182, -3.1539572601357007], [0.05376181325392486, -0.7806196083107597, -0.6226898875235041, 48.77083335162495], [0.0, 0.0, 0.0, 1.0]]}, {"class": "Yogurt", "pose": [[0.9778600378352299, -0.1742185472740142, 0.11592140411214358, 15.247133237213806], [-0.20150492140592552, -0.6345273343576975, 0.7461707867979039, -5.766346536722066], [-0.05644149042628741, -0.7530092995053753, -0.655584742412843, 50.84469110688874], [0.0, 0.0, 0.0, 1.0]]}, {"class": "Cherries", "pose": [[0.6752067924232007, -0.17025058121285666, 0.7177120974339015, -23.76906970598831], [-0.6419006858981076, -0.6149755479066475, 0.45800502113945296, 8.008829807015811], [0.3633997219519793, -0.769947959164084, -0.5245195742123581, 48.00213036805343], [0.0, 0.0, 0.0, 1.0]]}, {"class": "Cookies", "pose": [[0.513938755589909, -0.21077084656962583, 0.8315303563188375, -35.04324804018096], [-0.715338525886338, -0.6403037482400971, 0.2798247984738627, 10.417054425156753], [0.47345303560911317, -0.7386384816964341, -0.47984937000826744, 40.920927567421856], [0.0, 0.0, 0.0, 1.0]]}, {"class": "TomatoSauce", "pose": [[0.6860352016387311, -0.1667283905774279, -0.7082072250610548, -2.6072548937233098], [0.492605291536731, -0.6099062089928226, 0.6207692465405398, 6.573515635130168], [-0.5354397814868076, -0.7747361515495989, -0.3362857971296209, 43.05624808744327], [0.0, 0.0, 0.0, 1.0]]}, {"class": "PeasAndCarrots", "pose": [[0.865802730357323, -0.16226186292119776, 0.47334643516969716, 8.035939925276326], [-0.4662103360846694, -0.605177725125422, 0.6452967209031303, 7.367270893038236], [0.1817516438091734, -0.7793786327029628, -0.5996126152161504, 42.01615627006909], [0.0, 0.0, 0.0, 1.0]]}, {"class": "Ketchup", "pose": [[0.8355913427256376, -0.1843504797414417, 0.5174960254164067, -25.362609525429548], [-0.4995324954563541, -0.6469607509535507, 0.5761155154804094, 20.907158044529506], [0.2285924138852248, -0.739903191828094, -0.6326837887162522, 32.18416368310611], [0.0, 0.0, 0.0, 1.0]]}, {"class": "MacaroniAndCheese", "pose": [[-0.117849184473106, 0.9812289801258028, -0.15264791522000432, 7.331836502769046], [0.8053019247925511, 0.004491471875400372, -0.592847915636294, 19.872233379288172], [-0.5810338703643377, -0.19279428523425407, -0.7907148705684489, 33.209251494378464], [0.0, 0.0, 0.0, 1.0]]}, {"class": "Pineapple", "pose": [[0.9652606222430549, -0.1826536894440512, 0.18684134612055137, -11.137906141366638], [-0.2605358835448131, -0.6185569063000632, 0.7412883524799992, 25.107111535984522], [-0.019827051886084912, -0.7642153024737137, -0.6446563898280573, 31.830258436741172], [0.0, 0.0, 0.0, 1.0]]}]}