{"camera": {"camera": "RealSense D415", "extrinsics": [[-0.9717573, -0.1489221, -0.18305737, 0.5858565], [-0.012994916, 0.8083169, -0.5886042, -0.23092979], [0.23562454, -0.56960166, -0.7874231, 0.11144582], [0.0, 0.0, 0.0, 1.0]], "height": 480, "intrinsics": [[604.50507, 0.0, 326.28275], [0.0, 602.9669, 245.73769], [0.0, 0.0, 1.0]], "width": 640}, "objects": [{"class": "OrangeJuice", "pose": [[-0.8510793074322249, -0.1737722188368893, 0.4954466368103904, -7.827158858770044], [-0.30325493227351735, -0.6076248093663135, -0.734049438542707, 7.930442583324246], [0.4286030280051688, -0.774980901575555, 0.46443960627414105, 35.8731044909414], [0.0, 0.0, 0.0, 1.0]]}, {"class": "ChocolatePudding", "pose": [[0.9753159697030735, -0.14468887237650782, -0.16680536849306157, -14.52369665145593], [0.045399814823258666, -0.6078761918753469, 0.7927328889958255, -21.06235960500656], [-0.2160966078963624, -0.7807379557801442, -0.5863024831587076, 67.83056572255377], [0.0, 0.0, 0.0, 1.0]]}, {"class": "CreamCheese", "pose": [[0.9511794242212986, -0.24504373841078564, 0.18764703757119203, -24.717708387757032], [-0.30417973236852824, -0.6413055258336152, 0.7044160376382762, -14.975273800458972], [-0.052273635138677416, -0.7271044481665756, -0.6845339216020693, 65.15641286896692], [0.0, 0.0, 0.0, 1.0]]}, {"class": "Raisins", "pose": [[0.515969543342902, -0.13898853133434916, -0.8452560322207567, -9.698623785068472], [0.6468399855269681, -0.583683372420309, 0.4908276632526487, -29.830435192257493], [-0.5615812672682343, -0.799997500395345, -0.21125951082198413, 68.52127636812881], [0.0, 0.0, 0.0, 1.0]]}, {"class": "BBQSauce", "pose": [[0.8551916369210686, -0.14908604709239243, -0.49640785268584103, -0.3994432916231694], [0.3004143446795845, -0.6378885541776572, 0.7091187877150082, -26.23926039083773], [-0.42237256468190015, -0.7555604745597889, -0.5007293552261152, 62.43104097567388], [0.0, 0.0, 0.0, 1.0]]}, {"class": "SaladDressing", "pose": [[0.4585630228547819, -0.23191520403692087, -0.8578667925222101, 11.08018674093495], [0.6546104916821047, -0.5647121894899347, 0.5025786389727811, -26.445350050121586], [-0.6010034217506371, -0.7920325605937357, -0.10714201464179798, 60.581577310301995], [0.0, 0.0, 0.0, 1.0]]}, {"class": "Mayo", "pose": [[0.06384876314318334, 0.9976734730663162, -0.023898077128110942, 2.2032583822052976], [0.6271676311886684, -0.02148713091172318, 0.7785878927423076, -16.3875785833048], [0.776262960958233, -0.0646999484553063, -0.6270804042643805, 60.636602563067434], [0.0, 0.0, 0.0, 1.0]]}, {"class": "Mushrooms", "pose": [[0.8551653723120326, -0.12710858941242448, -0.5025293364586255, 13.739556438659012], [0.31306176679904185, -0.6460381762631383, 0.6961515970747969, -17.3304895867666], [-0.4131399441094289, -0.7526474392699871, -0.5126766232623935, 59.93010283929101], [0.0, 0.0, 0.0, 1.0]]}, {"class": "Parmesan", "pose": [[0.976030554623871, -0.1799924884679336, 0.12234051676073013, -16.670102823820454], [-0.21036525397127942, -0.6361920468028633, 0.7422979055856987, -7.877823106934604], [-0.05577595993645512, -0.7502416092574725, -0.6588070061331078, 55.056081986708996], [0.0, 0.0, 0.0, 1.0]]}, {"class": "Mustard", "pose": [[0.9689222423610628, -0.20615659462411517, -0.13670877168834575, -12.028585016290005], [-0.001626524999627651, -0.5579560590031789, 0.8298689244504784, -4.527807132868277], [-0.24736040610054452, -0.8038560756014337, -0.5409513291513152, 47.85327757079379], [0.0, 0.0, 0.0, 1.0]]}, {"class": "Milk", "pose": [[-0.17219352015959358, -0.7571543504824283, -0.6301323850320028, -6.022701116168938], [-0.5698637395863578, -0.4452120324189519, 0.6906819858839287, -8.405476541090692], [-0.8034953662497246, 0.47802051896430875, -0.3548121773029425, 55.125643199064456], [0.0, 0.0, 0.0, 1.0]]}, {"class": "AlphabetSoup", "pose": [[0.9456439303916259, -0.17785801587441016, 0.27225764380129985, 11.436208216208104], [-0.3241430049737598, -0.583070709183991, 0.7449563084831138, -6.6450382517097175], [0.026249025046157216, -0.7927137989966505, -0.6090286716260283, 49.919596789835865], [0.0, 0.0, 0.0, 1.0]]}, {"class": "Yogurt", "pose": [[0.9820610188769309, -0.17049345001666535, 0.08054986163465293, 20.276816459017155], [-0.1704098203139707, -0.6195819517229596, 0.7662106364246455, -9.046661501370199], [-0.08072662937000982, -0.7661920636150844, -0.6375210069181709, 51.75354845105071], [0.0, 0.0, 0.0, 1.0]]}, {"class": "Cherries", "pose": [[0.701097588362448, -0.1674480897263841, 0.6931258546215713, -19.179425204484435], [-0.6305503189206614, -0.5994832949927379, 0.49297678998532024, 3.616475346864059], [0.33296934722922533, -0.7826755442418587, -0.5258806970688252, 50.03607303095278], [0.0, 0.0, 0.0, 1.0]]}, {"class": "Cookies", "pose": [[0.5443242209426667, -0.20656177827967362, 0.8130458263558322, -30.66032903502698], [-0.7116656106503801, -0.6268306924738322, 0.3171992791935811, 5.868289422586123], [0.4441208201204316, -0.7512759844306699, -0.4882020008679032, 43.24134949906553], [0.0, 0.0, 0.0, 1.0]]}, {"class": "TomatoSauce", "pose": [[0.6602249799189825, -0.16417469491719247, -0.7329050326920709, 1.9116639076532937], [0.5268807546321911, -0.5941866852420817, 0.6077325847852565, 2.9491424992047794], [-0.5352566820938314, -0.7873937669532678, -0.30579640503967087, 44.64488441358212], [0.0, 0.0, 0.0, 1.0]]}, {"class": "PeasAndCarrots", "pose": [[0.8827106127312188, -0.15994454261736754, 0.44185954664818206, 12.503580451117202], [-0.44450839132557185, -0.5892060201019484, 0.6747211253898187, 4.090097378377575], [0.1524283540739546, -0.7919937506297144, -0.5911950584501896, 43.420563693364045], [0.0, 0.0, 0.0, 1.0]]}, {"class": "Ketchup", "pose": [[0.8544487463734287, -0.17998676562946245, 0.4873625401327634, -21.472460521262292], [-0.4799389156346694, -0.6326533902049609, 0.6077897385215669, 16.87012125954612], [0.1989374621545947, -0.7532294079134274, -0.6269525073751724, 34.60243402849666], [0.0, 0.0, 0.0, 1.0]]}, {"class": "MacaroniAndCheese", "pose": [[-0.15331931711140748, 0.9765825191969748, -0.15093015505498325, 11.252307254665178], [0.8163028795857591, 0.03908931023603378, -0.5762999876243254, 16.7941682978355], [-0.5569047123925328, -0.21156260885535477, -0.8031802444952483, 34.966432352386825], [0.0, 0.0, 0.0, 1.0]]}, {"class": "Pineapple", "pose": [[0.9719548687288331, -0.1796217278047816, 0.15178902977580744, -7.38834287447906], [-0.23073072140123768, -0.6035853493032011, 0.7631828754883889, 21.504517980026424], [-0.04546656933978209, -0.7768016814415755, -0.6281019344661755, 34.08567104213171], [0.0, 0.0, 0.0, 1.0]]}]}