{"camera": {"camera": "RealSense D415", "extrinsics": [[-0.9769215, -0.13937992, -0.16185668, 0.5833035], [-0.01652426, 0.8048059, -0.59330803, -0.23006137], [0.21295844, -0.57694083, -0.78853536, 0.13534452], [0.0, 0.0, 0.0, 1.0]], "height": 480, "intrinsics": [[604.50507, 0.0, 326.28275], [0.0, 602.9669, 245.73769], [0.0, 0.0, 1.0]], "width": 640}, "objects": [{"class": "OrangeJuice", "pose": [[-0.8594191884690254, -0.15277526727323618, 0.4879123267015539, -8.78669979579536], [-0.30525635095468273, -0.6122228778786689, -0.7293845164025049, 7.817354184183345], [0.41014295597899947, -0.7757853653055719, 0.4795204306410446, 36.55243167211697], [0.0, 0.0, 0.0, 1.0]]}, {"class": "ChocolatePudding", "pose": [[0.9798710042070287, -0.12356458473286205, -0.15679499628685525, -16.09119032479037], [0.04904067268490247, -0.6123623082227775, 0.7890548020604198, -21.05130044746858], [-0.19351454428157533, -0.7808612322376449, -0.5939763277298727, 68.48909741100582], [0.0, 0.0, 0.0, 1.0]]}, {"class": "CreamCheese", "pose": [[0.9535592346221569, -0.2249860414522705, 0.20026514815347948, -26.248480802147544], [-0.29984868886522015, -0.6460126150201977, 0.7019676130595337, -15.026456195736682], [-0.028559091471352528, -0.7294169264843311, -0.6834730034289195, 65.54762237051523], [0.0, 0.0, 0.0, 1.0]]}, {"class": "Raisins", "pose": [[0.525894608924128, -0.11752990029755153, -0.8423904351232141, -11.242413624173054], [0.6465723713631799, -0.5882364526195647, 0.4857181375687652, -29.792579243458317], [-0.5526111070597901, -0.8001029082830164, -0.23335878229644064, 69.33583706255867], [0.0, 0.0, 0.0, 1.0]]}, {"class": "BBQSauce", "pose": [[0.8633982421746799, -0.12840728868555162, -0.48790891154865185, -1.820561785127317], [0.302465980977466, -0.6422724640990748, 0.7042730130960344, -26.186398771262727], [-0.4038042000602223, -0.7556439102685247, -0.5156980411553675, 63.44631909339699], [0.0, 0.0, 0.0, 1.0]]}, {"class": "SaladDressing", "pose": [[0.4693882086171033, -0.21070530300534318, -0.8574835550861324, 9.69995807119497], [0.6538742915840001, -0.5696742198431238, 0.49791541331393063, -26.34623614258399], [-0.593399633505376, -0.7944020545948693, -0.12962357569056618, 61.86614240595757], [0.0, 0.0, 0.0, 1.0]]}, {"class": "Mayo", "pose": [[0.04276123483722739, 0.9990019403408109, -0.012909776798369335, 0.7770054338546162], [0.6312423602373128, -0.0169994538666938, 0.7753993590235854, -16.331162364063307], [0.7744059832760055, -0.04130621122097017, -0.631339204187858, 61.66400029022356], [0.0, 0.0, 0.0, 1.0]]}, {"class": "Mushrooms", "pose": [[0.8630970153799039, -0.10646578036303182, -0.4936888108925351, 12.33095567599069], [0.3151579631226748, -0.65030191158655, 0.6912184508758222, -17.2219623085354], [-0.3946378424235165, -0.7521785231751489, -0.5277200615525526, 61.23145574114576], [0.0, 0.0, 0.0, 1.0]]}, {"class": "Parmesan", "pose": [[0.9780442846199164, -0.1594371091722817, 0.13419853906655374, -18.000703951611243], [-0.20593385024077812, -0.640698853353069, 0.739659579401903, -7.939644499511098], [-0.03194832063267204, -0.751055828028436, -0.6594652900319632, 55.602487472638806], [0.0, 0.0, 0.0, 1.0]]}, {"class": "Mustard", "pose": [[0.9744299319274603, -0.18470971263959443, -0.12794018980341534, -13.20808661723989], [0.001832335734666494, -0.5628518622873695, 0.826555798739153, -4.602457965795159], [-0.22468422748429961, -0.8056551173536685, -0.5481212006165188, 48.4932902729597], [0.0, 0.0, 0.0, 1.0]]}, {"class": "Milk", "pose": [[-0.1507087429382334, -0.7660075709489444, -0.6249154650009616, -7.35546695739886], [-0.574594021565699, -0.4465172352089571, 0.6859038808799901, -8.41569429772267], [-0.8044430683998699, 0.4624443494220823, -0.37284929147667045, 55.92298250304606], [0.0, 0.0, 0.0, 1.0]]}, {"class": "AlphabetSoup", "pose": [[0.9462859231028738, -0.15656128379384532, 0.2828985303967787, 10.211758995749525], [-0.3194555629822533, -0.5877754184967681, 0.743282090094041, -6.596621811000078], [0.04991160992334675, -0.7937308661460716, -0.6062179179845579, 51.116830260888435], [0.0, 0.0, 0.0, 1.0]]}, {"class": "Yogurt", "pose": [[0.9844678011757502, -0.14964643046863216, 0.09181043863676562, 19.018328636701398], [-0.16607188903120224, -0.6241211364803362, 0.7634742952032043, -8.946698258435543], [-0.05695035072561929, -0.7668629740972291, -0.6392791700616012, 53.168413126836256], [0.0, 0.0, 0.0, 1.0]]}, {"class": "Cherries", "pose": [[0.696087947283901, -0.1463115467893983, 0.7028901502145768, -20.446124786576547], [-0.6255384474393103, -0.6040886021731531, 0.49373948218025615, 3.517847253535983], [0.35236811715980887, -0.7833708948651041, -0.5120222376529772, 50.46810501109825], [0.0, 0.0, 0.0, 1.0]]}, {"class": "Cookies", "pose": [[0.537145236406055, -0.18601869980308022, 0.8227223715667075, -31.775723238764154], [-0.706864932710131, -0.6314706521186574, 0.31872691631154365, 5.681238957909496], [0.4602358309295643, -0.7527562207583726, -0.4706814982573799, 43.396329628129415], [0.0, 0.0, 0.0, 1.0]]}, {"class": "TomatoSauce", "pose": [[0.6700581975150818, -0.14295381563165135, -0.7284135370005719, 0.7679801878961112], [0.5274385988711349, -0.5987993477785629, 0.602700531180077, 2.9257873388773117], [-0.5223318353407448, -0.7880378253856446, -0.32583103031279687, 45.573672757824234], [0.0, 0.0, 0.0, 1.0]]}, {"class": "PeasAndCarrots", "pose": [[0.8809902264683618, -0.13864087425923602, 0.45236599253077303, 11.380114550281311], [-0.4395062957629249, -0.5938208490570022, 0.6739518380224944, 4.111735634155256], [0.17518708036318936, -0.7925626621120845, -0.5840838418097974, 44.59104494307533], [0.0, 0.0, 0.0, 1.0]]}, {"class": "Ketchup", "pose": [[0.8518170501181522, -0.1593782616556551, 0.4990053558691746, -22.44047014232923], [-0.4748454303283627, -0.6371748092423107, 0.6070668369522593, 16.684949311408896], [0.22120037583447896, -0.754060276939815, -0.618436345338628, 34.91933210467262], [0.0, 0.0, 0.0, 1.0]]}, {"class": "MacaroniAndCheese", "pose": [[-0.14410983533448649, 0.9810609944339771, -0.12942852431583665, 10.266874732229153], [0.8128323876724005, 0.042758503136320354, -0.5809262300191399, 16.768295594330546], [-0.5643898437709282, -0.18892084969803477, -0.8036000482586254, 36.04682938950972], [0.0, 0.0, 0.0, 1.0]]}, {"class": "Pineapple", "pose": [[0.9738247612950361, -0.15859958907088065, 0.1628237297868623, -8.370058097265275], [-0.2262682298182027, -0.6082205408772462, 0.7608354136039225, 21.38451496244726], [-0.021635433800324885, -0.7777621817399056, -0.6281862123790356, 34.70809932891809], [0.0, 0.0, 0.0, 1.0]]}]}