{"camera": {"camera": "RealSense D415", "extrinsics": [[-0.994907, -0.0062587797, -0.10060243, 0.5476659], [0.054569375, 0.80571145, -0.58978915, -0.28574502], [0.084747896, -0.5922752, -0.80126643, 0.23297356], [0.0, 0.0, 0.0, 1.0]], "height": 480, "intrinsics": [[604.50507, 0.0, 326.28275], [0.0, 602.9669, 245.73769], [0.0, 0.0, 1.0]], "width": 640}, "objects": [{"class": "OrangeJuice", "pose": [[-0.9246354492728085, -0.09460858201275184, 0.36891537310512124, -12.395518778377445], [-0.23933855717940689, -0.6091421259062957, -0.7560839800129291, 7.1516587382744135], [0.2962538865394422, -0.7873976880161238, 0.5405908988022043, 37.351034690421244], [0.0, 0.0, 0.0, 1.0]]}, {"class": "ChocolatePudding", "pose": [[0.9976290057944425, -0.06507170801650128, -0.022407364170961147, -25.790442772082976], [-0.02211198507653097, -0.6113904059530489, 0.7910201583797307, -20.7532305037925], [-0.06517265061380943, -0.7886491463810682, -0.611379631468877, 68.15036253957406], [0.0, 0.0, 0.0, 1.0]]}, {"class": "CreamCheese", "pose": [[0.9255325966066964, -0.17441301167615916, 0.3361094529051539, -35.029464302188806], [-0.3663180786393089, -0.6372316268635488, 0.6780464426021228, -14.065966543055906], [0.09591946871554231, -0.7506770221882236, -0.6536692344990602, 63.902709653090696], [0.0, 0.0, 0.0, 1.0]]}, {"class": "Raisins", "pose": [[0.6373793669765798, -0.05490674260829724, -0.7685914665961134, -21.725112109102096], [0.6014988531015948, -0.5879768794596801, 0.5408163997854327, -29.802468513682868], [-0.48160843343387677, -0.8070120623567785, -0.3417379878015677, 69.6409785298132], [0.0, 0.0, 0.0, 1.0]]}, {"class": "BBQSauce", "pose": [[0.9275554836006827, -0.07523936254438572, -0.3660326672879101, -11.390214549398536], [0.23635120047589545, -0.6405864242945873, 0.7306074201523224, -26.936103894599196], [-0.2894459530288841, -0.764191144483104, -0.5763965121506577, 65.01106517785922], [0.0, 0.0, 0.0, 1.0]]}, {"class": "SaladDressing", "pose": [[0.5872669396581779, -0.14648210603071612, -0.7960280048798629, 0.1971260356131932], [0.6122630714920587, -0.5628580340958924, 0.5552700460851265, -27.922399139011123], [-0.5293878368864078, -0.8134702559971684, -0.24086233623228948, 64.93594256128983], [0.0, 0.0, 0.0, 1.0]]}, {"class": "Mayo", "pose": [[-0.012676505161703187, 0.9922316926905502, 0.12375631132599321, -7.890533646693731], [0.6358144201508937, -0.08752422199626289, 0.7668634774395551, -17.30916177359419], [0.7717378836383271, 0.08840721719933184, -0.629765676386976, 63.553697927412124], [0.0, 0.0, 0.0, 1.0]]}, {"class": "Mushrooms", "pose": [[0.9269779702901333, -0.05455461227063215, -0.3711275888861812, 3.529938780414288], [0.24914071002001512, -0.6500936549789617, 0.7178490131673737, -19.013321451810857], [-0.28042962467815685, -0.7578931772769864, -0.5890306967302312, 64.6228257515739], [0.0, 0.0, 0.0, 1.0]]}, {"class": "Parmesan", "pose": [[0.9568643087081499, -0.10641069894453592, 0.27034701445789544, -25.08549559006483], [-0.2743989291502988, -0.6367857643259345, 0.7205617096207392, -7.693459751668599], [0.0954776737864588, -0.7636626794881866, -0.6385165072383734, 55.09004406735275], [0.0, 0.0, 0.0, 1.0]]}, {"class": "Mustard", "pose": [[0.992909975437109, -0.11883391017218844, 0.0028866635326167825, -19.191245876893415], [-0.06918815920430761, -0.5580097864472942, 0.8269450623793075, -4.785117240744349], [-0.09665829783906955, -0.8212816874300747, -0.5622753485628724, 48.652183897897736], [0.0, 0.0, 0.0, 1.0]]}, {"class": "Milk", "pose": [[-0.08619453601250684, -0.8490277247444225, -0.52127005950139, -14.631440436800213], [-0.572092962806493, -0.3861748276618717, 0.7235873849965649, -8.911257050209715], [-0.8156470889631816, 0.360584168124686, -0.45243661237167226, 56.787133130361326], [0.0, 0.0, 0.0, 1.0]]}, {"class": "AlphabetSoup", "pose": [[0.906827108878811, -0.09430154588448732, 0.4108185285524222, 3.4933289396547162], [-0.3844357493260582, -0.5847035510449338, 0.7143745315827764, -8.386029439971212], [0.17284044250882977, -0.8057474832310303, -0.5664778715456156, 54.29065129174241], [0.0, 0.0, 0.0, 1.0]]}, {"class": "Yogurt", "pose": [[0.9692752751467363, -0.09351010891455545, 0.22751121043960387, 11.7723317638398], [-0.23538466319449547, -0.6211240550379781, 0.7475286134487091, -11.323624091626652], [0.07141122405146272, -0.7781136169981301, -0.6240509918045161, 57.471244003256786], [0.0, 0.0, 0.0, 1.0]]}, {"class": "Cherries", "pose": [[0.5985990551911261, -0.08665899490994126, 0.7963475623627999, -26.02773986289445], [-0.6686101121642894, -0.6015717156541489, 0.4371178881893688, 3.845739156561895], [0.4411799613458298, -0.794104351613844, -0.4180412954547507, 49.651740243509], [0.0, 0.0, 0.0, 1.0]]}, {"class": "Cookies", "pose": [[0.4216991146748188, -0.131827309515047, 0.8971017041028195, -36.16827104518433], [-0.7373034620334676, -0.6257364191919231, 0.2546322797857487, 6.714656169363925], [0.5277816988481753, -0.7688143655867447, -0.36106918156916223, 41.16710629855467], [0.0, 0.0, 0.0, 1.0]]}, {"class": "TomatoSauce", "pose": [[0.7675983983329147, -0.08236011049015307, -0.6356174647006471, -4.455864676429389], [0.4729126430892977, -0.5965866727635993, 0.6484119317422425, 1.7090743875245729], [-0.43260414107859174, -0.7983114588711931, -0.4189898280474592, 47.54624405825878], [0.0, 0.0, 0.0, 1.0]]}, {"class": "PeasAndCarrots", "pose": [[0.817556167917566, -0.07715683889198345, 0.5706564508246842, 6.251619372363843], [-0.4981182863739401, -0.5919769221097788, 0.6335941570184154, 2.135953590720124], [0.2889293306387789, -0.8022531874299509, -0.5224075702033323, 47.942458176451716], [0.0, 0.0, 0.0, 1.0]]}, {"class": "Ketchup", "pose": [[0.7802559366686742, -0.10571458753158679, 0.6164617990046093, -25.05951396760755], [-0.5307764952114308, -0.6333103583911915, 0.5632001077983236, 16.935238956066], [0.3308731759856987, -0.7666436266188996, -0.550254936759676, 33.940538387915446], [0.0, 0.0, 0.0, 1.0]]}, {"class": "MacaroniAndCheese", "pose": [[-0.011984786494176876, 0.997767134927321, -0.06570509650931214, 7.151925235853596], [0.8141980363388018, -0.028407311250946785, -0.5798919223683711, 14.737349925969578], [-0.5804635722922534, -0.06044681207063306, -0.8120395485460371, 39.292273586478075], [0.0, 0.0, 0.0, 1.0]]}, {"class": "Pineapple", "pose": [[0.9499154901671579, -0.09983001743965257, 0.29613270591775326, -10.781113826832012], [-0.29426365912454555, -0.6047647724151197, 0.7400463014588178, 20.633374730177646], [0.10521181121698027, -0.7901225031450431, -0.6038517277071349, 35.53994835022847], [0.0, 0.0, 0.0, 1.0]]}]}