{"camera": {"camera": "RealSense D415", "extrinsics": [[-0.99676895, 0.0052825375, -0.08014848, 0.5627075], [0.050111968, 0.8207221, -0.5691257, -0.2935931], [0.0627732, -0.57130325, -0.818335, 0.24574408], [0.0, 0.0, 0.0, 1.0]], "height": 480, "intrinsics": [[604.50507, 0.0, 326.28275], [0.0, 602.9669, 245.73769], [0.0, 0.0, 1.0]], "width": 640}, "objects": [{"class": "OrangeJuice", "pose": [[-0.9306200515313915, -0.07442511243459685, 0.35833969231161755, -11.303729023057462], [-0.24900040805521872, -0.5888167761180209, -0.7689562386900372, 5.839988245609695], [0.26822602644003124, -0.8048327591019554, 0.5294327870440555, 37.96518097650314], [0.0, 0.0, 0.0, 1.0]]}, {"class": "ChocolatePudding", "pose": [[0.9989394545646881, -0.044860728335453764, -0.010372749220549446, -25.335121614571964], [-0.01816486184040947, -0.5909651701965615, 0.8064925923273458, -22.881218326642895], [-0.04230974309353125, -0.805448784746348, -0.5911532696100916, 67.7127496071799], [0.0, 0.0, 0.0, 1.0]]}, {"class": "CreamCheese", "pose": [[0.9240828623639847, -0.154985509609407, 0.3493572212728329, -34.491425450205625], [-0.3665785827336667, -0.6180256675233499, 0.6954599291356112, -16.10740390402442], [0.10812554073061974, -0.770729417251845, -0.6279212372623294, 63.42333008030337], [0.0, 0.0, 0.0, 1.0]]}, {"class": "Raisins", "pose": [[0.646739723686055, -0.03433631948160025, -0.761937569443928, -21.279836845409893], [0.6151760353334148, -0.5670622948651548, 0.5477215491139099, -31.956714914778367], [-0.45087275415086825, -0.8229589488323376, -0.3456188297559858, 69.06463325902966], [0.0, 0.0, 0.0, 1.0]]}, {"class": "BBQSauce", "pose": [[0.9333886513384729, -0.055513770379946, -0.35454754210109446, -10.8477635705316], [0.2458448446074089, -0.6208060064944629, 0.7444194454407889, -28.948368347036507], [-0.2614307238679358, -0.7819962837299279, -0.5658054756108157, 64.75372181500042], [0.0, 0.0, 0.0, 1.0]]}, {"class": "SaladDressing", "pose": [[0.5977275516005447, -0.12580725789735273, -0.7917666453426491, 0.7409451316903626], [0.6270571925918226, -0.5419922475811025, 0.5595031517792097, -29.90618193758151], [-0.4995208840520133, -0.8309133535930441, -0.24507536105731859, 64.92494046688714], [0.0, 0.0, 0.0, 1.0]]}, {"class": "Mayo", "pose": [[-0.03254048632391819, 0.9901400399838124, 0.13624951643890928, -7.342569175350288], [0.6156418481008591, -0.08753354308959968, 0.783149468346341, -19.27910866441418], [0.7873539817124348, 0.10936499192809158, -0.6067232098765108, 63.62734068663328], [0.0, 0.0, 0.0, 1.0]]}, {"class": "Mushrooms", "pose": [[0.9325638173376409, -0.03495477282632827, -0.3593090636325301, 4.054619750255995], [0.25839590197358075, -0.630425899739935, 0.7319800809109285, -20.98447329479661], [-0.25210388798047806, -0.7754620640094793, -0.5788801813225237, 64.91970656719302], [0.0, 0.0, 0.0, 1.0]]}, {"class": "Parmesan", "pose": [[0.9551527563745272, -0.08669970731280285, 0.2831368670823337, -24.36241849806017], [-0.2746080434089247, -0.6170907798979679, 0.7374208350257396, -9.48695764203083], [0.1107870023485161, -0.7821011414014089, -0.6132243407676827, 55.013374520937916], [0.0, 0.0, 0.0, 1.0]]}, {"class": "Mustard", "pose": [[0.9950928741628015, -0.09799797904485136, 0.013663112848697765, -18.327606864451052], [-0.06442276898779477, -0.536881358884634, 0.8411945134082534, -6.400001430427377], [-0.07509985348889674, -0.8379468149527557, -0.5405600750121944, 48.79256800527715], [0.0, 0.0, 0.0, 1.0]]}, {"class": "Milk", "pose": [[-0.06545904825608334, -0.8561166543902884, -0.5126202296399996, -13.947455969918233], [-0.5510314874884703, -0.397277647389459, 0.7338493488114278, -10.724526517176598], [-0.8319131408658434, 0.3305069150916695, -0.4457418002745851, 56.923190427882716], [0.0, 0.0, 0.0, 1.0]]}, {"class": "AlphabetSoup", "pose": [[0.9036358887942085, -0.07375914217727297, 0.4219026927948576, 4.229152653996582], [-0.3867189692381489, -0.5639118340249799, 0.7296930713306679, -10.0940059025593], [0.1840944019535137, -0.8225345552052342, -0.538094976787015, 54.866758042915876], [0.0, 0.0, 0.0, 1.0]]}, {"class": "Yogurt", "pose": [[0.9680111917845597, -0.07350968686114501, 0.23989741823661548, 12.439907580462428], [-0.23495729665323867, -0.6010319560910705, 0.7639082095230826, -13.094025717359575], [0.08803138614477918, -0.7958372808433792, -0.5990772444801756, 58.163864375628236], [0.0, 0.0, 0.0, 1.0]]}, {"class": "Cherries", "pose": [[0.5900334030702113, -0.06634261063754002, 0.8046485904010265, -25.21031329955512], [-0.6784249321417258, -0.5810577279414322, 0.4495682643582064, 2.1866768776232837], [0.4377217357489527, -0.8111538925535489, -0.3878518944505253, 49.853585456552366], [0.0, 0.0, 0.0, 1.0]]}, {"class": "Cookies", "pose": [[0.41135447043726375, -0.1120204749924107, 0.9045656557668613, -35.15786147701796], [-0.7497318381392027, -0.6059695965966626, 0.26590057343094764, 5.2508089261037725], [0.5183529513752809, -0.7875609989365129, -0.33325356432508074, 41.21023762559586], [0.0, 0.0, 0.0, 1.0]]}, {"class": "TomatoSauce", "pose": [[0.7761453262759742, -0.06196083431781861, -0.6275025101701026, -3.5890682158442155], [0.48566204758047327, -0.5759559873760259, 0.6575767424534301, 0.15389965757632296], [-0.4021577760550638, -0.8151292031146978, -0.416933511208628, 48.200147613906196], [0.0, 0.0, 0.0, 1.0]]}, {"class": "PeasAndCarrots", "pose": [[0.8120011027066264, -0.056680051344825275, 0.5808973177265917, 7.104956694429615], [-0.5035632387298549, -0.5712342206706867, 0.6481632709469644, 0.5946230653965323], [0.2950905033564609, -0.818827758818762, -0.49238475158902517, 48.85819595425887], [0.0, 0.0, 0.0, 1.0]]}, {"class": "Ketchup", "pose": [[0.7738240733231133, -0.08594404811984908, 0.6275428566222191, -23.912505464453826], [-0.5373780489170689, -0.613537984027422, 0.5786156502961751, 15.67971152749656], [0.33529280777200304, -0.7849744121946394, -0.5209548470230005, 34.51187558277146], [0.0, 0.0, 0.0, 1.0]]}, {"class": "MacaroniAndCheese", "pose": [[-0.0007423895977991461, 0.9989850868338725, -0.04503729454999698, 8.171158118095168], [0.828887845573481, -0.02457980528385879, -0.5588746448916574, 13.417213033442193], [-0.5594144018264479, -0.037745733609747686, -0.8280282809204838, 40.5590486477148], [0.0, 0.0, 0.0, 1.0]]}, {"class": "Pineapple", "pose": [[0.9480351929413908, -0.0795939321774414, 0.30804900854294365, -9.686064978064335], [-0.29473320079571613, -0.5843823357198241, 0.7560619829864281, 19.367596758371477], [0.11984047484162272, -0.8075655731879708, -0.5774739413792023, 36.540406720912586], [0.0, 0.0, 0.0, 1.0]]}]}