{"camera": {"camera": "RealSense D415", "extrinsics": [[-0.99771285, 0.045105167, -0.050344344, 0.6092365], [0.06518203, 0.83921033, -0.5398864, -0.29662547], [0.017897828, -0.5419332, -0.840231, 0.27213174], [0.0, 0.0, 0.0, 1.0]], "height": 480, "intrinsics": [[604.50507, 0.0, 326.28275], [0.0, 602.9669, 245.73769], [0.0, 0.0, 1.0]], "width": 640}, "objects": [{"class": "OrangeJuice", "pose": [[-0.9460313492024678, -0.04557399480395481, 0.3208547063455434, -6.6475412217803616], [-0.2417512943649268, -0.5601152017908356, -0.79235555761826, 6.229333367139878], [0.21582636933124316, -0.8271602213345377, 0.5188689698607833, 38.63772343030782], [0.0, 0.0, 0.0, 1.0]]}, {"class": "ChocolatePudding", "pose": [[0.9994155267748689, -0.01605079486566737, 0.030183142411094165, -22.515816935397726], [-0.033981571841053146, -0.562751896244213, 0.825927123505218, -23.226992835993606], [0.0037288689706442574, -0.8264700443584461, -0.5629684028927792, 66.69530971563155], [0.0, 0.0, 0.0, 1.0]]}, {"class": "CreamCheese", "pose": [[0.9120901198730704, -0.1281021782131057, 0.38946307967162186, -31.352158862218804], [-0.3859008677451959, -0.589056206400829, 0.7099953262289969, -16.15601339082757], [0.13846372639403998, -0.7978738496176966, -0.5867070631163502, 62.21849317772452], [0.0, 0.0, 0.0, 1.0]]}, {"class": "Raisins", "pose": [[0.6768625570028203, -0.004338287193942641, -0.7360966671926624, -18.671606102854852], [0.6186947281559063, -0.538460405772804, 0.5720815344511021, -32.41139900041266], [-0.39884073316129925, -0.842639679446654, -0.36177963117718115, 67.92261763019457], [0.0, 0.0, 0.0, 1.0]]}, {"class": "BBQSauce", "pose": [[0.9484263263503646, -0.028265323611773564, -0.315735047511346, -8.001816783250915], [0.2383222304180679, -0.5931742283630071, 0.7689908364781465, -29.440721899487755], [-0.20902163074713456, -0.8045778181291044, -0.5558458003760737, 64.20873489047167], [0.0, 0.0, 0.0, 1.0]]}, {"class": "SaladDressing", "pose": [[0.6303934440032909, -0.09492763946580908, -0.7704497999762505, 3.549456430625497], [0.6330455786382244, -0.5115619389854975, 0.5809971903898089, -30.603701359591607], [-0.44928545507149814, -0.8539866440671466, -0.2623917928545704, 64.8872992068236], [0.0, 0.0, 0.0, 1.0]]}, {"class": "Mayo", "pose": [[-0.060013786161841776, 0.9823807179999396, 0.17699298187432094, -4.2962420650957345], [0.5893544779325252, -0.10823669179139933, 0.8005911410850026, -19.80108784216064], [0.8056424150551422, 0.15235814362331554, -0.5724747649259972, 63.579551744271356], [0.0, 0.0, 0.0, 1.0]]}, {"class": "Mushrooms", "pose": [[0.9473590098230826, -0.008190962037715762, -0.32006852376990175, 6.999113547393232], [0.25056573590229403, -0.6033614522720683, 0.7570811232600733, -21.745386800688152], [-0.19931819505297338, -0.7974258112540767, -0.5695475344586288, 65.34279550299036], [0.0, 0.0, 0.0, 1.0]]}, {"class": "Parmesan", "pose": [[0.9444374626173849, -0.05934948600880869, 0.3232886681831703, -20.734971687327786], [-0.29462157238711517, -0.5889196359749452, 0.7525768058744148, -9.433077069678712], [0.1457260289558918, -0.8060095291395293, -0.5736833837251382, 54.522266984832356], [0.0, 0.0, 0.0, 1.0]]}, {"class": "Mustard", "pose": [[0.9963963607915514, -0.06674069109755931, 0.05234517755715388, -14.365623418393103], [-0.07904021689870197, -0.5066989471458111, 0.8584922121759649, -6.243852549774728], [-0.030773081322708864, -0.8595358738930031, -0.5101481748455007, 48.69930120173404], [0.0, 0.0, 0.0, 1.0]]}, {"class": "Milk", "pose": [[-0.0347486018847487, -0.8768838538323338, -0.47944476930667285, -10.442438358029992], [-0.5216032506351874, -0.3932985780457507, 0.7571303287590903, -10.913664730529165], [-0.8524802892726236, 0.2763891346746773, -0.44371890198271624, 56.87216680522027], [0.0, 0.0, 0.0, 1.0]]}, {"class": "AlphabetSoup", "pose": [[0.8877670595963988, -0.0436829744030748, 0.4582155506998679, 7.818621781418322], [-0.4082221477678423, -0.534645702352696, 0.7399383138616716, -10.52847114673822], [0.21266029612397555, -0.8439465806111887, -0.4924731757856922, 55.6885880896473], [0.0, 0.0, 0.0, 1.0]]}, {"class": "Yogurt", "pose": [[0.9589755203158179, -0.045275744189866594, 0.2798501450479907, 15.816571313434174], [-0.25445777116693785, -0.5726392357090038, 0.7793173972857376, -13.77872967460632], [0.12496902970380211, -0.818556334417874, -0.5606677539689314, 59.26016255020665], [0.0, 0.0, 0.0, 1.0]]}, {"class": "Cherries", "pose": [[0.5580093924788697, -0.037081526048480716, 0.8290057440039825, -21.15530694418385], [-0.7028130549344207, -0.5522892040918267, 0.44836425164169125, 2.4199667881702744], [0.44122490369169465, -0.8328275063184682, -0.3342439085801198, 49.73219853372822], [0.0, 0.0, 0.0, 1.0]]}, {"class": "Cookies", "pose": [[0.37462816033434204, -0.08420690373192312, 0.9233433728081382, -30.634553892666418], [-0.7736885988716744, -0.5771860067920807, 0.2612705931256891, 5.943615399280561], [0.5109400906240625, -0.8122595472249399, -0.2813800154174261, 40.74454843188698], [0.0, 0.0, 0.0, 1.0]]}, {"class": "TomatoSauce", "pose": [[0.8017787122725795, -0.032437575240475414, -0.5967400988029559, 0.4853617506554997], [0.48540438472398184, -0.5471334091271274, 0.6819293755225032, 0.07076145503646103], [-0.34861654550593263, -0.8364166999876815, -0.4229345924874511, 49.02020004665686], [0.0, 0.0, 0.0, 1.0]]}, {"class": "PeasAndCarrots", "pose": [[0.7891752968892467, -0.02691474871489053, 0.6135780246567688, 11.142000372710298], [-0.5271242003887981, -0.5423821242652007, 0.6541878674623136, 0.3044418004004734], [0.3151864725960002, -0.839700712816495, -0.4422219597998956, 50.191042931352094], [0.0, 0.0, 0.0, 1.0]]}, {"class": "Ketchup", "pose": [[0.7486179683636561, -0.05840345863829878, 0.6604242717545091, -18.923493443188644], [-0.5616042694529699, -0.5852860368274584, 0.5848426770678186, 16.395606847976463], [0.3523802896526758, -0.8087208117236819, -0.4709552436172503, 34.939807319575976], [0.0, 0.0, 0.0, 1.0]]}, {"class": "MacaroniAndCheese", "pose": [[0.038654532100554626, 0.9991451362139278, -0.014658416983336055, 12.799578086456298], [0.847075496842601, -0.040545830932659024, -0.5299237638903278, 13.377878461259574], [-0.5300650781952412, 0.008067204383540822, -0.8479186248883831, 42.39558732202937], [0.0, 0.0, 0.0, 1.0]]}, {"class": "Pineapple", "pose": [[0.9365859493773958, -0.050537925471015856, 0.3467747435702988, -4.752602218103119], [-0.3149131904258955, -0.5555029981669752, 0.7695753106851441, 19.767170931804067], [0.15374170042650387, -0.829977347508105, -0.536191340395084, 37.75502117735573], [0.0, 0.0, 0.0, 1.0]]}]}