{"camera": {"camera": "RealSense D415", "extrinsics": [[-0.99704367, 0.06088601, -0.046870828, 0.6273478], [0.075925715, 0.874372, -0.47927955, -0.3173589], [0.011801119, -0.48142132, -0.8764098, 0.2564063], [0.0, 0.0, 0.0, 1.0]], "height": 480, "intrinsics": [[604.50507, 0.0, 326.28275], [0.0, 602.9669, 245.73769], [0.0, 0.0, 1.0]], "width": 640}, "objects": [{"class": "OrangeJuice", "pose": [[-0.9511395866294823, -0.04248172330725123, 0.3058250061413247, -4.548899461112699], [-0.24467893699713705, -0.5004278178601244, -0.8304843561527995, 4.091841737693919], [0.18832368186222675, -0.8647353662842331, 0.46558225515639473, 38.82751159576103], [0.0, 0.0, 0.0, 1.0]]}, {"class": "ChocolatePudding", "pose": [[0.9988543616402089, -0.013000380639614173, 0.04605538823800548, -21.07275395848014], [-0.046333650155040255, -0.5034657739287488, 0.8627719607511946, -27.05517866085783], [0.01197098099406726, -0.8639173311173739, -0.5034912509452968, 64.58660138223387], [0.0, 0.0, 0.0, 1.0]]}, {"class": "CreamCheese", "pose": [[0.9059804597269313, -0.1256649710682581, 0.40423738828761313, -29.775949760902844], [-0.40570745694277316, -0.5303343565294094, 0.7444104906423542, -19.5818774163625], [0.12083466103685316, -0.8384233702800625, -0.5314556764488618, 60.521416212476254], [0.0, 0.0, 0.0, 1.0]]}, {"class": "Raisins", "pose": [[0.6884046835424517, -0.0008269117444245317, -0.7253264453637293, -17.347919302913873], [0.6367269290918569, -0.4782495986845981, 0.6048604698937599, -36.34899818212144], [-0.3473871626242907, -0.8782235383749648, -0.3287027153179434, 65.20956547808785], [0.0, 0.0, 0.0, 1.0]]}, {"class": "BBQSauce", "pose": [[0.9534171453055132, -0.025811342367605607, -0.3005489412605992, -6.603067704255228], [0.24075442676689987, -0.5351906313421348, 0.8096964511646166, -33.25660957218067], [-0.18175026564334304, -0.8443368516788086, -0.5040456536912896, 61.82614157288131], [0.0, 0.0, 0.0, 1.0]]}, {"class": "SaladDressing", "pose": [[0.6426834466183591, -0.09096744104191819, -0.7607122035061865, 4.925648347244238], [0.6551282919154786, -0.4495230736482301, 0.6072363430350559, -34.60476663701232], [-0.3971963331376897, -0.8886247115061535, -0.2293056785427987, 62.54452565131565], [0.0, 0.0, 0.0, 1.0]]}, {"class": "Mayo", "pose": [[-0.06251201623946945, 0.9792712937618054, 0.19266583892832712, -2.780762550939353], [0.5323818070040391, -0.13056699939015715, 0.836374269782489, -23.642436334501525], [0.8441929951175345, 0.15485523966472314, -0.5131841198948542, 61.91191395232294], [0.0, 0.0, 0.0, 1.0]]}, {"class": "Mushrooms", "pose": [[0.9523784991017596, -0.005937812142862667, -0.30486075720865613, 8.470724062261892], [0.25230300407059847, -0.5460959683321903, 0.798825660842906, -25.842527894360707], [-0.17122644424494682, -0.8377015537882015, -0.5185918537168257, 63.65491245688699], [0.0, 0.0, 0.0, 1.0]]}, {"class": "Parmesan", "pose": [[0.9392820145223657, -0.05682648332899128, 0.3384083220570514, -18.995240906077626], [-0.3155584432244542, -0.5304680737244574, 0.7867823972240685, -12.468101397458096], [0.13480474301484643, -0.84579804373734, -0.5161910979861829, 53.427408757857286], [0.0, 0.0, 0.0, 1.0]]}, {"class": "Mustard", "pose": [[0.9957167407661799, -0.06266509489590626, 0.06798089797774705, -12.523606741526539], [-0.0888345209217379, -0.44462847706227693, 0.8912990486872011, -8.958130351131418], [-0.025627058328465707, -0.8935203116386716, -0.4482907602660874, 47.90973410190372], [0.0, 0.0, 0.0, 1.0]]}, {"class": "Milk", "pose": [[-0.030928120268520543, -0.884424524818868, -0.46565744461543296, -8.747876060660376], [-0.460377522841058, -0.40091445575431534, 0.7920354692453985, -14.234368799889454], [-0.8871842718616938, 0.23887431650911728, -0.3947695882954088, 55.777352200965126], [0.0, 0.0, 0.0, 1.0]]}, {"class": "AlphabetSoup", "pose": [[0.8805556547018478, -0.04010794774163985, 0.47224277225888117, 9.528754981436904], [-0.43285423092427733, -0.47387388574807043, 0.7668642670576086, -13.990044101739398], [0.19302616223743907, -0.8796788277304551, -0.43463313254289054, 54.817848905725306], [0.0, 0.0, 0.0, 1.0]]}, {"class": "Yogurt", "pose": [[0.9545143605033062, -0.04242502266650534, 0.2951314918725428, 17.44764207333186], [-0.2742241264826044, -0.5135244565289943, 0.8130767552416452, -17.578834771090275], [0.11706245201812499, -0.857025497611134, -0.5018003367289452, 58.238277858241936], [0.0, 0.0, 0.0, 1.0]]}, {"class": "Cherries", "pose": [[0.5448602313206902, -0.03383611635929176, 0.8378440129314544, -19.225368964788593], [-0.7386378777718173, -0.492329456758533, 0.46046263740005955, -0.30543336412375277], [0.39691497057585695, -0.8697509832396643, -0.2932432990807987, 49.473596922341386], [0.0, 0.0, 0.0, 1.0]]}, {"class": "Cookies", "pose": [[0.3598953084920745, -0.08147513289225917, 0.9294284878869288, -28.560178564004033], [-0.8119661619419295, -0.5180248851938619, 0.26900040723761953, 3.9520794009261175], [0.4595501751341716, -0.8514763519175486, -0.2525897025389666, 40.65401719340599], [0.0, 0.0, 0.0, 1.0]]}, {"class": "TomatoSauce", "pose": [[0.8112079258703496, -0.02909280828940152, -0.5840337780994871, 2.3938208160960373], [0.49874447091545665, -0.48699272106364183, 0.7170021556976777, -2.8627258351458185], [-0.30527972387244456, -0.8729213290049325, -0.38054243223327144, 48.82924868463724], [0.0, 0.0, 0.0, 1.0]]}, {"class": "PeasAndCarrots", "pose": [[0.7794450776694479, -0.02347885255246871, 0.6260305574250246, 13.038316680662415], [-0.5574112346149362, -0.48209148525286494, 0.6759294077672349, -2.8411861529737346], [0.2859339319176373, -0.8758061947423815, -0.388851121894199, 50.12681613211459], [0.0, 0.0, 0.0, 1.0]]}, {"class": "Ketchup", "pose": [[0.7380733783583207, -0.05580804597946439, 0.6724085771410765, -16.664858382702164], [-0.5939061434229682, -0.5266659191021965, 0.6081928570556545, 14.640212643287038], [0.3201925968855871, -0.8482384265031858, -0.42186274055959216, 35.719115625830376], [0.0, 0.0, 0.0, 1.0]]}, {"class": "MacaroniAndCheese", "pose": [[0.05438998002322036, 0.9984593848125078, -0.010987784267128287, 14.934194742229872], [0.8814677650354401, -0.053180880389984815, -0.4692402605032926, 10.723226607555658], [-0.4691015979905707, 0.01583662327719435, -0.8830021468236965, 43.28256462963607], [0.0, 0.0, 0.0, 1.0]]}, {"class": "Pineapple", "pose": [[0.9311081150756657, -0.04736009098871651, 0.3616556985199876, -2.4896029543510445], [-0.336262800848075, -0.4955701220003464, 0.8008355835370922, 17.634178001761768], [0.14129812004392456, -0.8672757501898665, -0.47735470414990605, 38.913697798002644], [0.0, 0.0, 0.0, 1.0]]}]}