{"camera": {"camera": "RealSense D415", "extrinsics": [[-0.99274594, 0.119305834, 0.0148856, 0.6109979], [0.09722082, 0.86941653, -0.4844203, -0.30386811], [-0.070735954, -0.4794591, -0.8747088, 0.31538445], [0.0, 0.0, 0.0, 1.0]], "height": 480, "intrinsics": [[604.50507, 0.0, 326.28275], [0.0, 602.9669, 245.73769], [0.0, 0.0, 1.0]], "width": 640}, "objects": [{"class": "OrangeJuice", "pose": [[-0.9685097789846868, 0.017837982701606553, 0.24833577074847993, -6.24273215172364], [-0.22301960921935654, -0.50557330741048, -0.8334614310163733, 6.958735648068731], [0.11068461307216232, -0.8625993159895459, 0.49363087338345346, 38.94845250868137], [0.0, 0.0, 0.0, 1.0]]}, {"class": "ChocolatePudding", "pose": [[0.9932414131014466, 0.047079031255643305, 0.10609005969148272, -25.503332272035472], [-0.06750498446341809, -0.5092323982740593, 0.8579775718949945, -23.64460655926453], [0.09441728550402997, -0.8593404858507308, -0.5026125826615949, 63.426404555944096], [0.0, 0.0, 0.0, 1.0]]}, {"class": "CreamCheese", "pose": [[0.8839182504770503, -0.06785892185573233, 0.46269183464509106, -33.677869726584305], [-0.4240330474887238, -0.5335131588422959, 0.7318194833657607, -16.016908921760802], [0.19719171319455048, -0.8430652544154165, -0.5003563807115348, 58.618417477907215], [0.0, 0.0, 0.0, 1.0]]}, {"class": "Raisins", "pose": [[0.7283512654491542, 0.06093426212189372, -0.6824891870699114, -22.045880724255284], [0.6194270187793474, -0.4843839721061695, 0.6178045064799769, -33.010945122849286], [-0.2929412952150731, -0.872730956658809, -0.39054599923823935, 64.4037935475855], [0.0, 0.0, 0.0, 1.0]]}, {"class": "BBQSauce", "pose": [[0.9701531794782797, 0.03201313975350035, -0.24037056367280074, -10.99440406604798], [0.21909454280292232, -0.5405366200460568, 0.8122917061975652, -30.172291399377038], [-0.10392503101614886, -0.8407112847547785, -0.5314171866698908, 61.899964591581444], [0.0, 0.0, 0.0, 1.0]]}, {"class": "SaladDressing", "pose": [[0.6872911674366556, -0.02739828758797776, -0.7258651566578223, 0.40409680487869526], [0.6384415228406427, -0.453819626935209, 0.6216431776956166, -31.760457439763968], [-0.34644374713132503, -0.8906723432629281, -0.2944140106958522, 63.57232542930973], [0.0, 0.0, 0.0, 1.0]]}, {"class": "Mayo", "pose": [[-0.12006596500682352, 0.9601475270187445, 0.25239043376452125, -6.983326615851782], [0.5396081385256971, -0.1502795740166253, 0.8283955448482343, -20.641318468192587], [0.8333110815477542, 0.235654072971514, -0.5000598983477167, 62.2485537712519], [0.0, 0.0, 0.0, 1.0]]}, {"class": "Mushrooms", "pose": [[0.9685051168609253, 0.0510314407593382, -0.24370816834341993, 4.036148788251714], [0.23073748823632217, -0.5518149800668495, 0.8014115743801088, -23.067982919150605], [-0.09358457712657954, -0.832403845578929, -0.5462104607780136, 64.92378225488045], [0.0, 0.0, 0.0, 1.0]]}, {"class": "Parmesan", "pose": [[0.917916858952901, 0.0013334538036957337, 0.39677059190427594, -22.19796407493021], [-0.3345160788884279, -0.5351652871588974, 0.7756914210170418, -9.185147971525009], [0.21337221481828433, -0.8447464008460186, -0.49079111531803465, 52.398028587219045], [0.0, 0.0, 0.0, 1.0]]}, {"class": "Mustard", "pose": [[0.9922787592146487, 0.0013106797206978407, 0.12402091266870299, -15.219687020315664], [-0.11019686595243183, -0.44956387058334263, 0.8864248694923738, -5.8532715040404195], [0.056917175449679266, -0.8932473060225784, -0.44594818992357665, 47.413158694276696], [0.0, 0.0, 0.0, 1.0]]}, {"class": "Milk", "pose": [[0.032068412979679564, -0.9095987946068783, -0.41424834385637804, -12.21940138430967], [-0.46593946244369944, -0.3802752283797646, 0.7989313113607347, -11.152381973509812], [-0.8842353615323747, 0.16739413148786, -0.4360127668234219, 55.59313249346398], [0.0, 0.0, 0.0, 1.0]]}, {"class": "AlphabetSoup", "pose": [[0.85205954266813, 0.022010576267922764, 0.5229819413035252, 6.075217196515514], [-0.4501159871378985, -0.47918334925098094, 0.7535111068708119, -11.304134804174412], [0.2671894608345025, -0.8774388832529233, -0.3983853672622905, 56.14035579287325], [0.0, 0.0, 0.0, 1.0]]}, {"class": "Yogurt", "pose": [[0.9354538345408173, 0.016975127493714784, 0.3530410870402036, 13.605999596135925], [-0.2936432507941714, -0.5186127833377173, 0.8030034212106, -15.036206498468715], [0.1967227277235115, -0.8548407858835169, -0.4801536231884067, 60.220365407001196], [0.0, 0.0, 0.0, 1.0]]}, {"class": "Cherries", "pose": [[0.49415237552911107, 0.0270411542887141, 0.8689546860353206, -21.837015923440617], [-0.7472183230627583, -0.4976969025123871, 0.44041190170457734, 2.9511128462468617], [0.44438527837286906, -0.866929473006569, -0.2257323988086312, 48.37348233731363], [0.0, 0.0, 0.0, 1.0]]}, {"class": "Cookies", "pose": [[0.3031098706014758, -0.022487792347312102, 0.9526902677094871, -30.320209502644968], [-0.8161423053021913, -0.5222409520788672, 0.24733822535542724, 7.343324305647769], [0.49197174627900564, -0.8525015145657527, -0.17664957175199547, 38.792564733990034], [0.0, 0.0, 0.0, 1.0]]}, {"class": "TomatoSauce", "pose": [[0.8442393240160077, 0.032144259911991054, -0.5350016364356072, -0.2989512767851754], [0.47916527096098654, -0.4924851555302707, 0.7265391159059487, -0.07047239017851648], [-0.24012623883976447, -0.8697271179042406, -0.4311777272500642, 49.52502254888886], [0.0, 0.0, 0.0, 1.0]]}, {"class": "PeasAndCarrots", "pose": [[0.7409620560908848, 0.03808189578373472, 0.6704662864724503, 10.200795897079173], [-0.5718250532931932, -0.4877252982106579, 0.6596515854341213, -0.2663227773315291], [0.35212414950116233, -0.8721662362482865, -0.33960969120515455, 51.69444161714225], [0.0, 0.0, 0.0, 1.0]]}, {"class": "Ketchup", "pose": [[0.6961283512497507, 0.002631714555263633, 0.7179125526927876, -17.829253164636484], [-0.6071851447951861, -0.5314032071629832, 0.5907088145703697, 17.74022877703832], [0.38305560301136904, -0.8471150156635865, -0.36832683572169433, 34.79650860286227], [0.0, 0.0, 0.0, 1.0]]}, {"class": "MacaroniAndCheese", "pose": [[0.11197543017064478, 0.992380792985668, 0.05139946887184981, 12.948205882889802], [0.8767368168784083, -0.07431446758614026, -0.4751946823055713, 13.205415730883729], [-0.46775429544717834, 0.09827397230832002, -0.8783781919716225, 44.95682849570816], [0.0, 0.0, 0.0, 1.0]]}, {"class": "Pineapple", "pose": [[0.9087873011796553, 0.013292039986099841, 0.4170479631129716, -3.9026437606966113], [-0.35499479010778173, -0.5006311064797531, 0.7895234426382651, 20.454423388272993], [0.2192815772334872, -0.8655587557773279, -0.4502485234368649, 39.13122122373219], [0.0, 0.0, 0.0, 1.0]]}]}