{"camera": {"camera": "RealSense D415", "extrinsics": [[-0.9873901, 0.15814893, -0.0070533836, 0.6252377], [0.14323765, 0.8735454, -0.46518964, -0.31619528], [-0.067407794, -0.46033394, -0.8851829, 0.30663627], [0.0, 0.0, 0.0, 1.0]], "height": 480, "intrinsics": [[604.50507, 0.0, 326.28275], [0.0, 602.9669, 245.73769], [0.0, 0.0, 1.0]], "width": 640}, "objects": [{"class": "OrangeJuice", "pose": [[-0.9775292996029435, -0.005051884550437325, 0.21073932851418628, -3.0718560659230287], [-0.18169146529027172, -0.4867158189780485, -0.8544565349641018, 8.539779179074264], [0.10688671914860667, -0.8735457399182383, 0.47486103061897406, 38.973715038862096], [0.0, 0.0, 0.0, 1.0]]}, {"class": "ChocolatePudding", "pose": [[0.9892243299189983, 0.0239958975564866, 0.1444283202807175, -23.683099186792866], [-0.11410358696547893, -0.4917552491266377, 0.8632248800536669, -21.700242888183425], [0.09173727464156052, -0.8704027463783236, -0.4837181621549687, 62.79435899247545], [0.0, 0.0, 0.0, 1.0]]}, {"class": "CreamCheese", "pose": [[0.8640158419660119, -0.09191366027616192, 0.4950036581569324, -31.507657853314274], [-0.4675429151858471, -0.5112033768698329, 0.7211621018065619, -13.608981573052906], [0.1867629050599923, -0.854530845020359, -0.4846613055139788, 58.16517443511645], [0.0, 0.0, 0.0, 1.0]]}, {"class": "Raisins", "pose": [[0.7553852933056966, 0.03895080209984554, -0.6541223214167126, -20.649682581923145], [0.5924064372583997, -0.4672647574037105, 0.6562913276350072, -31.231663900670213], [-0.2800851567064925, -0.8832589918299335, -0.37603960855798174, 63.561141461539016], [0.0, 0.0, 0.0, 1.0]]}, {"class": "BBQSauce", "pose": [[0.9789959991474545, 0.007542548361120576, -0.20374018091638424, -9.48232064529605], [0.17754842976535287, -0.5227546335568841, 0.8337890592519935, -28.837597935136007], [-0.10021716860422779, -0.8524498091309346, -0.513113799161313, 61.10742295035778], [0.0, 0.0, 0.0, 1.0]]}, {"class": "SaladDressing", "pose": [[0.7152107140474651, -0.047923029704052406, -0.6972640356694516, 1.8336498032885284], [0.6144209448086829, -0.43237647282705155, 0.6599526766910709, -30.972500816000114], [-0.33310741391669346, -0.9004187551239685, -0.2797953628545573, 62.73096760536247], [0.0, 0.0, 0.0, 1.0]]}, {"class": "Mayo", "pose": [[-0.09554959264687958, 0.9524721869534354, 0.28925270288711274, -5.047102527625635], [0.5259444713573709, -0.19840357490272598, 0.8270540983878226, -19.50636240324068], [0.8451346996636557, 0.23115555690407727, -0.4819900173208574, 61.66112272605424], [0.0, 0.0, 0.0, 1.0]]}, {"class": "Mushrooms", "pose": [[0.9778745328523092, 0.026036597297872197, -0.20756592037801055, 5.852748566258503], [0.189022732591259, -0.5350560995132255, 0.8233987029884651, -22.483813031373987], [-0.08962085172852893, -0.8444152065432485, -0.5281391774467673, 64.26926946234659], [0.0, 0.0, 0.0, 1.0]]}, {"class": "Parmesan", "pose": [[0.9020042028986904, -0.022865652178360812, 0.43112144183037726, -19.73362968807152], [-0.3800215960331606, -0.5159233829964174, 0.7677282700093855, -7.164074820869021], [0.20487103799097223, -0.856329492307661, -0.4740544138142582, 52.08324454005761], [0.0, 0.0, 0.0, 1.0]]}, {"class": "Mustard", "pose": [[0.9863379232307722, -0.019052358014073675, 0.1636295405886509, -12.613666546787993], [-0.15587168321135852, -0.4293584047036898, 0.8895816015570565, -4.039778532419536], [0.053307129365544624, -0.9029331820463281, -0.4264621291259838, 47.164751196426714], [0.0, 0.0, 0.0, 1.0]]}, {"class": "Milk", "pose": [[0.010940442482722627, -0.9257309325863095, -0.3780246881798972, -9.85290582274655], [-0.44729340753886687, -0.3426462935644367, 0.8261490012246475, -9.647395309397899], [-0.8943203442114351, 0.16004944758668302, -0.4178220017147369, 55.22248560004037], [0.0, 0.0, 0.0, 1.0]]}, {"class": "AlphabetSoup", "pose": [[0.8310308038895362, 0.0002991283394488178, 0.556226420813765, 8.41653307562078], [-0.49370646753054237, -0.46021897374280124, 0.7378702238681919, -10.632532175424647], [0.25620667218771664, -0.8878053687089048, -0.38230837981701754, 55.74467885167702], [0.0, 0.0, 0.0, 1.0]]}, {"class": "Yogurt", "pose": [[0.9213563278639222, -0.0064981356469198, 0.388664905851518, 15.772838295106379], [-0.33962021360635425, -0.4998713421455584, 0.7967350870629674, -14.78808224958125], [0.18910517166357924, -0.8660752779491616, -0.46276643767190445, 59.73262337031338], [0.0, 0.0, 0.0, 1.0]]}, {"class": "Cherries", "pose": [[0.460172546698624, 0.004494986959033352, 0.8878181908811534, -18.828649912388016], [-0.7782734559643392, -0.47916703231487, 0.40581945496678967, 5.029545624667387], [0.4272373207433855, -0.8777122070842593, -0.217001110963659, 48.32655558431034], [0.0, 0.0, 0.0, 1.0]]}, {"class": "Cookies", "pose": [[0.2662357919842077, -0.04608375880134154, 0.9628057477724289, -27.10778451912168], [-0.8395820882620467, -0.5017745128956094, 0.208144907272733, 10.008503497509441], [0.47351922969379007, -0.8637699922172426, -0.17228136438801597, 38.854703613474214], [0.0, 0.0, 0.0, 1.0]]}, {"class": "TomatoSauce", "pose": [[0.8648658448119919, 0.009826524225777754, -0.5019069909869992, 2.5521640635615794], [0.4459515881929406, -0.47412925771920794, 0.7591631413000013, 1.0191970273424833], [-0.23050877942323905, -0.880400393970009, -0.4144403187027445, 49.3858887639531], [0.0, 0.0, 0.0, 1.0]]}, {"class": "PeasAndCarrots", "pose": [[0.714594319990225, 0.01597151816686936, 0.6993568374924899, 13.032923001392389], [-0.6121476978992492, -0.4695881884283631, 0.6362092237549504, 0.30426103490662215], [0.3385709223241856, -0.8827410777317848, -0.3257880432146775, 51.53809556215742], [0.0, 0.0, 0.0, 1.0]]}, {"class": "Ketchup", "pose": [[0.6682233263368199, -0.021400156721493403, 0.7436529682143371, -14.163165226045106], [-0.6461325116089516, -0.5121720693472522, 0.5658556317366817, 19.919629393569565], [0.368768858914892, -0.858616199855322, -0.35607257532809816, 35.073896811531746], [0.0, 0.0, 0.0, 1.0]]}, {"class": "MacaroniAndCheese", "pose": [[0.15115694363858628, 0.9880594257032446, 0.029837348594663513, 16.38143520726872], [0.8809275259997613, -0.12095096036910657, -0.4575342678613149, 13.784363900676444], [-0.44846211689271614, 0.09544405685706228, -0.8886912234195524, 45.095602416384075], [0.0, 0.0, 0.0, 1.0]]}, {"class": "Pineapple", "pose": [[0.8919650815749641, -0.009371794467532356, 0.45200727916900774, -0.1278796235901325], [-0.400195044516715, -0.4815104019171281, 0.7797382293664514, 21.909456512770838], [0.2103386716493456, -0.8763902507260032, -0.43324092662325064, 39.45092693324565], [0.0, 0.0, 0.0, 1.0]]}]}