{"camera": {"camera": "RealSense D415", "extrinsics": [[-0.9837658, 0.17915843, 0.01035076, 0.62481165], [0.15485199, 0.87661934, -0.45558685, -0.32022682], [-0.0906959, -0.44658792, -0.8901312, 0.3227922], [0.0, 0.0, 0.0, 1.0]], "height": 480, "intrinsics": [[604.50507, 0.0, 326.28275], [0.0, 602.9669, 245.73769], [0.0, 0.0, 1.0]], "width": 640}, "objects": [{"class": "OrangeJuice", "pose": [[-0.9818234662816847, 0.01182487136432184, 0.1894279677270199, -2.867299495127451], [-0.17201227978032255, -0.4772570945669423, -0.8617641678351674, 8.767769668867864], [0.08021553578673979, -0.8786842191666004, 0.47061619065032895, 39.37365018389186], [0.0, 0.0, 0.0, 1.0]]}, {"class": "ChocolatePudding", "pose": [[0.9852972140046928, 0.04072776368313254, 0.16592393082770007, -24.399768312578562], [-0.12600192100568516, -0.48265051565941414, 0.8667018145307649, -21.495769242965125], [0.11538213270047439, -0.8748656165208207, -0.47042236828124295, 62.333971761378514], [0.0, 0.0, 0.0, 1.0]]}, {"class": "CreamCheese", "pose": [[0.8539214077610329, -0.07574936367312211, 0.5148595582796226, -32.01695682727752], [-0.4790325552883475, -0.5009854033838332, 0.7207922559549297, -13.269483937867493], [0.2033375779252785, -0.8621344335314143, -0.46408850020136105, 57.59812472008454], [0.0, 0.0, 0.0, 1.0]]}, {"class": "Raisins", "pose": [[0.7685749687775265, 0.0562664456344764, -0.6372807120458314, -21.489624016403], [0.5869861514596553, -0.458190626367216, 0.6674643418027242, -31.067783688655858], [-0.2544401313642837, -0.8870713352295868, -0.3851814557601706, 63.07231932055498], [0.0, 0.0, 0.0, 1.0]]}, {"class": "BBQSauce", "pose": [[0.9830760830842824, 0.023492010853101205, -0.1816855574202262, -10.238561864825169], [0.16778217610545137, -0.5136564959843171, 0.8414310341250646, -28.77114411231504], [-0.07355700485332775, -0.8576743254694483, -0.5089049091566465, 60.92725415686932], [0.0, 0.0, 0.0, 1.0]]}, {"class": "SaladDressing", "pose": [[0.7299954309738483, -0.029764028772250317, -0.682803686889513, 1.009007285243435], [0.6100092038467831, -0.4221629802142219, 0.6705723145442333, -31.048198957463608], [-0.3082133010253176, -0.9060312577633257, -0.29002070464553054, 62.81195653270129], [0.0, 0.0, 0.0, 1.0]]}, {"class": "Mayo", "pose": [[-0.11124612211021394, 0.9441203157492736, 0.3102599413174185, -5.718493784631473], [0.5178966464074708, -0.21137736530202098, 0.8289165897436336, -19.49594269992317], [0.8481789199471513, 0.25289636470855925, -0.46544176496171946, 61.69492710865817], [0.0, 0.0, 0.0, 1.0]]}, {"class": "Mushrooms", "pose": [[0.9818103696043069, 0.041643050645062824, -0.18524134514676524, 5.0791029520456], [0.17915415222717945, -0.5262468119282581, 0.8312449232022106, -22.62138116655678], [-0.06286703769703769, -0.8493116435271323, -0.5241350549587783, 64.54412594185219], [0.0, 0.0, 0.0, 1.0]]}, {"class": "Parmesan", "pose": [[0.8923799556655141, -0.006732822504434443, 0.4512347341560687, -20.023935806100646], [-0.39213506352492905, -0.5064485532839174, 0.7679453069752257, -6.890370864696305], [0.22335675361405358, -0.8622439630856107, -0.45458464210047256, 51.88596258543923], [0.0, 0.0, 0.0, 1.0]]}, {"class": "Mustard", "pose": [[0.9829349322665173, -0.0008081003036336352, 0.18395207904633845, -12.748458975632914], [-0.16732205163488587, -0.4194373751098653, 0.8922307207622813, -3.7924971425846774], [0.0764353993491582, -0.907783979436433, -0.41241479665633646, 47.18305964132553], [0.0, 0.0, 0.0, 1.0]]}, {"class": "Milk", "pose": [[0.02876198928149857, -0.9331252736525125, -0.35839932076505243, -10.253203877789785], [-0.43779380281810326, -0.33408915833221803, 0.8346981850784615, -9.51615855008937], [-0.8986152967073643, 0.13289735866526298, -0.4181254939363695, 55.24579230963644], [0.0, 0.0, 0.0, 1.0]]}, {"class": "AlphabetSoup", "pose": [[0.8189085089846206, 0.01782045452316667, 0.5736474411993213, 7.985477670039465], [-0.5055714662817922, -0.45066995748756816, 0.7357269341095073, -10.708633120990024], [0.2716366607365896, -0.8925128228314975, -0.3600478769850302, 56.21742694984515], [0.0, 0.0, 0.0, 1.0]]}, {"class": "Yogurt", "pose": [[0.9125593191510053, 0.010048244912798043, 0.4088210161992463, 15.193237154454064], [-0.3517836248802262, -0.49047500157492113, 0.7972970549115024, -14.987638662789523], [0.20852794273566033, -0.8713973977392719, -0.44405265499472163, 60.343664950693274], [0.0, 0.0, 0.0, 1.0]]}, {"class": "Cherries", "pose": [[0.44079354797299414, 0.021554971772729904, 0.8973497271067795, -18.892779287169915], [-0.7878367199955612, -0.4697701151696001, 0.3982830415602936, 5.331997414512268], [0.43013303323280083, -0.8825256599618708, -0.19008977175801492, 48.28731340978789], [0.0, 0.0, 0.0, 1.0]]}, {"class": "Cookies", "pose": [[0.24509767170937138, -0.029601267456492986, 0.9690464373645725, -26.875284890799357], [-0.8474903325266564, -0.4919652091561759, 0.19932488286242947, 10.503177873948689], [0.47083681998157506, -0.870111555187545, -0.14566625750307022, 38.665017538727625], [0.0, 0.0, 0.0, 1.0]]}, {"class": "TomatoSauce", "pose": [[0.8751805589628934, 0.027006844241131034, -0.4830421524658989, 2.409899112130809], [0.4388085465071346, -0.4647630884822193, 0.7690529050534219, 1.0745434662884745], [-0.20373040344955962, -0.885023174858614, -0.418602425661461, 49.84110336863712], [0.0, 0.0, 0.0, 1.0]]}, {"class": "PeasAndCarrots", "pose": [[0.6991542500801645, 0.03325771366315068, 0.7141970040248686, 12.82448760722718], [-0.6235932712403959, -0.46026541426304546, 0.6318917788445361, 0.22086048923658508], [0.34973544675139745, -0.8871582669699576, -0.30105716189564763, 52.24880072468569], [0.0, 0.0, 0.0, 1.0]]}, {"class": "Ketchup", "pose": [[0.6516699511135793, -0.005169556219125439, 0.7584851033378814, -13.733033263948101], [-0.6573847524296822, -0.5026894127344584, 0.5613810481945329, 20.31054789396315], [0.37838032664273186, -0.8644517047441318, -0.3309859010152892, 35.320649901124526], [0.0, 0.0, 0.0, 1.0]]}, {"class": "MacaroniAndCheese", "pose": [[0.17194802607537568, 0.9839651045457304, 0.047398848577230576, 16.480122535115555], [0.8839508439212176, -0.13287526866720925, -0.4483024739859542, 13.731292438442622], [-0.4348157920733561, 0.11898301242537172, -0.8926244214752383, 46.04106485251738], [0.0, 0.0, 0.0, 1.0]]}, {"class": "Pineapple", "pose": [[0.881988805253319, 0.007634716723702721, 0.4712086162091339, 0.20754535154436926], [-0.4122536924637023, -0.47197412943392575, 0.7792864389102852, 22.098230927498218], [0.2283479207618978, -0.881579407206831, -0.41312838678644487, 40.07159759956217], [0.0, 0.0, 0.0, 1.0]]}]}