{"camera": {"camera": "RealSense D415", "extrinsics": [[-0.98328996, 0.18041456, 0.02431947, 0.6319829], [0.15056908, 0.8810681, -0.44838366, -0.3204713], [-0.10232204, -0.43722937, -0.8935103, 0.33418185], [0.0, 0.0, 0.0, 1.0]], "height": 480, "intrinsics": [[604.50507, 0.0, 326.28275], [0.0, 602.9669, 245.73769], [0.0, 0.0, 1.0]], "width": 640}, "objects": [{"class": "OrangeJuice", "pose": [[-0.9818800396843874, 0.02575663883129926, 0.18774516985038125, -2.4479036833407575], [-0.17763961384876895, -0.47013712452148876, -0.8645318142966004, 8.352362813361419], [0.06599848854697195, -0.8822175073011098, 0.4661935943019005, 39.981085793323516], [0.0, 0.0, 0.0, 1.0]]}, {"class": "ChocolatePudding", "pose": [[0.9843496546069866, 0.054634884509809564, 0.16754358372183148, -24.120569828874107], [-0.12191026210942478, -0.4754139197846605, 0.8712746404320746, -22.203219986745143], [0.12725456762915993, -0.8780641686270305, -0.4613128968910702, 62.41670886394884], [0.0, 0.0, 0.0, 1.0]]}, {"class": "CreamCheese", "pose": [[0.8536719345907494, -0.061901620451274314, 0.5171194088933846, -31.71794892398172], [-0.47629757514675947, -0.4944422429310787, 0.7270952444537423, -13.978103643373835], [0.21067730270224908, -0.8670035256943082, -0.4515749756208139, 57.64713229402405], [0.0, 0.0, 0.0, 1.0]]}, {"class": "Raisins", "pose": [[0.7687707508405789, 0.07020425022450466, -0.6356594697470316, -21.170668382767044], [0.592905995250328, -0.4507783490063443, 0.6672790773401927, -31.765919677947025], [-0.23969562308983972, -0.889870940322851, -0.3881696998577989, 63.117001179369225], [0.0, 0.0, 0.0, 1.0]]}, {"class": "BBQSauce", "pose": [[0.9830676689976665, 0.03733758109587409, -0.17939879817338097, -9.904664214822445], [0.17336273463811977, -0.5066438513569472, 0.8445456626575255, -29.39498998559129], [-0.05935795428045877, -0.8613466004738793, -0.5045380710738538, 61.13758314576017], [0.0, 0.0, 0.0, 1.0]]}, {"class": "SaladDressing", "pose": [[0.7307766435242486, -0.01575750216534408, -0.6824348056639545, 1.329040216639077], [0.6161625638027657, -0.41503791662202993, 0.6693931796236804, -31.629845395096623], [-0.2937842066057088, -0.9096676733800764, -0.29359080708280844, 63.15108597294663], [0.0, 0.0, 0.0, 1.0]]}, {"class": "Mayo", "pose": [[-0.12498125065203412, 0.9418269095629292, 0.3119965143799636, -5.443180492516186], [0.5105136428829643, -0.2085927488660647, 0.8341851663410897, -20.103370925003016], [0.8507382432588285, 0.26353599680541817, -0.4547452230555621, 62.037957729839874], [0.0, 0.0, 0.0, 1.0]]}, {"class": "Mushrooms", "pose": [[0.9816036925331978, 0.05544313250180445, -0.1827028063282809, 5.332422997222475], [0.1846421348574723, -0.5192082888316428, 0.8344639243469064, -23.196585569843194], [-0.04859546567963076, -0.8528475042936241, -0.5198938479946772, 65.00322007965644], [0.0, 0.0, 0.0, 1.0]]}, {"class": "Parmesan", "pose": [[0.8914147605554407, 0.007137900860443387, 0.45313225509981797, -19.68473522010029], [-0.3893687911207085, -0.4995533223519535, 0.7738465150279952, -7.49253861715859], [0.23188736547058758, -0.8662537631319963, -0.4425298471763954, 52.14316645184217], [0.0, 0.0, 0.0, 1.0]]}, {"class": "Mustard", "pose": [[0.9827098128513491, 0.013204283330419083, 0.18468117447115542, -12.364733177872411], [-0.1629285770019312, -0.41215115468660907, 0.896429423144547, -4.320138048256295], [0.0879532926311208, -0.9110198231318788, -0.4028735511587951, 47.560577442783234], [0.0, 0.0, 0.0, 1.0]]}, {"class": "Milk", "pose": [[0.042747172318281124, -0.9330324768758252, -0.35724381300507435, -9.94514582575624], [-0.43042983490427533, -0.33988355259053044, 0.8361873797752304, -10.095436763011886], [-0.9016112702351483, 0.11802368730308785, -0.4161340224825903, 55.60953817041954], [0.0, 0.0, 0.0, 1.0]]}, {"class": "AlphabetSoup", "pose": [[0.817909706615038, 0.03179396637508329, 0.5744675109209335, 8.285259158071568], [-0.503560413517283, -0.4434099286477258, 0.7414948086855149, -11.202897358050182], [0.2782996496099538, -0.8957548920792834, -0.34665902035026214, 56.8101324190144], [0.0, 0.0, 0.0, 1.0]]}, {"class": "Yogurt", "pose": [[0.9115760876713848, 0.023953770354465585, 0.4104330869315853, 15.460714756734777], [-0.34879777755624825, -0.48342183866405747, 0.802896906499915, -15.478110573535098], [0.2176447317541482, -0.8750597662454661, -0.43232068454480976, 60.99616975187243], [0.0, 0.0, 0.0, 1.0]]}, {"class": "Cherries", "pose": [[0.4392302000692682, 0.035497015243993006, 0.8976730244540759, -18.570193936743273], [-0.7890052340304041, -0.46257023461330404, 0.40435074491716433, 4.76385678379454], [0.42959001845204425, -0.8858717680394601, -0.17516741901451766, 48.65681590305042], [0.0, 0.0, 0.0, 1.0]]}, {"class": "Cookies", "pose": [[0.2433324460143136, -0.01570086932760873, 0.9698158943818663, -26.453290743143743], [-0.8499773100901467, -0.4851238955219159, 0.20541028337989092, 9.971289176892645], [0.46725568409678647, -0.8743044904297314, -0.13139171108120798, 38.97231805343652], [0.0, 0.0, 0.0, 1.0]]}, {"class": "TomatoSauce", "pose": [[0.8754735956492612, 0.04095493157986746, -0.4815275095743675, 2.7322205124090115], [0.44487095842825924, -0.45751570540482855, 0.7699150705419985, 0.6024720290393248], [-0.1887745101690018, -0.8882579139384351, -0.41876253495673177, 50.45522633958966], [0.0, 0.0, 0.0, 1.0]]}, {"class": "PeasAndCarrots", "pose": [[0.6977614108141835, 0.047209683968292414, 0.7147729184117597, 13.11882139660192], [-0.6228114307475141, -0.452969345897516, 0.6379064975371056, -0.21750052874797698], [0.35388556111563146, -0.8902752751544558, -0.28666172072623786, 52.992074147249355], [0.0, 0.0, 0.0, 1.0]]}, {"class": "Ketchup", "pose": [[0.6500836613427489, 0.008710291316040068, 0.7598127596039993, -13.319620847375313], [-0.6570722951943808, -0.4957687176590756, 0.5678638777658863, 19.87183431316526], [0.3816376279144215, -0.868410941142378, -0.3165677752255535, 35.87813099796592], [0.0, 0.0, 0.0, 1.0]]}, {"class": "MacaroniAndCheese", "pose": [[0.17301333572920505, 0.9830063943402788, 0.061358617346120144, 16.784926112492183], [0.8882683131451321, -0.12881891744710816, -0.4408912525359319, 13.360636501175888], [-0.42549469208445484, 0.13078300761054526, -0.895460814316009, 46.94019150014235], [0.0, 0.0, 0.0, 1.0]]}, {"class": "Pineapple", "pose": [[0.8810639562221861, 0.021577230653325515, 0.47250480816611035, 0.5483649620677933], [-0.40957933265956226, -0.46485251332253325, 0.7849566340305162, 21.692268715885156], [0.23658223840732545, -0.885125196874309, -0.4007271245817903, 40.82505185607244], [0.0, 0.0, 0.0, 1.0]]}]}