{"camera": {"camera": "RealSense D415", "extrinsics": [[-0.9887876, 0.14931567, 0.0019928387, 0.6662438], [0.13238996, 0.88272077, -0.45086247, -0.315933], [-0.06907995, -0.44554338, -0.8925912, 0.31742576], [0.0, 0.0, 0.0, 1.0]], "height": 480, "intrinsics": [[604.50507, 0.0, 326.28275], [0.0, 602.9669, 245.73769], [0.0, 0.0, 1.0]], "width": 640}, "objects": [{"class": "OrangeJuice", "pose": [[-0.9756584798315983, 0.004210403506845986, 0.21925541276091604, 0.515173729332874], [-0.19517324518603202, -0.4725483548472643, -0.8594216293184908, 7.632276177720337], [0.09999021726207466, -0.8812947091478793, 0.4618675157261047, 40.43399782096347], [0.0, 0.0, 0.0, 1.0]]}, {"class": "ChocolatePudding", "pose": [[0.9901748433938266, 0.03330484548385388, 0.13581126450800243, -19.81939329095015], [-0.10363322623189983, -0.47728725315057563, 0.8726150999418348, -23.235472571844358], [0.09388332784859854, -0.8781159968957924, -0.46914627436541273, 63.680350568149336], [0.0, 0.0, 0.0, 1.0]]}, {"class": "CreamCheese", "pose": [[0.8688962343544435, -0.08242059478038267, 0.4880843290566416, -27.723613581162297], [-0.46004775220236704, -0.49838612129985094, 0.7348247546422161, -15.165353999157022], [0.1826897734324234, -0.863028485029532, -0.4709631521828512, 59.15066296530983], [0.0, 0.0, 0.0, 1.0]]}, {"class": "Raisins", "pose": [[0.7492189882437329, 0.04801106124417467, -0.6605800318229439, -16.67360696160305], [0.6059267859476443, -0.4524134307683741, 0.6543507453784253, -32.74077016069815], [-0.2674391351299189, -0.8905150541090009, -0.36804790097128837, 64.3055764890781], [0.0, 0.0, 0.0, 1.0]]}, {"class": "BBQSauce", "pose": [[0.977149635029154, 0.017159616724172336, -0.21185908313364174, -5.526735915288061], [0.19094086484564637, -0.5087691533725696, 0.8394615029614574, -30.172814708976965], [-0.09338247390504814, -0.8607319782582533, -0.5004200087668098, 61.93594940787952], [0.0, 0.0, 0.0, 1.0]]}, {"class": "SaladDressing", "pose": [[0.7089847236265701, -0.039212734810494504, -0.7041329106658779, 5.807958045258177], [0.6283098882734286, -0.4183024722923926, 0.6559343002295766, -32.197062329920385], [-0.32026144146357394, -0.9074609856155376, -0.2719323053638991, 63.5705842728424], [0.0, 0.0, 0.0, 1.0]]}, {"class": "Mayo", "pose": [[-0.10517007488034014, 0.9539114229644112, 0.2810558401414809, -1.207144594980225], [0.5110152154449047, -0.19061436637025184, 0.8381704439807095, -20.79894162044776], [0.8531135592654813, 0.2317742734247415, -0.46741625044384516, 62.65798635228996], [0.0, 0.0, 0.0, 1.0]]}, {"class": "Mushrooms", "pose": [[0.9758483725028746, 0.0357704103147107, -0.21550072951005347, 9.717891388016852], [0.20222791413651314, -0.5209750172888569, 0.8292701504037298, -23.686509899913194], [-0.08260710889061663, -0.8528221103266224, -0.5156263411637813, 65.26181736499491], [0.0, 0.0, 0.0, 1.0]]}, {"class": "Parmesan", "pose": [[0.9057506938162134, -0.013314024674767442, 0.4236018769887214, -16.005282232150396], [-0.3723789663944521, -0.5022432915546488, 0.7804394029782893, -8.481380174181046], [0.20236042375210325, -0.8646238811125677, -0.4598649944406295, 53.22110606043504], [0.0, 0.0, 0.0, 1.0]]}, {"class": "Mustard", "pose": [[0.9879429382302563, -0.01037131844746189, 0.15447109549875165, -8.904854066510449], [-0.14480603804170408, -0.4148961415339806, 0.8982719428617547, -5.192291442348651], [0.05477323170334369, -0.9098096849729516, -0.4113954790968857, 48.382459787837675], [0.0, 0.0, 0.0, 1.0]]}, {"class": "Milk", "pose": [[0.019803376516816976, -0.9221173072257206, -0.38640345596704534, -6.107325357870752], [-0.432605062877587, -0.35633046589668976, 0.8281796537541122, -10.895800787865687], [-0.9013660306442005, 0.1507592768069282, -0.40596912353101205, 56.35980707894086], [0.0, 0.0, 0.0, 1.0]]}, {"class": "AlphabetSoup", "pose": [[0.8359639305203432, 0.009294577225094065, 0.5487057959354378, 12.17057104451923], [-0.48772703988725385, -0.44576171983894913, 0.7506123526393588, -11.668837180722944], [0.2515686660248954, -0.895103422477037, -0.3681074290849303, 56.93989391659068], [0.0, 0.0, 0.0, 1.0]]}, {"class": "Yogurt", "pose": [[0.9246720541180599, 0.002895035669213414, 0.38075365249925186, 19.56132361877866], [-0.3314973951927237, -0.4858394757252567, 0.8087456714278001, -15.799321326794697], [0.18732651772062311, -0.8740432846082017, -0.4482824136558796, 60.89000831786861], [0.0, 0.0, 0.0, 1.0]]}, {"class": "Cherries", "pose": [[0.4679279733751226, 0.013681005236476652, 0.8836607802877335, -15.233766498535905], [-0.7794753643511994, -0.464818569364972, 0.41995468111311535, 3.781436443033731], [0.41648730663289696, -0.8853002688946711, -0.20683753844954011, 49.665240731155514], [0.0, 0.0, 0.0, 1.0]]}, {"class": "Cookies", "pose": [[0.27457220137965693, -0.03667317846127789, 0.9608669611351166, -23.536160129145976], [-0.8438591685849715, -0.4882569854362998, 0.22250146069968174, 8.8127310764461], [0.46099012088130137, -0.8719290321156987, -0.1650087313047162, 40.24152524119794], [0.0, 0.0, 0.0, 1.0]]}, {"class": "TomatoSauce", "pose": [[0.8602756689785319, 0.018961371745479034, -0.5094765672089601, 6.189866431413293], [0.46002030139538436, -0.4596740363706539, 0.7596585962368647, 0.01264207200810108], [-0.21978891390072372, -0.8878852878719686, -0.4041689732154347, 50.746183294025684], [0.0, 0.0, 0.0, 1.0]]}, {"class": "PeasAndCarrots", "pose": [[0.7206560589011738, 0.02505981460951616, 0.692839796237717, 16.670166044434225], [-0.6088807088103705, -0.45502191729443653, 0.6497841314359941, -0.61055205252743], [0.33154074946712764, -0.8901275737512219, -0.3126557913963941, 52.92893073338062], [0.0, 0.0, 0.0, 1.0]]}, {"class": "Ketchup", "pose": [[0.6745846953930081, -0.01188533387762796, 0.7381018631395636, -10.698211676239588], [-0.6439063239677807, -0.498438079478433, 0.5804689544893018, 18.939116979616934], [0.3609989893617458, -0.8668438511738079, -0.34389166515797565, 36.67340512732331], [0.0, 0.0, 0.0, 1.0]]}, {"class": "MacaroniAndCheese", "pose": [[0.14218907147654852, 0.9890787949382428, 0.038801264748802564, 19.879750979210687], [0.8898250406251484, -0.11055321172006521, -0.4427069738558279, 13.01139840834632], [-0.43358241063043124, 0.09747446139593377, -0.8958264522610636, 46.718257228028], [0.0, 0.0, 0.0, 1.0]]}, {"class": "Pineapple", "pose": [[0.8959359458102006, -0.00016132757959960863, 0.4441833942962631, 3.294973630128606], [-0.3927578269315698, -0.46735009036440384, 0.7920386749812964, 21.02702047592534], [0.20746138270894943, -0.8840723422287587, -0.41877903289660307, 41.138657053625124], [0.0, 0.0, 0.0, 1.0]]}]}