{"camera": {"camera": "RealSense D415", "extrinsics": [[-0.98863554, 0.15017995, 0.006761105, 0.66613203], [0.13015231, 0.8775679, -0.46144873, -0.31115395], [-0.07523368, -0.45532465, -0.8871411, 0.31788757], [0.0, 0.0, 0.0, 1.0]], "height": 480, "intrinsics": [[604.50507, 0.0, 326.28275], [0.0, 602.9669, 245.73769], [0.0, 0.0, 1.0]], "width": 640}, "objects": [{"class": "OrangeJuice", "pose": [[-0.9758453290838023, 0.008955735752393832, 0.21827900313002077, 0.41073428861837513], [-0.1953568241140645, -0.4829954796228672, -0.8535520523150999, 8.11677647313871], [0.09778353007881581, -0.8755770590693601, 0.47307841432301706, 39.70602445594244], [0.0, 0.0, 0.0, 1.0]]}, {"class": "ChocolatePudding", "pose": [[0.9898680851475726, 0.038041525012559536, 0.1367993095230126, -19.989538072092326], [-0.10110051894507248, -0.48765483802851184, 0.8671628867126399, -22.501049245164374], [0.09969908349262009, -0.8722073291306278, -0.47886789303852156, 63.223740388101966], [0.0, 0.0, 0.0, 1.0]]}, {"class": "CreamCheese", "pose": [[0.8686649486943617, -0.07772389431235138, 0.48926499759100067, -27.883624470886314], [-0.45660514365357424, -0.5087372234435827, 0.7298617734526105, -14.49665220373916], [0.1921796370410523, -0.8574062428526807, -0.47741126195935607, 58.56170235754322], [0.0, 0.0, 0.0, 1.0]]}, {"class": "Raisins", "pose": [[0.7496260195553394, 0.05277124666949255, -0.6597545460514411, -16.833705546231847], [0.6037662695669105, -0.462909433374961, 0.6489847273250013, -31.993750533052985], [-0.2711588068831499, -0.8848333588713377, -0.3788704523973585, 63.976667006319076], [0.0, 0.0, 0.0, 1.0]]}, {"class": "BBQSauce", "pose": [[0.9773115142479406, 0.02185865064883592, -0.21067614533968296, -5.679453121783573], [0.19120549788603838, -0.5189505730788153, 0.8331451184245746, -29.438325679209164], [-0.09111902347191417, -0.8545247386405966, -0.511355830938057, 61.62832592780265], [0.0, 0.0, 0.0, 1.0]]}, {"class": "SaladDressing", "pose": [[0.7096073499920924, -0.03441931500655767, -0.703756175316895, 5.65026995659127], [0.6254619837066165, -0.4291266127875369, 0.6516499713885235, -31.426857756258308], [-0.32442978562691027, -0.9025883250790727, -0.28298342857956194, 63.339465576361235], [0.0, 0.0, 0.0, 1.0]]}, {"class": "Mayo", "pose": [[-0.10983570144328367, 0.9530825509798017, 0.282081201804152, -1.3760835271520167], [0.5209806614929031, -0.18648613109180054, 0.8329478383045407, -20.050391340580294], [0.8464722628754269, 0.23844629164658032, -0.47605468740907814, 62.25871968536264], [0.0, 0.0, 0.0, 1.0]]}, {"class": "Mushrooms", "pose": [[0.9759447164599161, 0.040449113100278274, -0.21423308420585593, 9.540657979587941], [0.20261810844270725, -0.5310349701503, 0.8227683700069827, -22.89123156026606], [-0.08048495391919483, -0.846383929755163, -0.5264564624605146, 64.94735631424102], [0.0, 0.0, 0.0, 1.0]]}, {"class": "Parmesan", "pose": [[0.9053076471800927, -0.008605446605157921, 0.42466933601444784, -16.146984499113525], [-0.368656173760311, -0.5125148275256979, 0.7755135106431688, -7.867053785831407], [0.21097571508029977, -0.8586352693921234, -0.467155983611343, 52.60736524039137], [0.0, 0.0, 0.0, 1.0]]}, {"class": "Mustard", "pose": [[0.9878744087207116, -0.005571969325099047, 0.1551552140842227, -9.028627716975024], [-0.1427389415442706, -0.4257074611272443, 0.8935316335658143, -4.625682097756739], [0.06107204116412417, -0.904843705980919, -0.42134079408047853, 47.76286500922452], [0.0, 0.0, 0.0, 1.0]]}, {"class": "Milk", "pose": [[0.024587296498715328, -0.9223206833742764, -0.3856423946817451, -6.260444719732661], [-0.4432717238805019, -0.3558221966829336, 0.8227397955800593, -10.229876155866913], [-0.8960500347076747, 0.15071536245612552, -0.4175873633644824, 55.82043427437091], [0.0, 0.0, 0.0, 1.0]]}, {"class": "AlphabetSoup", "pose": [[0.8354504617843593, 0.014067471812340452, 0.5493857177303464, 12.015594153171538], [-0.48350964283295333, -0.4563678572299825, 0.7469583872279911, -10.96996195134057], [0.26122981399196565, -0.8896800030166504, -0.374470917075842, 56.49439738426707], [0.0, 0.0, 0.0, 1.0]]}, {"class": "Yogurt", "pose": [[0.9242428410111765, 0.007624818132843849, 0.3817290501036184, 19.393530265277185], [-0.32792952976555456, -0.49620122709634507, 0.8038946409892305, -15.04263446520028], [0.19554399987088814, -0.8681740783520988, -0.4561099703071471, 60.52762399958196], [0.0, 0.0, 0.0, 1.0]]}, {"class": "Cherries", "pose": [[0.46705045438315723, 0.018434293394427897, 0.8840385085461561, -15.375697695917811], [-0.7737979101476956, -0.47530044627538237, 0.4187198444029822, 4.353665610702007], [0.42790268524539843, -0.8796304260346528, -0.20772481020686492, 48.909364310871474], [0.0, 0.0, 0.0, 1.0]]}, {"class": "Cookies", "pose": [[0.2735779497530546, -0.03194945964677485, 0.9613190792562962, -23.641033816171998], [-0.8379224864785577, -0.4986496727170846, 0.22188834721119036, 9.26065379067677], [0.4722722020135891, -0.8662146178831228, -0.16319066821493777, 39.388032773769915], [0.0, 0.0, 0.0, 1.0]]}, {"class": "TomatoSauce", "pose": [[0.8606591580111428, 0.023719590832337177, -0.5086287737115112, 6.047805303824072], [0.45859521506870476, -0.47017953457855594, 0.7540700644203814, 0.628470463795866], [-0.22126054462300754, -0.8822520101435252, -0.4155419993363427, 50.13439074719655], [0.0, 0.0, 0.0, 1.0]]}, {"class": "PeasAndCarrots", "pose": [[0.7199375364144768, 0.02982203370482421, 0.6933978833773148, 16.518679531521663], [-0.6038669463840971, -0.46554575968240247, 0.6470022293484451, 0.046198555396087526], [0.34210336986788265, -0.8845212345566612, -0.31715526349881773, 52.372956989427045], [0.0, 0.0, 0.0, 1.0]]}, {"class": "Ketchup", "pose": [[0.6737775584363573, -0.007171646954618309, 0.7388994545487744, -10.8004796599954], [-0.6386050200528656, -0.5087342739036049, 0.5773847027714077, 19.362109313695953], [0.3717626771770971, -0.8608937412256454, -0.34735352221941496, 35.75914362094702], [0.0, 0.0, 0.0, 1.0]]}, {"class": "MacaroniAndCheese", "pose": [[0.14298808685257444, 0.9887648029037506, 0.04357299923032393, 19.738498467775468], [0.8848038566334114, -0.10797883286987993, -0.4532799742036672, 13.597830062122746], [-0.4434822734213065, 0.10336723341296816, -0.8903025774641026, 46.01548334643466], [0.0, 0.0, 0.0, 1.0]]}, {"class": "Pineapple", "pose": [[0.8954971404081802, 0.004589872052057356, 0.445043637523665, 3.168915812955009], [-0.3889868280267497, -0.47783685818719446, 0.7876301242682733, 21.522896697980087], [0.2162733974261118, -0.8784366196869363, -0.42611608040575216, 40.2640320755265], [0.0, 0.0, 0.0, 1.0]]}]}