{"camera": {"camera": "RealSense D415", "extrinsics": [[-0.9792202, 0.20144556, 0.02339899, 0.6500936], [0.16873774, 0.8733121, -0.45700496, -0.31255895], [-0.11249625, -0.44356018, -0.88915634, 0.3373092], [0.0, 0.0, 0.0, 1.0]], "height": 480, "intrinsics": [[604.50507, 0.0, 326.28275], [0.0, 602.9669, 245.73769], [0.0, 0.0, 1.0]], "width": 640}, "objects": [{"class": "OrangeJuice", "pose": [[-0.985708233946821, 0.024311177826870985, 0.1666983464560911, 0.11059323646888108], [-0.15786768217973557, -0.4786770666473744, -0.8636817120776938, 10.47321985069285], [0.058797487935673035, -0.8776544455962081, 0.47567382346697296, 39.338476285600294], [0.0, 0.0, 0.0, 1.0]]}, {"class": "ChocolatePudding", "pose": [[0.9806209410205052, 0.05304309192923842, 0.18859770671917145, -22.3518080895742], [-0.1398759555859967, -0.48447665442241306, 0.8635491458839869, -19.446011552697737], [0.13717654783175953, -0.8731946481969036, -0.46766842728504643, 61.85481389271719], [0.0, 0.0, 0.0, 1.0]]}, {"class": "CreamCheese", "pose": [[0.8423098919280231, -0.0639359475656779, 0.5351881305841596, -29.744675338661132], [-0.49086569674486635, -0.5011289747655346, 0.7126855248972125, -11.118902733381036], [0.22263207097081705, -0.8630075578311094, -0.45348977154468695, 56.94295584407809], [0.0, 0.0, 0.0, 1.0]]}, {"class": "Raisins", "pose": [[0.7822952484736809, 0.06919440769965064, -0.6190528028429263, -19.59574076757964], [0.5755835539406571, -0.46025904334553014, 0.6759180604482282, -29.057469080629456], [-0.23815481716647477, -0.8850840844609369, -0.39988561275491197, 62.66816135319737], [0.0, 0.0, 0.0, 1.0]]}, {"class": "BBQSauce", "pose": [[0.9867535889303556, 0.03499211856193134, -0.15840770473906063, -8.268564084171226], [0.1536299959062932, -0.5152080919221098, 0.8431835419196735, -26.924765062112304], [-0.05210808537137925, -0.8563505520854859, -0.513759220039734, 60.76845123586389], [0.0, 0.0, 0.0, 1.0]]}, {"class": "SaladDressing", "pose": [[0.7452400647626924, -0.015874673752768263, -0.6666073320590127, 2.9011578581356057], [0.5990750934022088, -0.423035720679429, 0.6798160416486011, -29.35927143567543], [-0.2927904860906736, -0.9059739880086644, -0.3057530393969839, 62.902785724067535], [0.0, 0.0, 0.0, 1.0]]}, {"class": "Mayo", "pose": [[-0.12244672879621489, 0.9352150477723324, 0.3322344166042831, -3.6343195337295575], [0.5206857877740592, -0.22445161700072128, 0.8237158618263125, -17.713872008982086], [0.8449220076318166, 0.2738510846465024, -0.45946973921182116, 61.62456183793783], [0.0, 0.0, 0.0, 1.0]]}, {"class": "Mushrooms", "pose": [[0.9854159253028303, 0.05277310637678179, -0.16177313730035475, 7.052255987989686], [0.16503468069465757, -0.5280437070323089, 0.8330266722140324, -20.988827372865163], [-0.04146181438088108, -0.8475759179395594, -0.529052018303666, 64.71424879905516], [0.0, 0.0, 0.0, 1.0]]}, {"class": "Parmesan", "pose": [[0.8815575349327148, 0.004981167259124441, 0.47205041587226926, -17.539024274754446], [-0.4044962271580395, -0.5075764198504462, 0.7607555581230501, -4.920010084215565], [0.24339113272446372, -0.861592398865329, -0.44544287122213233, 51.48857754755044], [0.0, 0.0, 0.0, 1.0]]}, {"class": "Mustard", "pose": [[0.9785247849051921, 0.013148790996510345, 0.20570962342744928, -10.118389644603488], [-0.18121576832568342, -0.4207261192426076, 0.8889040538132225, -1.9332179297452623], [0.09823546959084778, -0.9070924610506013, -0.4093080947323799, 46.94325758066637], [0.0, 0.0, 0.0, 1.0]]}, {"class": "Milk", "pose": [[0.042244750638545124, -0.9405018866655818, -0.33715230500629256, -7.883040887154147], [-0.43948898165358147, -0.32054472482621316, 0.8391069975751486, -7.679959572971484], [-0.8972540923124651, 0.1127267818606731, -0.42688150964160365, 55.065599010585984], [0.0, 0.0, 0.0, 1.0]]}, {"class": "AlphabetSoup", "pose": [[0.8054283961247416, 0.030988759483686675, 0.5918824968274325, 10.310964898072484], [-0.5168012543889374, -0.4521986719513131, 0.7269338783795156, -9.131094366255615], [0.2901752682177181, -0.8913787912311107, -0.34819853683231167, 56.43962027798618], [0.0, 0.0, 0.0, 1.0]]}, {"class": "Yogurt", "pose": [[0.9026327879111538, 0.02218602596550511, 0.429839417676748, 17.364375904202937], [-0.3644587946320005, -0.49185748196016044, 0.7907250112672528, -13.506390148332745], [0.22896280502184888, -0.8703930674209934, -0.4358807163617438, 60.728408541422716], [0.0, 0.0, 0.0, 1.0]]}, {"class": "Cherries", "pose": [[0.41992423769311904, 0.034229406482984684, 0.906913489192195, -16.15441953140151], [-0.7934081454123658, -0.47133536690574784, 0.38515779322964266, 7.27963629498457], [0.4406440927130197, -0.8812896300483309, -0.17076717576987202, 47.90143740173595], [0.0, 0.0, 0.0, 1.0]]}, {"class": "Cookies", "pose": [[0.22254812831848428, -0.017499421977893878, 0.9747646871740209, -23.848751482459807], [-0.8502032876246817, -0.49277993294299977, 0.18526291153188454, 12.549935316460898], [0.47710243538205704, -0.8699780482671424, -0.12454524671711809, 38.099841473971736], [0.0, 0.0, 0.0, 1.0]]}, {"class": "TomatoSauce", "pose": [[0.8856311430855327, 0.039805883607515455, -0.46268030493670786, 5.045914977113175], [0.42597524122180025, -0.466410336139104, 0.7752461100818447, 2.72098333845448], [-0.18493943981999525, -0.8836724403088414, -0.4300238117031504, 49.92845059075318], [0.0, 0.0, 0.0, 1.0]]}, {"class": "PeasAndCarrots", "pose": [[0.6823113813307817, 0.046165834878235924, 0.7296026241356064, 15.391796606308905], [-0.6329867420710545, -0.46200546879709653, 0.6211914118468169, 1.722360942874479], [0.36575821669454545, -0.8856747448364836, -0.2860091433385983, 52.5656690613451], [0.0, 0.0, 0.0, 1.0]]}, {"class": "Ketchup", "pose": [[0.6337306879682254, 0.006646165385660134, 0.7735252666604187, -10.497296721721671], [-0.6660548718706225, -0.5038432372196666, 0.5500117625595009, 22.163839620720704], [0.3933909321486646, -0.863769596794656, -0.3148741255651601, 35.033968286492744], [0.0, 0.0, 0.0, 1.0]]}, {"class": "MacaroniAndCheese", "pose": [[0.19408369875389359, 0.979111876332624, 0.0605932838811634, 19.375774652164164], [0.8807631457814143, -0.14672426126645893, -0.4502536076228966, 15.170059237851158], [-0.43195807764930366, 0.14075526141810019, -0.8908424284522284, 46.424109780908175], [0.0, 0.0, 0.0, 1.0]]}, {"class": "Pineapple", "pose": [[0.8707726225613495, 0.02026162882672814, 0.4912683591928184, 3.359620542352537], [-0.42445714384194055, -0.4733391464866579, 0.7718718963877481, 23.759472105166], [0.24817594785514407, -0.8806472688699873, -0.4035704938818692, 40.08835728438493], [0.0, 0.0, 0.0, 1.0]]}]}