{"camera": {"camera": "RealSense D415", "extrinsics": [[-0.9694614, 0.24497043, 0.011581737, 0.6594719], [0.21444613, 0.8696822, -0.44459614, -0.32628974], [-0.11898534, -0.4285351, -0.8956563, 0.3293169], [0.0, 0.0, 0.0, 1.0]], "height": 480, "intrinsics": [[604.50507, 0.0, 326.28275], [0.0, 602.9669, 245.73769], [0.0, 0.0, 1.0]], "width": 640}, "objects": [{"class": "OrangeJuice", "pose": [[-0.9923539010152603, 0.011402624826381283, 0.12289765674598661, 2.9422535241566017], [-0.11399250978060112, -0.46645255542496045, -0.877170325058379, 11.904774905422677], [0.04732381311630267, -0.8844727901747802, 0.46418575263178735, 38.56525073936883], [0.0, 0.0, 0.0, 1.0]]}, {"class": "ChocolatePudding", "pose": [[0.9719168598510027, 0.039798496362618986, 0.2319349390916158, -21.067164234366665], [-0.18603969662717643, -0.4736092252479741, 0.8608621207548048, -17.293371220907673], [0.1441075828111265, -0.8798354978082091, -0.4529045972019734, 60.422091136141276], [0.0, 0.0, 0.0, 1.0]]}, {"class": "CreamCheese", "pose": [[0.8170924621876894, -0.07790713883026144, 0.5712184386923566, -28.028348342869002], [-0.5316265558132415, -0.48510374840113185, 0.6942964902351885, -8.569960686737451], [0.22300955483382642, -0.8709793110039994, -0.43779201802863493, 55.56764954895627], [0.0, 0.0, 0.0, 1.0]]}, {"class": "Raisins", "pose": [[0.809753906548277, 0.05714147638950106, -0.5839808055515389, -18.75515350235778], [0.5430436681612967, -0.44997579354526934, 0.7089608011764884, -27.030404522372763], [-0.2222660643872233, -0.8912108368922502, -0.395399941352294, 61.11660351950634], [0.0, 0.0, 0.0, 1.0]]}, {"class": "BBQSauce", "pose": [[0.9931410007150587, 0.020215348059073674, -0.11516254229711387, -7.325140510913086], [0.10961492167311927, -0.5037354372315603, 0.8568752745500972, -25.38441888929664], [-0.04068935345961531, -0.8636214876171333, -0.5024961446964304, 59.353709699546364], [0.0, 0.0, 0.0, 1.0]]}, {"class": "SaladDressing", "pose": [[0.7743373485302847, -0.025953094904458164, -0.6322406395374847, 3.701873636022257], [0.5689793646561334, -0.4086451221842337, 0.7136327519264528, -28.352131227870732], [-0.27688293437513584, -0.9123243512426762, -0.30166238011263324, 61.55428676660117], [0.0, 0.0, 0.0, 1.0]]}, {"class": "Mayo", "pose": [[-0.10721693628958967, 0.921395917514171, 0.3735427827005712, -2.28927751333321], [0.5133263139596405, -0.2704583273458641, 0.814462059569055, -16.405852381218242], [0.8514697558631329, 0.2790734889890672, -0.44397895827123923, 60.390593591867145], [0.0, 0.0, 0.0, 1.0]]}, {"class": "Mushrooms", "pose": [[0.9922132745509723, 0.037312221481190386, -0.11883069754810147, 8.20778112575572], [0.1209121350046314, -0.5174880674974359, 0.8471047240559879, -20.205142582198317], [-0.029886040609865185, -0.8548766127361058, -0.5179699550816401, 63.52931176533527], [0.0, 0.0, 0.0, 1.0]]}, {"class": "Parmesan", "pose": [[0.8599845191429316, -0.009367909456523275, 0.5102342480211524, -15.502403609903205], [-0.44743086242194646, -0.49467954748416443, 0.7450488752859096, -2.8503055561925725], [0.24542290553012355, -0.8690250361713064, -0.429608143244961, 50.319727257812175], [0.0, 0.0, 0.0, 1.0]]}, {"class": "Mustard", "pose": [[0.9683456196172203, 0.0031546053517399306, 0.24959352591765468, -7.910108256508519], [-0.22667093538515115, -0.40763368018107665, 0.8845649369861042, -0.13608764925859274], [0.10453321800664811, -0.9131401590452427, -0.39401513811752176, 45.888389618269194], [0.0, 0.0, 0.0, 1.0]]}, {"class": "Milk", "pose": [[0.031276807208781135, -0.955059289766578, -0.294760297713544, -6.016457587625601], [-0.4278337947917864, -0.2793148202281384, 0.8596170851876797, -6.095686896574781], [-0.9033161816417794, 0.09922225877603141, -0.4173426555496892, 53.94391676737239], [0.0, 0.0, 0.0, 1.0]]}, {"class": "AlphabetSoup", "pose": [[0.7784131962059851, 0.019401982113311626, 0.6274524506361014, 12.079195209816174], [-0.5568496181669835, -0.4401059570865615, 0.7044326136656268, -8.3875566568108], [0.2898129449915132, -0.8977362808921966, -0.33178019784031926, 55.46387261526509], [0.0, 0.0, 0.0, 1.0]]}, {"class": "Yogurt", "pose": [[0.882984129725208, 0.00861399099837773, 0.46932392284997754, 18.88551144580639], [-0.40818103663994115, -0.4796278092465874, 0.7767531550218799, -13.139194131636428], [0.2317917632820764, -0.8774298192500408, -0.4199875754819388, 59.751474128403636], [0.0, 0.0, 0.0, 1.0]]}, {"class": "Cherries", "pose": [[0.3793670090920514, 0.021677071674051203, 0.9249923760350575, -13.534081511752339], [-0.8179114927398723, -0.45951448942411743, 0.3462185465351409, 9.32524169148064], [0.43255235017742855, -0.8879057722147916, -0.15659462576156635, 46.928881514910834], [0.0, 0.0, 0.0, 1.0]]}, {"class": "Cookies", "pose": [[0.17928115212325743, -0.031074877478646637, 0.9833070421947752, -20.885752640705736], [-0.8662522945970889, -0.4787615039572797, 0.1428091115630318, 15.08013776563164], [0.46633171247229194, -0.8773949512526341, -0.1127515243924275, 37.136834594007055], [0.0, 0.0, 0.0, 1.0]]}, {"class": "TomatoSauce", "pose": [[0.9057120947013418, 0.02749310512578392, -0.4230010040520502, 7.418218530853238], [0.38815831833904246, -0.4548123623678789, 0.8015478107094645, 3.783964217183372], [-0.17034895972493666, -0.8901628869272404, -0.42260068557890523, 49.08286922153171], [0.0, 0.0, 0.0, 1.0]]}, {"class": "PeasAndCarrots", "pose": [[0.6494441733615154, 0.03406457546304547, 0.7596459630196771, 17.681990825986997], [-0.6684400942672766, -0.4506707666792411, 0.5916787627997806, 2.280428357497283], [0.3625054904024124, -0.8920401252720009, -0.26991527768280754, 51.80018332590394], [0.0, 0.0, 0.0, 1.0]]}, {"class": "Ketchup", "pose": [[0.5991517534222089, -0.007514927836373424, 0.800600287894963, -7.0849878813683205], [-0.6996775754503203, -0.49099412203083814, 0.5190145667076275, 24.12437269593527], [0.3891896480020885, -0.8711305433645441, -0.2994379186061296, 34.33883699689449], [0.0, 0.0, 0.0, 1.0]]}, {"class": "MacaroniAndCheese", "pose": [[0.23783731740775316, 0.9700654145086545, 0.04905732126021405, 22.32843299986339], [0.8772886032424426, -0.19286419228984567, -0.43950900771757706, 15.62233516630625], [-0.4168909939483666, 0.14756910950157098, -0.8968976139333988, 45.89802105535874], [0.0, 0.0, 0.0, 1.0]]}, {"class": "Pineapple", "pose": [[0.8482643372405806, 0.0076275212172779785, 0.5295182280457117, 6.779052917295047], [-0.46695147950763655, -0.46089402866422524, 0.7546741469262538, 25.018261131090235], [0.24980808925499004, -0.887422468704002, -0.3873981845283132, 39.54425622937832], [0.0, 0.0, 0.0, 1.0]]}]}