{"camera": {"camera": "RealSense D415", "extrinsics": [[-0.9625394, -0.2542602, 0.094179064, 0.5517645], [-0.2530619, 0.7177105, -0.6487306, -0.15019397], [0.09735306, -0.64826185, -0.75516814, 0.053527012], [0.0, 0.0, 0.0, 1.0]], "height": 480, "intrinsics": [[603.75165, 0.0, 326.28275], [0.0, 603.20245, 245.73769], [0.0, 0.0, 1.0]], "width": 640}, "objects": [{"class": "ChocolatePudding", "pose": [[0.9484810985472804, 0.08548291157585056, 0.30508402719958133, 4.144356480116751], [-0.15631064257933686, -0.7113216374487805, 0.6852653405352914, 5.622563182617809], [0.2755913418300003, -0.6976490508633618, -0.6613132189043338, 32.41313359079723], [0.0, 0.0, 0.0, 1.0]]}, {"class": "MacaroniAndCheese", "pose": [[0.12083784324540572, 0.9308858472572926, 0.3447459080846747, -1.2658757099742957], [-0.6210410179900782, 0.3418234569810059, -0.7053118842446443, -4.614855796380454], [-0.7744070344510516, -0.12887297791911778, 0.6194234899604694, 35.20637623541024], [0.0, 0.0, 0.0, 1.0]]}, {"class": "Milk", "pose": [[0.07012791719335307, 0.9897268185177248, 0.12459087471464751, -7.759485994022397], [0.7459770465005438, 0.03088818342376484, -0.6652550203075768, -14.645559856660672], [-0.6622691030218366, 0.13959488024977307, -0.7361473113110751, 45.99957784191292], [0.0, 0.0, 0.0, 1.0]]}, {"class": "Ketchup", "pose": [[0.8756119033092932, 0.10315247054941287, 0.47187217414029015, -15.151189308349533], [-0.28249119990136495, -0.6830650071679608, 0.6735139150650483, -5.770765273130141], [0.3917939862595893, -0.7230364845160443, -0.5689601688601073, 32.658097159710934], [0.0, 0.0, 0.0, 1.0]]}, {"class": "OrangeJuice", "pose": [[-0.8309777541560694, -0.5490541541903131, -0.08952929123672522, 11.84270703010028], [0.3794512129645005, -0.6771011126617236, 0.6305164042571403, -4.0383037539528335], [-0.4068080268530011, 0.4899730940750188, 0.7709951723132523, 40.395174244290736], [0.0, 0.0, 0.0, 1.0]]}]}