{"camera": {"camera": "RealSense D415", "extrinsics": [[-0.95488036, 0.29320213, 0.04728659, 0.67284876], [0.24367769, 0.8644939, -0.43962646, -0.31266168], [-0.16977839, -0.40826797, -0.8969351, 0.35958555], [0.0, 0.0, 0.0, 1.0]], "height": 480, "intrinsics": [[604.50507, 0.0, 326.28275], [0.0, 602.9669, 245.73769], [0.0, 0.0, 1.0]], "width": 640}, "objects": [{"class": "OrangeJuice", "pose": [[-0.9963636625124719, 0.0458614420981173, 0.07180703224926269, 5.394046772831251], [-0.08488455616711317, -0.46153149138550237, -0.8830533951797352, 15.077199352982356], [-0.007356959744856136, -0.8859376277973715, 0.4637460869592151, 38.49451911076439], [0.0, 0.0, 0.0, 1.0]]}, {"class": "ChocolatePudding", "pose": [[0.9567943455707657, 0.07374200852113764, 0.2812592508525029, -20.61078479411822], [-0.21550003600045523, -0.46955054155569326, 0.8562020950472086, -13.522897031156575], [0.19520353918851213, -0.8798207054402137, -0.4333718298884565, 58.804331896031115], [0.0, 0.0, 0.0, 1.0]]}, {"class": "CreamCheese", "pose": [[0.7878834980890028, -0.0445564296017975, 0.6142103774336689, -27.0399810648545], [-0.5568051072727711, -0.4776119180945759, 0.6795990967943162, -4.57002107614588], [0.26307370204120345, -0.8774403999125342, -0.40111171794099276, 53.64361296947825], [0.0, 0.0, 0.0, 1.0]]}, {"class": "Raisins", "pose": [[0.8361535873429695, 0.09236061380968179, -0.5406632640722094, -18.625262885131434], [0.5201357688678176, -0.4463754360642674, 0.7281536624761232, -23.327806713992018], [-0.17408600132571814, -0.8900666006506498, -0.4212784695691504, 59.55199631894007], [0.0, 0.0, 0.0, 1.0]]}, {"class": "BBQSauce", "pose": [[0.9966606376915981, 0.0524347825936704, -0.06259581917001689, -7.073112988168296], [0.08044783539971118, -0.4991768923801785, 0.8627575441848314, -22.010291033447704], [0.01399218172628325, -0.8649121889078893, -0.5017281761103407, 58.423173854972646], [0.0, 0.0, 0.0, 1.0]]}, {"class": "SaladDressing", "pose": [[0.804532096730491, 0.01177952330021498, -0.5937924030233973, 3.7265456576805356], [0.5474179923299047, -0.40248738461610767, 0.7337148295169325, -25.315088521516238], [-0.23035106018070395, -0.9153497786019863, -0.3302623355165314, 61.19636304217102], [0.0, 0.0, 0.0, 1.0]]}, {"class": "Mayo", "pose": [[-0.13832957588452766, 0.896564937902599, 0.42075683035020456, -1.8410779562998192], [0.5114038562158305, -0.2991575086197514, 0.8055872920042094, -13.190530139090129], [0.8481338878517641, 0.3266132472788586, -0.41712436197532043, 59.79697228861761], [0.0, 0.0, 0.0, 1.0]]}, {"class": "Mushrooms", "pose": [[0.9954770278381313, 0.0686219189099993, -0.0657007535626834, 8.354335524236923], [0.09170570420447063, -0.5134784406245265, 0.853188114652824, -17.31622024440357], [0.024811549389429487, -0.8553543089358252, -0.5174489651895349, 63.47210733825961], [0.0, 0.0, 0.0, 1.0]]}, {"class": "Parmesan", "pose": [[0.8319332736455094, 0.023466220912901067, 0.5543793235723807, -14.085515803297854], [-0.47404300756902007, -0.48922002063762915, 0.732084013305107, 0.8068162835454806], [0.2883927305499661, -0.8718446993674326, -0.39587433804776484, 49.12411344376129], [0.0, 0.0, 0.0, 1.0]]}, {"class": "Mustard", "pose": [[0.9541957092660205, 0.04090561756021226, 0.29637366380528213, -6.187455810568821], [-0.2557815206105704, -0.40233194516988047, 0.8790363040083359, 3.3207194180606914], [0.1551981575006815, -0.9145795775033692, -0.3734404459831014, 45.13066667767737], [0.0, 0.0, 0.0, 1.0]]}, {"class": "Milk", "pose": [[0.06785011399962895, -0.9667897936951299, -0.24640196136435363, -4.909514827247952], [-0.42341003748082917, -0.2515302303209678, 0.8703197616679959, -2.738105274548025], [-0.9033938060903987, 0.04527769684071663, -0.42641482110758144, 53.23324404548841], [0.0, 0.0, 0.0, 1.0]]}, {"class": "AlphabetSoup", "pose": [[0.7449085236357723, 0.055336146972478906, 0.6648678605407607, 13.002051535353731], [-0.5812548530541213, -0.43535754951378575, 0.6874638928969697, -5.5723773078544205], [0.3274968554388179, -0.8985553866971281, -0.2921370655859465, 55.714828654050955], [0.0, 0.0, 0.0, 1.0]]}, {"class": "Yogurt", "pose": [[0.8567763815893238, 0.04231040431936809, 0.5139495416517792, 19.42347306501983], [-0.4354128784820943, -0.4746585516407155, 0.7649280284843474, -10.547468703516117], [0.2763149841221844, -0.8791525234612269, -0.3882536650377218, 60.33016545592107], [0.0, 0.0, 0.0, 1.0]]}, {"class": "Cherries", "pose": [[0.3312379412866971, 0.05650557681732183, 0.9418538186829876, -11.581029989410718], [-0.8312201719182214, -0.4548806141091701, 0.3196195501820544, 12.938026401027336], [0.44649130074111004, -0.8887580185775509, -0.1037050681043289, 45.933915761541954], [0.0, 0.0, 0.0, 1.0]]}, {"class": "Cookies", "pose": [[0.12828510044870076, 0.0027206170323099124, 0.9917336340837014, -18.218123219658388], [-0.8738188174402527, -0.4726199408579208, 0.11432878004005477, 18.96344604901991], [0.46902409177329096, -0.8812621983469273, -0.0582527035843671, 35.800141311288755], [0.0, 0.0, 0.0, 1.0]]}, {"class": "TomatoSauce", "pose": [[0.924582900718761, 0.0625705655670168, -0.37580773508556153, 9.052376633833337], [0.36218857707891083, -0.4503396157583483, 0.8160966053518723, 6.767780709788557], [-0.1181774087393848, -0.8906622385333066, -0.4390386261918081, 49.17966321417859], [0.0, 0.0, 0.0, 1.0]]}, {"class": "PeasAndCarrots", "pose": [[0.6089738638324442, 0.06935252490462766, 0.7901525993030527, 19.104899327240172], [-0.6893982151515976, -0.4463833872306527, 0.5705015133239819, 4.946103417740927], [0.3922767092297161, -0.8921503049777524, -0.22402422881892692, 52.4381463733516], [0.0, 0.0, 0.0, 1.0]]}, {"class": "Ketchup", "pose": [[0.5564140777440036, 0.02553778350592312, 0.8305126521787174, -4.027429628655899], [-0.7192875438196707, -0.48557901104232193, 0.496828398439237, 27.611704079345774], [0.415967398398227, -0.8738197281827753, -0.25181390843695833, 33.8202624530339], [0.0, 0.0, 0.0, 1.0]]}, {"class": "MacaroniAndCheese", "pose": [[0.2856714742464864, 0.9545589143975742, 0.0849067575225766, 24.45302808977516], [0.8722412168524469, -0.22228647625026102, -0.43564203912693883, 18.178329341626903], [-0.3969722998278457, 0.19850971997100086, -0.8961065353072326, 46.89403898526722], [0.0, 0.0, 0.0, 1.0]]}, {"class": "Pineapple", "pose": [[0.8194269808135126, 0.04241625274698555, 0.5716120663044026, 9.553187239513573], [-0.49323344342160935, -0.455847089594373, 0.7408941930893196, 28.0657718460592], [0.29199367161838585, -0.8890468840967642, -0.3526122119078625, 39.77573992332361], [0.0, 0.0, 0.0, 1.0]]}]}