{"camera": {"camera": "RealSense D415", "extrinsics": [[-0.9507054, 0.30570838, 0.051977217, 0.6827499], [0.25880182, 0.8745572, -0.41008693, -0.31574595], [-0.17082405, -0.37642005, -0.9105642, 0.3518248], [0.0, 0.0, 0.0, 1.0]], "height": 480, "intrinsics": [[604.50507, 0.0, 326.28275], [0.0, 602.9669, 245.73769], [0.0, 0.0, 1.0]], "width": 640}, "objects": [{"class": "OrangeJuice", "pose": [[-0.9970214140985201, 0.05022805097777272, 0.058527775656960726, 6.817432509861742], [-0.07453185318438037, -0.4323292049386395, -0.8986303405151682, 15.281532003900878], [-0.019833228811501288, -0.9003159083934145, 0.4347850167667538, 38.658891136957706], [0.0, 0.0, 0.0, 1.0]]}, {"class": "ChocolatePudding", "pose": [[0.9526395951229562, 0.07796626354474358, 0.29393727451997553, -19.66772700067746], [-0.23150381478554685, -0.44082777536568374, 0.8672236641618255, -13.712569446354706], [0.19718992978499586, -0.8941992319658332, -0.401900445159392, 57.75296769116582], [0.0, 0.0, 0.0, 1.0]]}, {"class": "CreamCheese", "pose": [[0.7797316417263396, -0.040423179353791916, 0.6248076434080085, -25.95713251518501], [-0.573149965565041, -0.4477691191621804, 0.6862958257004772, -4.528990454862869], [0.2520273079115574, -0.8932350866821229, -0.37230823072160146, 52.8308923518299], [0.0, 0.0, 0.0, 1.0]]}, {"class": "Raisins", "pose": [[0.8428964428166528, 0.0969120756228626, -0.529276576172508, -17.785655123137833], [0.5171572711678704, -0.4175146772192508, 0.7471478291885009, -23.556427119643526], [-0.14857302787740703, -0.9034875065109657, -0.40204040050989054, 58.19322463437943], [0.0, 0.0, 0.0, 1.0]]}, {"class": "BBQSauce", "pose": [[0.9972085300582312, 0.05622235773571693, -0.0491350370828213, -6.210455595451936], [0.06987470334612392, -0.4707157652700777, 0.8795136278846842, -22.318870324271884], [0.026319737995131733, -0.8804918220354406, -0.4733302498222502, 57.22087493182134], [0.0, 0.0, 0.0, 1.0]]}, {"class": "SaladDressing", "pose": [[0.8121083919016651, 0.017020907368358554, -0.5832583529746038, 4.528075567110834], [0.5466086739728592, -0.37200092661419265, 0.7502228306391403, -25.82268633556155], [-0.20420311034333855, -0.9280763613536919, -0.3114088307977487, 59.98711965233291], [0.0, 0.0, 0.0, 1.0]]}, {"class": "Mayo", "pose": [[-0.14182117098482636, 0.890282043753074, 0.43276401864149344, -0.9065601589325789], [0.4843589858856891, -0.3188620427569505, 0.8146922105660733, -13.602797195596988], [0.8632978963510056, 0.32515376400886287, -0.38599465615862383, 58.937983404217306], [0.0, 0.0, 0.0, 1.0]]}, {"class": "Mushrooms", "pose": [[0.9960265587437436, 0.07217244041283401, -0.0521755778247229, 9.21072829772217], [0.08077885807862885, -0.4854891599552738, 0.8705027737634261, -17.950831514499043], [0.0374956775862759, -0.8712585997599063, -0.48939005832052873, 62.57246558315224], [0.0, 0.0, 0.0, 1.0]]}, {"class": "Parmesan", "pose": [[0.8243316795414405, 0.027423356513279016, 0.5654425695164171, -12.90612731470382], [-0.49172214778285545, -0.460242501739394, 0.7391794074843169, 0.8637649961893257], [0.2805114892084828, -0.8873696716408453, -0.365907738303356, 48.61854345943142], [0.0, 0.0, 0.0, 1.0]]}, {"class": "Mustard", "pose": [[0.9500487223755363, 0.046137948743799985, 0.3086725977434915, -4.944265993002861], [-0.2704078162072873, -0.3721651376103919, 0.8879035706414435, 3.428898818269582], [0.15584325263838447, -0.9270191646758378, -0.34109888831102253, 44.787677656398], [0.0, 0.0, 0.0, 1.0]]}, {"class": "Milk", "pose": [[0.07276183842142574, -0.9696055356556454, -0.23360410504709697, -3.8068287513635446], [-0.3938735893735023, -0.24312181510560255, 0.8864284551446744, -2.9079558992600454], [-0.9162802199664941, 0.027512269667669516, -0.3995919621214914, 52.69620226098126], [0.0, 0.0, 0.0, 1.0]]}, {"class": "AlphabetSoup", "pose": [[0.7358764369367455, 0.06008391767889305, 0.6744448459266535, 14.050431662295226], [-0.5992882072227788, -0.40584809418285117, 0.6900297070476301, -6.003646408833041], [0.31518183968980706, -0.9119634748483577, -0.26264639945842383, 55.25559934152058], [0.0, 0.0, 0.0, 1.0]]}, {"class": "Yogurt", "pose": [[0.849670689491025, 0.046481151890826945, 0.5252611538445824, 20.376379186590256], [-0.4529653861659938, -0.44563759758743804, 0.7721589978938108, -11.193663095876802], [0.26996696765290334, -0.8940060223866871, -0.3575907870581252, 59.764882610645266], [0.0, 0.0, 0.0, 1.0]]}, {"class": "Cherries", "pose": [[0.3186124506781991, 0.060964366853498805, 0.9459225708515338, -10.25143179938035], [-0.8488747009094479, -0.42569621606278857, 0.31336001860815127, 13.068222757751563], [0.4217794194209499, -0.9028101740335949, -0.08388094950924307, 45.8581309862293], [0.0, 0.0, 0.0, 1.0]]}, {"class": "Cookies", "pose": [[0.11503760987760712, 0.0069362950647576796, 0.9933369488365034, -16.727466289036318], [-0.890146501972412, -0.44313059953651884, 0.10618146852001771, 19.493167042821675], [0.44091445830762804, -0.8964303069665032, -0.04480232006770219, 35.86657746140107], [0.0, 0.0, 0.0, 1.0]]}, {"class": "TomatoSauce", "pose": [[0.9292141476934229, 0.06709219662683065, -0.3634002788628042, 10.287162189317323], [0.3565578543362746, -0.42115600465787256, 0.833962915079629, 6.58574101860116], [-0.09709574738012246, -0.9045033936777652, -0.4152663354310306, 49.09662644489035], [0.0, 0.0, 0.0, 1.0]]}, {"class": "PeasAndCarrots", "pose": [[0.5982496562830414, 0.07392704479837231, 0.7978923477537516, 20.288252326909856], [-0.708143208091444, -0.41722125315982383, 0.5696135972938905, 4.555597424817859], [0.375007479739053, -0.9057932157797264, -0.19725147163811466, 52.38997483119591], [0.0, 0.0, 0.0, 1.0]]}, {"class": "Ketchup", "pose": [[0.5451656681185314, 0.029550070813539345, 0.8378074035356694, -2.4338543523457545], [-0.738269860279926, -0.45655907815835456, 0.49649919338286286, 28.058654660401523], [0.397180142978481, -0.8892023033941835, -0.22708434630834132, 34.31314317214457], [0.0, 0.0, 0.0, 1.0]]}, {"class": "MacaroniAndCheese", "pose": [[0.2981409240008664, 0.9503049668199373, 0.08962431183924745, 25.82065639449358], [0.8820011832116471, -0.23837327964131327, -0.40651213984662393, 17.90978657924501], [-0.36494640218596675, 0.20024667980385824, -0.9092389638787296, 47.34125648844106], [0.0, 0.0, 0.0, 1.0]]}, {"class": "Pineapple", "pose": [[0.8116030939581635, 0.046869878079515856, 0.5823261029747323, 11.0901821907192], [-0.5108942500421226, -0.42651030609145074, 0.7463752752791697, 28.177811165007032], [0.2833506069346733, -0.9032675720977068, -0.322211466932327, 40.41177242250124], [0.0, 0.0, 0.0, 1.0]]}]}