{"camera": {"camera": "RealSense D415", "extrinsics": [[-0.94457865, 0.3216537, 0.06565082, 0.6755687], [0.268763, 0.87253076, -0.4079908, -0.31114483], [-0.18851411, -0.3677349, -0.9106226, 0.367572], [0.0, 0.0, 0.0, 1.0]], "height": 480, "intrinsics": [[604.50507, 0.0, 326.28275], [0.0, 602.9669, 245.73769], [0.0, 0.0, 1.0]], "width": 640}, "objects": [{"class": "OrangeJuice", "pose": [[-0.9971355950495185, 0.0634815191806868, 0.041118287818869045, 6.51120691870789], [-0.06452039616501941, -0.43024360081702057, -0.900404127268786, 16.34261047354967], [-0.03946818738452947, -0.9004780025191321, 0.43310703931217115, 39.1788575558604], [0.0, 0.0, 0.0, 1.0]]}, {"class": "ChocolatePudding", "pose": [[0.9462691500201575, 0.09100948528092714, 0.3103094924336507, -20.62765400432076], [-0.24156084595770663, -0.43903597727048665, 0.8653876578333531, -12.439958923838507], [0.2149955524302634, -0.8938482950000108, -0.3934618358860243, 57.665374356549506], [0.0, 0.0, 0.0, 1.0]]}, {"class": "CreamCheese", "pose": [[0.7689430213213011, -0.02743929671945767, 0.63872821038546, -26.728444373039352], [-0.5816190015478006, -0.44479808350134775, 0.6810829846061487, -3.1800864303998866], [0.26541666283038057, -0.8952105053239354, -0.35798355351561945, 52.64973022804993], [0.0, 0.0, 0.0, 1.0]]}, {"class": "Raisins", "pose": [[0.850723670983661, 0.11036322163093489, -0.5138961049908112, -18.852301436495267], [0.5091397811613266, -0.4158867790504925, 0.7535349362955611, -22.303324400747183], [-0.13056000052201158, -0.9026949842465207, -0.4099950365771376, 58.11225096364968], [0.0, 0.0, 0.0, 1.0]]}, {"class": "BBQSauce", "pose": [[0.9971499685047431, 0.06870690954874133, -0.031165889633589013, -7.248632056814275], [0.059843159433107654, -0.4687443695781796, 0.8813044548995373, -21.178594069645452], [0.045942915851154224, -0.8806578046029279, -0.47152005048891343, 57.36922454479565], [0.0, 0.0, 0.0, 1.0]]}, {"class": "SaladDressing", "pose": [[0.8213200018581933, 0.03142229654057874, -0.5696017078741796, 3.398618537062492], [0.5390552892494426, -0.36950809419480324, 0.7568904765054739, -24.797276197166575], [-0.1866891535779156, -0.928696129762086, -0.32042274706910767, 60.33335611485631], [0.0, 0.0, 0.0, 1.0]]}, {"class": "Mayo", "pose": [[-0.15381457231947004, 0.8805644199675735, 0.44827155989952433, -1.8929964187957338], [0.48329015042044654, -0.32865637100507067, 0.8114281547200053, -12.520816399545565], [0.8618420928913476, 0.3414547364536475, -0.37501593061102795, 59.2157760295316], [0.0, 0.0, 0.0, 1.0]]}, {"class": "Mushrooms", "pose": [[0.9958585614141648, 0.08432652975117812, -0.033981963210449766, 8.107852594049392], [0.07072670051299226, -0.483702452866825, 0.8723701627710082, -16.979943215400752], [0.0571268357356703, -0.8711607569970604, -0.4876633453984024, 63.0333131773491], [0.0, 0.0, 0.0, 1.0]]}, {"class": "Parmesan", "pose": [[0.8137849928656096, 0.04015284674545166, 0.579777324556904, -13.544911038564756], [-0.5007218170898415, -0.45796465154843713, 0.7345379975129411, 2.094115006647179], [0.29501133447871436, -0.8880631853542311, -0.3525793097809493, 48.70870552434238], [0.0, 0.0, 0.0, 1.0]]}, {"class": "Mustard", "pose": [[0.9440990762567267, 0.060510123023954164, 0.32406090632506396, -5.48480140077896], [-0.28031915950959146, -0.3699659150372129, 0.8857462506217367, 4.590554050016599], [0.17348813795292337, -0.927072725438838, -0.3323222924738171, 45.041403667841266], [0.0, 0.0, 0.0, 1.0]]}, {"class": "Milk", "pose": [[0.08670281523102438, -0.9723224661914163, -0.21696003170137068, -4.564730945462747], [-0.39196950140709813, -0.23350972235064987, 0.889850071361657, -1.7798311143147394], [-0.9158835196857907, 0.007889159323860733, -0.40136668754538357, 52.95126563514911], [0.0, 0.0, 0.0, 1.0]]}, {"class": "AlphabetSoup", "pose": [[0.7236074595800251, 0.0738249284106855, 0.6862522394649812, 13.2076280505799], [-0.6074979609727583, -0.4038291186074829, 0.6840089914223327, -5.060870603202794], [0.32762556718266167, -0.9118508726959312, -0.24736521992780328, 55.84843353928668], [0.0, 0.0, 0.0, 1.0]]}, {"class": "Yogurt", "pose": [[0.8397081454269569, 0.059480414190764115, 0.5397706203719508, 19.392630380687926], [-0.4621900186513077, -0.44353184724980943, 0.767893167766344, -10.326585190481612], [0.28508008873742546, -0.8942827704895571, -0.34494600700545736, 60.46422321934111], [0.0, 0.0, 0.0, 1.0]]}, {"class": "Cherries", "pose": [[0.3018880423828344, 0.07432972295265379, 0.950441325878375, -10.71591557029512], [-0.8532099605936722, -0.423711022747973, 0.30414102372676166, 14.279279918763477], [0.4253191746152611, -0.9027425728750021, -0.06449438085318851, 46.03763488649149], [0.0, 0.0, 0.0, 1.0]]}, {"class": "Cookies", "pose": [[0.09757926099323995, 0.020017174394702623, 0.9950264380098994, -16.931813196715517], [-0.8925022066184439, -0.44062339592800487, 0.09638912858841535, 20.796964201379716], [0.4403613466111802, -0.8974689027489617, -0.025130287451316933, 35.94147329150669], [0.0, 0.0, 0.0, 1.0]]}, {"class": "TomatoSauce", "pose": [[0.934423250679783, 0.08053415660943347, -0.3469401245080149, 9.690284765344327], [0.34754092328475683, -0.419227394489587, 0.8387274457890376, 7.582936324950568], [-0.07790054600685044, -0.9043023455423391, -0.41972473255275394, 49.65567463022479], [0.0, 0.0, 0.0, 1.0]]}, {"class": "PeasAndCarrots", "pose": [[0.5837668556124785, 0.08743156519617684, 0.8072000938311816, 19.604616416647914], [-0.7151438397875398, -0.4153573987282898, 0.5621810648746133, 5.44370649978646], [0.38442890822406445, -0.9054468747115652, -0.17994568606870076, 53.136931447467916], [0.0, 0.0, 0.0, 1.0]]}, {"class": "Ketchup", "pose": [[0.529964264448611, 0.042351339055311535, 0.8469617785195891, -2.5263338059541063], [-0.7448021902969095, -0.45429743407472634, 0.48875716740524305, 29.223753637125586], [0.4054720868498545, -0.8898428510939406, -0.20921798555729465, 34.692690051983924], [0.0, 0.0, 0.0, 1.0]]}, {"class": "MacaroniAndCheese", "pose": [[0.3139381953037244, 0.9438073076954767, 0.10329853462396549, 25.366661344020176], [0.8800171997953911, -0.24841534362332587, -0.4047957201907349, 18.756335242279782], [-0.356388179611743, 0.21798536060680937, -0.9085537553343608, 48.23752545024141], [0.0, 0.0, 0.0, 1.0]]}, {"class": "Pineapple", "pose": [[0.8008138419879954, 0.060239448914414115, 0.5958761709116378, 10.876727729658398], [-0.5197739308852389, -0.424383093685784, 0.7414405441663827, 29.190558713882925], [0.29754376388057735, -0.9034767795104189, -0.30854091430357006, 41.05381200830484], [0.0, 0.0, 0.0, 1.0]]}]}