{"camera": {"camera": "RealSense D415", "extrinsics": [[-0.93911797, 0.3358421, 0.07257772, 0.67238116], [0.27893555, 0.8685284, -0.40969902, -0.30429104], [-0.20063, -0.3645112, -0.909329, 0.37883317], [0.0, 0.0, 0.0, 1.0]], "height": 480, "intrinsics": [[604.50507, 0.0, 326.28275], [0.0, 602.9669, 245.73769], [0.0, 0.0, 1.0]], "width": 640}, "objects": [{"class": "OrangeJuice", "pose": [[-0.9972120471474624, 0.07003610318711692, 0.02575133449828557, 6.6936079416137995], [-0.053583480418293535, -0.43191532050432047, -0.9003210187326649, 17.69977912756606], [-0.05193264116269702, -0.899190854100004, 0.4344639045441547, 39.49157177618773], [0.0, 0.0, 0.0, 1.0]]}, {"class": "ChocolatePudding", "pose": [[0.9407755695542623, 0.09738008999159943, 0.3247437447545267, -20.99078255643141], [-0.25172428533170843, -0.44100283759891107, 0.8614820669264451, -10.761760948141156], [0.22710416067729994, -0.8922072097598908, -0.3903717084043233, 57.663542965654926], [0.0, 0.0, 0.0, 1.0]]}, {"class": "CreamCheese", "pose": [[0.7590932638922158, -0.021098568210963634, 0.6506399319800646, -26.92569522639626], [-0.5897536066124551, -0.4454621835766474, 0.6736127201312626, -1.4408619942931633], [0.27562324054820014, -0.8950521724329892, -0.3505902359731045, 52.56263902804681], [0.0, 0.0, 0.0, 1.0]]}, {"class": "Raisins", "pose": [[0.857855516800731, 0.11709732906723352, -0.5003720433577239, -19.329995584120795], [0.49959870573567755, -0.4180779256381796, 0.7586909460071504, -20.643570115899404], [-0.12035375030364269, -0.9008324772385018, -0.4171521286139798, 58.14227391931245], [0.0, 0.0, 0.0, 1.0]]}, {"class": "BBQSauce", "pose": [[0.9970935804448026, 0.07458759648191987, -0.015528562101102492, -7.706220753791082], [0.048913556776398595, -0.47044926004186166, 0.881070330859835, -19.647469788166845], [0.05841157896182239, -0.8792691710645768, -0.4727302485832493, 57.54402870615246], [0.0, 0.0, 0.0, 1.0]]}, {"class": "SaladDressing", "pose": [[0.8294903482356005, 0.039005012434118504, -0.5571574509446289, 2.8624474751116735], [0.5297737805628131, -0.37086192905224724, 0.7627589011212846, -23.37984913288579], [-0.17687699585208572, -0.9278685967716634, -0.32829022393351, 60.64523570446335], [0.0, 0.0, 0.0, 1.0]]}, {"class": "Mayo", "pose": [[-0.15928684288152514, 0.8725324319778099, 0.46186027192846896, -2.2790951979880014], [0.48591016083135724, -0.33795085030722066, 0.8060276103269568, -11.04712963710047], [0.8593713411868702, 0.3528122336852415, -0.3701411911361573, 59.44932446172788], [0.0, 0.0, 0.0, 1.0]]}, {"class": "Mushrooms", "pose": [[0.9957818930694032, 0.08992094588600187, -0.018240035093063472, 7.623284507837235], [0.05982305814237722, -0.4855678339836659, 0.8721496721015367, -15.611839415005868], [0.0695678111233926, -0.8695620689096007, -0.48889897078653927, 63.39656273081611], [0.0, 0.0, 0.0, 1.0]]}, {"class": "Parmesan", "pose": [[0.8044490187937785, 0.04624929770752094, 0.5922185682477416, -13.63639402927327], [-0.5093221691389102, -0.4593640882499051, 0.7277194051843641, 3.683514963107953], [0.3057004813079819, -0.8870432515241933, -0.3459791342269651, 48.782472130168756], [0.0, 0.0, 0.0, 1.0]]}, {"class": "Mustard", "pose": [[0.9386997466075505, 0.06806335289945628, 0.3379500253959399, -5.503852810535981], [-0.290502396583259, -0.37163812773976695, 0.8817558788130501, 6.087003533092833], [0.1856104195817925, -0.9258793517440379, -0.32908399205019284, 45.21432214964752], [0.0, 0.0, 0.0, 1.0]]}, {"class": "Milk", "pose": [[0.09386940349992376, -0.9748594291350731, -0.20208335524511176, -4.753427421888345], [-0.39391628703151993, -0.2227830565193828, 0.8917385484384398, -0.28434249195614103], [-0.9143405186443525, -0.004103108301885759, -0.4049254945473574, 53.14130523080951], [0.0, 0.0, 0.0, 1.0]]}, {"class": "AlphabetSoup", "pose": [[0.7126977884922093, 0.08081197581010145, 0.6968007898948559, 12.94391699944103], [-0.6150628819586239, -0.40562893944402556, 0.6761381404374253, -3.757609470858453], [0.3372826417087666, -0.9104584994741971, -0.23938633211637494, 56.264761840248866], [0.0, 0.0, 0.0, 1.0]]}, {"class": "Yogurt", "pose": [[0.8309179105499243, 0.06581132254361859, 0.5524892303986785, 19.012070908677604], [-0.47108912054972607, -0.44515183310383905, 0.7615214089018723, -9.085965857444029], [0.2960583552637153, -0.8930334861553613, -0.3388815700960006, 60.96302178278604], [0.0, 0.0, 0.0, 1.0]]}, {"class": "Cherries", "pose": [[0.2871026203240374, 0.08098322215861349, 0.9544704589907396, -10.639961845249001], [-0.8560090143336649, -0.42550507565125323, 0.29358809275316355, 15.833827217448881], [0.42990771720669746, -0.9013252684199076, -0.05284118527142431, 46.13532804781511], [0.0, 0.0, 0.0, 1.0]]}, {"class": "Cookies", "pose": [[0.08220044293613621, 0.02642564540438963, 0.9962654397298838, -16.65640352098966], [-0.8930330710023043, -0.44181267254210826, 0.08540179570305337, 22.408335265476747], [0.4424194633060941, -0.8967180953560439, -0.0127181608717351, 35.95552722781256], [0.0, 0.0, 0.0, 1.0]]}, {"class": "TomatoSauce", "pose": [[0.9391012550191068, 0.08725578824329232, -0.332378269737499, 9.644164815734923], [0.3371467896530391, -0.4210917530459205, 0.8420295410347994, 8.917271121680093], [-0.06648972716609909, -0.9028113056719573, -0.424865788454725, 50.016014046171776], [0.0, 0.0, 0.0, 1.0]]}, {"class": "PeasAndCarrots", "pose": [[0.570977142717035, 0.09420925622683624, 0.8155426245696727, 19.489829514213515], [-0.7210997285545611, -0.41729919304307345, 0.5530610591933319, 6.6728955110021975], [0.39242875514663167, -0.903872828288652, -0.17033396044981677, 53.62365817472941], [0.0, 0.0, 0.0, 1.0]]}, {"class": "Ketchup", "pose": [[0.5165909918849866, 0.04851024418376888, 0.8548570390811724, -2.1443815373936803], [-0.7501406368493384, -0.45572327186470674, 0.47917146686766177, 30.674643150812493], [0.41282297256231165, -0.8887987110704345, -0.19903296257487524, 34.879681109056385], [0.0, 0.0, 0.0, 1.0]]}, {"class": "MacaroniAndCheese", "pose": [[0.32806772689050656, 0.9382009886648515, 0.1102294216409783, 25.45930430352553], [0.8761119071275426, -0.25854794481596866, -0.4069162772029292, 19.91584193726888], [-0.3532696074849177, 0.23006945302759124, -0.9067903323690757, 48.784118065585815], [0.0, 0.0, 0.0, 1.0]]}, {"class": "Pineapple", "pose": [[0.7912379040549469, 0.06689672487648583, 0.6078383513251261, 11.17658149826063], [-0.5282275157722431, -0.4260228102897566, 0.7344931769089584, 30.50096424092525], [0.30808821616771065, -0.902235825892677, -0.3017486391043685, 41.40875628615147], [0.0, 0.0, 0.0, 1.0]]}]}