{"camera": {"camera": "RealSense D415", "extrinsics": [[-0.9634291, -0.25490552, 0.08262895, 0.5634715], [-0.24702407, 0.72536707, -0.642512, -0.14866504], [0.103843555, -0.6394261, -0.76180756, 0.051794898], [0.0, 0.0, 0.0, 1.0]], "height": 480, "intrinsics": [[603.75165, 0.0, 326.28275], [0.0, 603.20245, 245.73769], [0.0, 0.0, 1.0]], "width": 640}, "objects": [{"class": "ChocolatePudding", "pose": [[0.9497784234312541, 0.07400006867035407, 0.30404749370227924, 5.713253063243506], [-0.16560349076437597, -0.7055582710699608, 0.6890304459739485, 5.8946292777349], [0.2655115230704369, -0.7047776006599848, -0.6578693938376214, 32.88897888726908], [0.0, 0.0, 0.0, 1.0]]}, {"class": "MacaroniAndCheese", "pose": [[0.10931263077879437, 0.9321362540493191, 0.3452139841381515, 0.2544036198724897], [-0.6148409578051741, 0.3362926690300644, -0.7133567010055274, -4.328637772228706], [-0.7810386037603944, -0.13427282307238667, 0.6098766129666667, 35.6391289519803], [0.0, 0.0, 0.0, 1.0]]}, {"class": "Milk", "pose": [[0.06953900618962973, 0.9911481647377269, 0.11309104456414104, -6.213819650785135], [0.7514320403986633, 0.022520684832159292, -0.6594260026148727, -14.410006569893943], [-0.6561357982542846, 0.13083605336755597, -0.7432144481991204, 46.400322221693294], [0.0, 0.0, 0.0, 1.0]]}, {"class": "Ketchup", "pose": [[0.8770508047310117, 0.09164357941760022, 0.4715753200472091, -13.661433237727582], [-0.292307090479632, -0.6771999631406826, 0.6752456740218539, -5.361756665889561], [0.38123272628613836, -0.7300695969054264, -0.5671507442526144, 33.20727218684433], [0.0, 0.0, 0.0, 1.0]]}, {"class": "OrangeJuice", "pose": [[-0.8318521618597455, -0.5494932773054256, -0.07796833466750294, 13.413265988159656], [0.3890766671305749, -0.6775624736070762, 0.6241220929927583, -3.8932203632046343], [-0.3957793208367934, 0.48884169003006955, 0.777426849234074, 40.71315315481789], [0.0, 0.0, 0.0, 1.0]]}]}