{"camera": {"camera": "RealSense D415", "extrinsics": [[-0.93522525, 0.34679267, 0.071334414, 0.6710677], [0.29011744, 0.8661117, -0.40704107, -0.30620974], [-0.20294243, -0.35997972, -0.9106201, 0.37729526], [0.0, 0.0, 0.0, 1.0]], "height": 480, "intrinsics": [[604.50507, 0.0, 326.28275], [0.0, 602.9669, 245.73769], [0.0, 0.0, 1.0]], "width": 640}, "objects": [{"class": "OrangeJuice", "pose": [[-0.9975499028276853, 0.0685093113209087, 0.014168207607574632, 7.095062941159225], [-0.04229467707376709, -0.4292658940285987, -0.9021873709244067, 18.1717594195494], [-0.055726360606502406, -0.9005761020791108, 0.43111168675648576, 39.30364650015174], [0.0, 0.0, 0.0, 1.0]]}, {"class": "ChocolatePudding", "pose": [[0.9370885272358255, 0.09572506927881409, 0.3357110002823239, -20.96971579881064], [-0.2630265405786372, -0.43868323997597297, 0.8592870030763042, -10.048653858496074], [0.22952613027821767, -0.893528832432537, -0.38590673807505255, 57.26699516297824], [0.0, 0.0, 0.0, 1.0]]}, {"class": "CreamCheese", "pose": [[0.7514877409511843, -0.022784661601165154, 0.6593535522553952, -26.782126834879183], [-0.5991956683491123, -0.4418140630788491, 0.6676563370760884, -0.6431232547506716], [0.2760993624376004, -0.8968172886711189, -0.3456702506184296, 52.180399792913136], [0.0, 0.0, 0.0, 1.0]]}, {"class": "Raisins", "pose": [[0.8637838433576409, 0.11572698112667852, -0.4903925063350887, -19.420533981908306], [0.4904799405910016, -0.41594656127336216, 0.7657793323034732, -19.950059137987076], [-0.11535568167443296, -0.9019954373231919, -0.41604966904691254, 57.7139528341913], [0.0, 0.0, 0.0, 1.0]]}, {"class": "BBQSauce", "pose": [[0.9973559831921451, 0.07255997736883342, -0.004020566013158974, -7.7843114246614835], [0.03760190566431555, -0.4679230834128762, 0.8829689600661164, -19.081020866832848], [0.06218694501948407, -0.880785496108625, -0.46941423399200594, 57.16136392212502], [0.0, 0.0, 0.0, 1.0]]}, {"class": "SaladDressing", "pose": [[0.83596159812134, 0.038262848973400286, -0.5474524941315575, 2.7308882038579063], [0.5211819794967916, -0.3677632625061203, 0.7701426015609756, -22.94238576705336], [-0.17186499767848806, -0.9291319514436316, -0.32737786843341116, 60.28631680453973], [0.0, 0.0, 0.0, 1.0]]}, {"class": "Mayo", "pose": [[-0.15700926058282533, 0.8674345789191465, 0.47212860097922565, -2.26897958813419], [0.4843999635792639, -0.34896342014582765, 0.8022351939580911, -10.548823056342806], [0.8606420957548476, 0.35465745064088133, -0.3653947250304662, 59.11902036237176], [0.0, 0.0, 0.0, 1.0]]}, {"class": "Mushrooms", "pose": [[0.9961249159035367, 0.08768901790063229, -0.006772040445651168, 7.567651823913135], [0.048483076530448595, -0.4832478075212346, 0.8741401761482558, -15.23824955958519], [0.07337997205295721, -0.8710810787366992, -0.4856265677749635, 63.08441511420775], [0.0, 0.0, 0.0, 1.0]]}, {"class": "Parmesan", "pose": [[0.7976241341305512, 0.04437504025565571, 0.6015202980206097, -13.423054037865455], [-0.5193877972708912, -0.4564941764108564, 0.7223915023652406, 4.347412749408935], [0.30664668087792435, -0.8886191399262888, -0.34106284849524926, 48.46769728883849], [0.0, 0.0, 0.0, 1.0]]}, {"class": "Mustard", "pose": [[0.9347332945609813, 0.067303339426804, 0.34891833001029776, -5.251379606912665], [-0.3016220730987485, -0.36887004994362066, 0.879180931898914, 6.673788863146029], [0.18787736984370598, -0.9270410944304429, -0.3244948882467814, 44.93805258928252], [0.0, 0.0, 0.0, 1.0]]}, {"class": "Milk", "pose": [[0.09281817974709991, -0.9772521521890116, -0.19069108271333213, -4.600636450643469], [-0.3914772437338608, -0.2119119216075774, 0.895454635846822, 0.26457754268533473], [-0.915494618947582, -0.008463308054113012, -0.40224122669770945, 52.8432912832438], [0.0, 0.0, 0.0, 1.0]]}, {"class": "AlphabetSoup", "pose": [[0.7045897821010589, 0.07961742374878207, 0.705134297329517, 13.045549191713324], [-0.6242203288865131, -0.40305856456700595, 0.6692479916103139, -3.4170466435750724], [0.3374942254404094, -0.9117043958694531, -0.23429206496842497, 56.017145009123006], [0.0, 0.0, 0.0, 1.0]]}, {"class": "Yogurt", "pose": [[0.8245509543793289, 0.06411538812591495, 0.5621432318489713, 19.037000310450043], [-0.4814152708446446, -0.44247778721590175, 0.7566061356865538, -8.830269631984184], [0.29724600798156486, -0.8944845864798173, -0.33397928775529045, 60.71683174849347], [0.0, 0.0, 0.0, 1.0]]}, {"class": "Cherries", "pose": [[0.27601037038731696, 0.07953464893340097, 0.9578583337496723, -10.282243172117877], [-0.8607673832271169, -0.4229697541057933, 0.28315401961559056, 16.47357272160631], [0.427665631888771, -0.9026465945216399, -0.04828314467946923, 45.87778638879999], [0.0, 0.0, 0.0, 1.0]]}, {"class": "Cookies", "pose": [[0.07066542690942389, 0.024782905352458223, 0.9971921968798207, -16.18818180299605], [-0.8955576978787408, -0.4386869686622143, 0.07436567108907507, 23.153003733226264], [0.43929817882335825, -0.8982981709826864, -0.008805421745520152, 35.701580438494304], [0.0, 0.0, 0.0, 1.0]]}, {"class": "TomatoSauce", "pose": [[0.9430236542529382, 0.085861213529127, -0.3214565476184036, 9.909548740442553], [0.3269322022109277, -0.41862086908778895, 0.8472732751964609, 9.317270169392716], [-0.06182044479409056, -0.9040931738736817, -0.4228401529194549, 49.80501875364679], [0.0, 0.0, 0.0, 1.0]]}, {"class": "PeasAndCarrots", "pose": [[0.5615003179058384, 0.09286019318598632, 0.8222496275396579, 19.71647565006334], [-0.7288823811946037, -0.4149018798511541, 0.5445980207644013, 6.949932093519584], [0.3917243868127957, -0.9051151644401452, -0.16528331203452662, 53.43948278223324], [0.0, 0.0, 0.0, 1.0]]}, {"class": "Ketchup", "pose": [[0.5067210744914924, 0.04668266095146368, 0.860845255727578, -1.5814263986552946], [-0.7573936024782884, -0.45287211756269985, 0.4703848167189029, 31.26143684538777], [0.41181161701819763, -0.8903525296016975, -0.19412262743222114, 34.70956406858099], [0.0, 0.0, 0.0, 1.0]]}, {"class": "MacaroniAndCheese", "pose": [[0.33906210871245485, 0.934427538387897, 0.10900520360882278, 25.850245722285685], [0.8737386471925633, -0.2698323081613418, -0.4046867944656365, 20.14387727597543], [-0.34873730235180495, 0.2324560496552875, -0.9079352996152968, 48.672081962456595], [0.0, 0.0, 0.0, 1.0]]}, {"class": "Pineapple", "pose": [[0.7841952611571108, 0.06544667999079899, 0.6170531556785969, 11.71291888831113], [-0.5381539601480504, -0.4233273721231887, 0.728823950572898, 30.91496661315254], [0.3089146133533428, -0.9036098255929369, -0.296750862019188, 41.285838582913385], [0.0, 0.0, 0.0, 1.0]]}]}