{"camera": {"camera": "RealSense D415", "extrinsics": [[-0.91744804, 0.3945982, 0.050806493, 0.6807839], [0.34927133, 0.8599719, -0.3720993, -0.31567913], [-0.19052188, -0.32363656, -0.9268014, 0.3548039], [0.0, 0.0, 0.0, 1.0]], "height": 480, "intrinsics": [[604.50507, 0.0, 326.28275], [0.0, 602.9669, 245.73769], [0.0, 0.0, 1.0]], "width": 640}, "objects": [{"class": "OrangeJuice", "pose": [[-0.9982465721344675, 0.04674378512612008, -0.03631515739665934, 10.83364871231619], [0.014949138941085906, -0.39453395255980106, -0.9187597982332387, 20.3414196082424], [-0.057273917057868405, -0.917691697696381, 0.3931433924599707, 39.0962026694787], [0.0, 0.0, 0.0, 1.0]]}, {"class": "ChocolatePudding", "pose": [[0.9207398280275649, 0.07338625954478792, 0.3832135395268164, -18.7766713290102], [-0.32345351686526014, -0.40571790370522326, 0.8548513837899864, -7.016964843701029], [0.21821098260969282, -0.9110474800691817, -0.3498235794783689, 55.87276819515748], [0.0, 0.0, 0.0, 1.0]]}, {"class": "CreamCheese", "pose": [[0.7168588869236046, -0.04510930696232587, 0.6957574847221597, -24.05296123037153], [-0.6505605792377009, -0.4021912712093625, 0.644215179448626, 2.897304582046667], [0.2507675235882955, -0.9144437708576978, -0.317660698991709, 51.18346071344515], [0.0, 0.0, 0.0, 1.0]]}, {"class": "Raisins", "pose": [[0.8896594956401008, 0.0946245752391038, -0.4467126173068067, -17.774546661742406], [0.44664085565796097, -0.38378227315895463, 0.8082222443073389, -16.998556250824848], [-0.09496266171166247, -0.9185626960108093, -0.38369877118508383, 55.90651647189653], [0.0, 0.0, 0.0, 1.0]]}, {"class": "BBQSauce", "pose": [[0.9977815075337052, 0.04862332098805316, 0.045473363222182095, -6.107012064249617], [-0.019888935338906153, -0.4341453525792665, 0.9006232988392157, -16.74810425077347], [0.06353338897317459, -0.8995296873622156, -0.4322151439625542, 55.38867737436852], [0.0, 0.0, 0.0, 1.0]]}, {"class": "SaladDressing", "pose": [[0.8636854050370952, 0.019981288939472354, -0.5036350465377782, 4.173599393756744], [0.48115047660047505, -0.3303270148754632, 0.8120211607081, -21.308226701714887], [-0.15013899818305654, -0.9436550676192634, -0.29491265692070895, 58.34827107039533], [0.0, 0.0, 0.0, 1.0]]}, {"class": "Mayo", "pose": [[-0.13199730821433206, 0.8462059328527078, 0.5162482161828046, -0.13560144259190388], [0.45606250867616516, -0.4105649841425932, 0.7895843623724561, -8.620784914754903], [0.8801044065080001, 0.33966450791236913, -0.33172931185049553, 57.69922599769844], [0.0, 0.0, 0.0, 1.0]]}, {"class": "Mushrooms", "pose": [[0.9971261043977312, 0.06286728140623582, 0.04227561637719412, 9.420207040094786], [-0.00943177062287361, -0.45066892879568105, 0.8926413846826694, -14.00467928824218], [0.07517028772394518, -0.8904747574291109, -0.4487808093669109, 61.46414191295386], [0.0, 0.0, 0.0, 1.0]]}, {"class": "Parmesan", "pose": [[0.7672435742411684, 0.02112527337232563, 0.6410078092297021, -10.432124570625323], [-0.5747493444336885, -0.42086863705983285, 0.7018068571477265, 7.296266463172129], [0.2846059831428058, -0.9068756186990459, -0.31076699824707366, 47.679695984835185], [0.0, 0.0, 0.0, 1.0]]}, {"class": "Mustard", "pose": [[0.9163570080569118, 0.0489126636791151, 0.3973630279727525, -2.137545239713745], [-0.3600946502477665, -0.3331142101648624, 0.8714165761427187, 9.314882310826484], [0.17499062020814923, -0.9416169856352712, -0.2876383420777987, 44.24868727167384], [0.0, 0.0, 0.0, 1.0]]}, {"class": "Milk", "pose": [[0.073122875076739, -0.9873949285296887, -0.1403719741873018, -1.8565552581777833], [-0.3575503779338524, -0.15734691487147354, 0.9205431868994041, 2.5561906836149175], [-0.9310267686193303, -0.017122754116728665, -0.36454910236710253, 51.879898937445255], [0.0, 0.0, 0.0, 1.0]]}, {"class": "AlphabetSoup", "pose": [[0.6685271239850746, 0.059297997843337495, 0.7413199193539142, 15.554031362889232], [-0.6755030915745225, -0.3685363725430404, 0.6386521734975945, -2.2185646929490987], [0.3110741840697007, -0.927720195970744, -0.2063205530826438, 54.8946511650384], [0.0, 0.0, 0.0, 1.0]]}, {"class": "Yogurt", "pose": [[0.7962350394000968, 0.041617994679960885, 0.6035542191329833, 21.22916238962496], [-0.537955826590854, -0.4077264187464084, 0.7378094465512787, -8.143763153893882], [0.27679118930866553, -0.9121552408664394, -0.3022573981095232, 59.36370407316565], [0.0, 0.0, 0.0, 1.0]]}, {"class": "Cherries", "pose": [[0.22741327358875774, 0.058102627741070084, 0.9720634128122014, -6.624614999950163], [-0.891685499812041, -0.38877257096097106, 0.2318468046371748, 19.328738613943734], [0.3913825181069447, -0.9194998886274117, -0.03660273166578393, 45.59677252099419], [0.0, 0.0, 0.0, 1.0]]}, {"class": "Cookies", "pose": [[0.02044337403168071, 0.0025612436652702633, 0.9997877271561028, -12.133194910140709], [-0.9155915884846383, -0.4016242524808257, 0.019750601067242905, 26.740329311627626], [0.4015895932091392, -0.9158010022148512, -0.0058654581531705835, 35.7087013945245], [0.0, 0.0, 0.0, 1.0]]}, {"class": "TomatoSauce", "pose": [[0.9596841183892408, 0.0646615347042426, -0.27354208035334376, 13.13530769511222], [0.2768994722070768, -0.38472153562210815, 0.8805203607226417, 10.916316538934339], [-0.04830169151930606, -0.9207650612372873, -0.38711591188172795, 49.21904484076482], [0.0, 0.0, 0.0, 1.0]]}, {"class": "PeasAndCarrots", "pose": [[0.5197909229152037, 0.07185634605836018, 0.851266146906465, 22.789684060495635], [-0.7743088192590752, -0.38135352133153433, 0.5049905222009395, 7.8643901950015636], [0.3609201456747584, -0.9216323718537677, -0.14258506313167316, 52.75007708493518], [0.0, 0.0, 0.0, 1.0]]}, {"class": "Ketchup", "pose": [[0.46348603441136266, 0.023632003968122667, 0.8857890353673135, 2.898889848128694], [-0.8005775041344151, -0.4173098869839052, 0.4300327911061103, 34.06798308217366], [0.37981108589322565, -0.9084569671233893, -0.17449801875246077, 35.05296574198214], [0.0, 0.0, 0.0, 1.0]]}, {"class": "MacaroniAndCheese", "pose": [[0.38727430572101573, 0.9177028791080833, 0.08854393648306501, 29.648894112551673], [0.8675377322727732, -0.3302187727449063, -0.3719326935575625, 20.88823021103769], [-0.31208482379494734, 0.22085522461676474, -0.9240271171060449, 48.53554715268078], [0.0, 0.0, 0.0, 1.0]]}, {"class": "Pineapple", "pose": [[0.7527995796420454, 0.04401835769562553, 0.6567763454627583, 16.140148502863482], [-0.5928272043650523, -0.38831499576959716, 0.7055263660220613, 32.718033977228664], [0.28609225366867935, -0.920474834874274, -0.2662280627298842, 41.60687586087887], [0.0, 0.0, 0.0, 1.0]]}]}