{"camera": {"camera": "RealSense D415", "extrinsics": [[-0.8980565, 0.4386244, 0.033212945, 0.6883278], [0.40223512, 0.8494184, -0.3416069, -0.3208229], [-0.1780488, -0.29342288, -0.9392559, 0.33366385], [0.0, 0.0, 0.0, 1.0]], "height": 480, "intrinsics": [[604.50507, 0.0, 326.28275], [0.0, 602.9669, 245.73769], [0.0, 0.0, 1.0]], "width": 640}, "objects": [{"class": "OrangeJuice", "pose": [[-0.9960780533075966, 0.027992429728764163, -0.08393401297553646, 14.313978742846611], [0.06803821245139124, -0.3641086222221782, -0.9288680008824559, 22.532205531512915], [-0.05656241122937508, -0.9309357688461153, 0.3607760142803296, 38.80425819987087], [0.0, 0.0, 0.0, 1.0]]}, {"class": "ChocolatePudding", "pose": [[0.9026200097815908, 0.054016669463111996, 0.4270354789702402, -16.685184860912194], [-0.3776028579135019, -0.3768674581549567, 0.8458055632785002, -3.8434171515910664], [0.206623400700672, -0.9246908609629163, -0.3197712096104646, 54.61829281559447], [0.0, 0.0, 0.0, 1.0]]}, {"class": "CreamCheese", "pose": [[0.6822116591604622, -0.06413738185695746, 0.7283362075933162, -21.439455172979283], [-0.6947781464181267, -0.3671611884100079, 0.6184464723633137, 6.485790828994742], [0.22775125354757406, -0.9279434969656865, -0.29504284012290827, 50.27940513996242], [0.0, 0.0, 0.0, 1.0]]}, {"class": "Raisins", "pose": [[0.9115072113239031, 0.07636210829052412, -0.40413291756462705, -16.19529550542217], [0.4035429330775567, -0.35579900901463446, 0.8429473391267401, -13.85830667281157], [-0.07942080018762028, -0.9314375773870875, -0.35512873791066546, 54.30277287575302], [0.0, 0.0, 0.0, 1.0]]}, {"class": "BBQSauce", "pose": [[0.9953505278874657, 0.027812422415047253, 0.09221593534146146, -4.5294018237810985], [-0.07316337308202545, -0.40437458900576984, 0.9116624171255276, -14.187701330495713], [0.06264536216343161, -0.9141705170725871, -0.40045957208667404, 53.792214091914595], [0.0, 0.0, 0.0, 1.0]]}, {"class": "SaladDressing", "pose": [[0.8874237641840463, 0.004593712639952389, -0.4609316039315991, 5.499485957436989], [0.44124385519683684, -0.29774769930584877, 0.8465519582415473, -19.36888547402278], [-0.133352452643993, -0.954633580327379, -0.26625531965832866, 56.58893041763543], [0.0, 0.0, 0.0, 1.0]]}, {"class": "Mayo", "pose": [[-0.10992348714951605, 0.8235266155194819, 0.5565255820187145, 1.8463539722241573], [0.43119753691721996, -0.4649732176963652, 0.7732196590717912, -6.46250912837758], [0.8955364769084047, 0.32496748086621563, -0.3039911174148675, 56.38467262649104], [0.0, 0.0, 0.0, 1.0]]}, {"class": "Mushrooms", "pose": [[0.9952121373343864, 0.04117718121876075, 0.08864098592948098, 11.107909876747025], [-0.0630993010938625, -0.4219121136753841, 0.9044383321868447, -12.456900620425543], [0.07464096826409536, -0.9057012100363593, -0.417293767694252, 59.957519666627675], [0.0, 0.0, 0.0, 1.0]]}, {"class": "Parmesan", "pose": [[0.7363549178855661, 0.00104199008996999, 0.6765946586396817, -7.60560941521976], [-0.6228749132915731, -0.3894586875451645, 0.6784901055145178, 10.301220829744024], [0.2642126567090433, -0.9210433859338601, -0.2861307355448446, 46.9295356780628], [0.0, 0.0, 0.0, 1.0]]}, {"class": "Mustard", "pose": [[0.8964383827110626, 0.03334114356703942, 0.441912408838409, 0.7870197168731718], [-0.4124391620699255, -0.30208221652815864, 0.8594418667030223, 12.011080961416726], [0.16214867838965485, -0.9526986766017698, -0.2570468483738205, 43.569947933383304], [0.0, 0.0, 0.0, 1.0]]}, {"class": "Milk", "pose": [[0.056251592193545155, -0.9941246260531483, -0.09247685757923416, 0.7092317660700176], [-0.32808109057962564, -0.10588486915106206, 0.9386965658200903, 4.9843975332008466], [-0.9429732883825648, -0.022463315910379516, -0.3321096526698287, 50.96007104362622], [0.0, 0.0, 0.0, 1.0]]}, {"class": "AlphabetSoup", "pose": [[0.6325679894722789, 0.04187716713505183, 0.7733718539648907, 17.847665241551326], [-0.719304632285205, -0.3384535479685024, 0.6066713212556397, -0.7780363179611505], [0.28715612494781023, -0.9400508319612325, -0.18397238324037415, 53.803308278722994], [0.0, 0.0, 0.0, 1.0]]}, {"class": "Yogurt", "pose": [[0.7672042628280972, 0.02218909899379235, 0.6410189122963477, 23.204777683823295], [-0.5873636985795153, -0.3772066618217963, 0.7160440419846651, -7.13857364277933], [0.257684987912421, -0.9258632998540411, -0.2763614328178858, 58.06152737803083], [0.0, 0.0, 0.0, 1.0]]}, {"class": "Cherries", "pose": [[0.18083698859303207, 0.03963420258075173, 0.982714147898432, -3.183853798735836], [-0.9152889188461709, -0.3588767994041901, 0.18290349389854818, 22.188350628524944], [0.35992251591015645, -0.9325431048379759, -0.028621403201820664, 45.26812078429605], [0.0, 0.0, 0.0, 1.0]]}, {"class": "Cookies", "pose": [[-0.027101622616662175, -0.016498129430990154, 0.9994965216118429, -8.289686541047647], [-0.9289073753536993, -0.3689888963812721, -0.031278308047559815, 30.213210033380644], [0.36931911609823914, -0.9292874041360396, -0.005324993869287655, 35.64615783143646], [0.0, 0.0, 0.0, 1.0]]}, {"class": "TomatoSauce", "pose": [[0.972676078049113, 0.04639391112505291, -0.22748370301818702, 16.113660381823756], [0.2289121308292742, -0.35512521533770663, 0.9063583000028373, 12.65372008827747], [-0.03873564122497112, -0.9336668331363916, -0.35604190674854874, 48.59092213052979], [0.0, 0.0, 0.0, 1.0]]}, {"class": "PeasAndCarrots", "pose": [[0.4788883583452167, 0.05375308085467957, 0.8762285828922746, 25.59338965779253], [-0.8120454489195164, -0.3521018008884689, 0.46541009969024383, 8.989935372091685], [0.33353887937214, -0.9344169285070205, -0.12496745267417991, 52.01157100388155], [0.0, 0.0, 0.0, 1.0]]}, {"class": "Ketchup", "pose": [[0.4212819577267461, 0.003730160608634064, 0.9069220368549343, 7.098785486993653], [-0.836040393804059, -0.3859798975626163, 0.38994362259048376, 36.779936371658], [0.3515082144824322, -0.9224996899903907, -0.1594877477431886, 35.24478506173717], [0.0, 0.0, 0.0, 1.0]]}, {"class": "MacaroniAndCheese", "pose": [[0.43167842582304916, 0.8992364649335843, 0.07090486407881282, 33.11707108893321], [0.8569411467937783, -0.384291969161683, -0.3434699456474825, 21.7847279982214], [-0.28161247864072225, 0.2090298862495855, -0.9364832956809772, 48.25405588629597], [0.0, 0.0, 0.0, 1.0]]}, {"class": "Pineapple", "pose": [[0.7210022010549745, 0.025593425519647637, 0.6924599523303873, 20.242850476086183], [-0.6402303006406975, -0.35766483471028515, 0.6798390091386863, 34.525577013047624], [0.2650679910738703, -0.9334992838187232, -0.24149139069371364, 41.745434836164385], [0.0, 0.0, 0.0, 1.0]]}]}