{"camera": {"camera": "RealSense D415", "extrinsics": [[-0.8864292, 0.46270356, -0.012193277, 0.71543735], [0.44103506, 0.83633673, -0.32562086, -0.3232641], [-0.14046824, -0.2940175, -0.9454218, 0.29676569], [0.0, 0.0, 0.0, 1.0]], "height": 480, "intrinsics": [[604.50507, 0.0, 326.28275], [0.0, 602.9669, 245.73769], [0.0, 0.0, 1.0]], "width": 640}, "objects": [{"class": "OrangeJuice", "pose": [[-0.9938255449664393, -0.018042214919325953, -0.10947736716126735, 19.502463222705344], [0.10888986099038586, -0.3480422226280553, -0.9311335416781962, 24.320543903602136], [-0.021303077417137745, -0.9373052549906984, 0.3478578285300856, 37.88887785587636], [0.0, 0.0, 0.0, 1.0]]}, {"class": "ChocolatePudding", "pose": [[0.8929450655504935, 0.007636641267470345, 0.45010090078422954, -11.9956346225376], [-0.4171261356378476, -0.3619439815739029, 0.8336680419488499, -1.0740280770770605], [0.169277762269558, -0.932168593255163, -0.3200105997619246, 54.31114721348087], [0.0, 0.0, 0.0, 1.0]]}, {"class": "CreamCheese", "pose": [[0.6606603567184278, -0.11006790082983718, 0.7425718682627237, -16.46891906615785], [-0.7255494156137205, -0.3474560139667633, 0.5940138271601776, 9.51408509906594], [0.19262921417116416, -0.9312139566419154, -0.30941005771208335, 50.31075246796337], [0.0, 0.0, 0.0, 1.0]]}, {"class": "Raisins", "pose": [[0.9239806404350027, 0.030581206493615752, -0.38121463138016676, -11.924017063331316], [0.3680821337012183, -0.34166884181495316, 0.8647415847404076, -11.093157381395926], [-0.1038042662420216, -0.939322755945383, -0.3269517785292083, 53.81167107752559], [0.0, 0.0, 0.0, 1.0]]}, {"class": "BBQSauce", "pose": [[0.993094591203098, -0.019296587506506657, 0.115718641114365, -0.30481669857923555], [-0.1140909409040433, -0.38856527704315047, 0.9143305450856242, -11.880237442859759], [0.027320828832192168, -0.9212191492363389, -0.38808360233651273, 52.89682660519425], [0.0, 0.0, 0.0, 1.0]]}, {"class": "SaladDressing", "pose": [[0.8996554603895378, -0.03950562645199586, -0.4348095989482414, 9.593302522352676], [0.4076865571379032, -0.2803796830763205, 0.8690103379382992, -17.508666720117475], [-0.15624251956492205, -0.9590759030245901, -0.23613919269758096, 55.26175904391014], [0.0, 0.0, 0.0, 1.0]]}, {"class": "Mayo", "pose": [[-0.06223483304355789, 0.8143766384604718, 0.5769900740510735, 6.46292865159398], [0.41898797985340647, -0.5033845084379291, 0.7556806021062283, -4.464751115701127], [0.9058564724006652, 0.28878157869647403, -0.3098859180822555, 55.398403333959386], [0.0, 0.0, 0.0, 1.0]]}, {"class": "Mushrooms", "pose": [[0.9937674116749289, -0.006379303483873168, 0.11129090370543915, 15.587741582222947], [-0.10424798678173956, -0.4067743044092669, 0.9075610643482216, -10.88890549021166], [0.039480714730974954, -0.9135064442703497, -0.4049040385710683, 58.551563085396495], [0.0, 0.0, 0.0, 1.0]]}, {"class": "Parmesan", "pose": [[0.7188725960529492, -0.04565397895146723, 0.6936410700914382, -2.611477824762831], [-0.6565435629388487, -0.3724672936995222, 0.6559106098275009, 12.832344136648288], [0.22841369395386169, -0.9269217247875796, -0.29773030000565975, 46.55377106913926], [0.0, 0.0, 0.0, 1.0]]}, {"class": "Mustard", "pose": [[0.8838657718437573, -0.010909423617737328, 0.4676134205804685, 5.72640233261803], [-0.45087688574897744, -0.2858963840693771, 0.8455609702853614, 14.265172241145018], [0.12446442979400339, -0.958198460240465, -0.25761278601641774, 42.938050280603], [0.0, 0.0, 0.0, 1.0]]}, {"class": "Milk", "pose": [[0.011238511964043464, -0.9978005399258948, -0.06532845964835783, 5.610810235603014], [-0.31296362222944407, -0.06556011477362357, 0.9474997126693286, 7.114743566400595], [-0.9496986438521842, 0.009796896624127893, -0.3130120408101668, 50.20800629232579], [0.0, 0.0, 0.0, 1.0]]}, {"class": "AlphabetSoup", "pose": [[0.6120796250212123, -0.0034395676431190807, 0.7907886767499396, 22.586540992425412], [-0.7491382277578623, -0.3228031935008815, 0.5784376171844345, 0.6200365461466739], [0.2532795380399908, -0.9464598863195968, -0.2001579131796478, 52.366455272590386], [0.0, 0.0, 0.0, 1.0]]}, {"class": "Yogurt", "pose": [[0.7509035742249108, -0.02419981870541333, 0.6599683479216873, 27.820419024591057], [-0.6221841660407237, -0.36098691110835546, 0.6946764545694816, -6.0259258021597155], [0.2214289045293124, -0.9322568697744149, -0.2861230504654379, 56.33195973775488], [0.0, 0.0, 0.0, 1.0]]}, {"class": "Cherries", "pose": [[0.15544931066866957, -0.0062578426626855805, 0.9878240635282395, 2.231568832955255], [-0.9281566279776523, -0.34325265657210713, 0.1438851997041706, 24.560938582353582], [0.33817279836769587, -0.9392222864391359, -0.05916659623883607, 44.940993134536015], [0.0, 0.0, 0.0, 1.0]]}, {"class": "Cookies", "pose": [[-0.052439179345250955, -0.06261410586061954, 0.9966592373948441, -2.8634904377350057], [-0.9336036030179092, -0.3511656772565784, -0.0711831619519134, 32.95655330402204], [0.3544495511866052, -0.934217424037651, -0.04004186931646825, 35.63486103541811], [0.0, 0.0, 0.0, 1.0]]}, {"class": "TomatoSauce", "pose": [[0.9793308263273843, 0.0006072913503865184, -0.20226416654894175, 21.226147270927108], [0.1904343439534137, -0.3397551110485138, 0.9210327291448495, 14.202531694368615], [-0.06816089743867511, -0.9405137666225074, -0.33284828054863747, 47.44172375393472], [0.0, 0.0, 0.0, 1.0]]}, {"class": "PeasAndCarrots", "pose": [[0.4563986490364705, 0.00805398191375625, 0.8897389705979035, 30.658448955683404], [-0.8364731693638958, -0.33701579811122406, 0.432126198875211, 10.100746899299345], [0.3033364182421768, -0.9414645686385179, -0.14707655957555876, 50.47429272884403], [0.0, 0.0, 0.0, 1.0]]}, {"class": "Ketchup", "pose": [[0.39849923723572994, -0.04287696241567888, 0.91616589834164, 12.757046268306327], [-0.8584626808584551, -0.3690731928028736, 0.3561275992171494, 38.90786262249835], [0.32286259213517443, -0.9284107919591668, -0.18388360172618426, 34.81704068543155], [0.0, 0.0, 0.0, 1.0]]}, {"class": "MacaroniAndCheese", "pose": [[0.4564687587391467, 0.8893750114889797, 0.02546351314566427, 38.56575800123363], [0.8439168175635791, -0.42371678949237745, -0.32904186714185407, 22.649797986398916], [-0.2818522470381557, 0.17168644561097743, -0.9439719838233006, 46.67597615870817], [0.0, 0.0, 0.0, 1.0]]}, {"class": "Pineapple", "pose": [[0.7028645134027028, -0.02026191448359921, 0.7110351326680281, 26.009095557953245], [-0.6732827526980705, -0.34146221569009305, 0.6558154871393976, 36.01167811433363], [0.22950356430915253, -0.939677104719118, -0.2536436158202614, 40.82556300815512], [0.0, 0.0, 0.0, 1.0]]}]}