{"camera": {"camera": "RealSense D415", "extrinsics": [[-0.9652641, -0.24444008, 0.0922727, 0.56449395], [-0.24692295, 0.7380128, -0.6279858, -0.14496648], [0.08540646, -0.6289564, -0.7727351, 0.061562978], [0.0, 0.0, 0.0, 1.0]], "height": 480, "intrinsics": [[603.75165, 0.0, 326.28275], [0.0, 603.20245, 245.73769], [0.0, 0.0, 1.0]], "width": 640}, "objects": [{"class": "ChocolatePudding", "pose": [[0.9455965545829751, 0.08271668989598749, 0.31465065646752644, 5.464803452409239], [-0.17266922133778242, -0.6920937304374298, 0.7008506318428493, 5.837603632931099], [0.27573980997703207, -0.7170524066750221, -0.6401588466092636, 33.5373401808426], [0.0, 0.0, 0.0, 1.0]]}, {"class": "MacaroniAndCheese", "pose": [[0.1192784200123446, 0.9345724567632372, 0.3351819088508121, -0.05151234613737232], [-0.6000083602047052, 0.3368238220063711, -0.7256305399279972, -4.424834038011021], [-0.791051551496585, -0.11455988532929343, 0.6009271346551915, 36.01326209783362], [0.0, 0.0, 0.0, 1.0]]}, {"class": "Milk", "pose": [[0.08025698484909806, 0.9892260681352429, 0.12243583195538725, -6.690825793797462], [0.7637047701922751, 0.017910254098480526, -0.6453171674815475, -14.69660410210415], [-0.6405574521376397, 0.14529605078123184, -0.7540392256076783, 46.48634418297628], [0.0, 0.0, 0.0, 1.0]]}, {"class": "Ketchup", "pose": [[0.8709956210945282, 0.10077068286221255, 0.4808449104977901, -13.933222927957157], [-0.30141019664664837, -0.6632939649293341, 0.6849766487322521, -5.3817015490199225], [0.38796711537899536, -0.7415432017090132, -0.5473528505455697, 33.36481114516742], [0.0, 0.0, 0.0, 1.0]]}, {"class": "OrangeJuice", "pose": [[-0.825415782451388, -0.5576448599192944, -0.08786880406458905, 13.034601225980042], [0.3983444260959949, -0.6856288188091535, 0.6092904404956084, -4.1145274501158635], [-0.4000130932228256, 0.4679159188269533, 0.7880635531322007, 41.28092865044402], [0.0, 0.0, 0.0, 1.0]]}]}