{"camera": {"camera": "RealSense D415", "extrinsics": [[-0.8817514, 0.47126767, -0.020522693, 0.72094876], [0.45582977, 0.8400573, -0.29414788, -0.33649582], [-0.12138214, -0.26872015, -0.9555396, 0.2799174], [0.0, 0.0, 0.0, 1.0]], "height": 480, "intrinsics": [[604.50507, 0.0, 326.28275], [0.0, 602.9669, 245.73769], [0.0, 0.0, 1.0]], "width": 640}, "objects": [{"class": "OrangeJuice", "pose": [[-0.9925439367026514, -0.026600665200775298, -0.11894918775185279, 20.772723671593084], [0.12122870142039577, -0.3167539042533322, -0.9407287898685888, 23.305190309896297], [-0.012653650419872308, -0.9481347495938812, 0.3176168868572697, 38.32633813584856], [0.0, 0.0, 0.0, 1.0]]}, {"class": "ChocolatePudding", "pose": [[0.8886875456931651, -0.001065738479115757, 0.45851202958319287, -10.948755584865989], [-0.43296082526104235, -0.33111870938453347, 0.8383945455930769, -2.2436477429896517], [0.15092842744336932, -0.9435885746898683, -0.29472243989475655, 54.06514280322467], [0.0, 0.0, 0.0, 1.0]]}, {"class": "CreamCheese", "pose": [[0.6528498159015389, -0.1185831489955703, 0.748147796623614, -15.314073893868585], [-0.7392288200270608, -0.3152848654004111, 0.5950935181013729, 8.522392392304429], [0.16531161340762823, -0.9415591484320623, -0.2934936891140273, 50.43775402784107], [0.0, 0.0, 0.0, 1.0]]}, {"class": "Raisins", "pose": [[0.9278108009842425, 0.022085355308827756, -0.37239673145586094, -10.999097538917157], [0.3603935608252841, -0.3108906141028461, 0.8794677921185362, -12.24104611182852], [-0.09635122967567544, -0.9501891357044688, -0.29640707144480366, 53.236256622620324], [0.0, 0.0, 0.0, 1.0]]}, {"class": "BBQSauce", "pose": [[0.9917792355571444, -0.02826308966481842, 0.12480030697651483, 0.6054506832469331], [-0.12661614056210713, -0.3577670741447114, 0.9251870965391349, -13.134357229556631], [0.018500837019823094, -0.9333831238679205, -0.35840447567159844, 52.23690656425586], [0.0, 0.0, 0.0, 1.0]]}, {"class": "SaladDressing", "pose": [[0.9037139670914356, -0.0473568849405634, -0.42550953229480093, 10.446678542697718], [0.40198688390160475, -0.2481631309526282, 0.881374889364508, -18.953782156190037], [-0.14733488709850737, -0.9675600843894115, -0.20523162332675945, 54.36514721245618], [0.0, 0.0, 0.0, 1.0]]}, {"class": "Mayo", "pose": [[-0.052970639030141126, 0.8096574891141108, 0.584507341838681, 7.472920054508769], [0.3896371929853556, -0.5221761064842202, 0.7586270899822255, -5.885478370502723], [0.9194439094372262, 0.26793078143190585, -0.28781261062257885, 54.94639379298951], [0.0, 0.0, 0.0, 1.0]]}, {"class": "Mushrooms", "pose": [[0.992626651897616, -0.015527996962267343, 0.12021306998000172, 16.53511055212602], [-0.11718752293648739, -0.3763710463047281, 0.9190277525553407, -12.516988943010421], [0.030974101757862756, -0.9263389523509473, -0.3754155769956127, 57.840206798056805], [0.0, 0.0, 0.0, 1.0]]}, {"class": "Parmesan", "pose": [[0.7120492170009396, -0.054452937367292, 0.7000148292154772, -1.435817695276853], [-0.6721290088508475, -0.3411807629336231, 0.657144103268558, 11.79913437105699], [0.2030481731191372, -0.9384192574083753, -0.2795368344089971, 46.72138666322082], [0.0, 0.0, 0.0, 1.0]]}, {"class": "Mustard", "pose": [[0.8789954796924104, -0.018824769923267076, 0.47645833570081614, 6.901487870840029], [-0.46510842461406066, -0.2540421185917673, 0.8480193661290153, 13.251949474563146], [0.1050767378242501, -0.96701000999427, -0.23205737396686893, 43.11232314227896], [0.0, 0.0, 0.0, 1.0]]}, {"class": "Milk", "pose": [[0.003038166158522346, -0.9984549892243839, -0.05548310536079319, 6.734711845774132], [-0.28163350776753665, -0.054091803800456806, 0.9579962077480223, 5.867875140613288], [-0.9595173092119321, 0.012715299327135448, -0.28136268330931996, 50.14381563930148], [0.0, 0.0, 0.0, 1.0]]}, {"class": "AlphabetSoup", "pose": [[0.6042765259590509, -0.011740946378710843, 0.7966881455714905, 23.64165667590371], [-0.764228137854929, -0.29140084524691906, 0.5753616173291318, -0.893849657083845], [0.22540030625986146, -0.9565290530312642, -0.1850593897060588, 52.00118854426368], [0.0, 0.0, 0.0, 1.0]]}, {"class": "Yogurt", "pose": [[0.7444549064810967, -0.0328885668803076, 0.6668622086502813, 28.814402527437927], [-0.6379378556697487, -0.3297843891038827, 0.6959005956329466, -7.7279585149750645], [0.1970335822245088, -0.9434832986504667, -0.26649040830153764, 55.719410746440225], [0.0, 0.0, 0.0, 1.0]]}, {"class": "Cherries", "pose": [[0.14594569896817927, -0.01476909589119625, 0.9891823379440179, 3.5392640456564872], [-0.9405547569029101, -0.31204292588791477, 0.13411208620419615, 23.516624711797085], [0.3066866049421918, -0.9499532723607099, -0.059432413324005, 45.470361034576236], [0.0, 0.0, 0.0, 1.0]]}, {"class": "Cookies", "pose": [[-0.061914203719051444, -0.07119166162401012, 0.9955392255628085, -1.498887011884209], [-0.9440861100463863, -0.3194522127338361, -0.08155851023875224, 32.273533655769135], [0.32383345272848396, -0.944924424855286, -0.047432386395389804, 36.47126927285389], [0.0, 0.0, 0.0, 1.0]]}, {"class": "TomatoSauce", "pose": [[0.9812032228948311, -0.00786884375754042, -0.1928167202808505, 22.420374954533006], [0.18102894065112765, -0.3085858431668433, 0.9338112175590761, 12.858517385401441], [-0.0668484700514665, -0.9511640191842009, -0.3013609061149777, 47.53255325917778], [0.0, 0.0, 0.0, 1.0]]}, {"class": "PeasAndCarrots", "pose": [[0.447801035526439, -0.0003945334760995821, 0.894133126478341, 31.817186095228795], [-0.8513244950370237, -0.3059045957232073, 0.42622655062865705, 8.548305507495058], [0.2733512583489226, -0.9520621589916572, -0.13732020990557084, 50.38061179292268], [0.0, 0.0, 0.0, 1.0]]}, {"class": "Ketchup", "pose": [[0.389735652372873, -0.051642629635165145, 0.9194776403018198, 14.187565547469427], [-0.8732616381605963, -0.33777241101892397, 0.35117516949089544, 38.06417327387144], [0.2924385531926304, -0.9398100738080832, -0.17673942075482227, 35.77000932381469], [0.0, 0.0, 0.0, 1.0]]}, {"class": "MacaroniAndCheese", "pose": [[0.4651810449320274, 0.885050427913266, 0.017096971300188533, 39.855800930212155], [0.8473056073616015, -0.4395847161968382, -0.2980580061249118, 21.121627753437046], [-0.25628074069172424, 0.15313731924141763, -0.9543947026672761, 46.956627663415986], [0.0, 0.0, 0.0, 1.0]]}, {"class": "Pineapple", "pose": [[0.6958477455670612, -0.02875277835965464, 0.7176135197074999, 27.432188184258656], [-0.6887053246612487, -0.310073682357711, 0.6553925367959255, 34.81585005306711], [0.20366871496264335, -0.9502777086519283, -0.23556620313196702, 41.61255969773299], [0.0, 0.0, 0.0, 1.0]]}]}