{"camera": {"camera": "RealSense D415", "extrinsics": [[-0.89057225, 0.45465416, -0.013065966, 0.74780893], [0.43894854, 0.85157126, -0.28661913, -0.26191264], [-0.11918597, -0.26099032, -0.95795554, 0.2656879], [0.0, 0.0, 0.0, 1.0]], "height": 480, "intrinsics": [[604.50507, 0.0, 326.28275], [0.0, 602.9669, 245.73769], [0.0, 0.0, 1.0]], "width": 640}, "objects": [{"class": "OrangeJuice", "pose": [[-0.9947659384686395, -0.018698494460917568, -0.10045493672026609, 22.304004807255716], [0.10129779858871649, -0.309403313495472, -0.9455201580363802, 29.63037015433357], [-0.013401328631146205, -0.9507471102603532, 0.3096779478074066, 37.28023303646183], [0.0, 0.0, 0.0, 1.0]]}, {"class": "ChocolatePudding", "pose": [[0.8969987164047757, 0.007113722810078172, 0.4419760152541501, -8.920676880843981], [-0.41618863979460025, -0.32328746809441006, 0.8498660204603223, 3.318519139332415], [0.1489310412399393, -0.9462741244573758, -0.2870277355471307, 52.75314908331523], [0.0, 0.0, 0.0, 1.0]]}, {"class": "CreamCheese", "pose": [[0.6673639530870782, -0.11070224170157109, 0.7364580559313659, -13.496490135475291], [-0.7272562162408079, -0.30984286221825647, 0.6124506676668265, 14.023901697314184], [0.1603866102312298, -0.9443212011447102, -0.2872867887022433, 49.206560623799966], [0.0, 0.0, 0.0, 1.0]]}, {"class": "Raisins", "pose": [[0.9205048255090836, 0.02986256399505345, -0.389588492938517, -8.768038118176769], [0.3798035303322056, -0.30254313843941055, 0.8741950305192001, -6.670693935074901], [-0.09176156165601139, -0.9526678254490419, -0.2898343057547607, 51.84217280664667], [0.0, 0.0, 0.0, 1.0]]}, {"class": "BBQSauce", "pose": [[0.9941007633625897, -0.01955677997052478, 0.10668319916028608, 2.8537428944427345], [-0.10674754876773562, -0.3505618044469139, 0.9304361373834551, -7.321650233908122], [0.0192027614487432, -0.9363354452564402, -0.35058134939677976, 50.85590483072841], [0.0, 0.0, 0.0, 1.0]]}, {"class": "SaladDressing", "pose": [[0.8956550354263231, -0.0408030872091097, -0.44287387136029666, 12.80695327020862], [0.421321330007167, -0.2410871383303837, 0.8742799049885027, -12.958862972554282], [-0.14244445362692643, -0.9696454048260005, -0.1987396819119305, 52.95360131545015], [0.0, 0.0, 0.0, 1.0]]}, {"class": "Mayo", "pose": [[-0.06228099542813808, 0.8195983009276403, 0.5695435041056818, 9.569285053383414], [0.3809018065617317, -0.5079397277977858, 0.7726002008391932, 0.04161168371525914], [0.92251558277321, 0.265058473365684, -0.2805514210859735, 53.63683408369055], [0.0, 0.0, 0.0, 1.0]]}, {"class": "Mushrooms", "pose": [[0.9947379925096349, -0.006460243345219726, 0.10224818755261515, 18.758780305059897], [-0.09740685286722942, -0.36896270406120213, 0.9243259445024729, -6.429504465579769], [0.03175443890452967, -0.9294218096520347, -0.36765044538079455, 56.49204469400956], [0.0, 0.0, 0.0, 1.0]]}, {"class": "Parmesan", "pose": [[0.725137797885464, -0.046067813961583555, 0.6870611551664064, 0.31874193120899896], [-0.6592899636549467, -0.33446583487969417, 0.6734013459862787, 17.610225449072068], [0.19877635982078773, -0.9412812944826352, -0.2729058043889783, 45.54157968619169], [0.0, 0.0, 0.0, 1.0]]}, {"class": "Mustard", "pose": [[0.8880299761782336, -0.012159103794248876, 0.4596248665463796, 8.630776160292953], [-0.44814620471671435, -0.24639415065033532, 0.8593340010597411, 19.260483530817684], [0.10280016933005301, -0.969093487962712, -0.22425438994516092, 41.95920359537727], [0.0, 0.0, 0.0, 1.0]]}, {"class": "Milk", "pose": [[0.0102439755987918, -0.9971798211088685, -0.07434760037277162, 8.601793728165497], [-0.27360004419319117, -0.07430929125418828, 0.9589688048653224, 11.816866388250624], [-0.9617890548440127, 0.010517804613737842, -0.273589627734805, 48.929567683692724], [0.0, 0.0, 0.0, 1.0]]}, {"class": "AlphabetSoup", "pose": [[0.6192093036795906, -0.004339852199687673, 0.7852140499656727, 25.63871246848668], [-0.7537237516409075, -0.28368758362132407, 0.5928084722450331, 5.382230426083079], [0.22018277129514258, -0.9589069980736297, -0.1789329788102561, 50.761081048090375], [0.0, 0.0, 0.0, 1.0]]}, {"class": "Yogurt", "pose": [[0.7568567674241569, -0.02472967449430839, 0.6531128364590886, 30.94233462753021], [-0.6244041731115288, -0.32259577470338546, 0.7113729109253973, -1.3766266020475482], [0.19309942869557553, -0.9462137822161939, -0.2596000454878057, 54.432179891739295], [0.0, 0.0, 0.0, 1.0]]}, {"class": "Cherries", "pose": [[0.1643996106641343, -0.006961477482238173, 0.9863693051736337, 5.0584473463178075], [-0.939916706230021, -0.3044399842155779, 0.15450859204124026, 29.435525399879964], [0.29921461418256007, -0.9525061390229564, -0.056592971461674864, 44.39547859926098], [0.0, 0.0, 0.0, 1.0]]}, {"class": "Cookies", "pose": [[-0.04337379091635058, -0.06323104415636956, 0.9970559912364064, -0.1409941665738046], [-0.9477782632821468, -0.3130262390349324, -0.06108159280473969, 38.1629484475625], [0.315966896358212, -0.9476373372106088, -0.04635183023190014, 35.45970948191039], [0.0, 0.0, 0.0, 1.0]]}, {"class": "TomatoSauce", "pose": [[0.977457279650533, -0.00013044326030011807, -0.21113348807498036, 24.147394405393296], [0.20131458837881205, -0.3008346597347146, 0.9321861228650682, 19.143536090139147], [-0.063637814525175, -0.9536763607572623, -0.294026737102162, 46.40329986986112], [0.0, 0.0, 0.0, 1.0]]}, {"class": "PeasAndCarrots", "pose": [[0.4644463633741335, 0.007289683523822303, 0.8855713050944216, 33.624692853117], [-0.8443485496790936, -0.2979959909887391, 0.44527961963634777, 15.000289963092344], [0.2671426307790716, -0.9545393443814808, -0.13224806041643755, 49.23239196245272], [0.0, 0.0, 0.0, 1.0]]}, {"class": "Ketchup", "pose": [[0.40680499480096105, -0.04332461789787438, 0.9124871363657485, 15.426563305778462], [-0.867608156457016, -0.3309901858286983, 0.3710816721267443, 44.274179557045194], [0.2859472959534941, -0.9426391609338785, -0.1722371935629976, 34.83353194326148], [0.0, 0.0, 0.0, 1.0]]}, {"class": "MacaroniAndCheese", "pose": [[0.44840279850899634, 0.8934924376448643, 0.02462304824165731, 41.41349714121239], [0.8585926742562185, -0.42290247117045043, -0.28977947347167493, 27.760872510854778], [-0.24850256236814214, 0.15107911825292672, -0.9567767091438243, 45.925810511189255], [0.0, 0.0, 0.0, 1.0]]}, {"class": "Pineapple", "pose": [[0.7092730076202295, -0.020981502965542617, 0.7046216555986856, 28.724705405711116], [-0.6761940292116402, -0.3027503995073851, 0.6716426535820115, 41.24545789932242], [0.19923241888111634, -0.952838960099782, -0.2289201913734249, 40.67247993787604], [0.0, 0.0, 0.0, 1.0]]}]}