{"camera": {"camera": "RealSense D415", "extrinsics": [[-0.89167005, 0.45261863, -0.007804636, 0.7491992], [0.43574014, 0.85349077, -0.2858041, -0.24706958], [-0.122699074, -0.25824374, -0.9582563, 0.2652286], [0.0, 0.0, 0.0, 1.0]], "height": 480, "intrinsics": [[604.50507, 0.0, 326.28275], [0.0, 602.9669, 245.73769], [0.0, 0.0, 1.0]], "width": 640}, "objects": [{"class": "OrangeJuice", "pose": [[-0.9950679767894502, -0.013383798228561249, -0.09828862196683362, 22.189165368129405], [0.09760920042032366, -0.3086155488946738, -0.9461653664433218, 30.909452705699138], [-0.017670158728106823, -0.951092739782122, 0.30839978960013836, 37.05356921675687], [0.0, 0.0, 0.0, 1.0]]}, {"class": "ChocolatePudding", "pose": [[0.8978814441463203, 0.012460103880621456, 0.440061036407467, -9.004774529774107], [-0.41298325501449284, -0.32240761917386657, 0.8517618046492542, 4.467742718202327], [0.1524921021757678, -0.9465189667273146, -0.2843379482246812, 52.36628990661259], [0.0, 0.0, 0.0, 1.0]]}, {"class": "CreamCheese", "pose": [[0.6693585153662488, -0.10541252028160965, 0.7354233040702364, -13.60484414525206], [-0.7249129530024991, -0.30940306998755895, 0.6154437135389004, 15.159217266498526], [0.16266676188168402, -0.9450703833771421, -0.2835164182961185, 48.80914198718064], [0.0, 0.0, 0.0, 1.0]]}, {"class": "Raisins", "pose": [[0.9194772252020492, 0.03515932382480072, -0.39156801705187316, -8.810957433455368], [0.38330697609908576, -0.3015730798934088, 0.8730002595878542, -5.520010176628717], [-0.08739221132634704, -0.9527946151247699, -0.2907663790569387, 51.447170627354566], [0.0, 0.0, 0.0, 1.0]]}, {"class": "BBQSauce", "pose": [[0.9943977047870668, -0.014151919801248152, 0.10475201943240041, 2.8173729904724887], [-0.10306660216926845, -0.34978989158570506, 0.9311414075986658, -6.126848945007368], [0.02346380679957835, -0.93672132400018, -0.34928881364133696, 50.511256745620734], [0.0, 0.0, 0.0, 1.0]]}, {"class": "SaladDressing", "pose": [[0.8946951547950448, -0.03565964813066792, -0.4452516447768474, 12.782223900786981], [0.4247776270404598, -0.24036509351926563, 0.8728050200740369, -11.728887196618542], [-0.13814680994172845, -0.9700273672368668, -0.19990605322399435, 52.64756282253631], [0.0, 0.0, 0.0, 1.0]]}, {"class": "Mayo", "pose": [[-0.06773696276166975, 0.8203155144017054, 0.5678857441446336, 9.493213678800084], [0.3798377147340918, -0.505125990090249, 0.7749651981115099, 1.2588356541584356], [0.9225698315639906, 0.2681982346818326, -0.27737101002572395, 53.32808335439041], [0.0, 0.0, 0.0, 1.0]]}, {"class": "Mushrooms", "pose": [[0.9949451938783075, -0.0010173562080207387, 0.10041455999912073, 18.69415053043968], [-0.09373489282638728, -0.36814816315903387, 0.925030114921962, -5.180621704993424], [0.03602639882965876, -0.9297666258291789, -0.3663825657461631, 56.21781350825543], [0.0, 0.0, 0.0, 1.0]]}, {"class": "Parmesan", "pose": [[0.7267102765400618, -0.04070079206137484, 0.6857373237557223, 0.2128519737736534], [-0.656766841124315, -0.33378819643928404, 0.6761972863007396, 18.80019484795413], [0.20136927162023888, -0.9417690643841413, -0.2692981808652034, 45.207893898397565], [0.0, 0.0, 0.0, 1.0]]}, {"class": "Mustard", "pose": [[0.8892338010753443, -0.0069987952260126066, 0.45739952075345575, 8.534288116132982], [-0.44493245660485503, -0.24556602558051163, 0.8612389040349029, 20.484578192197944], [0.1062941767515676, -0.9693546429861098, -0.22147954422728805, 41.66342878961077], [0.0, 0.0, 0.0, 1.0]]}, {"class": "Milk", "pose": [[0.015473229726318607, -0.9969327046586678, -0.0767190930525377, 8.502504372217068], [-0.2726949635059038, -0.07802709247852165, 0.9589313027537191, 13.034639060243885], [-0.9619761511874578, 0.006083091033144378, -0.27306582530810997, 48.627023153956316], [0.0, 0.0, 0.0, 1.0]]}, {"class": "AlphabetSoup", "pose": [[0.6210414191392418, 0.0009145840562556183, 0.7837772495706506, 25.555080889629405], [-0.7516131768015414, -0.2828392637170873, 0.5958855570001284, 6.661769789903799], [0.22222797067681244, -0.9591669277542917, -0.17496742025991663, 50.527480796789156], [0.0, 0.0, 0.0, 1.0]]}, {"class": "Yogurt", "pose": [[0.7583236859286824, -0.019385606392710475, 0.6515899349432432, 30.86770826706392], [-0.6217582258974271, -0.3218344226811291, 0.7140303401043077, -0.08061312327437564], [0.19586217464036848, -0.9465975312520063, -0.2561077639859955, 54.2158115792751], [0.0, 0.0, 0.0, 1.0]]}, {"class": "Cherries", "pose": [[0.16658649121254757, -0.0016577541050265315, 0.9860254816645622, 4.913467831979368], [-0.9395674519910326, -0.3036070196345597, 0.15822703457620674, 30.644067646016016], [0.299101928246993, -0.9527959441906327, -0.052134342366251495, 44.09301278543466], [0.0, 0.0, 0.0, 1.0]]}, {"class": "Cookies", "pose": [[-0.04122754570109372, -0.0579157370305936, 0.9974698564742102, -0.2792612813451889], [-0.9482168048123493, -0.31240687792437466, -0.05733103330733849, 39.36012437090539], [0.3149367735170534, -0.9481813095583816, -0.04203685635216178, 35.14225916859005], [0.0, 0.0, 0.0, 1.0]]}, {"class": "TomatoSauce", "pose": [[0.9769701744352516, 0.005164866802390505, -0.21331352537961834, 24.031628839927453], [0.205005876545135, -0.2999752619559555, 0.9316584387421707, 20.42134699114219], [-0.05917683004296157, -0.9539330414441042, -0.29412568678783907, 46.17536101891404], [0.0, 0.0, 0.0, 1.0]]}, {"class": "PeasAndCarrots", "pose": [[0.4664128676636383, 0.012578079904442784, 0.884477747870862, 33.51181117689952], [-0.8428551653253963, -0.2971082396504625, 0.4486890659456553, 16.31083653781212], [0.2684292649874361, -0.9547609996302965, -0.12797354290794835, 49.0422894851152], [0.0, 0.0, 0.0, 1.0]]}, {"class": "Ketchup", "pose": [[0.4087767268972604, -0.037964637383788115, 0.9118444667543321, 15.26802638922009], [-0.8663459033980762, -0.33030114869069455, 0.3746277359220219, 45.529775452715896], [0.28696065607400595, -0.9431118292212792, -0.16790986823179313, 34.5896912203434], [0.0, 0.0, 0.0, 1.0]]}, {"class": "MacaroniAndCheese", "pose": [[0.4462865575302927, 0.894390816471965, 0.02989036087747766, 41.26745180785066], [0.860477650917792, -0.41971201022391735, -0.28882530087905867, 29.103268831362115], [-0.24577729647590763, 0.15461886689439286, -0.9569151430186683, 45.78113467074767], [0.0, 0.0, 0.0, 1.0]]}, {"class": "Pineapple", "pose": [[0.7109066904592986, -0.015682381436527837, 0.7031115118298797, 28.551662293836305], [-0.6737302001106158, -0.30196929372926484, 0.6744643628737107, 42.545285574313986], [0.20174089000321263, -0.9531886965553189, -0.22523762221492702, 40.48417008970228], [0.0, 0.0, 0.0, 1.0]]}]}