{"camera": {"camera": "RealSense D415", "extrinsics": [[-0.96462375, -0.2312136, 0.12665422, 0.5738864], [-0.2591813, 0.74384254, -0.61605465, -0.13374719], [0.04822942, -0.62708735, -0.77745444, 0.079644024], [0.0, 0.0, 0.0, 1.0]], "height": 480, "intrinsics": [[603.75165, 0.0, 326.28275], [0.0, 603.20245, 245.73769], [0.0, 0.0, 1.0]], "width": 640}, "objects": [{"class": "ChocolatePudding", "pose": [[0.9374201411441325, 0.11593367645847569, 0.32833337494122333, 5.241150683543205], [-0.16560062190912922, -0.6810379251198303, 0.7132767903430188, 5.987952830471505], [0.30630028874663534, -0.7230122656600967, -0.6192200082058577, 33.81702913373354], [0.0, 0.0, 0.0, 1.0]]}, {"class": "MacaroniAndCheese", "pose": [[0.15394421839676073, 0.9338906858426053, 0.3227217190999035, -0.2346372246539885], [-0.5875157781715968, 0.349120478862475, -0.7300274670918296, -4.370790713460658], [-0.7944346415656186, -0.07722060378765652, 0.6024206174881948, 35.95939580858627], [0.0, 0.0, 0.0, 1.0]]}, {"class": "Milk", "pose": [[0.09335918358395053, 0.9832790095233149, 0.15635343210670366, -7.111105783786831], [0.7734287121593295, 0.027267339973953794, -0.6332965501631594, -14.863215222617173], [-0.6269705753626502, 0.18005228412970528, -0.7579505883319734, 46.05386974097561], [0.0, 0.0, 0.0, 1.0]]}, {"class": "Ketchup", "pose": [[0.8605040744809349, 0.1344832302151136, 0.4913725084421958, -14.003204430519478], [-0.29674280111150403, -0.6516938538566491, 0.6980249507748414, -5.450357404304232], [0.41409710677851197, -0.7464645950250062, -0.5208783123489593, 32.8141022644597], [0.0, 0.0, 0.0, 1.0]]}, {"class": "OrangeJuice", "pose": [[-0.8156976250354455, -0.5653455675281487, -0.12256311536497014, 12.655391355395967], [0.3943535931147118, -0.6984540504254995, 0.5971994508637655, -3.983329534193077], [-0.4232287808386194, 0.438800992267604, 0.792673394279449, 41.68547727831541], [0.0, 0.0, 0.0, 1.0]]}]}