{"camera": {"camera": "RealSense D415", "extrinsics": [[-0.9266038, 0.374467, 0.03434933, 0.7653047], [0.34775963, 0.8880907, -0.30059618, -0.12858166], [-0.14306867, -0.26658827, -0.95313275, 0.26824093], [0.0, 0.0, 0.0, 1.0]], "height": 480, "intrinsics": [[604.50507, 0.0, 326.28275], [0.0, 602.9669, 245.73769], [0.0, 0.0, 1.0]], "width": 640}, "objects": [{"class": "OrangeJuice", "pose": [[-0.9994290002834493, 0.030825107908232927, -0.013840083048749402, 18.64570410343577], [0.0031181045254995553, -0.3237140273862759, -0.9461498191471207, 37.70388475402268], [-0.03364543897706695, -0.9456527213940848, 0.3234330545791708, 35.624449986846464], [0.0, 0.0, 0.0, 1.0]]}, {"class": "ChocolatePudding", "pose": [[0.9301739402403204, 0.05777457633552095, 0.36254461933805243, -10.16532503548273], [-0.32404394331042385, -0.33493445817278156, 0.8847679955259116, 8.689496569526273], [0.17254581316914855, -0.9404685184906157, -0.29282577400952087, 50.94747813260163], [0.0, 0.0, 0.0, 1.0]]}, {"class": "CreamCheese", "pose": [[0.7318418287973307, -0.060806559411571634, 0.6787563345848289, -15.692496459425854], [-0.6559151047073559, -0.3330728393411129, 0.6773756959653866, 18.841541062462554], [0.18488643259787652, -0.9409384029097976, -0.283640538021635, 47.13854954671458], [0.0, 0.0, 0.0, 1.0]]}, {"class": "Raisins", "pose": [[0.8806631566460472, 0.07851254952470102, -0.46719187265755996, -9.01918833775104], [0.4667890941788178, -0.3121570845390255, 0.8274453882295913, -1.2490046837307491], [-0.08087236335346523, -0.9467807352145056, -0.3115540500630959, 50.20578189290414], [0.0, 0.0, 0.0, 1.0]]}, {"class": "BBQSauce", "pose": [[0.9991823515540549, 0.033700822292881426, 0.022337070166419812, 2.628134810963323], [-0.0085207792027045, -0.36454180039967216, 0.9311480260719823, -0.772385641324562], [0.039523289490112135, -0.9305770028480262, -0.36395655949120914, 49.44752475094234], [0.0, 0.0, 0.0, 1.0]]}, {"class": "SaladDressing", "pose": [[0.8529051541065819, 0.002538619277980664, -0.5220597813416802, 13.04003035392035], [0.504920949899844, -0.2581786047598799, 0.8236495715843557, -5.375577459706518], [-0.13269369102822845, -0.9660938842314578, -0.22148367219797277, 51.82406543146416], [0.0, 0.0, 0.0, 1.0]]}, {"class": "Mayo", "pose": [[-0.11781517117322302, 0.8597772098680291, 0.4968931440630866, 8.534679563677283], [0.38650911443122266, -0.42121822790880736, 0.8204790572059485, 7.25368678683094], [0.9147296404815526, 0.28871863622454924, -0.28268579688328793, 52.23043401305909], [0.0, 0.0, 0.0, 1.0]]}, {"class": "Mushrooms", "pose": [[0.9986503641113504, 0.04838998622264981, 0.01886587600845823, 18.252833433086924], [0.0010212295116007561, -0.3814668952456118, 0.9243819228525424, 1.757010327055003], [0.05192757527585178, -0.9231150764184313, -0.3810014546604487, 55.363870305850796], [0.0, 0.0, 0.0, 1.0]]}, {"class": "Parmesan", "pose": [[0.7819123345317974, 0.005849499606846339, 0.6233610079603267, -2.222500876162037], [-0.5820564045791697, -0.3511958871042206, 0.7333974128288547, 23.710085721084916], [0.2232118514711893, -0.9362837504065875, -0.2711996200694146, 43.672871738234655], [0.0, 0.0, 0.0, 1.0]]}, {"class": "Mustard", "pose": [[0.9253037190050696, 0.03154701936536701, 0.3779125228786074, 5.9592162744648185], [-0.35740246319197255, -0.2606443525095879, 0.8968433392648748, 26.114016052560363], [0.1267935299993674, -0.9649193413691258, -0.22990017668649806, 40.21927898103333], [0.0, 0.0, 0.0, 1.0]]}, {"class": "Milk", "pose": [[0.0563485793751604, -0.9851587201432376, -0.16213326466850334, 6.516758513922738], [-0.28541333587004386, -0.17150890932203214, 0.9429336647428099, 18.806847851729003], [-0.9567466187806619, -0.006858018373520966, -0.29084171102882134, 47.31073077405204], [0.0, 0.0, 0.0, 1.0]]}, {"class": "AlphabetSoup", "pose": [[0.6853051972034313, 0.04276474810324739, 0.7269993292909966, 24.06030500587567], [-0.6860907598573923, -0.29683794526937435, 0.6642037924170314, 14.100417606625355], [0.24420551089608353, -0.9539698309756577, -0.1740840483061867, 49.5666247235893], [0.0, 0.0, 0.0, 1.0]]}, {"class": "Yogurt", "pose": [[0.8101797161431489, 0.02602123079863387, 0.5856037780631718, 29.923598963842444], [-0.5443175796696127, -0.33736582696336603, 0.7680511998783326, 7.948629336229016], [0.21754836353128607, -0.941013933340067, -0.259163100427377, 53.44796539818289], [0.0, 0.0, 0.0, 1.0]]}, {"class": "Cherries", "pose": [[0.2493572453288062, 0.04205423499547268, 0.9674980451168371, 1.3614841364643637], [-0.9147731809809091, -0.31765084504782787, 0.24957552438705602, 35.9247757304385], [0.3178222740875474, -0.9472747277401338, -0.04073841083163875, 42.41889117629144], [0.0, 0.0, 0.0, 1.0]]}, {"class": "Cookies", "pose": [[0.04304989263762604, -0.013194189041608736, 0.9989858266779119, -4.484118250822478], [-0.9427104337134896, -0.33163736410433997, 0.03624460335353847, 43.96811886773034], [0.3308227941921775, -0.9433146888113844, -0.026715212033119846, 33.24372725620419], [0.0, 0.0, 0.0, 1.0]]}, {"class": "TomatoSauce", "pose": [[0.9542002408443088, 0.048522623316086484, -0.295207583207335, 21.32009114774768], [0.2951740350004587, -0.3134110818040143, 0.9025772860196462, 27.583667276266027], [-0.048725867613363845, -0.9483770750248024, -0.313379545010739, 44.953489030065434], [0.0, 0.0, 0.0, 1.0]]}, {"class": "PeasAndCarrots", "pose": [[0.5392189480431332, 0.05564585521405802, 0.8403252505147516, 31.09772770732791], [-0.7907441702189187, -0.3098719469585558, 0.5279232975797833, 24.431221609191343], [0.2897699731193093, -0.9491485355859762, -0.12308714763062843, 48.027467088786736], [0.0, 0.0, 0.0, 1.0]]}, {"class": "Ketchup", "pose": [[0.48375752904663405, 0.008266899375842424, 0.8751630552356118, 10.421418989977004], [-0.8192610193963008, -0.34748851879626785, 0.45613932715466826, 51.56561596446166], [0.30787997723916105, -0.9376478105707685, -0.16132739626445705, 32.80660764627653], [0.0, 0.0, 0.0, 1.0]]}, {"class": "MacaroniAndCheese", "pose": [[0.36730864853354334, 0.9272976445494463, 0.07213526813866773, 37.66787302501286], [0.8946488430350698, -0.3310366972471513, -0.3000302103227499, 37.843575438628044], [-0.25433785713541374, 0.17473945645606911, -0.9511984033962714, 44.655024761133824], [0.0, 0.0, 0.0, 1.0]]}, {"class": "Pineapple", "pose": [[0.7677688485075946, 0.027945810126802525, 0.6401172460898125, 23.831163886573638], [-0.6004252442623622, -0.31734839368664924, 0.7340160062638896, 49.94096364540941], [0.22365287233529157, -0.9478971764641021, -0.22687080329114365, 38.942264708769244], [0.0, 0.0, 0.0, 1.0]]}]}