{"camera": {"camera": "RealSense D415", "extrinsics": [[-0.94366854, 0.31747139, 0.09328242, 0.74065715], [0.28100017, 0.9177386, -0.28070396, -0.060232535], [-0.17472436, -0.23867911, -0.95525056, 0.2793599], [0.0, 0.0, 0.0, 1.0]], "height": 480, "intrinsics": [[604.50507, 0.0, 326.28275], [0.0, 602.9669, 245.73769], [0.0, 0.0, 1.0]], "width": 640}, "objects": [{"class": "OrangeJuice", "pose": [[-0.9948596268240596, 0.09119919816004385, 0.04401235476690964, 12.289712719862212], [-0.06991130532571602, -0.3041445970498611, -0.950057089095558, 39.97861858214191], [-0.07325837915865502, -0.9482503766252717, 0.3089569971765172, 35.158648210173496], [0.0, 0.0, 0.0, 1.0]]}, {"class": "ChocolatePudding", "pose": [[0.9443289648543045, 0.11868770114186278, 0.30684864988545735, -14.855965294891105], [-0.2575998470796685, -0.3134379306103101, 0.9140016310198525, 8.660309395546536], [0.2046587950483898, -0.9421623527081672, -0.26541452812535715, 48.90568283957746], [0.0, 0.0, 0.0, 1.0]]}, {"class": "CreamCheese", "pose": [[0.7708637365415331, 0.00040221032000627334, 0.6369999969495728, -20.970937623038168], [-0.6033397682521845, -0.3203064210823776, 0.7303320612752069, 18.442154257362535], [0.2043289525158159, -0.947313912059656, -0.24666986879891586, 45.02699802094987], [0.0, 0.0, 0.0, 1.0]]}, {"class": "Raisins", "pose": [[0.8460247107776835, 0.1379045995312118, -0.5149995809545329, -12.947165600980204], [0.5317079493080035, -0.2890893024496107, 0.7960615748292146, -1.1524627569645804], [-0.03910025226133265, -0.9473171060132054, -0.3179016576224798, 48.06690995048854], [0.0, 0.0, 0.0, 1.0]]}, {"class": "BBQSauce", "pose": [[0.9947885775819019, 0.09651602896121587, -0.03286944276689224, -1.3468600688934407], [0.06440418847966328, -0.3449045847232523, 0.9364256121074706, 0.1936850218614214], [0.07904331395600714, -0.9336624082919833, -0.34932313815795374, 47.778721840585575], [0.0, 0.0, 0.0, 1.0]]}, {"class": "SaladDressing", "pose": [[0.8175290583266175, 0.05893249530894749, -0.5728640833478161, 9.278810629732204], [0.5685834482096355, -0.24052625303057762, 0.7866765428642272, -3.6706749496827764], [-0.09142797380103226, -0.9688519425482235, -0.2301452411379239, 50.500253461161336], [0.0, 0.0, 0.0, 1.0]]}, {"class": "Mayo", "pose": [[-0.18135619738664105, 0.8769191434166137, 0.44510987832287346, 3.8356633014973274], [0.36088870151532293, -0.3616912674643324, 0.8596154787033119, 8.583565155977135], [0.9148055976077814, 0.3165317466061907, -0.25087519799127217, 50.90938605848616], [0.0, 0.0, 0.0, 1.0]]}, {"class": "Mushrooms", "pose": [[0.9930717988838372, 0.11212311138406592, -0.03516913926794879, 13.80721391040115], [0.07366492454092985, -0.36082857764539406, 0.9297183527899596, 3.764086657018261], [0.09155293769443668, -0.9258677847855793, -0.36658818541657673, 54.346710067772854], [0.0, 0.0, 0.0, 1.0]]}, {"class": "Parmesan", "pose": [[0.8137965473049299, 0.06799111767630796, 0.5771589431979519, -7.776193630598605], [-0.526668794965712, -0.33354923024920435, 0.7818982609503783, 24.348744523023527], [0.245673077568382, -0.9402776870303193, -0.2356323475719133, 42.169490522213], [0.0, 0.0, 0.0, 1.0]]}, {"class": "Mustard", "pose": [[0.9437163265597582, 0.08797704180877156, 0.3188410157128531, 0.3313880454155482], [-0.29042935005950743, -0.2408689448763795, 0.9260847386097258, 27.408118863768344], [0.15827313199674137, -0.9665620484525069, -0.20176078699908218, 39.07853188675645], [0.0, 0.0, 0.0, 1.0]]}, {"class": "Milk", "pose": [[0.11421621161493842, -0.9687026608100303, -0.22038573035832337, 1.1563840740465459], [-0.2638819258580587, -0.24345070538538288, 0.933326353597977, 20.040180444496517], [-0.9577687551183846, -0.0484452486402916, -0.2834291138793187, 46.08046822663787], [0.0, 0.0, 0.0, 1.0]]}, {"class": "AlphabetSoup", "pose": [[0.7244454532636264, 0.10142147538367495, 0.6818302778392358, 18.901015559696365], [-0.637883101279694, -0.2763222498581454, 0.7188540619644759, 16.600177125917714], [0.2613121266310486, -0.9556985415634823, -0.1354852874678528, 48.96317486887006], [0.0, 0.0, 0.0, 1.0]]}, {"class": "Yogurt", "pose": [[0.8393803153580413, 0.08724728349710072, 0.5364966504214974, 25.051055321135575], [-0.486858318994737, -0.3181913647490747, 0.8134637248780285, 10.830624882138903], [0.24168112407290973, -0.9440032704301907, -0.22460643952303938, 52.985214055567845], [0.0, 0.0, 0.0, 1.0]]}, {"class": "Cherries", "pose": [[0.30417277654981256, 0.10200116280959037, 0.9471402974180438, -5.063598604881426], [-0.8992900610175889, -0.2972437400225438, 0.32081699493649823, 36.814082524445126], [0.3142552084304761, -0.949337625457058, 0.001315240330451337, 41.235012990502476], [0.0, 0.0, 0.0, 1.0]]}, {"class": "Cookies", "pose": [[0.10016265317196735, 0.04783259485386734, 0.9938206799925078, -11.132489594859319], [-0.9425658321012446, -0.3153275064265139, 0.11017356721927504, 44.56272124306982], [0.3186488493306511, -0.9477766700809492, 0.013501387401860711, 31.951843915160964], [0.0, 0.0, 0.0, 1.0]]}, {"class": "TomatoSauce", "pose": [[0.9308104655326914, 0.1081744760399756, -0.3491277963582433, 15.346821075668915], [0.365443797863759, -0.29252067791045094, 0.8836755528277423, 29.922849155829738], [-0.006535896836617528, -0.9501210135188406, -0.31181298034836014, 44.43968831963958], [0.0, 0.0, 0.0, 1.0]]}, {"class": "PeasAndCarrots", "pose": [[0.5848878742382791, 0.11503961929436265, 0.8029147643201656, 25.205838600416936], [-0.7537839609919184, -0.28845373889367576, 0.590427116363474, 27.446293455712468], [0.29952627455713415, -0.9505579048203328, -0.08199800866337022, 47.8537587822211], [0.0, 0.0, 0.0, 1.0]]}, {"class": "Ketchup", "pose": [[0.5310409061090124, 0.07017727121328558, 0.8444351750404803, 3.173385677338758], [-0.786617074874869, -0.3296508415584986, 0.5220765262322863, 53.24373196889538], [0.3150066656559954, -0.9414910953836306, -0.11985537491859434, 32.21653189853193], [0.0, 0.0, 0.0, 1.0]]}, {"class": "MacaroniAndCheese", "pose": [[0.3093790136269194, 0.9418975512346077, 0.13081929180039117, 30.886812098062506], [0.9235386866469966, -0.2648223638909127, -0.2773903547661014, 41.3624548054662], [-0.2266293678243794, 0.20663546764736535, -0.9518092803397807, 44.93855598364651], [0.0, 0.0, 0.0, 1.0]]}, {"class": "Pineapple", "pose": [[0.8010498536409834, 0.08794373202286852, 0.5921022632800186, 16.420328978856958], [-0.5460342266183996, -0.2979703943835513, 0.7829816514451988, 52.505072631949105], [0.24528729179152595, -0.9505154129431509, -0.1906687893556373, 38.85580266319159], [0.0, 0.0, 0.0, 1.0]]}]}