{"camera": {"camera": "RealSense D415", "extrinsics": [[-0.9179136, 0.3655283, 0.15434918, 0.68080753], [0.32899636, 0.91860926, -0.21890268, -0.09439809], [-0.2218017, -0.15015344, -0.96346146, 0.3183106], [0.0, 0.0, 0.0, 1.0]], "height": 480, "intrinsics": [[604.50507, 0.0, 326.28275], [0.0, 602.9669, 245.73769], [0.0, 0.0, 1.0]], "width": 640}, "objects": [{"class": "OrangeJuice", "pose": [[-0.9884733733313446, 0.1509511458252846, -0.011583089506368868, 7.548311072654346], [-0.025693462441256434, -0.24266319541875472, -0.9697702990772424, 38.357521566294636], [-0.14919875361582244, -0.9582945333539029, 0.24374454773148502, 37.81871653085323], [0.0, 0.0, 0.0, 1.0]]}, {"class": "ChocolatePudding", "pose": [[0.91714782688124, 0.17757734533658254, 0.3567999106554785, -21.598924997920797], [-0.30771806319866046, -0.25341875887083515, 0.9171087937802448, 7.270896815463661], [0.2532775548035901, -0.9509181383108651, -0.17777868193185764, 47.34582175090528], [0.0, 0.0, 0.0, 1.0]]}, {"class": "CreamCheese", "pose": [[0.7324643754939862, 0.05983611266909244, 0.6781707782162131, -27.070672678793272], [-0.6455683572232116, -0.25527498383429287, 0.7197750983299931, 17.525124206589393], [0.21618858476412797, -0.9650152397467028, -0.14835150204704392, 43.73578461882319], [0.0, 0.0, 0.0, 1.0]]}, {"class": "Raisins", "pose": [[0.864278974415763, 0.19794557072829444, -0.4624277582340993, -19.969785666527805], [0.4995168442316451, -0.22955035408923746, 0.8353379978558323, -2.530026338734495], [0.05920103351915961, -0.95295554521406, -0.29727268922885264, 45.9582465833379], [0.0, 0.0, 0.0, 1.0]]}, {"class": "BBQSauce", "pose": [[0.987784378208406, 0.15377225519183324, 0.025221853107539733, -8.340901776449938], [0.019814763579886225, -0.2844936508596691, 0.9584731353356943, -1.6238351427736206], [0.15456205887419222, -0.9462650497377908, -0.2840653285542326, 46.59865970445571], [0.0, 0.0, 0.0, 1.0]]}, {"class": "SaladDressing", "pose": [[0.841028093184904, 0.1224990449257174, -0.5269399933954401, 1.9147833625791755], [0.540936824525401, -0.17657986361379735, 0.8223180145381356, -6.077488411678386], [0.007686210926840456, -0.9766338221695102, -0.21477286802919382, 49.79721881071748], [0.0, 0.0, 0.0, 1.0]]}, {"class": "Mayo", "pose": [[-0.23638034180848705, 0.8380914201136183, 0.4916575349895197, -3.1214398697239742], [0.3050341759292407, -0.4164107823155172, 0.8564789695503185, 6.325210675489824], [0.922539197515725, 0.3524271598549524, -0.15721517525013942, 50.67537225220789], [0.0, 0.0, 0.0, 1.0]]}, {"class": "Mushrooms", "pose": [[0.9854605433587318, 0.16820327800873944, 0.023983346800571792, 6.3964664624209355], [0.028268508645328125, -0.30150862906085873, 0.9530443071632282, 0.8966295171035393], [0.167536389248044, -0.9385096120058443, -0.3018796974552699, 54.47199604425108], [0.0, 0.0, 0.0, 1.0]]}, {"class": "Parmesan", "pose": [[0.7748033566790088, 0.12622281698631466, 0.6194736355362602, -13.50581865399666], [-0.5736133899850375, -0.2716060419501913, 0.7727857725149021, 23.088972941469173], [0.2657959895717702, -0.9540954079017787, -0.138038146298849, 42.254990791126076], [0.0, 0.0, 0.0, 1.0]]}, {"class": "Mustard", "pose": [[0.9188611527976409, 0.15126439519458149, 0.3644355783939522, -5.09110592227251], [-0.33728595430400876, -0.1782164015700472, 0.9243793120987089, 26.02978859452557], [0.20477409249902587, -0.9722952651373797, -0.11273674519848617, 39.976637973382], [0.0, 0.0, 0.0, 1.0]]}, {"class": "Milk", "pose": [[0.17597523477449828, -0.9701826789760563, -0.166668270328913, -5.041125301967941], [-0.2027835230466079, -0.20140629683797742, 0.9582872010886117, 18.178489661047355], [-0.9632817058753489, -0.13483726576861377, -0.2321795688066452, 46.48423806544815], [0.0, 0.0, 0.0, 1.0]]}, {"class": "AlphabetSoup", "pose": [[0.6807861939501362, 0.16264409927924608, 0.7141968084989309, 12.31220180022159], [-0.6820377037571111, -0.21482355630924238, 0.6990532338125641, 13.857566385622588], [0.2671231874590909, -0.9630149650563733, -0.03531947174696687, 50.38388113610949], [0.0, 0.0, 0.0, 1.0]]}, {"class": "Yogurt", "pose": [[0.8019594975028663, 0.14621650842385764, 0.579207841109577, 17.945464540839296], [-0.5346590262667362, -0.2567990666278415, 0.8051049486905444, 7.592274982665311], [0.2664596792222123, -0.955340284933875, -0.12776644558168648, 54.42120630244693], [0.0, 0.0, 0.0, 1.0]]}, {"class": "Cherries", "pose": [[0.2490480501858093, 0.16203370397294387, 0.9548403917142291, -10.306573912028716], [-0.9297286156265481, -0.23613392693297938, 0.2825694308161773, 35.472869462086344], [0.27125597300054743, -0.9581158250579155, 0.09183870736477388, 42.39646474023389], [0.0, 0.0, 0.0, 1.0]]}, {"class": "Cookies", "pose": [[0.04391509929883766, 0.10731221862599176, 0.9932550417494337, -15.400352399536455], [-0.9651613973775299, -0.2521417132035596, 0.06991456837065305, 44.063810644834255], [0.257943699779347, -0.9617217546846961, 0.092500808621596, 33.26962403949752], [0.0, 0.0, 0.0, 1.0]]}, {"class": "TomatoSauce", "pose": [[0.9406748521127793, 0.16840606433004288, -0.29456789756012847, 9.561655632029819], [0.3282315249371916, -0.231614655475193, 0.915761284834612, 27.584873648726493], [0.08599354251628682, -0.9581201048859272, -0.27315025268924104, 46.56506562463652], [0.0, 0.0, 0.0, 1.0]]}, {"class": "PeasAndCarrots", "pose": [[0.5348930849218886, 0.1754197513722985, 0.8265091195532898, 19.0492597693096], [-0.7946903063083764, -0.22780008667912297, 0.5626494921031291, 24.498031198106183], [0.28697868323110876, -0.9577761311805982, 0.01755571693156687, 50.495230940317384], [0.0, 0.0, 0.0, 1.0]]}, {"class": "Ketchup", "pose": [[0.47895343333644697, 0.1286251277395887, 0.8683658280832629, -0.8652000760548173], [-0.8263562685301867, -0.2677233362977481, 0.49543874097399165, 52.13881883589367], [0.2962076663228879, -0.9548716565619525, -0.02193679993748053, 35.1700617112779], [0.0, 0.0, 0.0, 1.0]]}, {"class": "MacaroniAndCheese", "pose": [[0.3567660518586187, 0.9143306817847296, 0.19161788737435953, 25.40372925343358], [0.9238943026827711, -0.3149567114039281, -0.21730531702506756, 38.345752355911266], [-0.1383375526763834, 0.25456185353362937, -0.9571107927143799, 48.981045939139264], [0.0, 0.0, 0.0, 1.0]]}, {"class": "Pineapple", "pose": [[0.7614657612061594, 0.14808604296824257, 0.631062948177327, 11.818765438429057], [-0.5923931144105401, -0.23622693325881963, 0.7702384354195393, 50.43345257475207], [0.2631356363844465, -0.9603475659024073, -0.09215353935248725, 42.67444575955097], [0.0, 0.0, 0.0, 1.0]]}]}