{"camera": {"camera": "RealSense D415", "extrinsics": [[-0.9701012, -0.2044677, 0.13075435, 0.58955383], [-0.24046163, 0.7367227, -0.63199514, -0.12766835], [0.0328929, -0.6445406, -0.7638622, 0.09785207], [0.0, 0.0, 0.0, 1.0]], "height": 480, "intrinsics": [[603.75165, 0.0, 326.28275], [0.0, 603.20245, 245.73769], [0.0, 0.0, 1.0]], "width": 640}, "objects": [{"class": "ChocolatePudding", "pose": [[0.92775699025199, 0.11771592342218969, 0.3541326736168287, 6.668719469486217], [-0.17738309785584616, -0.6957926182852997, 0.6959941500121087, 8.009738416011004], [0.32833247562597184, -0.708530587003507, -0.6246456402083777, 34.2202441487534], [0.0, 0.0, 0.0, 1.0]]}, {"class": "MacaroniAndCheese", "pose": [[0.1589135571763005, 0.9416559808754521, 0.29669937165191035, 0.9570660224335059], [-0.6042701557552698, 0.33042285788396714, -0.7250367589078648, -2.2066420437526753], [-0.7807714518953008, -0.064068413949308, 0.6215232588896992, 36.429348468225506], [0.0, 0.0, 0.0, 1.0]]}, {"class": "Milk", "pose": [[0.12053492649770435, 0.9797753029622791, 0.1597238532935563, -6.318068278797185], [0.7603193234131608, 0.01233425012960804, -0.6494323526239061, -12.389610665394622], [-0.638267840052428, 0.19972039709340625, -0.7434553856427489, 46.56121720024767], [0.0, 0.0, 0.0, 1.0]]}, {"class": "Ketchup", "pose": [[0.8462262014134007, 0.1372840362527823, 0.5148342758045198, -12.762928291597698], [-0.3051502004281211, -0.6672165594699938, 0.6794890770748482, -3.0879604058947323], [0.4367889371251717, -0.7321032411863322, -0.5227238771579863, 33.02100188051799], [0.0, 0.0, 0.0, 1.0]]}, {"class": "OrangeJuice", "pose": [[-0.7994181882462238, -0.5871272906940439, -0.1273268508012751, 13.73365937523432], [0.40174103933831806, -0.6800124433105135, 0.613341016214113, -1.9551744834347544], [-0.4466930714820029, 0.439163538378806, 0.7794874402773458, 42.411522724144326], [0.0, 0.0, 0.0, 1.0]]}]}