{"camera": {"camera": "RealSense D415", "extrinsics": [[-0.90288424, 0.4061693, 0.14080693, 0.6740711], [0.37380987, 0.90355283, -0.20942424, -0.107472874], [-0.2122882, -0.13645083, -0.96763366, 0.32113004], [0.0, 0.0, 0.0, 1.0]], "height": 480, "intrinsics": [[604.50507, 0.0, 326.28275], [0.0, 602.9669, 245.73769], [0.0, 0.0, 1.0]], "width": 640}, "objects": [{"class": "OrangeJuice", "pose": [[-0.9891560605158677, 0.1363560788121813, -0.05456544814482665, 9.121126738371998], [0.021499362184763327, -0.2330904909685097, -0.9722174162524012, 39.628410047798404], [-0.14528648271892988, -0.9628478057902379, 0.2276312822484792, 39.159068444691734], [0.0, 0.0, 0.0, 1.0]]}, {"class": "ChocolatePudding", "pose": [[0.9031956092214039, 0.1624948754206887, 0.3972822515048242, -21.368095754160855], [-0.3530508540225973, -0.24516040932763852, 0.9029128264627801, 9.734498967194282], [0.24411661580408023, -0.9557676717499077, -0.16405881677046286, 48.29508806883233], [0.0, 0.0, 0.0, 1.0]]}, {"class": "CreamCheese", "pose": [[0.7032834140846761, 0.044740077975211984, 0.7095004195289284, -26.383318527793918], [-0.6815417771280837, -0.2414584713792273, 0.6907957126727761, 20.28468476841513], [0.20222116111891578, -0.9693792823440727, -0.13932145847574834, 44.88001800427321], [0.0, 0.0, 0.0, 1.0]]}, {"class": "Raisins", "pose": [[0.8862014415563249, 0.1839146142896481, -0.42523228951919145, -20.18906213940703], [0.45889677023690095, -0.22220564167159834, 0.8602549105318974, -0.10530265819164164], [0.06372447907374504, -0.9574967979927684, -0.28131678306559876, 46.73760739276416], [0.0, 0.0, 0.0, 1.0]]}, {"class": "BBQSauce", "pose": [[0.9882211795059127, 0.13732522226800434, 0.0675334296518246, -8.528850292411494], [-0.02743026503679284, -0.27520199802329026, 0.9609950805611799, 0.263728644467319], [0.15055423839874893, -0.9515280867421647, -0.26819355188924654, 47.34220301473034], [0.0, 0.0, 0.0, 1.0]]}, {"class": "SaladDressing", "pose": [[0.8646624055685286, 0.11085682188632479, -0.4899691519404746, 1.5263252250388937], [0.5021849942854699, -0.16549033075488243, 0.8487775244196429, -4.701824689985867], [0.013007666836506542, -0.9799611058139901, -0.19876390902098076, 50.42142712838413], [0.0, 0.0, 0.0, 1.0]]}, {"class": "Mayo", "pose": [[-0.21900457193572248, 0.819661244282171, 0.5293321476243507, -2.9404110604270284], [0.2998493653463812, -0.45971263092256165, 0.8359155215034703, 7.899209302866756], [0.9285081629362428, 0.34178924789591747, -0.1450956967573794, 51.527712029996096], [0.0, 0.0, 0.0, 1.0]]}, {"class": "Mushrooms", "pose": [[0.9863290625761735, 0.15099958771443436, 0.06598625041044696, 6.33579789285077], [-0.019099477915168094, -0.29297950448298515, 0.9559279909674483, 1.9831367128133244], [0.16367739117710425, -0.9441197968494646, -0.2860901617469317, 55.191921321439985], [0.0, 0.0, 0.0, 1.0]]}, {"class": "Parmesan", "pose": [[0.7490133285817016, 0.11035895733920029, 0.6532993299839822, -12.586069376237152], [-0.6124170836838675, -0.26095317303044535, 0.746223063913386, 25.25416109067083], [0.25283295213995777, -0.9590226271068951, -0.1278716498806059, 43.43272370512508], [0.0, 0.0, 0.0, 1.0]]}, {"class": "Mustard", "pose": [[0.9033942811609565, 0.1395341589108504, 0.4054738853221877, -4.055206824106405], [-0.38184638309620283, -0.16849739106421355, 0.9087365255890666, 27.849721191239237], [0.19512111069369184, -0.9757760496585003, -0.09893893525054857, 41.16686090293782], [0.0, 0.0, 0.0, 1.0]]}, {"class": "Milk", "pose": [[0.16314061608911842, -0.9787819894496396, -0.12397998599218063, -4.336985782597025], [-0.19430380869899772, -0.15507695517130485, 0.968605839296176, 19.895890728168155], [-0.9672803213535003, -0.13392921176226766, -0.21548040744580327, 47.54270905338153], [0.0, 0.0, 0.0, 1.0]]}, {"class": "AlphabetSoup", "pose": [[0.6501924804939547, 0.1492794629676182, 0.744960039640228, 12.817054884395318], [-0.7164904103184409, -0.20573209079795968, 0.6665702534289999, 14.730487674893954], [0.252767450326275, -0.9671556239736294, -0.026808112685076314, 51.294119378570116], [0.0, 0.0, 0.0, 1.0]]}, {"class": "Yogurt", "pose": [[0.7779062658739637, 0.13099745105639668, 0.6145743158856443, 18.175637840259068], [-0.5747459479565173, -0.24704570578144674, 0.7801510229316516, 8.15012163788299], [0.25402576237203023, -0.9601084013703619, -0.1168881067660928, 55.202047058334436], [0.0, 0.0, 0.0, 1.0]]}, {"class": "Cherries", "pose": [[0.20770805661858896, 0.14772326104108074, 0.966972223892015, -8.829335150318096], [-0.9444589114795999, -0.22707247608396364, 0.2375616954617364, 37.476757400686445], [0.2546661564352369, -0.9626089455469897, 0.09235381179689985, 43.76615400587035], [0.0, 0.0, 0.0, 1.0]]}, {"class": "Cookies", "pose": [[0.0011353498120731701, 0.09232091266243542, 0.9957286982313666, -13.562153007337784], [-0.970359732414473, -0.2405289661487215, 0.023407481084659787, 46.44125863041253], [0.24166257550574735, -0.9662415449347438, 0.08931145657781556, 34.8057837442378], [0.0, 0.0, 0.0, 1.0]]}, {"class": "TomatoSauce", "pose": [[0.9548660267674984, 0.15429350148635262, -0.2538197524620257, 10.676605460494425], [0.283908912829055, -0.22284626017613723, 0.9325960420034614, 28.630294576039113], [0.08733077027480957, -0.962565900283442, -0.25659361646139395, 47.71617524429035], [0.0, 0.0, 0.0, 1.0]]}, {"class": "PeasAndCarrots", "pose": [[0.4994247597659824, 0.161473783154262, 0.8511763666256795, 20.028971235952493], [-0.8227550696630528, -0.21935875457549464, 0.5243624091729131, 25.052362716404712], [0.27138377478530945, -0.9621891737963468, 0.023300224170200508, 51.55298309147888], [0.0, 0.0, 0.0, 1.0]]}, {"class": "Ketchup", "pose": [[0.44214344289678215, 0.11293165149376698, 0.889806551116489, 1.3302164336662647], [-0.85201227249154, -0.2571704564601529, 0.4560027937048914, 53.818299806079814], [0.2803291070394318, -0.959744682382719, -0.0174870300099562, 36.77674488697845], [0.0, 0.0, 0.0, 1.0]]}, {"class": "MacaroniAndCheese", "pose": [[0.39769786133766794, 0.9000585126607902, 0.1781324375004257, 26.997926165625703], [0.9090289310208056, -0.36017541287390026, -0.20961912734069713, 38.62237671811521], [-0.12451052422741266, 0.2452926467741445, -0.9614201509377424, 50.24156188829993], [0.0, 0.0, 0.0, 1.0]]}, {"class": "Pineapple", "pose": [[0.7348302321770736, 0.13377770467708136, 0.6649271659553934, 13.95105929685566], [-0.6305277237073466, -0.22649776393265053, 0.7423837663828119, 51.415754805446625], [0.24991893167994195, -0.9647809818132335, -0.08208681108102042, 44.19625649236587], [0.0, 0.0, 0.0, 1.0]]}]}