{"camera": {"camera": "RealSense D415", "extrinsics": [[-0.89578635, 0.42459887, 0.13146345, 0.67315495], [0.40101472, 0.89959025, -0.17298716, -0.13397653], [-0.1917134, -0.10224076, -0.97611105, 0.3094035], [0.0, 0.0, 0.0, 1.0]], "height": 480, "intrinsics": [[604.50507, 0.0, 326.28275], [0.0, 602.9669, 245.73769], [0.0, 0.0, 1.0]], "width": 640}, "objects": [{"class": "OrangeJuice", "pose": [[-0.9891921238782575, 0.12653448965499245, -0.07408120660192193, 10.149884284078182], [0.04817349004390655, -0.19672889302363405, -0.9792737591374714, 37.8666902211186], [-0.1384858653882284, -0.9722586045271923, 0.18850704409649383, 40.35701327806154], [0.0, 0.0, 0.0, 1.0]]}, {"class": "ChocolatePudding", "pose": [[0.8966987891446047, 0.15244595477574477, 0.41556175546570123, -20.92181000365666], [-0.3815726880967022, -0.20962293344576954, 0.900255823252922, 8.275528551037798], [0.2243516682169741, -0.9658252863248596, -0.12979938338548075, 48.457529136101606], [0.0, 0.0, 0.0, 1.0]]}, {"class": "CreamCheese", "pose": [[0.6896396046488211, 0.03472964934561545, 0.7233195195366797, -25.72865872221275], [-0.7038184608461351, -0.2028959236360555, 0.6807884077836517, 19.058536493029013], [0.17040214800320222, -0.9785842485389142, -0.11548164845944917, 45.50075401929672], [0.0, 0.0, 0.0, 1.0]]}, {"class": "Raisins", "pose": [[0.896066905413498, 0.17433996849757175, -0.4082520503237772, -19.960090489598635], [0.43719115745626685, -0.18707277101238248, 0.8796975093839636, -1.5157651791729774], [0.07699364193586195, -0.9667519735557342, -0.24384961634383204, 46.49711631633725], [0.0, 0.0, 0.0, 1.0]]}, {"class": "BBQSauce", "pose": [[0.9881578042381698, 0.12666484241010562, 0.08660387870671446, -8.29178046211051], [-0.0542918464032169, -0.23927528376517343, 0.9694327061853111, -1.41695064236423], [0.14351525461043987, -0.9626543440969477, -0.22956484954989237, 47.04760209448763], [0.0, 0.0, 0.0, 1.0]]}, {"class": "SaladDressing", "pose": [[0.8751988339139208, 0.10239273937226066, -0.47280311782621476, 1.6708733260627273], [0.48294114466714627, -0.12796965122360232, 0.8662514975351289, -6.713594069692571], [0.02819346283786925, -0.986478344163648, -0.16144856708206612, 49.864690840595195], [0.0, 0.0, 0.0, 1.0]]}, {"class": "Mayo", "pose": [[-0.20791619187096227, 0.8114067795969323, 0.546250817270454, -2.5213193597790617], [0.26654777781750033, -0.4903206330895533, 0.8297818970884842, 5.923504327825002], [0.941128665499847, 0.318127060640265, -0.11433303514886656, 51.5050901117476], [0.0, 0.0, 0.0, 1.0]]}, {"class": "Mushrooms", "pose": [[0.9865091411097164, 0.13999514317806397, 0.08485949905666865, 6.6452801013910605], [-0.04646131148784193, -0.25762198110239465, 0.965128125803128, -0.32996474806284426], [0.15697496798641997, -0.9560503670815398, -0.24764205961913008, 54.87287435387904], [0.0, 0.0, 0.0, 1.0]]}, {"class": "Parmesan", "pose": [[0.7370823886487851, 0.09997035447070575, 0.6683678184633305, -11.83630585434602], [-0.6377774036668219, -0.22417041499944118, 0.7368769546128716, 23.791122302964], [0.22349416633420527, -0.9694088841330849, -0.10147318681266433, 44.174255329816006], [0.0, 0.0, 0.0, 1.0]]}, {"class": "Mustard", "pose": [[0.8960392254182511, 0.13102030248251592, 0.4242021299284983, -3.263665919155645], [-0.4083584578564483, -0.13174646181882482, 0.90326423460905, 26.29622449522212], [0.17423311973404632, -0.9825866761242379, -0.06454671606170696, 41.96495948873586], [0.0, 0.0, 0.0, 1.0]]}, {"class": "Milk", "pose": [[0.1541150713607356, -0.9825179042068083, -0.10443741130056095, -3.682488967172892], [-0.1583667272082368, -0.1288970463140356, 0.9789308295244462, 18.098436327751823], [-0.9752787035289917, -0.13432863142858406, -0.17546311260439368, 48.01600142675449], [0.0, 0.0, 0.0, 1.0]]}, {"class": "AlphabetSoup", "pose": [[0.6360719800961849, 0.14001486316478473, 0.7588203571439623, 13.376460493903874], [-0.7396602977556068, -0.16949649056068933, 0.651286128702468, 12.425560711088865], [0.21980714432819923, -0.975534112331363, -0.004248487216733601, 51.45493960807006], [0.0, 0.0, 0.0, 1.0]]}, {"class": "Yogurt", "pose": [[0.7667753848195451, 0.12089417421169511, 0.6304285590478422, 18.613468072454744], [-0.6008017690731344, -0.2106677398655378, 0.7711396601699924, 5.581055071723765], [0.2260372786610266, -0.9700534683243872, -0.08890136056796873, 55.06243413599292], [0.0, 0.0, 0.0, 1.0]]}, {"class": "Cherries", "pose": [[0.1888556069772059, 0.13802811344402158, 0.9722560669900601, -7.8189165118001664], [-0.95815756104056, -0.1909660045135514, 0.21322783863624717, 35.908436018785615], [0.21509928629164948, -0.9718437387054781, 0.09618772915122506, 44.97884841324148], [0.0, 0.0, 0.0, 1.0]]}, {"class": "Cookies", "pose": [[-0.018283774118451408, 0.08233464094359971, 0.9964370379965308, -12.404977545956186], [-0.9791582103993767, -0.20309562330885544, -0.0011851703796416306, 45.326011067478014], [0.20227440374755948, -0.9756911431257752, 0.08433204300843646, 36.41570661794793], [0.0, 0.0, 0.0, 1.0]]}, {"class": "TomatoSauce", "pose": [[0.9611129852060558, 0.14468686004263134, -0.23521820164675447, 11.514101423048773], [0.2599849027095583, -0.1868841834629066, 0.9473553663557591, 26.500805216486846], [0.09311136104713032, -0.9716686890622466, -0.21723321063662127, 48.45378380322764], [0.0, 0.0, 0.0, 1.0]]}, {"class": "PeasAndCarrots", "pose": [[0.4831742790689231, 0.1519414706545671, 0.8622392160695193, 20.807419680717864], [-0.8433956608634391, -0.18356665099369684, 0.5049624557412478, 22.5744496870649], [0.23500311262803628, -0.9711936471587691, 0.039452141096161505, 52.08798262188758], [0.0, 0.0, 0.0, 1.0]]}, {"class": "Ketchup", "pose": [[0.4253294655778523, 0.10261923871059307, 0.8992019782809315, 2.6505821849671873], [-0.8717793046196779, -0.22041653534427294, 0.4375127801701419, 52.302197321187585], [0.24309621875655568, -0.9699927184520324, -0.004288267690848999, 38.595392969545394], [0.0, 0.0, 0.0, 1.0]]}, {"class": "MacaroniAndCheese", "pose": [[0.4163058214816569, 0.8934168613644864, 0.1688070940948227, 28.056655591056696], [0.9047554091548486, -0.38867143514391295, -0.174218836343157, 36.03679061583461], [-0.09003951714958973, 0.22525748248932814, -0.9701298813032857, 51.28462609828581], [0.0, 0.0, 0.0, 1.0]]}, {"class": "Pineapple", "pose": [[0.7225029800768944, 0.12408720249424576, 0.6801410663559315, 15.25457214056123], [-0.6554527445203836, -0.1900105018897923, 0.7309430529807615, 49.33615783832393], [0.21993464792922038, -0.973908827256271, -0.05594981229685244, 45.83756746982041], [0.0, 0.0, 0.0, 1.0]]}]}