{"camera": {"camera": "RealSense D415", "extrinsics": [[-0.8702824, 0.48343801, 0.09431987, 0.6881757], [0.4698483, 0.8722719, -0.13558857, -0.13674697], [-0.14782125, -0.07368432, -0.9862654, 0.2698702], [0.0, 0.0, 0.0, 1.0]], "height": 480, "intrinsics": [[604.50507, 0.0, 326.28275], [0.0, 602.9669, 245.73769], [0.0, 0.0, 1.0]], "width": 640}, "objects": [{"class": "OrangeJuice", "pose": [[-0.9866343829545655, 0.08785006520355514, -0.13724064806871447, 15.61483801341753], [0.12210818688135609, -0.15909244784515783, -0.9796832132672849, 40.87836571172567], [-0.10789922875959183, -0.983347317529742, 0.14623884927564934, 40.33040946528128], [0.0, 0.0, 0.0, 1.0]]}, {"class": "ChocolatePudding", "pose": [[0.8733726011452919, 0.11295624858382258, 0.47377338521839985, -17.225243885586284], [-0.4520665475203217, -0.1740147566985072, 0.8748455381875962, 13.132591887663128], [0.18126286448792225, -0.9782431890961727, -0.10091594741121522, 47.97281636497226], [0.0, 0.0, 0.0, 1.0]]}, {"class": "CreamCheese", "pose": [[0.6430912104055629, -0.004292159559266251, 0.7657775835920979, -21.34352579005784], [-0.7565215770930932, -0.1586673127175111, 0.6344287208899929, 24.345701966693976], [0.11878082461187936, -0.9873227718470903, -0.10528462088083748, 45.64311955931425], [0.0, 0.0, 0.0, 1.0]]}, {"class": "Raisins", "pose": [[0.925979585832348, 0.13633577621333098, -0.3520999826935367, -16.997180655163834], [0.37083502811510594, -0.15299503358019406, 0.9160097795576169, 3.4012282300098007], [0.0710154011050604, -0.9787773292250549, -0.19222836444780275, 45.54668749398482], [0.0, 0.0, 0.0, 1.0]]}, {"class": "BBQSauce", "pose": [[0.9853046646091833, 0.08526299261074471, 0.14800329407540957, -5.340081458606427], [-0.1283707191673353, -0.20195184403510805, 0.9709461497806202, 2.676433273785017], [0.11267535625948251, -0.9756770286210175, -0.18803880293807043, 45.76796930028419], [0.0, 0.0, 0.0, 1.0]]}, {"class": "SaladDressing", "pose": [[0.9071151482165923, 0.06819866372055519, -0.4153204608605919, 4.298068917392984], [0.42014289258267506, -0.08825289737307798, 0.9031563488898569, -3.4150042878572124], [0.02494086834478811, -0.9937607134400598, -0.10870873473019367, 48.058238876699065], [0.0, 0.0, 0.0, 1.0]]}, {"class": "Mayo", "pose": [[-0.16493919026870654, 0.7831250048250322, 0.599591798974957, 1.0383132784635318], [0.23569317417977628, -0.5590099831120469, 0.7949569680483731, 9.38816162426805], [0.957728446599608, 0.2724392791936827, -0.092374526919768, 50.38516315023658], [0.0, 0.0, 0.0, 1.0]]}, {"class": "Mushrooms", "pose": [[0.9845466262162564, 0.0974474695692221, 0.14550589866898944, 9.82997636942854], [-0.12108583290964729, -0.221456215557947, 0.9676235736493092, 2.371763795081161], [0.126515697722315, -0.9702891963745546, -0.20623444214286574, 53.204952374349865], [0.0, 0.0, 0.0, 1.0]]}, {"class": "Parmesan", "pose": [[0.6963450481608334, 0.0595216314914226, 0.7152347756878273, -7.193638625618226], [-0.6964406464872827, -0.18475773332073758, 0.6934226853233839, 28.174779803629846], [0.17341882948521764, -0.9809799926137577, -0.08720180714190476, 44.13537761294991], [0.0, 0.0, 0.0, 1.0]]}, {"class": "Mustard", "pose": [[0.8695804312843517, 0.09658346573022698, 0.48425359342144764, 1.473767047797403], [-0.47636407368663986, -0.09415575486085105, 0.8741921858205903, 30.189015586416613], [0.13002780883792592, -0.9908613995563146, -0.035867078155728906, 41.79751289761812], [0.0, 0.0, 0.0, 1.0]]}, {"class": "Milk", "pose": [[0.11794773634055414, -0.9921943665498391, -0.04048092817155549, 0.6390600042711414], [-0.12260557690957068, -0.05500410332768838, 0.9909300862070538, 21.76421888590654], [-0.9854218327767599, -0.11191481830862293, -0.1281361636196496, 47.4826086224704], [0.0, 0.0, 0.0, 1.0]]}, {"class": "AlphabetSoup", "pose": [[0.5884291393416153, 0.10310532079766904, 0.8019479259051818, 17.343603866951153], [-0.7908966046767043, -0.13272140600716167, 0.5973839667423905, 14.783692015469727], [0.16802914005941916, -0.9857759923543279, 0.003448548398061514, 50.17445256688756], [0.0, 0.0, 0.0, 1.0]]}, {"class": "Yogurt", "pose": [[0.7285938858580165, 0.08131122116762314, 0.6801025436427034, 22.18141630992749], [-0.6617408652923349, -0.17270128748126065, 0.7295706320343492, 7.435607237372696], [0.17677688962593638, -0.9816123161958605, -0.07202210413547902, 53.31908954194638], [0.0, 0.0, 0.0, 1.0]]}, {"class": "Cherries", "pose": [[0.12711760919619433, 0.09972364833899491, 0.9868618659472718, -2.323713649658965], [-0.9778569711015547, -0.15415436154584924, 0.14153512464054427, 39.93808901766389], [0.16624345449153305, -0.9830013294064714, 0.07791977747114137, 45.370067930636004], [0.0, 0.0, 0.0, 1.0]]}, {"class": "Cookies", "pose": [[-0.0812393824848489, 0.043241552232079754, 0.9957561779676634, -6.458953667337486], [-0.9840272300412187, -0.1622555028208277, -0.07323644560120306, 50.038362039029614], [0.15840004643469963, -0.9858008475500785, 0.05573244796663972, 37.37417255338769], [0.0, 0.0, 0.0, 1.0]]}, {"class": "TomatoSauce", "pose": [[0.978924935543602, 0.10665257636081268, -0.17415864489965202, 16.389687496050165], [0.18903713238775563, -0.15054987799898584, 0.9703606089674265, 29.078555019558785], [0.07727194280923183, -0.9828326146574398, -0.1675383237275241, 47.86474375353931], [0.0, 0.0, 0.0, 1.0]]}, {"class": "PeasAndCarrots", "pose": [[0.42911822636472174, 0.11413015501362571, 0.8960088674700092, 25.476405022624398], [-0.8845382965605213, -0.1477618480091626, 0.44244598858307965, 24.360104498721782], [0.18289236479518328, -0.9824157621052968, 0.037545236235985414, 51.05178317976116], [0.0, 0.0, 0.0, 1.0]]}, {"class": "Ketchup", "pose": [[0.36966238243771393, 0.06240965060155419, 0.9270678473493681, 9.095950139131004], [-0.9092506060465732, -0.18117041857250174, 0.3747540919866425, 55.8593522142696], [0.1913455480307347, -0.9814694621777859, -0.010225828014674565, 39.43551163872068], [0.0, 0.0, 0.0, 1.0]]}, {"class": "MacaroniAndCheese", "pose": [[0.4758364613412662, 0.8696286903629418, 0.13162688943595002, 33.62213073039108], [0.8774137133824442, -0.45895905773996004, -0.13964875047564174, 37.31836440986449], [-0.061031175914707324, 0.18194123889398614, -0.9814135584214795, 50.64920310645], [0.0, 0.0, 0.0, 1.0]]}, {"class": "Pineapple", "pose": [[0.6804855184372611, 0.08583515573492444, 0.7277168544865924, 21.64253654469008], [-0.7128917857277927, -0.15215251391431872, 0.6845691557278357, 51.70240711127877], [0.16948407214548902, -0.9846227329685666, -0.04234636357250128, 46.17420711198118], [0.0, 0.0, 0.0, 1.0]]}]}