{"camera": {"camera": "RealSense D415", "extrinsics": [[-0.88101846, 0.46863043, 0.06474526, 0.7251545], [0.45654064, 0.8780873, -0.14329472, -0.117582574], [-0.12400426, -0.096686445, -0.98756, 0.24957627], [0.0, 0.0, 0.0, 1.0]], "height": 480, "intrinsics": [[604.50507, 0.0, 326.28275], [0.0, 602.9669, 245.73769], [0.0, 0.0, 1.0]], "width": 640}, "objects": [{"class": "OrangeJuice", "pose": [[-0.991177541991167, 0.0587001903810745, -0.11883332568749067, 19.008779111544925], [0.10762229213777802, -0.16685717022768423, -0.9800899075715613, 42.18231296678377], [-0.07735969983855454, -0.9842322400742277, 0.15906760035397394, 39.520054306602724], [0.0, 0.0, 0.0, 1.0]]}, {"class": "ChocolatePudding", "pose": [[0.8849237261201758, 0.08416191769043269, 0.458068512291151, -13.18099350964368], [-0.43841343774998426, -0.1813877163572344, 0.8802796452832242, 14.061340007188322], [0.15717405484087274, -0.9798037537758769, -0.12361653455179154, 48.44949240323867], [0.0, 0.0, 0.0, 1.0]]}, {"class": "CreamCheese", "pose": [[0.6570390550413484, -0.03351885892333435, 0.7531109862691062, -17.527407522383932], [-0.74654537204621, -0.1677276364326154, 0.6438459034568182, 25.195363833346512], [0.10473655606599637, -0.9852634493212552, -0.13522690670880888, 46.15520086012847], [0.0, 0.0, 0.0, 1.0]]}, {"class": "Raisins", "pose": [[0.9225079540340949, 0.10721706190196473, -0.3707877664828158, -12.894573797447585], [0.384088337445785, -0.16005621080630497, 0.9093174684154444, 4.312235516241958], [0.03814751579714547, -0.9812678713486178, -0.18883394488405755, 46.10204959454458], [0.0, 0.0, 0.0, 1.0]]}, {"class": "BBQSauce", "pose": [[0.9900880965959121, 0.05695686728580923, 0.12838016840792643, -1.2273643142863166], [-0.11385850136443734, -0.20967603225803483, 0.9711190983131699, 3.7488662733579647], [0.08223018901428436, -0.9761106540144462, -0.2011126902440064, 45.95684020155909], [0.0, 0.0, 0.0, 1.0]]}, {"class": "SaladDressing", "pose": [[0.9014997354668135, 0.037740787449246284, -0.4311308981137396, 8.562874859736525], [0.4327106660785989, -0.09639091352785584, 0.8963650881176152, -2.1891029979230705], [-0.007727523823548061, -0.9946278467019974, -0.10322722016758709, 47.99070818912327], [0.0, 0.0, 0.0, 1.0]]}, {"class": "Mayo", "pose": [[-0.13762720228871048, 0.7991262691797022, 0.5851973602892365, 5.200583016444327], [0.24215992029359024, -0.5457424874909466, 0.8021993581994501, 10.589051102847288], [0.9604256611418839, 0.2521158246318814, -0.11840729467975775, 50.30920404193402], [0.0, 0.0, 0.0, 1.0]]}, {"class": "Mushrooms", "pose": [[0.9896696548803366, 0.06957765824899866, 0.12535116702288182, 14.174613793355462], [-0.10645847232272929, -0.2289620168193913, 0.9675965525309196, 3.7195177251394402], [0.09602380178574342, -0.9709456606548903, -0.21918959963709028, 52.907408451089644], [0.0, 0.0, 0.0, 1.0]]}, {"class": "Parmesan", "pose": [[0.7111625613516782, 0.030822321109474204, 0.7023516122609285, -3.4875097950715417], [-0.6852454590579581, -0.1928844886668097, 0.7023064393960855, 29.203517002906132], [0.15711946169467594, -0.9807373208646762, -0.11605132167697245, 44.162612617573735], [0.0, 0.0, 0.0, 1.0]]}, {"class": "Mustard", "pose": [[0.8798411553166585, 0.06628310885986352, 0.47062307878311105, 5.072102812518087], [-0.4632277400100161, -0.10187857109548384, 0.8803640824010065, 31.314563456287743], [0.1062997036661573, -0.9925862341594259, -0.058932739633510624, 41.531416531699314], [0.0, 0.0, 0.0, 1.0]]}, {"class": "Milk", "pose": [[0.08820458497759415, -0.9943912278830125, -0.058361189934944505, 4.536481738028153], [-0.12998287407051654, -0.06957875011024588, 0.9890719639775849, 22.931453780321775], [-0.9875852007121574, -0.07965477534776731, -0.135390971418487, 47.31335740560992], [0.0, 0.0, 0.0, 1.0]]}, {"class": "AlphabetSoup", "pose": [[0.6044579725314142, 0.07350098630683592, 0.7932390281923295, 21.414033994362647], [-0.7812126868840628, -0.14030340904022756, 0.6082941650288012, 16.204754375945363], [0.15600436885317726, -0.9873766685449933, -0.027387558392978115, 49.53040221166624], [0.0, 0.0, 0.0, 1.0]]}, {"class": "Yogurt", "pose": [[0.7430147614338363, 0.05241040475705673, 0.6672197577687583, 26.45157718219371], [-0.6500789653372118, -0.18053767473854015, 0.738108113199629, 8.952514450187843], [0.15914286656230192, -0.982170773726305, -0.10007120616453029, 52.582564608896945], [0.0, 0.0, 0.0, 1.0]]}, {"class": "Cherries", "pose": [[0.14597669610499756, 0.07050872391596541, 0.9867721699756169, 1.2546863854839274], [-0.9744683802773777, -0.16175432515252539, 0.15571452751444423, 41.0430729393519], [0.17059388096869907, -0.9843089894263517, 0.04509620996854642, 45.138615397771154], [0.0, 0.0, 0.0, 1.0]]}, {"class": "Cookies", "pose": [[-0.06241802604777494, 0.014084638507719035, 0.9979507023770181, -3.27359947809166], [-0.9835568854345546, -0.17065183892745778, -0.05910924572322502, 51.0123951430004], [0.16946956234576394, -0.9852307888978219, 0.024504838075937046, 37.19145752594709], [0.0, 0.0, 0.0, 1.0]]}, {"class": "TomatoSauce", "pose": [[0.9781567266871993, 0.07738855094561872, -0.19292594851781406, 20.187716604262796], [0.20309573114241028, -0.1580540962286836, 0.9663183360580901, 30.46354154247678], [0.044289290237620224, -0.9843932356767102, -0.1703189460019082, 47.128118111591164], [0.0, 0.0, 0.0, 1.0]]}, {"class": "PeasAndCarrots", "pose": [[0.447023079194146, 0.08483598920662148, 0.8904904339719181, 29.436261372760104], [-0.8768830301325737, -0.15516044499296852, 0.4549741615961417, 25.89903349679905], [0.17676707349260784, -0.9842399188630337, 0.005030992781154363, 50.06395030575235], [0.0, 0.0, 0.0, 1.0]]}, {"class": "Ketchup", "pose": [[0.38821713870695046, 0.033642961062745246, 0.9209536338912478, 12.25633988139746], [-0.9023272689976525, -0.18926266426036048, 0.3872792835736496, 57.06401013175868], [0.1873313555010228, -0.981350054078135, -0.04311799682274147, 38.70374705711943], [0.0, 0.0, 0.0, 1.0]]}, {"class": "MacaroniAndCheese", "pose": [[0.4613647047160093, 0.8812998373261511, 0.1022408791217384, 37.38346606466914], [0.8832401727884154, -0.4453499812695985, -0.1468001747303817, 38.96318271293046], [-0.08384195194655429, 0.158031701072171, -0.9838682003159995, 49.28846112131401], [0.0, 0.0, 0.0, 1.0]]}, {"class": "Pineapple", "pose": [[0.6954168151144681, 0.05654906553525088, 0.7163781458388553, 25.067936197490216], [-0.7019470710249598, -0.15995736557179002, 0.6940346177416691, 53.140672531922164], [0.1538369843034554, -0.9855029042548534, -0.07154253985345813, 45.07379053426758], [0.0, 0.0, 0.0, 1.0]]}]}