{"camera": {"camera": "RealSense D415", "extrinsics": [[-0.8946257, 0.44653633, 0.015816988, 0.755689], [0.4436579, 0.8919466, -0.08717195, -0.10815919], [-0.053033352, -0.07096893, -0.9960677, 0.17768736], [0.0, 0.0, 0.0, 1.0]], "height": 480, "intrinsics": [[604.50507, 0.0, 326.28275], [0.0, 602.9669, 245.73769], [0.0, 0.0, 1.0]], "width": 640}, "objects": [{"class": "OrangeJuice", "pose": [[-0.9956931915534825, 0.010393009367851579, -0.09212551194531787, 21.90023520096669], [0.09041222843746664, -0.11100649556611866, -0.9896985711912899, 41.0774340454832], [-0.020512516333703507, -0.9937653562235099, 0.10958872299101234, 38.05094186534326], [0.0, 0.0, 0.0, 1.0]]}, {"class": "ChocolatePudding", "pose": [[0.8999173589993745, 0.036316895579969866, 0.434545609076759, -9.251465434464345], [-0.4273084931232728, -0.12520898317914264, 0.8953939005616148, 11.821783567707637], [0.08692696457234195, -0.9914654973804535, -0.09715917402669559, 47.01664759061216], [0.0, 0.0, 0.0, 1.0]]}, {"class": "CreamCheese", "pose": [[0.675379678039024, -0.08172219018568963, 0.7329282573513087, -13.917956481091565], [-0.736901787946585, -0.11379927363694949, 0.6663524256486277, 22.969494160785807], [0.02895093306637856, -0.990136988545123, -0.137078890251428, 45.57651315803823], [0.0, 0.0, 0.0, 1.0]]}, {"class": "Raisins", "pose": [[0.9159376432327343, 0.058863537397603194, -0.3969803193801596, -8.906538690637888], [0.4011242839575131, -0.10333893013690784, 0.910176053994343, 2.2254316436388826], [0.012552709394120082, -0.9929029083144817, -0.11826359926322651, 44.113439884944775], [0.0, 0.0, 0.0, 1.0]]}, {"class": "BBQSauce", "pose": [[0.9949753833610473, 0.00987234618254149, 0.0996322216316471, 2.745685748747584], [-0.09692959025252831, -0.15423574515710192, 0.9832680531657132, 1.9216555116789145], [0.025074051722707293, -0.9879847743015671, -0.15250381123654227, 43.34166146078834], [0.0, 0.0, 0.0, 1.0]]}, {"class": "SaladDressing", "pose": [[0.8916651185332848, -0.012387097907291587, -0.45252616774871, 12.737418786359466], [0.4517409004138119, -0.04054051205213421, 0.8912276368598865, -3.9078219284044855], [-0.02938531563016159, -0.9991011282866818, -0.03055279765887733, 44.536380732757074], [0.0, 0.0, 0.0, 1.0]]}, {"class": "Mayo", "pose": [[-0.09184108299967858, 0.8211985422153485, 0.5632035387297406, 9.263482416734414], [0.18579527632529752, -0.5415297591059212, 0.8198937188592628, 8.647798688290171], [0.9782869568168507, 0.17994049742011095, -0.10284008106478491, 47.73791290851196], [0.0, 0.0, 0.0, 1.0]]}, {"class": "Mushrooms", "pose": [[0.9951391731750182, 0.023101851822860033, 0.09573080358883938, 18.48701370885568], [-0.0903124812234777, -0.1735017656424182, 0.9806838777002529, 1.8397272916882992], [0.03926511572957743, -0.9845625854128169, -0.17057198144817168, 49.48463156127062], [0.0, 0.0, 0.0, 1.0]]}, {"class": "Parmesan", "pose": [[0.7310113108467426, -0.01677571908198015, 0.6821591419634289, -0.07804857174392721], [-0.6774367102819884, -0.137779743781648, 0.7225623299707546, 27.382098689502936], [0.08186621985272591, -0.9903208373844119, -0.11208298645400237, 43.09854931966005], [0.0, 0.0, 0.0, 1.0]]}, {"class": "Mustard", "pose": [[0.8926514204492001, 0.016319986254078284, 0.4504521682926602, 8.291969117838882], [-0.44938184928711905, -0.045518128131131826, 0.8921794261636538, 29.818445667497812], [0.03506412105284215, -0.9988302127116295, -0.033297873091434046, 40.1568325690208], [0.0, 0.0, 0.0, 1.0]]}, {"class": "Milk", "pose": [[0.038991399242248856, -0.9957253907899841, -0.08372976306030157, 8.214597739732044], [-0.07337819042740186, -0.0864204306061119, 0.9935528296323434, 21.11956206702698], [-0.9965416938075585, -0.03259611992118728, -0.07643415618968279, 45.47826958294794], [0.0, 0.0, 0.0, 1.0]]}, {"class": "AlphabetSoup", "pose": [[0.626197369050316, 0.02451320260916845, 0.7792791631971002, 25.306997772032467], [-0.775465958378432, -0.08400793949118168, 0.6257757493109233, 14.64485742473336], [0.0808054083614955, -0.9961635439437164, -0.03359634593538237, 46.44967483695619], [0.0, 0.0, 0.0, 1.0]]}, {"class": "Yogurt", "pose": [[0.7622660141839509, 0.004474841056125395, 0.6472484497613773, 30.630868288918258], [-0.6417593833245598, -0.1249118259199391, 0.7566650544244868, 7.345157301599227], [0.08423495436813659, -0.9921577761281766, -0.09234421743766129, 48.82839388135363], [0.0, 0.0, 0.0, 1.0]]}, {"class": "Cherries", "pose": [[0.17277484127307238, 0.0220845099474662, 0.9847137578729734, 4.4875315925091535], [-0.9790350513037993, -0.10565473675559352, 0.17414798260862518, 39.24890109535246], [0.10788562373047991, -0.9941576282252673, 0.003367075433994433, 44.49517488598038], [0.0, 0.0, 0.0, 1.0]]}, {"class": "Cookies", "pose": [[-0.03518984881935777, -0.03413560001516578, 0.998797522850625, -0.6336453114129559], [-0.9925215978904247, -0.11569769710151799, -0.03892294353495918, 49.541898705981396], [0.1168871995969607, -0.9926977622962976, -0.029808892389467767, 37.362305748642946], [0.0, 0.0, 0.0, 1.0]]}, {"class": "TomatoSauce", "pose": [[0.9751880837301116, 0.028880562794125902, -0.21948615160040522, 23.692061527356202], [0.22130555214996178, -0.10180858169571205, 0.969875734415337, 28.984823435026065], [0.005665030377299449, -0.9943847161850955, -0.10567392493654011, 44.918274240974846], [0.0, 0.0, 0.0, 1.0]]}, {"class": "PeasAndCarrots", "pose": [[0.4718661781608026, 0.036270747335704255, 0.8809238327440664, 33.16441353249382], [-0.8754953881860646, -0.09876850387622017, 0.47302503404573254, 24.4650047576367], [0.10416449408911037, -0.9944492208192319, -0.014850594141798354, 47.11718732094686], [0.0, 0.0, 0.0, 1.0]]}, {"class": "Ketchup", "pose": [[0.41417458277697544, -0.01405872662285842, 0.9100889096610997, 14.838762726640564], [-0.9027408644389184, -0.13406988591022242, 0.4087594308282987, 55.83303095325939], [0.11626886906279084, -0.9908721718715721, -0.06821967355942407, 38.41792422902788], [0.0, 0.0, 0.0, 1.0]]}, {"class": "MacaroniAndCheese", "pose": [[0.43985564801694804, 0.8964727793313165, 0.05351281273156681, 40.81597920524748], [0.8962257848509164, -0.4343580200926713, -0.09006957242329286, 37.719716119292315], [-0.0575011566860833, 0.08757719630622202, -0.9944968006132981, 46.672662555782296], [0.0, 0.0, 0.0, 1.0]]}, {"class": "Pineapple", "pose": [[0.7154292311585005, 0.008050579364674295, 0.698638862128867, 28.03584573513745], [-0.6942661394035837, -0.10409489669020626, 0.7121508653983929, 51.84033174289671], [0.07845797703835021, -0.9945348060082044, -0.0688832362803507, 43.8953684612569], [0.0, 0.0, 0.0, 1.0]]}]}