{"camera": {"camera": "RealSense D415", "extrinsics": [[-0.8908477, 0.45191252, 0.046534628, 0.74285394], [0.44689858, 0.8901375, -0.089089215, -0.10459023], [-0.08168275, -0.05856866, -0.994936, 0.17793998], [0.0, 0.0, 0.0, 1.0]], "height": 480, "intrinsics": [[604.50507, 0.0, 326.28275], [0.0, 602.9669, 245.73769], [0.0, 0.0, 1.0]], "width": 640}, "objects": [{"class": "OrangeJuice", "pose": [[-0.9942193940118083, 0.04095112014420852, -0.09925151634063734, 20.20770158264974], [0.094094410868674, -0.11289898429970555, -0.9891411002233453, 41.6723069989719], [-0.05171186970818418, -0.9927622473744343, 0.10839305848381567, 36.30186929647681], [0.0, 0.0, 0.0, 1.0]]}, {"class": "ChocolatePudding", "pose": [[0.8951420124138847, 0.06673662959189663, 0.44075737208641547, -11.319156301825862], [-0.4305058387186755, -0.1271939423617034, 0.8935807063826385, 12.55006915019892], [0.11569625693826285, -0.989630222396247, -0.08512609152639282, 44.342879829345286], [0.0, 0.0, 0.0, 1.0]]}, {"class": "CreamCheese", "pose": [[0.6713482288904409, -0.05124235536160489, 0.7393685398695652, -15.896152402195018], [-0.7393654510694736, -0.11534069980477059, 0.6633515717152244, 23.712435017938], [0.05128759806984981, -0.9920034299271322, -0.11532055196347941, 42.73842574413006], [0.0, 0.0, 0.0, 1.0]]}, {"class": "Raisins", "pose": [[0.9166161123914511, 0.08939993258930751, -0.3896442168486522, -10.920286997279494], [0.39772102705508844, -0.10541102762447502, 0.911431047779851, 2.947093827985567], [0.04040912327935477, -0.9904020488596614, -0.1321776712554337, 41.46862751625788], [0.0, 0.0, 0.0, 1.0]]}, {"class": "BBQSauce", "pose": [[0.9933349920869123, 0.040086483819525315, 0.10806816588094127, 0.7490992244899353], [-0.10060052007811317, -0.1561151223381769, 0.982602492822519, 2.5983315783499523], [0.05626019182757038, -0.9869251234722121, -0.15104186135974032, 41.061138022400556], [0.0, 0.0, 0.0, 1.0]]}, {"class": "SaladDressing", "pose": [[0.8938551624540823, 0.01861594124486849, -0.4479692583782402, 10.676537500797856], [0.4483496493578604, -0.042358437009764716, 0.8928540808544583, -3.266207892696621], [-0.002353910618823494, -0.9989290577393207, -0.04620875584744972, 42.57706677656723], [0.0, 0.0, 0.0, 1.0]]}, {"class": "Mayo", "pose": [[-0.1215926864751683, 0.8131286664447175, 0.5692425243846228, 7.152127518615014], [0.18796262509107498, -0.5442583205104132, 0.8175897425284498, 9.308261223239619], [0.9746206053311981, 0.20640926807160315, -0.0866599222600963, 45.646742905710255], [0.0, 0.0, 0.0, 1.0]]}, {"class": "Mushrooms", "pose": [[0.9930813447376826, 0.05312967337471022, 0.10472221210079101, 16.290819916949985], [-0.09395759689804398, -0.17542403114877173, 0.9799992011447456, 2.4690375525843136], [0.07043786770844478, -0.9830583422568306, -0.16921836460642004, 47.69215628477552], [0.0, 0.0, 0.0, 1.0]]}, {"class": "Parmesan", "pose": [[0.7255281745706669, 0.013586830560685506, 0.6880583747805592, -1.9690727977580091], [-0.6800100545024059, -0.13956403125525943, 0.7197973755989242, 28.068651919171682], [0.10580797761852362, -0.9901198599116111, -0.09201840733801098, 40.685559398737546], [0.0, 0.0, 0.0, 1.0]]}, {"class": "Mustard", "pose": [[0.889412937762957, 0.04728153178185209, 0.4546527730679935, 6.497777186615439], [-0.4526486358168175, -0.047442792425043435, 0.8904259929403263, 30.468205946943062], [0.06367072748869967, -0.9977543230124638, -0.020794272748262236, 38.00204092014578], [0.0, 0.0, 0.0, 1.0]]}, {"class": "Milk", "pose": [[0.06976471354196327, -0.9945456752771193, -0.0775360928740744, 6.22152728538643], [-0.07538307139661592, -0.08275913414480533, 0.9937144324332291, 21.77961864011071], [-0.9947111781899864, -0.06348133577417336, -0.08074555344009542, 43.33368133810123], [0.0, 0.0, 0.0, 1.0]]}, {"class": "AlphabetSoup", "pose": [[0.6204271264227974, 0.05524154374100578, 0.7823161853177083, 23.250644148059184], [-0.7776486996343047, -0.08595791179544211, 0.622795144747068, 15.242903166789779], [0.10165043650620435, -0.9947661341110676, -0.01037205823115997, 44.848971674077134], [0.0, 0.0, 0.0, 1.0]]}, {"class": "Yogurt", "pose": [[0.7568289525359049, 0.03493299672974395, 0.6526788517403314, 28.47002967713001], [-0.6444454283115499, -0.1267790747685601, 0.7540671131224679, 7.927808932376476], [0.10908785906973628, -0.9913156952968694, -0.07343761753896626, 47.40532374941857], [0.0, 0.0, 0.0, 1.0]]}, {"class": "Cherries", "pose": [[0.16561169737370474, 0.05266938597993477, 0.984783612089319, 2.595728856216184], [-0.9794708771811137, -0.10759169954540763, 0.17047252537188784, 39.92089394624428], [0.11493320720681556, -0.9927990811942328, 0.03376973007254747, 42.203130972761606], [0.0, 0.0, 0.0, 1.0]]}, {"class": "Cookies", "pose": [[-0.04258221072574614, -0.003606603354530108, 0.9990864872012543, -2.26147893227725], [-0.9921632699576308, -0.11742173346666965, -0.04271109013293567, 50.21962954312288], [0.11746848146388626, -0.9930756198878109, 0.0014217788648345242, 34.89603482067698], [0.0, 0.0, 0.0, 1.0]]}, {"class": "TomatoSauce", "pose": [[0.9753698918192312, 0.059483757317940214, -0.21240366737434632, 21.738653316695423], [0.21766957230325806, -0.10377140111387533, 0.9704903443970265, 29.58592151223004], [0.03568703092681069, -0.992820845830091, -0.11416328795625297, 43.242877761363644], [0.0, 0.0, 0.0, 1.0]]}, {"class": "PeasAndCarrots", "pose": [[0.4650642895622292, 0.06688384006518296, 0.8827467471921401, 31.120625747574433], [-0.8770568720529379, -0.10075908993777648, 0.4697008664493892, 25.034844550099884], [0.12036015275906192, -0.9926601684651639, 0.011801524420961537, 45.74402284089514], [0.0, 0.0, 0.0, 1.0]]}, {"class": "Ketchup", "pose": [[0.4069203971496462, 0.01633374653342117, 0.9133176119368032, 13.194249251875235], [-0.9040639068201971, -0.13586538907161325, 0.40522722440761455, 56.45485108232631], [0.13070712430859718, -0.990592682290443, -0.04051959841523777, 36.42265197140711], [0.0, 0.0, 0.0, 1.0]]}, {"class": "MacaroniAndCheese", "pose": [[0.4448314596426113, 0.8916521150161489, 0.08415188331607448, 38.832560449810465], [0.8944667497679567, -0.4375412170113331, -0.0921247629004716, 38.26001395184144], [-0.04532328201135138, 0.11625107852970827, -0.9921852343471605, 45.51515339784312], [0.0, 0.0, 0.0, 1.0]]}, {"class": "Pineapple", "pose": [[0.709996201626366, 0.0386600568266554, 0.703143552091948, 26.198894233966], [-0.6967874615653631, -0.105980127307096, 0.7094050330981224, 52.42308692368315], [0.10194489326503321, -0.9936164587678988, -0.04830759785843093, 42.3159645612813], [0.0, 0.0, 0.0, 1.0]]}]}