{"camera": {"camera": "RealSense D415", "extrinsics": [[-0.87426394, 0.47366977, 0.106299266, 0.6984735], [0.46961528, 0.8806921, -0.061990634, -0.12305368], [-0.12298002, -0.0042764144, -0.99239993, 0.18820205], [0.0, 0.0, 0.0, 1.0]], "height": 480, "intrinsics": [[604.50507, 0.0, 326.28275], [0.0, 602.9669, 245.73769], [0.0, 0.0, 1.0]], "width": 640}, "objects": [{"class": "OrangeJuice", "pose": [[-0.9868422554887789, 0.10008203840696296, -0.1269881975684789, 15.855716953977005], [0.11860317614531536, -0.08571610662659876, -0.9892350674936841, 40.524955308747614], [-0.10988963612802655, -0.9912801717941159, 0.07271820677427204, 35.50774693481554], [0.0, 0.0, 0.0, 1.0]]}, {"class": "ChocolatePudding", "pose": [[0.8767887342320138, 0.12531069679998055, 0.46426156285319437, -16.72709631089685], [-0.4542946866533384, -0.1006893857017276, 0.8851429084457302, 11.927784701414582], [0.157664116406685, -0.9869948937117672, -0.0313553010124998, 40.72956488736372], [0.0, 0.0, 0.0, 1.0]]}, {"class": "CreamCheese", "pose": [[0.6508513416704573, 0.00798821070245654, 0.7591632060941205, -20.955108268680934], [-0.7559249909893279, -0.08603463390318371, 0.6489803023614379, 23.234411851428614], [0.07049853500869532, -0.9962601471662532, -0.04995722617291612, 39.17854353629911], [0.0, 0.0, 0.0, 1.0]]}, {"class": "Raisins", "pose": [[0.9206597217299566, 0.14844029477412915, -0.361041839158641, -16.356644210252814], [0.3750061404317991, -0.07942604647629938, 0.9236134910587893, 2.403207278803221], [0.1084253787176527, -0.9857266471408905, -0.1287903842812067, 37.6018274365304], [0.0, 0.0, 0.0, 1.0]]}, {"class": "BBQSauce", "pose": [[0.9855377737124061, 0.09792968639639021, 0.13829362624453956, -4.694645982832979], [-0.12521292223485983, -0.12904817762593482, 0.9837013139378467, 1.7949456922250195], [0.11418014171104154, -0.9867909558147113, -0.11491976974447922, 37.90194929247044], [0.0, 0.0, 0.0, 1.0]]}, {"class": "SaladDressing", "pose": [[0.9016893099198221, 0.0796913726643926, -0.42497732580780395, 4.9914058564554775], [0.4273385609267221, -0.0145293408470287, 0.9039749087700665, -4.339270522223118], [0.06586440649324053, -0.9967137132181102, -0.0471561507892211, 39.850457474123644], [0.0, 0.0, 0.0, 1.0]]}, {"class": "Mayo", "pose": [[-0.17781257809142065, 0.7868796690346403, 0.5909341143342327, 1.5537804231020802], [0.16311669752732524, -0.5686284926529231, 0.806259612914636, 8.221938795648612], [0.9704512729796848, 0.23975434654777647, -0.027243876386225486, 43.069213764497896], [0.0, 0.0, 0.0, 1.0]]}, {"class": "Mushrooms", "pose": [[0.9845468858247204, 0.11029035958678832, 0.1360276447882132, 10.399003288981456], [-0.11896926653632642, -0.14875662584457522, 0.9816912768143357, 1.1170601347159415], [0.12850613761568053, -0.9827042021551619, -0.13333668804449975, 45.468614698946546], [0.0, 0.0, 0.0, 1.0]]}, {"class": "Parmesan", "pose": [[0.7028024340053529, 0.07204072329609729, 0.7077280034693384, -6.837190832344342], [-0.6994096917767824, -0.11180190432829631, 0.7059223755651115, 27.32200314971039], [0.12998051565202426, -0.9911157931698069, -0.02818862886362138, 38.115324734505414], [0.0, 0.0, 0.0, 1.0]]}, {"class": "Mustard", "pose": [[0.8738272988513177, 0.10811302335870437, 0.47406484779406943, 1.829471514634906], [-0.47481904715068135, -0.0203098128861032, 0.8798490592423582, 29.598987594166264], [0.10475133968223228, -0.9939311477425601, 0.03358688879491939, 36.02942342305358], [0.0, 0.0, 0.0, 1.0]]}, {"class": "Milk", "pose": [[0.12975926185033582, -0.9902312391570024, -0.05103607462579379, 1.03636867106498], [-0.048839999407701465, -0.05779167299491651, 0.9971332709705955, 20.77194958083227], [-0.9903419757918702, -0.12689471879317638, -0.055861883642114134, 41.07408738535108], [0.0, 0.0, 0.0, 1.0]]}, {"class": "AlphabetSoup", "pose": [[0.5960918388130244, 0.11504400517605944, 0.7946316445530746, 17.79437762455176], [-0.7944223965921101, -0.059068617994071565, 0.6044865070845937, 13.800950037822085], [0.11648035432320507, -0.9916026509574957, 0.05618325718394057, 43.43837934540574], [0.0, 0.0, 0.0, 1.0]]}, {"class": "Yogurt", "pose": [[0.7345949452800568, 0.09368931612515735, 0.6720064228596027, 22.686825856010728], [-0.6646891634606521, -0.09948789582705601, 0.7404663784724463, 6.297181231340379], [0.1362303141574397, -0.9906182493393868, -0.010808991503631139, 46.0926072449424], [0.0, 0.0, 0.0, 1.0]]}, {"class": "Cherries", "pose": [[0.13710426339089066, 0.11189114012750703, 0.9842168702438365, -2.1222011506495275], [-0.9859128079983172, -0.08068372212272751, 0.146512986098534, 39.01730696773273], [0.09580377525352043, -0.9904395756858337, 0.09925287038381791, 40.26120635707997], [0.0, 0.0, 0.0, 1.0]]}, {"class": "Cookies", "pose": [[-0.07106964176324924, 0.055542991601630724, 0.9959237601619669, -6.294265556868939], [-0.9938289728701626, -0.0891912431433626, -0.0659460227503834, 49.6285735748802], [0.08516481961794453, -0.9944646528006887, 0.06153906520608119, 32.97800866520381], [0.0, 0.0, 0.0, 1.0]]}, {"class": "TomatoSauce", "pose": [[0.9757169945508019, 0.118774103083109, -0.18403562952080624, 16.693089161817763], [0.19384304681075049, -0.0770237647918899, 0.978004190147784, 28.214900703396346], [0.10198649842974575, -0.989929338290649, -0.09817692216843062, 42.168338340686994], [0.0, 0.0, 0.0, 1.0]]}, {"class": "PeasAndCarrots", "pose": [[0.4377702141676174, 0.12621284985195047, 0.8901840315751867, 25.801859246870883], [-0.8906814422247081, -0.07419002460841624, 0.4485336016524632, 23.378100454453616], [0.12265348348596611, -0.9892250496537819, 0.07993730570403024, 45.105191316737844], [0.0, 0.0, 0.0, 1.0]]}, {"class": "Ketchup", "pose": [[0.3785300619710617, 0.07489041360201001, 0.922554319314732, 9.167056926916006], [-0.9166112995114775, -0.10815622685118546, 0.38487132822205433, 55.457208585449024], [0.12860316845663972, -0.9913090856749391, 0.027705061599225766, 35.635563475143826], [0.0, 0.0, 0.0, 1.0]]}, {"class": "MacaroniAndCheese", "pose": [[0.4658744671086531, 0.8731209902845195, 0.1435993425206891, 33.79507645065691], [0.8848086826925825, -0.46125991247717213, -0.06597629316339435, 36.42161909481514], [0.008631368327045622, 0.157794645452609, -0.9874342499955514, 45.74277156035092], [0.0, 0.0, 0.0, 1.0]]}, {"class": "Pineapple", "pose": [[0.6871839346526671, 0.0979973986727822, 0.7198435967348822, 21.691192754229405], [-0.7157056412660376, -0.07872448611527376, 0.6939509157224806, 50.959290497515106], [0.12467471941118098, -0.9920680467245118, 0.016039131053264627, 42.19466412744525], [0.0, 0.0, 0.0, 1.0]]}]}