{"camera": {"camera": "RealSense D415", "extrinsics": [[-0.9771269, -0.17997962, 0.11327122, 0.613646], [-0.2104838, 0.742572, -0.63583285, -0.13560244], [0.030324925, -0.6451311, -0.7634699, 0.10566812], [0.0, 0.0, 0.0, 1.0]], "height": 480, "intrinsics": [[603.75165, 0.0, 326.28275], [0.0, 603.20245, 245.73769], [0.0, 0.0, 1.0]], "width": 640}, "objects": [{"class": "ChocolatePudding", "pose": [[0.9209809716354053, 0.09812817782293286, 0.3770475629532647, 9.677395183277614], [-0.2058063761173844, -0.699190630311115, 0.6846723421544659, 8.819435823596034], [0.3308137582290956, -0.708169030004937, -0.6237458636107053, 34.86115137835202], [0.0, 0.0, 0.0, 1.0]]}, {"class": "MacaroniAndCheese", "pose": [[0.14231532611826617, 0.9515471551110167, 0.2725881759693974, 3.6481362323684707], [-0.6089902156627641, 0.30127333328949013, -0.7337338168248528, -1.2159777286898308], [-0.7803059128731614, -0.061581974510666916, 0.6223587091170223, 37.05570529711109], [0.0, 0.0, 0.0, 1.0]]}, {"class": "Milk", "pose": [[0.1455774668695209, 0.9791559765449855, 0.1416359024486042, -3.9639030062536884], [0.7561550095659624, -0.01779896369759284, -0.6541504540060322, -11.168704366350164], [-0.6379943507291298, 0.20232825012720257, -0.7429848637095087, 47.16882956667738], [0.0, 0.0, 0.0, 1.0]]}, {"class": "Ketchup", "pose": [[0.8352679953385043, 0.11862921086881159, 0.5368933231268385, -10.083369038418743], [-0.330987492273544, -0.6712338789919077, 0.6632438297705107, -1.6750889650754748], [0.43906106628173164, -0.7316913574085062, -0.52139539471739, 33.6108889579638], [0.0, 0.0, 0.0, 1.0]]}, {"class": "OrangeJuice", "pose": [[-0.7854829563209429, -0.6089456691647006, -0.11046108573252006, 16.41045808204363], [0.42609038846131153, -0.6615541375485627, 0.6170843718892679, -1.357002185910454], [-0.44884682875414217, 0.4376428523518494, 0.7791054345632198, 43.071868960889326], [0.0, 0.0, 0.0, 1.0]]}]}