{"camera": {"camera": "RealSense D415", "extrinsics": [[-0.89375764, 0.4059227, 0.1908509, 0.6928296], [0.4045602, 0.9132583, -0.047856845, -0.14896128], [-0.19372235, 0.03443826, -0.98045176, 0.19941814], [0.0, 0.0, 0.0, 1.0]], "height": 480, "intrinsics": [[604.50507, 0.0, 326.28275], [0.0, 602.9669, 245.73769], [0.0, 0.0, 1.0]], "width": 640}, "objects": [{"class": "OrangeJuice", "pose": [[-0.9807209847069672, 0.1863375103944678, -0.05886204167436277, 10.35045686931455], [0.04612269356371353, -0.07198291783853752, -0.9963388793608721, 33.70146686259956], [-0.18989240104123778, -0.9798453142517451, 0.06200075063675072, 32.18303154832981], [0.0, 0.0, 0.0, 1.0]]}, {"class": "ChocolatePudding", "pose": [[0.8923153773027848, 0.21217416632853403, 0.39844127314632777, -20.341138933078227], [-0.389309175292807, -0.0850795369954383, 0.917169474124426, 2.7459165432771244], [0.22849889164252019, -0.9735212596118931, 0.006683600499820005, 34.729633632478865], [0.0, 0.0, 0.0, 1.0]]}, {"class": "CreamCheese", "pose": [[0.697165594611116, 0.09522978290839018, 0.7105571614672792, -25.254926745069483], [-0.7062486803775547, -0.07906670052109774, 0.7035348350876952, 13.719014033709012], [0.12317889190911767, -0.9923103340269552, 0.012133362484635733, 32.840879286016786], [0.0, 0.0, 0.0, 1.0]]}, {"class": "Raisins", "pose": [[0.8785015661177302, 0.2334858365105516, -0.41679661713160626, -19.01349775735769], [0.44125559610522275, -0.062175368924769873, 0.8952249595789287, -6.705880636969175], [0.1831079032079516, -0.9703703584320015, -0.15764808965910726, 31.641194943414224], [0.0, 0.0, 0.0, 1.0]]}, {"class": "BBQSauce", "pose": [[0.9795654433665006, 0.1870427617638909, 0.07393649307760584, -7.401491857251563], [-0.05283701459236792, -0.11538251677419072, 0.9919148807029868, -6.453627625497346], [0.19406151044571887, -0.9755521156743769, -0.10314192494132939, 32.89017248758015], [0.0, 0.0, 0.0, 1.0]]}, {"class": "SaladDressing", "pose": [[0.8592272360292785, 0.16123961070381151, -0.4855207538100346, 2.5219090050514037], [0.4923066155243196, -0.002463047554718792, 0.8704183681172756, -11.868147753587778], [0.13915009655753535, -0.9869122388340095, -0.08149564639603717, 35.62037005437158], [0.0, 0.0, 0.0, 1.0]]}, {"class": "Mayo", "pose": [[-0.2676375990710355, 0.8047511607608888, 0.5298544539703169, -2.086606991132345], [0.143562589091439, -0.51047068439848, 0.8478263202043874, 0.3850132525540312], [0.9527643709849354, 0.30297749663615103, 0.02108902149465432, 38.55009188613794], [0.0, 0.0, 0.0, 1.0]]}, {"class": "Mushrooms", "pose": [[0.976954566964306, 0.2004562162356434, 0.07332896450081922, 7.036324866669519], [-0.04677195831513102, -0.13414977765012578, 0.9898566698871062, -6.062339483095311], [0.20826001998241844, -0.9704747256377872, -0.12168248801291995, 41.66106427001991], [0.0, 0.0, 0.0, 1.0]]}, {"class": "Parmesan", "pose": [[0.7397851157747201, 0.16038467665461562, 0.6534483878220754, -11.438925719177695], [-0.6464211365933894, -0.1000676343535016, 0.756390235637934, 18.8438843338966], [0.186702452050878, -0.9819690804724136, 0.029647534605511994, 32.93172099519126], [0.0, 0.0, 0.0, 1.0]]}, {"class": "Mustard", "pose": [[0.8951896065877618, 0.1896911431451271, 0.4033024870295611, -2.8239905256357334], [-0.4096695192282911, -0.0061471872065098675, 0.9122132990440934, 21.767104258839804], [0.17551798334691474, -0.9818245904677105, 0.07220781113267818, 31.559002329277064], [0.0, 0.0, 0.0, 1.0]]}, {"class": "Milk", "pose": [[0.21302765349351607, -0.9696443977495149, -0.12003757051321526, -3.368292561106234], [-0.03302358646324066, -0.12993301496286608, 0.9909726838858709, 12.87467245378537], [-0.9764879445637578, -0.2071405502793116, -0.05970044778275812, 36.52112296606107], [0.0, 0.0, 0.0, 1.0]]}, {"class": "AlphabetSoup", "pose": [[0.6418542907640589, 0.1992614900877592, 0.7404849664716096, 13.612415732518068], [-0.7489652833492794, -0.04430237786100242, 0.6611265457547413, 7.14503770593071], [0.16454231460594557, -0.9789444333992472, 0.12080430428827713, 40.24166099515336], [0.0, 0.0, 0.0, 1.0]]}, {"class": "Yogurt", "pose": [[0.7683059533253194, 0.1809497033869838, 0.6139733092763278, 18.815368462858316], [-0.6094880959962922, -0.08619277176196707, 0.7880958525350885, 0.006591227778307562], [0.19552578803187284, -0.9797081504664444, 0.04406430571297151, 43.28458504204623], [0.0, 0.0, 0.0, 1.0]]}, {"class": "Cherries", "pose": [[0.20150909386505908, 0.19763408230934795, 0.9593408738160341, -7.792955751087538], [-0.9736771628932582, -0.06609798459853894, 0.2181372153951438, 30.841822522109975], [0.10652183659695484, -0.9780449238544103, 0.1791124846694424, 35.45609337484685], [0.0, 0.0, 0.0, 1.0]]}, {"class": "Cookies", "pose": [[-0.003953027390996123, 0.1425843595877879, 0.9897747882978606, -12.134057684366562], [-0.9968699277896955, -0.07871600863127491, 0.007358186048900174, 41.16093800428761], [0.0789602653637039, -0.9866476277406999, 0.1424492614272637, 27.858675388561906], [0.0, 0.0, 0.0, 1.0]]}, {"class": "TomatoSauce", "pose": [[0.9471651941527734, 0.20416283924886156, -0.24737762152238105, 11.553454597519785], [0.2646931246219637, -0.06194323834072853, 0.9623412029264498, 21.445955666648317], [0.18115097881305572, -0.9769752385913058, -0.11271097093168186, 38.88805655846072], [0.0, 0.0, 0.0, 1.0]]}, {"class": "PeasAndCarrots", "pose": [[0.49111956495311115, 0.21128944095913865, 0.845078932783281, 20.72670934801821], [-0.8566827038343507, -0.05857261790579932, 0.5125075601695341, 17.2765898775278], [0.1577859233124938, -0.9756669854478522, 0.15224188919398515, 42.55646485503928], [0.0, 0.0, 0.0, 1.0]]}, {"class": "Ketchup", "pose": [[0.43367549498974217, 0.1629627995232477, 0.8862103297703284, 2.586057481093096], [-0.8869501540676876, -0.09622046036891331, 0.4517311734360378, 48.098279329701874], [0.15888694201818207, -0.9819291214798078, 0.1028114631732849, 31.767586402476265], [0.0, 0.0, 0.0, 1.0]]}, {"class": "MacaroniAndCheese", "pose": [[0.39682136044116295, 0.8891751020456801, 0.2278168197793277, 27.653701077143534], [0.9167086796203787, -0.39652676954747157, -0.0491093024701976, 30.870283467604875], [0.04666872830783451, 0.22832930008536842, -0.972464815525212, 43.84475750556195], [0.0, 0.0, 0.0, 1.0]]}, {"class": "Pineapple", "pose": [[0.7258990836275064, 0.1838116936779444, 0.6627849117403618, 14.834679307603126], [-0.6637923201415394, -0.06515949389341102, 0.7450731520628477, 44.49659872266094], [0.18013990097552937, -0.9807994440772421, 0.07471360979184713, 39.32445111817825], [0.0, 0.0, 0.0, 1.0]]}]}