{"camera": {"camera": "RealSense D415", "extrinsics": [[-0.9062988, 0.38641557, 0.17118841, 0.71562356], [0.3826565, 0.9222039, -0.0558028, -0.13181238], [-0.17943369, 0.014932354, -0.98365676, 0.18922217], [0.0, 0.0, 0.0, 1.0]], "height": 480, "intrinsics": [[604.50507, 0.0, 326.28275], [0.0, 602.9669, 245.73769], [0.0, 0.0, 1.0]], "width": 640}, "objects": [{"class": "OrangeJuice", "pose": [[-0.985274495531345, 0.16721937599122427, -0.03566323051388651, 11.847991328222962], [0.02249154857955022, -0.08001177539954858, -0.9965401532494417, 34.27397700903252], [-0.1694943350839507, -0.9826677426956454, 0.07507251399114624, 31.837729799631454], [0.0, 0.0, 0.0, 1.0]]}, {"class": "ChocolatePudding", "pose": [[0.9052540323340508, 0.19346456203641257, 0.3782679175414272, -18.096444171659833], [-0.36701230012851377, -0.09246583313453313, 0.9256090277517981, 2.6937564093348714], [0.21404942727852055, -0.9767403072235927, -0.01270115914220813, 35.40506020038827], [0.0, 0.0, 0.0, 1.0]]}, {"class": "CreamCheese", "pose": [[0.7149350595099154, 0.07604702233701456, 0.6950429687000336, -23.288526648347208], [-0.6893860037301803, -0.08922344186366082, 0.7188783946408802, 13.533538831138026], [0.11668269428973556, -0.993104290413969, -0.011363174367793032, 33.49117253165589], [0.0, 0.0, 0.0, 1.0]]}, {"class": "Raisins", "pose": [[0.8722627669345789, 0.21432996884210406, -0.43956836457814374, -16.626939173864976], [0.4624339368214448, -0.06906763199768073, 0.8839595846443258, -6.764415981077937], [0.1590991272166328, -0.9743163851873031, -0.1593585698715649, 32.40154780313937], [0.0, 0.0, 0.0, 1.0]]}, {"class": "BBQSauce", "pose": [[0.9843545530463639, 0.1689671345806468, 0.049962371747424475, -4.999563826440201], [-0.029177388770391995, -0.12332957318667599, 0.9919367557262154, -6.244946907497746], [0.17376658331880704, -0.9778752589625734, -0.11646998303273698, 33.399819459011745], [0.0, 0.0, 0.0, 1.0]]}, {"class": "SaladDressing", "pose": [[0.8509522035247602, 0.14045861616896801, -0.5061143563685874, 5.095518456069625], [0.5125084461290004, -0.0111451835835027, 0.858609869805752, -11.408833007250674], [0.11495845916605327, -0.9900238668957068, -0.08147024094786727, 35.982158991070044], [0.0, 0.0, 0.0, 1.0]]}, {"class": "Mayo", "pose": [[-0.2506225657748648, 0.8219562292575427, 0.5114453088760084, 0.2818328811674986], [0.14947141485786639, -0.48911624732255005, 0.859315788138453, 0.7767053104063559], [0.9564761983311488, 0.2918104020136397, -0.00027535375377900665, 38.863604918809784], [0.0, 0.0, 0.0, 1.0]]}, {"class": "Mushrooms", "pose": [[0.981910446824513, 0.18289309460476844, 0.04901028080827663, 9.607494398561112], [-0.02299561780128293, -0.141737368491552, 0.989637181462754, -5.432355456602515], [0.1879444294055666, -0.9728621342305452, -0.13496763965063358, 41.85592611113768], [0.0, 0.0, 0.0, 1.0]]}, {"class": "Parmesan", "pose": [[0.7575580734800919, 0.1418502587912212, 0.6371689624017539, -9.58948012381422], [-0.6278686158985802, -0.10867690765367646, 0.7706947267958661, 18.957621548367072], [0.1785688106144924, -0.9839044331862926, 0.006734296484956363, 33.226821021885925], [0.0, 0.0, 0.0, 1.0]]}, {"class": "Mustard", "pose": [[0.9074592985440711, 0.1690848787459318, 0.3846140175910174, -1.0715613344674524], [-0.3879578437261347, -0.014148232858433186, 0.9215685378727215, 22.04985841198245], [0.16126493516440568, -0.985499986821304, 0.052758896678057436, 31.636283461160524], [0.0, 0.0, 0.0, 1.0]]}, {"class": "Milk", "pose": [[0.19311273862977776, -0.9707018365599821, -0.14298752372187828, -1.3160608338356639], [-0.04044419694785232, -0.15348193645789007, 0.9873234490848964, 13.20963170780724], [-0.980342710097128, -0.18488175828766643, -0.06889855389583939, 36.71416335819803], [0.0, 0.0, 0.0, 1.0]]}, {"class": "AlphabetSoup", "pose": [[0.6614569685100764, 0.1795488078577017, 0.728173689217392, 15.860815440430931], [-0.7327785735426141, -0.05204839971807849, 0.6784736967946177, 7.89603421832818], [0.15971942416243418, -0.9823712555045943, 0.09714178514216167, 40.13997051092147], [0.0, 0.0, 0.0, 1.0]]}, {"class": "Yogurt", "pose": [[0.7854407379839422, 0.16214881864293976, 0.597319533407431, 21.282046254058752], [-0.59021952634812, -0.0943323794427781, 0.8017121328161271, 0.9102255506058504], [0.18634326183124222, -0.9822470464957622, 0.02161094485453571, 43.15596995519542], [0.0, 0.0, 0.0, 1.0]]}, {"class": "Cherries", "pose": [[0.22502671794801615, 0.17841943810495195, 0.9578776005200172, -6.15542054052447], [-0.9676882228592646, -0.07386141709516228, 0.24108924779568247, 31.062064506009364], [0.11376518992992558, -0.981178419229981, 0.15603363648464108, 35.53024817035486], [0.0, 0.0, 0.0, 1.0]]}, {"class": "Cookies", "pose": [[0.019588815823290223, 0.12349113300465654, 0.9921523248100552, -10.88081494298554], [-0.9956706736454026, -0.0877757867964878, 0.03058352323203495, 41.19003497903563], [0.09086372207927026, -0.9884560949444542, 0.12123711021844769, 27.904965768644185], [0.0, 0.0, 0.0, 1.0]]}, {"class": "TomatoSauce", "pose": [[0.9447286342828948, 0.18487649175286572, -0.2707554387731819, 13.46045930068155], [0.2873917093328366, -0.06955314545350773, 0.9552844583488153, 22.131130416662497], [0.15777778749928928, -0.9802974738165837, -0.11884080577693538, 38.66073103358427], [0.0, 0.0, 0.0, 1.0]]}, {"class": "PeasAndCarrots", "pose": [[0.5130139426879975, 0.19195334207514878, 0.8366424722281472, 22.798149962309633], [-0.8438154684237773, -0.06601284298045411, 0.5325577816621546, 18.2073185168915], [0.157455392221144, -0.9791814503163013, 0.128107733310711, 42.18218813321711], [0.0, 0.0, 0.0, 1.0]]}, {"class": "Ketchup", "pose": [[0.4562838876398062, 0.14434359384253062, 0.8780489496941813, 3.7624644783617156], [-0.8753059412366639, -0.10477451580321745, 0.47208245156170964, 48.492758012657006], [0.1601392267685924, -0.9839651046701521, 0.07853792305931276, 31.416758133951245], [0.0, 0.0, 0.0, 1.0]]}, {"class": "MacaroniAndCheese", "pose": [[0.377499987530446, 0.9022700508473872, 0.20833274351502068, 29.450689548669985], [0.9256067324630015, -0.37429785626936185, -0.05615445316127161, 31.96293398013235], [0.02731205433098322, 0.21403251904124504, -0.9764446922371682, 43.161059439409144], [0.0, 0.0, 0.0, 1.0]]}, {"class": "Pineapple", "pose": [[0.7439216690386766, 0.16452489728456288, 0.6476975573293005, 16.24343820860282], [-0.645616590180622, -0.073257040756601, 0.760139892034123, 45.25115435153622], [0.1725103546496814, -0.9836488501941205, 0.051722544093299704, 38.75326520481126], [0.0, 0.0, 0.0, 1.0]]}]}