{"camera": {"camera": "RealSense D415", "extrinsics": [[-0.91913897, 0.36599275, 0.1457151, 0.7299745], [0.35848123, 0.9304543, -0.0758019, -0.11142824], [-0.16332419, -0.017436352, -0.98641837, 0.17134821], [0.0, 0.0, 0.0, 1.0]], "height": 480, "intrinsics": [[604.50507, 0.0, 326.28275], [0.0, 602.9669, 245.73769], [0.0, 0.0, 1.0]], "width": 640}, "objects": [{"class": "OrangeJuice", "pose": [[-0.9897561390821389, 0.1423157544763935, -0.011361468956003413, 12.609795267509172], [-0.002966066330813391, -0.10006029350924127, -0.9949769402897974, 35.30483258625613], [-0.14273776211095682, -0.9847508483095229, 0.09945738778584726, 30.572079547167924], [0.0, 0.0, 0.0, 1.0]]}, {"class": "ChocolatePudding", "pose": [[0.9186821375540423, 0.16898320989630192, 0.35702643699323433, -16.514638013663596], [-0.3420325158412921, -0.11179589750285736, 0.9330141515560674, 3.1782928251653146], [0.19757784449644947, -0.9792580971180427, -0.044907110314964964, 35.706095436106025], [0.0, 0.0, 0.0, 1.0]]}, {"class": "CreamCheese", "pose": [[0.7330432157479422, 0.05112279584192409, 0.6782581922771208, -21.997315281207342], [-0.6707114116892343, -0.11149509460647573, 0.7332905411251464, 13.853646452780112], [0.11311033663828637, -0.9924491817520462, -0.047442042000971595, 33.681584384564104], [0.0, 0.0, 0.0, 1.0]]}, {"class": "Raisins", "pose": [[0.8657063086117326, 0.1893789719125308, -0.46334464929144004, -14.91613816681696], [0.4849360088531046, -0.08789926584298395, 0.8701211168434937, -6.315535942197277], [0.1240550299598245, -0.9779618553631538, -0.1679316318037777, 32.88659800393439], [0.0, 0.0, 0.0, 1.0]]}, {"class": "BBQSauce", "pose": [[0.989101620020389, 0.14515921159846046, 0.024634535939662985, -3.280506687157725], [-0.0036330911288042756, -0.14320175427638307, 0.9896868342137825, -5.5202312511766864], [0.14718990550043815, -0.9789903635595041, -0.141113690832452, 33.55129979477173], [0.0, 0.0, 0.0, 1.0]]}, {"class": "SaladDressing", "pose": [[0.8420966318512597, 0.11383492752913922, -0.52717638765314, 6.993519230428036], [0.533457009805161, -0.03198749733300614, 0.8452220952502348, -10.400273638999748], [0.07935278411649929, -0.9929846309182627, -0.08766260535167386, 35.97503041573374], [0.0, 0.0, 0.0, 1.0]]}, {"class": "Mayo", "pose": [[-0.22792700492670084, 0.8402655763318464, 0.4919381195401125, 1.9887032932007886], [0.16704356864262115, -0.464001011522427, 0.8699422274360444, 1.7440564618195888], [0.9592423025568028, 0.28045844871732056, -0.034602564826224494, 38.700595490828476], [0.0, 0.0, 0.0, 1.0]]}, {"class": "Mushrooms", "pose": [[0.9869045999905393, 0.15962320719615194, 0.02323389854793792, 11.528208869357904], [0.0028346101006321636, -0.1611770408293618, 0.9869214244762099, -4.1873931396524515], [0.16128037047160165, -0.9739314474198825, -0.15951881328266931, 41.57985436341628], [0.0, 0.0, 0.0, 1.0]]}, {"class": "Parmesan", "pose": [[0.7759409588384858, 0.11756876433718177, 0.6197526005180215, -8.434948951814047], [-0.6068090500077112, -0.12929004826292934, 0.784261966337776, 19.56541478721273], [0.17233257036054153, -0.9846124826515917, -0.028979616345912666, 32.9119397513538], [0.0, 0.0, 0.0, 1.0]]}, {"class": "Mustard", "pose": [[0.9199255379650526, 0.14263301734032854, 0.3652299258876632, -0.034342619625193915], [-0.36419310268294663, -0.03425933044760257, 0.9306931039985908, 22.802260903062056], [0.14526012446674055, -0.9891825852230666, 0.020429960726120334, 31.014752393739254], [0.0, 0.0, 0.0, 1.0]]}, {"class": "Milk", "pose": [[0.16737270671311014, -0.9716800041389319, -0.16680652985989647, 0.05606141184432145], [-0.059896202125295894, -0.1789024365817469, 0.9820419210762661, 14.083933150177536], [-0.9840726031261514, -0.15437597634277114, -0.08814331323867759, 36.3040657951464], [0.0, 0.0, 0.0, 1.0]]}, {"class": "AlphabetSoup", "pose": [[0.6817312145779428, 0.15402131311389827, 0.715206304486028, 17.4336864806085], [-0.7142016370813092, -0.0718372447275668, 0.6962437816278236, 9.228108078512708], [0.15861484252650968, -0.9854526436996609, 0.06102862213416558, 39.3789127518488], [0.0, 0.0, 0.0, 1.0]]}, {"class": "Yogurt", "pose": [[0.803176260131214, 0.13757942023596736, 0.57963770588962, 23.089146370958463], [-0.5683878083066657, -0.11447311001758208, 0.8147583556161502, 2.4362642533986913], [0.17844693134780706, -0.9838535869745316, -0.013743582278883375, 42.407799107480145], [0.0, 0.0, 0.0, 1.0]]}, {"class": "Cherries", "pose": [[0.24957077443872477, 0.1534119069291097, 0.9561272337708179, -5.210923734880069], [-0.9595560905440004, -0.09363447403759102, 0.26548948372148345, 31.793508353206306], [0.13025570883964263, -0.9837161383073111, 0.12383894182520948, 34.834297073605754], [0.0, 0.0, 0.0, 1.0]]}, {"class": "Cookies", "pose": [[0.04426441015728869, 0.09863115075359391, 0.9941391401077906, -10.365835730976903], [-0.9925292644324839, -0.10890769828552085, 0.054997673535760544, 41.62970503152047], [0.1136938715738693, -0.9891466430924365, 0.0930736052243815, 27.10602512606241], [0.0, 0.0, 0.0, 1.0]]}, {"class": "TomatoSauce", "pose": [[0.9419998051341981, 0.15979263572874164, -0.2951317544653607, 14.676973933088078], [0.3115246727688659, -0.08916725624846229, 0.9460452157610939, 23.367987372389454], [0.1248550106426871, -0.9831152435553476, -0.13377487869730445, 37.63186814265561], [0.0, 0.0, 0.0, 1.0]]}, {"class": "PeasAndCarrots", "pose": [[0.5357972832393937, 0.1668162856514446, 0.8277038539928081, 24.19179731538209], [-0.8284521618832891, -0.08544849648374468, 0.5535029733566523, 19.733614508056917], [0.16305936330905094, -0.9822784477227051, 0.09241628179425054, 40.985806712020874], [0.0, 0.0, 0.0, 1.0]]}, {"class": "Ketchup", "pose": [[0.47987780671662417, 0.11997179906386204, 0.8690938556048067, 4.200407397821049], [-0.861090887343827, -0.12533713256067186, 0.49276065034656613, 49.330721608780244], [0.16804711431995503, -0.9848337130201649, 0.04316015560218645, 30.039791043658763], [0.0, 0.0, 0.0, 1.0]]}, {"class": "MacaroniAndCheese", "pose": [[0.3573416279477344, 0.9158621915181157, 0.18303955551493364, 30.559620805149507], [0.9339608640587169, -0.349379322147444, -0.07517423267031248, 33.64980461548103], [-0.004898969647782536, 0.19781469119071243, -0.980227229783721, 41.45685612977591], [0.0, 0.0, 0.0, 1.0]]}, {"class": "Pineapple", "pose": [[0.762545268159193, 0.13944558360337705, 0.6317275639239948, 16.944568519230696], [-0.6249894567395354, -0.09339119247974673, 0.7750266032380525, 46.538396772115945], [0.16707184301736588, -0.9858159482375085, 0.015937046003476677, 37.10352415500269], [0.0, 0.0, 0.0, 1.0]]}]}