{"camera": {"camera": "RealSense D415", "extrinsics": [[-0.92763525, 0.34527, 0.14241299, 0.737408], [0.33248827, 0.9371067, -0.106219344, -0.08623492], [-0.17013052, -0.05118216, -0.98409146, 0.17370114], [0.0, 0.0, 0.0, 1.0]], "height": 480, "intrinsics": [[604.50507, 0.0, 326.28275], [0.0, 602.9669, 245.73769], [0.0, 0.0, 1.0]], "width": 640}, "objects": [{"class": "OrangeJuice", "pose": [[-0.9901515798815808, 0.13955841682054876, 0.011105480251359491, 12.41046562471052], [-0.029505098077681403, -0.1304752895090447, -0.9910124418761528, 36.92251935047049], [-0.1368551717899823, -0.9815802097614751, 0.13330797735795938, 29.567017456133954], [0.0, 0.0, 0.0, 1.0]]}, {"class": "ChocolatePudding", "pose": [[0.9269868779562256, 0.16650562309191863, 0.3361119458079457, -15.971543082037376], [-0.31489388626420617, -0.14142990677715672, 0.9385304650360624, 4.3600088136019775], [0.2038069065969986, -0.9758450282574993, -0.07867203262151064, 35.958401153705765], [0.0, 0.0, 0.0, 1.0]]}, {"class": "CreamCheese", "pose": [[0.7482289194583649, 0.048602735979606966, 0.6616579876949472, -21.698630465206993], [-0.6502499163258294, -0.14415999836590251, 0.7459175243468769, 14.837442237156868], [0.13163825811577495, -0.988360124284145, -0.07626071592630332, 33.60352689118242], [0.0, 0.0, 0.0, 1.0]]}, {"class": "Raisins", "pose": [[0.8553995488300596, 0.18637508082253737, -0.48327629328241006, -14.177972492635105], [0.5077249987203425, -0.11706214901517965, 0.853529021698006, -5.18725368501475], [0.10250322030187317, -0.9754797999988196, -0.19476219522876362, 33.45431665442592], [0.0, 0.0, 0.0, 1.0]]}, {"class": "BBQSauce", "pose": [[0.989665206814677, 0.14338241865387552, 0.002072433470748304, -2.559553320316532], [0.023049006602900646, -0.17332238534166697, 0.9845954021690703, -4.115168728315207], [0.1415329042473202, -0.974372052058646, -0.17483593523832808, 34.02459915773812], [0.0, 0.0, 0.0, 1.0]]}, {"class": "SaladDressing", "pose": [[0.8305009333593745, 0.10954082394162239, -0.5461401304779464, 7.831710138696469], [0.5541633398565114, -0.06336308180932311, 0.8299928460903068, -8.683531116943803], [0.05631301967260518, -0.9919606781080813, -0.11332660751577092, 36.553748796473855], [0.0, 0.0, 0.0, 1.0]]}, {"class": "Mayo", "pose": [[-0.22675421991773867, 0.8516980350398933, 0.47243308033810144, 2.573711006345647], [0.19465843216175355, -0.43564986461964306, 0.878815852260071, 3.4342698462006425], [0.9543011468226718, 0.2912383067127632, -0.0670047232987018, 38.893405067957275], [0.0, 0.0, 0.0, 1.0]]}, {"class": "Mushrooms", "pose": [[0.9873965024817049, 0.15826487437065972, 0.0006410666109096683, 12.256134794114026], [0.029944245715223444, -0.19079353873695287, 0.9811733688106079, -2.185167402382933], [0.15540762649257397, -0.968787963568444, -0.1931279739995507, 41.91780336211981], [0.0, 0.0, 0.0, 1.0]]}, {"class": "Parmesan", "pose": [[0.7900013753078126, 0.11546376758367297, 0.6021345197928906, -8.269691798626976], [-0.5834394621799456, -0.16021807937044813, 0.7961963155858003, 20.81517060329529], [0.1884046772317853, -0.9803052326750956, -0.059206346410967226, 32.56199230057687], [0.0, 0.0, 0.0, 1.0]]}, {"class": "Mustard", "pose": [[0.9284572845019149, 0.13840072258626324, 0.34469166712003946, 0.047803906008769825], [-0.3387948154550258, -0.06487277511321354, 0.9386211205850221, 24.16851589045891], [0.15226697095991068, -0.98824937159249, -0.013342120148578964, 30.507480799769798], [0.0, 0.0, 0.0, 1.0]]}, {"class": "Milk", "pose": [[0.16372563925182615, -0.9682541897030802, -0.188885610127072, 0.3571390691063825], [-0.0897724968175751, -0.20529825750388778, 0.9745735150410078, 15.639881888094587], [-0.9824127804625549, -0.14260597739804529, -0.12053516940088202, 36.08968151281533], [0.0, 0.0, 0.0, 1.0]]}, {"class": "AlphabetSoup", "pose": [[0.6981180098253582, 0.1506343812475941, 0.6999575430572192, 17.85290615272681], [-0.6932745404382011, -0.10204313323059655, 0.7134126593207208, 11.273465143063481], [0.17889034423693145, -0.9833089753537898, 0.033192872665542154, 39.22785000954667], [0.0, 0.0, 0.0, 1.0]]}, {"class": "Yogurt", "pose": [[0.8164120799537496, 0.1351459804210108, 0.5614329115938091, 23.672023680624378], [-0.544244839475659, -0.14494931958708013, 0.8263094223072484, 4.714412991982085], [0.19305173198594308, -0.9801659659410892, -0.04478583544292406, 42.45340862547239], [0.0, 0.0, 0.0, 1.0]]}, {"class": "Cherries", "pose": [[0.27134304821951105, 0.15051504256310583, 0.9506409451965728, -5.306828978535883], [-0.948856725218714, -0.1237765024767795, 0.29043123864386877, 33.169408636719275], [0.16138127004985714, -0.9808285576517044, 0.109231356488374, 34.04870702429863], [0.0, 0.0, 0.0, 1.0]]}, {"class": "Cookies", "pose": [[0.06673433729777477, 0.09605832664361218, 0.9931361239260809, -10.716263393207937], [-0.9868629864666528, -0.1404218741980072, 0.07989465017895808, 42.62086135180751], [0.1471325628793813, -0.9854210059548247, 0.08542548233311596, 26.020124738899685], [0.0, 0.0, 0.0, 1.0]]}, {"class": "TomatoSauce", "pose": [[0.9355059038653472, 0.15679852144452333, -0.3166116896846271, 14.775987520314448], [0.3361539441488321, -0.11915275134961084, 0.9342393481423167, 25.281726632449043], [0.10876223466014483, -0.9804166996817567, -0.16417653414901287, 37.01674046512882], [0.0, 0.0, 0.0, 1.0]]}, {"class": "PeasAndCarrots", "pose": [[0.5547660406580716, 0.163742461383067, 0.8157346878807133, 24.385399181140873], [-0.8104744006250026, -0.11525471460710389, 0.5743236096755527, 21.9731388480738], [0.1880584315736831, -0.9797473225162835, 0.06876971284321552, 40.43754229534378], [0.0, 0.0, 0.0, 1.0]]}, {"class": "Ketchup", "pose": [[0.4996064310952569, 0.11777781030808875, 0.8582085037718714, 3.6909182743965596], [-0.8441403078416224, -0.15622335540582444, 0.5128561356181423, 50.734590978637414], [0.19447528362110633, -0.9806746219399349, 0.0213708449007804, 28.606353386280546], [0.0, 0.0, 0.0, 1.0]]}, {"class": "MacaroniAndCheese", "pose": [[0.3366064457086344, 0.9243310359535144, 0.1797450172315383, 30.44672083263782], [0.9408489217884219, -0.32228830388761137, -0.10456370060967447, 36.03337556202839], [-0.03872172419894692, 0.20430974657833922, -0.9781401835097431, 40.398297246631046], [0.0, 0.0, 0.0, 1.0]]}, {"class": "Pineapple", "pose": [[0.7769841505231014, 0.13653641547073755, 0.6145351671184974, 16.528822257164755], [-0.6020777623083161, -0.12391086809344228, 0.7887638916941616, 48.464689091226454], [0.18384259416354648, -0.9828550070614476, -0.014071202286138076, 35.68751189074973], [0.0, 0.0, 0.0, 1.0]]}]}