{"camera": {"camera": "RealSense D415", "extrinsics": [[-0.9427803, 0.30697817, 0.130114, 0.7522564], [0.28950226, 0.9472853, -0.13725546, -0.060382012], [-0.16538951, -0.09173345, -0.9819528, 0.16517949], [0.0, 0.0, 0.0, 1.0]], "height": 480, "intrinsics": [[604.50507, 0.0, 326.28275], [0.0, 602.9669, 245.73769], [0.0, 0.0, 1.0]], "width": 640}, "objects": [{"class": "OrangeJuice", "pose": [[-0.9903456696280851, 0.12826469302562407, 0.05257011730202757, 12.350696823377728], [-0.07315750774242015, -0.16149354335715904, -0.9841584820113309, 37.50677596700511], [-0.11774308805386342, -0.9785029741795501, 0.16931793502186857, 28.145061093497425], [0.0, 0.0, 0.0, 1.0]]}, {"class": "ChocolatePudding", "pose": [[0.9419959349669235, 0.15571638853580852, 0.2973147472096932, -14.60886158867034], [-0.2707014870156031, -0.17116794968221352, 0.9473237784037242, 4.124297945822468], [0.19840461987145583, -0.9728586763236287, -0.11908682168172609, 36.23813375988644], [0.0, 0.0, 0.0, 1.0]]}, {"class": "CreamCheese", "pose": [[0.7754865366164244, 0.03782227903276978, 0.6302301966715324, -20.784884196760565], [-0.6152293570268947, -0.1789559564169488, 0.7677680034457998, 14.27536128149416], [0.14182219708603053, -0.9831298568202229, -0.11550851667775396, 33.604840308166175], [0.0, 0.0, 0.0, 1.0]]}, {"class": "Raisins", "pose": [[0.8362028902607361, 0.1746083021594106, -0.5198813914709847, -12.480422068320129], [0.5441467393926633, -0.14604775877660148, 0.8261806590356893, -5.432645680289456], [0.06833053212549184, -0.9737464015316961, -0.21713809492181735, 34.05361185420189], [0.0, 0.0, 0.0, 1.0]]}, {"class": "BBQSauce", "pose": [[0.9901933255302279, 0.1339023948102557, -0.03984119476967091, -0.9057109833110255], [0.0668665122014504, -0.2038600648250083, 0.9767139021819735, -3.8880647676408753], [0.12266233877440436, -0.9697996139809628, -0.2108144391438238, 34.37389451068418], [0.0, 0.0, 0.0, 1.0]]}, {"class": "SaladDressing", "pose": [[0.808719123452183, 0.09544359620201888, -0.5803997703031711, 9.699006148763479], [0.5878226193749267, -0.0960364659126661, 0.8032693623973176, -7.950399877546387], [0.02092741652933991, -0.9907913920949452, -0.1337704338436982, 36.880344117304496], [0.0, 0.0, 0.0, 1.0]]}, {"class": "Mayo", "pose": [[-0.21837635893526747, 0.8730149320285636, 0.4360695912059762, 4.004775390513471], [0.22116670015114376, -0.3909512585216538, 0.8934441825903684, 4.032189425437795], [0.9504720506562861, 0.2915511801532755, -0.10770728227572948, 38.869047647643406], [0.0, 0.0, 0.0, 1.0]]}, {"class": "Mushrooms", "pose": [[0.9878844502471011, 0.14955610463956595, -0.041440060162008574, 13.951184203098965], [0.07418130005235068, -0.2205173123152334, 0.9725581488485873, -1.0888222182896952], [0.13631379423764547, -0.9638491349538574, -0.22893986750235243, 41.92168182321595], [0.0, 0.0, 0.0, 1.0]]}, {"class": "Parmesan", "pose": [[0.8155184579374198, 0.10539170197746445, 0.5690538006013824, -7.6224716851994945], [-0.5447690473113783, -0.19208435167582164, 0.8162906284729216, 20.72881562657829], [0.19533660505858033, -0.9757029574658642, -0.09923415691844097, 32.102092172831135], [0.0, 0.0, 0.0, 1.0]]}, {"class": "Mustard", "pose": [[0.9435541482953135, 0.12439840196694989, 0.30697003255038025, 0.5203212748500774], [-0.2964345098905018, -0.09628073560554382, 0.9501877206621926, 24.324700507097884], [0.14775716143362067, -0.9875500597838088, -0.05397007549401127, 29.77589086640733], [0.0, 0.0, 0.0, 1.0]]}, {"class": "Milk", "pose": [[0.15078339658954623, -0.9616005531340719, -0.22932234428065568, 1.2600997740403352], [-0.11993935868086424, -0.24805585681437806, 0.9612923308438955, 16.028959258342685], [-0.9812639704132355, -0.11744218752293993, -0.15273644405130152, 35.660418270296226], [0.0, 0.0, 0.0, 1.0]]}, {"class": "AlphabetSoup", "pose": [[0.7279124907860931, 0.138175388454292, 0.6716032771244493, 18.964894057627525], [-0.6583799526107424, -0.1327357356974832, 0.7408894422713188, 12.467873791114888], [0.19151845196616102, -0.9814727965842963, -0.005648053137340756, 38.639423665955945], [0.0, 0.0, 0.0, 1.0]]}, {"class": "Yogurt", "pose": [[0.8404294945984013, 0.12445321947413658, 0.5274368728414889, 25.09213222485075], [-0.5044288269712817, -0.17606563210489368, 0.8453121050309553, 6.265574660622851], [0.1980653371619186, -0.9764795732909348, -0.0851929195605382, 41.99739314979334], [0.0, 0.0, 0.0, 1.0]]}, {"class": "Cherries", "pose": [[0.31136459567887786, 0.13895835096872997, 0.9400758795517455, -5.126990956021271], [-0.9308746963081763, -0.15434947857051606, 0.33113236241441385, 33.23601817487711], [0.19111381779924944, -0.978195727002434, 0.0812938909336393, 33.081148767198925], [0.0, 0.0, 0.0, 1.0]]}, {"class": "Cookies", "pose": [[0.10821327008409112, 0.08513487490888248, 0.990475610660437, -11.03942158880008], [-0.9773310943988962, -0.17326421590008584, 0.12166982620833444, 42.163148914729966], [0.18197230594506006, -0.9811888886653423, 0.06445551187807773, 24.810745141990743], [0.0, 0.0, 0.0, 1.0]]}, {"class": "TomatoSauce", "pose": [[0.9231358094619152, 0.14505972122831687, -0.3560589117371818, 15.29911944911474], [0.37618111405508103, -0.14947222329011078, 0.9144101525535302, 26.25326365083157], [0.07942320618116952, -0.9780673780914726, -0.1925518803230232, 35.97241037014252], [0.0, 0.0, 0.0, 1.0]]}, {"class": "PeasAndCarrots", "pose": [[0.5894880609473979, 0.15185397520111998, 0.7933751888465524, 25.0876406753333], [-0.7806531248093532, -0.1452842724348202, 0.6078431393940861, 23.451688253196668], [0.20756833644469982, -0.9776670772293974, 0.032901978512902906, 39.33774129844153], [0.0, 0.0, 0.0, 1.0]]}, {"class": "Ketchup", "pose": [[0.5358197624190024, 0.1075392193965655, 0.8374559645462132, 3.0760831241377073], [-0.8161799573279646, -0.18801906244818323, 0.5463508145982836, 50.923054932403154], [0.21621182486528268, -0.976260322989435, -0.012972930576523418, 26.836739485701287], [0.0, 0.0, 0.0, 1.0]]}, {"class": "MacaroniAndCheese", "pose": [[0.29838171626838567, 0.9396438255291556, 0.16744499575345517, 30.58574798290431], [0.9511496576966939, -0.27816985311950343, -0.1339252204736547, 37.72617839817207], [-0.07926382389311155, 0.19922611390439612, -0.9767426836906179, 38.67352054680171], [0.0, 0.0, 0.0, 1.0]]}, {"class": "Pineapple", "pose": [[0.8031756552228803, 0.12496423560583425, 0.5824884554546593, 16.109877789645523], [-0.5640577881987417, -0.15510404886339144, 0.8110373905058303, 49.42112346730273], [0.19169700064403203, -0.9799626218587179, -0.05408870572148443, 33.762880453803525], [0.0, 0.0, 0.0, 1.0]]}]}