{"camera": {"camera": "RealSense D415", "extrinsics": [[-0.94850934, 0.2897218, 0.12802856, 0.7586828], [0.27141201, 0.95177484, -0.14303897, -0.054769326], [-0.16329588, -0.10092532, -0.9814013, 0.15885217], [0.0, 0.0, 0.0, 1.0]], "height": 480, "intrinsics": [[604.50507, 0.0, 326.28275], [0.0, 602.9669, 245.73769], [0.0, 0.0, 1.0]], "width": 640}, "objects": [{"class": "OrangeJuice", "pose": [[-0.9894226230140079, 0.1266248325548792, 0.07077484520641376, 12.285522582523111], [-0.09162615146847329, -0.1672766409411292, -0.9816431064106539, 37.044101565228885], [-0.1124614595150872, -0.977744699767602, 0.17710942609290176, 27.452754440613674], [0.0, 0.0, 0.0, 1.0]]}, {"class": "ChocolatePudding", "pose": [[0.9475431282294914, 0.15426919387273255, 0.2799340812269728, -14.040963554093121], [-0.2523560069051914, -0.17641721883364078, 0.9514165361601088, 3.2581578628713603], [0.1961594900507281, -0.9721512227015658, -0.12823213822496995, 35.945782536816786], [0.0, 0.0, 0.0, 1.0]]}, {"class": "CreamCheese", "pose": [[0.7869072613233239, 0.0364857967242569, 0.6159917228173492, -20.407875107552808], [-0.6002296008236144, -0.18637303724597074, 0.7778107301161812, 13.276341630204344], [0.14318331780637283, -0.981801357497933, -0.12475840063112063, 33.258776403234144], [0.0, 0.0, 0.0, 1.0]]}, {"class": "Raisins", "pose": [[0.8267339528837654, 0.17270877423018566, -0.5354275901730826, -11.753542026797447], [0.559392192925094, -0.15097512033735574, 0.8150379758849313, -6.277375343865085], [0.05992800838829443, -0.9733335550314842, -0.22142820748776676, 33.82945005775416], [0.0, 0.0, 0.0, 1.0]]}, {"class": "BBQSauce", "pose": [[0.9894042966753102, 0.13305213097139146, -0.05810612730057386, -0.20667122804628457], [0.08537428986330976, -0.20946353046656124, 0.97408227303234, -4.525793108790207], [0.11743265132512459, -0.9687219319076996, -0.21860333404279592, 34.0824121554905], [0.0, 0.0, 0.0, 1.0]]}, {"class": "SaladDressing", "pose": [[0.7982638673447086, 0.09259313496517022, -0.5951481860130823, 10.479726147287682], [0.602182305302095, -0.10251382780609948, 0.7917495821853229, -8.379153138548523], [0.012299700980101799, -0.9904127664363103, -0.13759104638980638, 36.57187295570837], [0.0, 0.0, 0.0, 1.0]]}, {"class": "Mayo", "pose": [[-0.21790709469252234, 0.8811308401841501, 0.4196724847121897, 4.583233842171985], [0.2251136706163027, -0.3730331947665183, 0.9000944869873226, 3.5169003425670886], [0.9496527523191032, 0.29061101748753626, -0.1170679851132337, 38.48940552090989], [0.0, 0.0, 0.0, 1.0]]}, {"class": "Mushrooms", "pose": [[0.9870286976498605, 0.1490256131611233, -0.05971407290611119, 14.6326924621341], [0.09275961216482517, -0.2257916885597756, 0.9697493399479001, -1.4020629280401888], [0.13103459206896725, -0.9627094582016676, -0.23668641993412248, 41.53679292907139], [0.0, 0.0, 0.0, 1.0]]}, {"class": "Parmesan", "pose": [[0.8259289963100762, 0.10431053053281682, 0.554040305519066, -7.368895652081486], [-0.528632927526217, -0.1982429094417794, 0.8253768783968655, 19.948877291792456], [0.1959300890835556, -0.9745866227714095, -0.10859254816787463, 31.64114967444318], [0.0, 0.0, 0.0, 1.0]]}, {"class": "Mustard", "pose": [[0.9493251650951072, 0.12156226038173043, 0.2898351283635137, 0.6981681254047523], [-0.2784748868346903, -0.10221933571519694, 0.9549884603540398, 23.66883576824655], [0.14571734688858828, -0.9873063574447022, -0.06318732448745874, 29.247184164629715], [0.0, 0.0, 0.0, 1.0]]}, {"class": "Milk", "pose": [[0.14839082459861733, -0.9575819119546604, -0.24701639406659706, 1.6117565014666435], [-0.12535502614240493, -0.2659804646874439, 0.9557931389304486, 15.436356199707433], [-0.980951730974154, -0.11086623017995355, -0.15950676197377206, 35.19578802997345], [0.0, 0.0, 0.0, 1.0]]}, {"class": "AlphabetSoup", "pose": [[0.7403332936321543, 0.13601071104175613, 0.6583371132536482, 19.39032398668845], [-0.6438026720256381, -0.13837361027622683, 0.7525761609782777, 12.213588381388995], [0.19345492350094387, -0.9809963555845901, -0.014878491652611587, 38.12014567269688], [0.0, 0.0, 0.0, 1.0]]}, {"class": "Yogurt", "pose": [[0.8501335648340754, 0.12308146436053047, 0.511980398979142, 25.641808764464756], [-0.48783740652215274, -0.18189663226537064, 0.8537729760125287, 6.148539396036376], [0.19821116694311072, -0.9755842299476838, -0.09459265398168193, 41.49973727426784], [0.0, 0.0, 0.0, 1.0]]}, {"class": "Cherries", "pose": [[0.32868164015676216, 0.13719152060173573, 0.934423308765523, -5.090965936321245], [-0.9236137573749493, -0.15994232678815698, 0.3483620155676397, 32.50590589804956], [0.19724615206822102, -0.9775463971349184, 0.07414191495827631, 32.50610424387678], [0.0, 0.0, 0.0, 1.0]]}, {"class": "Cookies", "pose": [[0.1263456416294654, 0.08369850443239203, 0.9884489835406197, -11.1984512006146], [-0.9737286880094164, -0.17982982506158277, 0.13969141264520477, 41.25849252597813], [0.18944455964437995, -0.9801305110052533, 0.05877896586865917, 24.19100224007741], [0.0, 0.0, 0.0, 1.0]]}, {"class": "TomatoSauce", "pose": [[0.9166792901878723, 0.14320603655980238, -0.37308332031726577, 15.46868895382949], [0.3930872220099455, -0.15495706328714065, 0.9063502408180623, 25.909511135821088], [0.0719829752789008, -0.9774867563429124, -0.1983383953123276, 35.35784578762019], [0.0, 0.0, 0.0, 1.0]]}, {"class": "PeasAndCarrots", "pose": [[0.6041720868029853, 0.14992677910100147, 0.7826225810069563, 25.32061987323635], [-0.7683674502356472, -0.15064647605859133, 0.6220266194227778, 23.309333371002754], [0.21115779492452516, -0.9771528123815775, 0.024182504176492065, 38.69969600732813], [0.0, 0.0, 0.0, 1.0]]}, {"class": "Ketchup", "pose": [[0.5511818487294493, 0.10638310355349555, 0.8275755305559581, 2.7687484494967274], [-0.8047650260709792, -0.19414502811856715, 0.5609464996511223, 50.28303667517289], [0.220344914590778, -0.9751873493264024, -0.02139576917493333, 26.078598733954404], [0.0, 0.0, 0.0, 1.0]]}, {"class": "MacaroniAndCheese", "pose": [[0.2811154028778521, 0.9453275059551333, 0.16531814968397865, 30.561835313908382], [0.9555894589033165, -0.25985775275726125, -0.13900629110167476, 37.67282960611819], [-0.08844724091055349, 0.19705312642813208, -0.9763949905397248, 37.892811843900176], [0.0, 0.0, 0.0, 1.0]]}, {"class": "Pineapple", "pose": [[0.8139133750221754, 0.12320502937746453, 0.5677724830965072, 15.858683460245171], [-0.5481662854389827, -0.1609587738053739, 0.8207350432655648, 49.06904389823462], [0.19250667396850085, -0.9792409380138587, -0.06346961797729055, 32.9551431243107], [0.0, 0.0, 0.0, 1.0]]}]}