{"camera": {"camera": "RealSense D415", "extrinsics": [[-0.982621, 0.17729911, 0.054963637, 0.82191116], [0.15462703, 0.945651, -0.28606763, 0.01578199], [-0.10269595, -0.2725972, -0.9566318, 0.08889293], [0.0, 0.0, 0.0, 1.0]], "height": 480, "intrinsics": [[604.50507, 0.0, 326.28275], [0.0, 602.9669, 245.73769], [0.0, 0.0, 1.0]], "width": 640}, "objects": [{"class": "OrangeJuice", "pose": [[-0.9802252044016351, 0.05646194739852544, 0.18965935568317924, 15.742943629903772], [-0.1977891116731156, -0.3094336773473493, -0.9301238255075995, 39.45896038859869], [0.006170348001615906, -0.9492433770730965, 0.31448221511946356, 20.478162386584785], [0.0, 0.0, 0.0, 1.0]]}, {"class": "ChocolatePudding", "pose": [[0.9825602111606365, 0.0853045963887141, 0.16522297456874338, -6.004079054821432], [-0.13072381818152157, -0.3150160325497432, 0.9400405559052751, 5.221564865362592], [0.13223769350586256, -0.9452450290795672, -0.2983708316083536, 36.6513865020905], [0.0, 0.0, 0.0, 1.0]]}, {"class": "CreamCheese", "pose": [[0.855574723013884, -0.03115337023087424, 0.5167411681968009, -13.608192452001811], [-0.49570694479601385, -0.3370277778815417, 0.8004292385759456, 14.061309345092704], [0.14922006749200492, -0.9409792185829174, -0.30379533800044933, 33.16456058450654], [0.0, 0.0, 0.0, 1.0]]}, {"class": "Raisins", "pose": [[0.7649443737550478, 0.1007709354182963, -0.6361645995195272, -2.917165823733636], [0.6344100514962373, -0.288525181256244, 0.7171312087000744, -4.28252594544984], [-0.1112834714116782, -0.9521547019280068, -0.2846357994437782, 35.76776612725223], [0.0, 0.0, 0.0, 1.0]]}, {"class": "BBQSauce", "pose": [[0.9813091120772062, 0.06809107658973103, -0.17998918270139921, 8.356282247836555], [0.19243796113002762, -0.34887355452283336, 0.9171995084062998, -1.4732132193201495], [-0.0003403228236291902, -0.9346929924330092, -0.35545607297533455, 34.5514660346276], [0.0, 0.0, 0.0, 1.0]]}, {"class": "SaladDressing", "pose": [[0.7279982680161268, 0.014780830810643606, -0.6854196691462062, 19.56874562149181], [0.6662648017244568, -0.25088995244522394, 0.7022431985396133, -3.8932501224038853], [-0.16158511769899375, -0.967902835786707, -0.1924953920287546, 36.46692325017623], [0.0, 0.0, 0.0, 1.0]]}, {"class": "Mayo", "pose": [[-0.15547981289375523, 0.937922704782851, 0.3100437093084881, 12.63992138357687], [0.353509311412352, -0.2402464542913252, 0.9040535781109704, 7.571964322194061], [0.9224192822722782, 0.2501654400561036, -0.29421088700433257, 37.175375655262926], [0.0, 0.0, 0.0, 1.0]]}, {"class": "Mushrooms", "pose": [[0.9793802598253416, 0.08617218028126512, -0.18272584944785833, 23.38373635092025], [0.20165889441850796, -0.36251213995007686, 0.9099003807234933, 4.136049374928461], [0.012167802311697845, -0.927986769941223, -0.3724145877097241, 39.865974074435506], [0.0, 0.0, 0.0, 1.0]]}, {"class": "Parmesan", "pose": [[0.8913220373518455, 0.03791756813204943, 0.4517824230803271, -1.5433699339687967], [-0.41335098344143856, -0.3413895692041725, 0.8441529427044752, 21.543503022568324], [0.1862420460556491, -0.9391568362044848, -0.28861473113726444, 29.213450667984265], [0.0, 0.0, 0.0, 1.0]]}, {"class": "Mustard", "pose": [[0.9826184727375413, 0.043716846387289, 0.18041576545111454, 5.840726411600771], [-0.16430895179108324, -0.24747619879103672, 0.954860284828775, 25.548370170666306], [0.08639211452591568, -0.9679072825037816, -0.2359915692602772, 25.460739468161236], [0.0, 0.0, 0.0, 1.0]]}, {"class": "Milk", "pose": [[0.07329975955753627, -0.9300997219264951, -0.35991905557706394, 8.143816502112022], [-0.266766970034773, -0.3660249494078646, 0.8915498776061123, 18.49135729103872], [-0.960969649605742, 0.030664077675867377, -0.2749494000992736, 32.45277803317635], [0.0, 0.0, 0.0, 1.0]]}, {"class": "AlphabetSoup", "pose": [[0.8185120819726033, 0.06241164866906108, 0.5710891627598143, 26.35239439170406], [-0.5347136337511095, -0.28069321151623083, 0.7970525171150428, 17.403917062011953], [0.21004621786401045, -0.9577662798435645, -0.19637837277482348, 33.962986614568905], [0.0, 0.0, 0.0, 1.0]]}, {"class": "Yogurt", "pose": [[0.9111806082025815, 0.05469087338587443, 0.4083612146743224, 33.48529006570544], [-0.37069159659171685, -0.3237796880754522, 0.8704909637417759, 12.550226080717952], [0.17982699277055794, -0.944550561712564, -0.2747482752950859, 37.547816769805166], [0.0, 0.0, 0.0, 1.0]]}, {"class": "Cherries", "pose": [[0.4407424449054375, 0.06616905024604174, 0.8951915035872128, -0.5392240582450025], [-0.8464733669415158, -0.3012345486380238, 0.43902237974342007, 34.23124240177029], [0.29871228151580126, -0.9512515670574292, -0.07675646409556107, 27.937110249913665], [0.0, 0.0, 0.0, 1.0]]}, {"class": "Cookies", "pose": [[0.2449540740706559, 0.015063238396243742, 0.9694176986684467, -8.251259844865743], [-0.9153306792098974, -0.32604728937319416, 0.23635349995203714, 40.94969899870447], [0.3196362315556159, -0.9452335200119293, -0.06607872472155535, 19.080647879405397], [0.0, 0.0, 0.0, 1.0]]}, {"class": "TomatoSauce", "pose": [[0.8726936759579715, 0.071603807855435, -0.48298935463422626, 20.774347129862026], [0.48102959294504455, -0.2957793906887525, 0.8253030636711288, 30.068333960338357], [-0.08376340544918746, -0.9525689406005524, -0.29256833569055307, 29.59426064570155], [0.0, 0.0, 0.0, 1.0]]}, {"class": "PeasAndCarrots", "pose": [[0.6984028605541976, 0.07783372891773482, 0.7114600684921787, 31.103274201760133], [-0.6666669052352008, -0.29087944572017, 0.6862539250683255, 28.940848444541427], [0.2603628076746921, -0.9535885895083478, -0.1512618130172815, 32.24595325178471], [0.0, 0.0, 0.0, 1.0]]}, {"class": "Ketchup", "pose": [[0.6505851150903561, 0.03948347795932257, 0.7584063139488778, 4.794679406801627], [-0.7057782871857948, -0.33726982299558816, 0.6229977046375417, 51.38897220824622], [0.280385671405245, -0.9405797489892243, -0.191556093090354, 18.125071086240606], [0.0, 0.0, 0.0, 1.0]]}, {"class": "MacaroniAndCheese", "pose": [[0.16947730174088263, 0.9812387365837876, 0.09191332911228553, 34.70304384584283], [0.9506172438131908, -0.1381554264446108, -0.2779208485503682, 43.40536299565066], [-0.26000833148667873, 0.1344756981029696, -0.9561966742858271, 28.74582326571439], [0.0, 0.0, 0.0, 1.0]]}, {"class": "Pineapple", "pose": [[0.8811848101256651, 0.052273790218139486, 0.46987323323046015, 18.497205296396825], [-0.4341885581572166, -0.3037732459888253, 0.8480578843079086, 52.483407493319], [0.18706612855763785, -0.9513093119293893, -0.24498363684322405, 23.70629303179016], [0.0, 0.0, 0.0, 1.0]]}]}