{"camera": {"camera": "RealSense D415", "extrinsics": [[-0.9890258, 0.12371524, 0.08076211, 0.82996345], [0.08275234, 0.9167173, -0.39087266, 0.024217406], [-0.12239292, -0.3798999, -0.9168948, 0.11455341], [0.0, 0.0, 0.0, 1.0]], "height": 480, "intrinsics": [[604.50507, 0.0, 326.28275], [0.0, 602.9669, 245.73769], [0.0, 0.0, 1.0]], "width": 640}, "objects": [{"class": "OrangeJuice", "pose": [[-0.966851885140623, 0.0835677580387615, 0.241275664549805, 14.321372122281218], [-0.2539502591406503, -0.4130971710770827, -0.8745627673311828, 37.350304783407005], [0.026585004140184356, -0.9068446592443632, 0.4206257990807288, 18.409264227968], [0.0, 0.0, 0.0, 1.0]]}, {"class": "ChocolatePudding", "pose": [[0.9872756861996629, 0.1126507595296872, 0.11223462079020255, -5.517571599042547], [-0.0556428769675395, -0.41644726822640166, 0.9074555547799634, 3.9731113275837697], [0.1489653845393358, -0.902153843480167, -0.4048800046933297, 38.38636802371387], [0.0, 0.0, 0.0, 1.0]]}, {"class": "CreamCheese", "pose": [[0.8819068435489325, -0.0023394182098226486, 0.4714179999867958, -13.597170325813623], [-0.4231495315237709, -0.44473587157332617, 0.7894013677329149, 11.880714055140974], [0.20780976397396245, -0.8956587599746146, -0.39320547933018835, 33.87954218059287], [0.0, 0.0, 0.0, 1.0]]}, {"class": "Raisins", "pose": [[0.7271668013609982, 0.1265904103291474, -0.6746876279424912, -1.866719703078934], [0.6618593210903165, -0.3900557982899983, 0.6401552578692822, -5.367941084039223], [-0.18212825385851494, -0.9120479257484301, -0.3674206602545594, 38.61783697841775], [0.0, 0.0, 0.0, 1.0]]}, {"class": "BBQSauce", "pose": [[0.9681949068423933, 0.09736770408130377, -0.2304739396416391, 9.23214508571063], [0.24938283960085256, -0.44982641118494704, 0.8575922340976253, -2.049585068689005], [-0.02017143796957295, -0.88779266148633, -0.4598014404052257, 37.112523023786935], [0.0, 0.0, 0.0, 1.0]]}, {"class": "SaladDressing", "pose": [[0.6888796111797856, 0.038680340640553736, -0.7238430747311725, 20.549400326759503], [0.6854252624819774, -0.3596962198590043, 0.6330962642775045, -3.557998878756305], [-0.23587518669360674, -0.9322674182691316, -0.2742998695470575, 39.32370181461577], [0.0, 0.0, 0.0, 1.0]]}, {"class": "Mayo", "pose": [[-0.18475825722754158, 0.9480741797169039, 0.2588818657764878, 12.949370591541498], [0.4477846495941009, -0.15327770689964498, 0.8809057231207807, 7.477785953737611], [0.8748447698482695, 0.2786779490333424, -0.3962136932125906, 38.681323797649824], [0.0, 0.0, 0.0, 1.0]]}, {"class": "Mushrooms", "pose": [[0.9656073168572801, 0.11615857356054303, -0.23261508916580967, 23.851497353263518], [0.2598552757902644, -0.46149431882621966, 0.8482324387846527, 5.023678528772865], [-0.008821031801480502, -0.8795056902177508, -0.4758066745748925, 41.77896483491017], [0.0, 0.0, 0.0, 1.0]]}, {"class": "Parmesan", "pose": [[0.9123791754627367, 0.06684833034214098, 0.4038509938083118, -1.9584950489246467], [-0.3350806118807218, -0.44472411274040247, 0.8306271654360795, 19.563586297048825], [0.2351283257823075, -0.893169549861186, -0.3833573879724256, 29.11832945606187], [0.0, 0.0, 0.0, 1.0]]}, {"class": "Mustard", "pose": [[0.989748420163817, 0.0673630791419851, 0.12593793963413208, 5.211268153269611], [-0.09423573252129559, -0.35458347653143946, 0.9302635248995421, 23.541983695143376], [0.10732095392254108, -0.9325946873870018, -0.34460038189786807, 24.945377167061615], [0.0, 0.0, 0.0, 1.0]]}, {"class": "Milk", "pose": [[0.09796672065413027, -0.9071136851993482, -0.4093255037936031, 7.8610685210642846], [-0.3711417651498586, -0.4149331901513432, 0.8307131145851417, 17.490264305910507], [-0.9233939509195797, 0.07053550518922953, -0.37731739319873875, 32.7138715784593], [0.0, 0.0, 0.0, 1.0]]}, {"class": "AlphabetSoup", "pose": [[0.8466408579468854, 0.08789016214387015, 0.5248568007950732, 26.087059040622083], [-0.45701171463324125, -0.38523004591264004, 0.801709514279081, 17.67422517351577], [0.2726529931764031, -0.9186257174975087, -0.2859846110573046, 34.38569533051454], [0.0, 0.0, 0.0, 1.0]]}, {"class": "Yogurt", "pose": [[0.929743919592761, 0.08260268771367668, 0.3588218558704609, 33.46001531191774], [-0.2923384225008149, -0.4268849746278608, 0.8557496748688709, 13.701993876582582], [0.22386289601650197, -0.9005254543182306, -0.37274571923700717, 38.52676009328903], [0.0, 0.0, 0.0, 1.0]]}, {"class": "Cherries", "pose": [[0.4871191665101627, 0.09279230928396578, 0.8683919559989864, -1.6932394532015227], [-0.7784461807193254, -0.40461982979065536, 0.479900383345487, 32.05609017397152], [0.39589964879496115, -0.9097650570325543, -0.12486420777805282, 26.382809951250586], [0.0, 0.0, 0.0, 1.0]]}, {"class": "Cookies", "pose": [[0.2955495220791606, 0.04318625680589181, 0.9543508325083753, -9.704766662396725], [-0.8559967929296837, -0.43157938129502355, 0.2846203945724401, 37.23363071162508], [0.4241698002089879, -0.9010406570826489, -0.09058573934233884, 16.788093604225494], [0.0, 0.0, 0.0, 1.0]]}, {"class": "TomatoSauce", "pose": [[0.8435201515486618, 0.09790766381683991, -0.5280984071030742, 19.81238847014556], [0.5193973908382735, -0.3990385535311946, 0.7556418622982686, 29.393158025307585], [-0.13674844655162013, -0.9116920533255253, -0.3874500271857881, 28.56478897285999], [0.0, 0.0, 0.0, 1.0]]}, {"class": "PeasAndCarrots", "pose": [[0.7340635642731217, 0.1038467371724065, 0.6710936023185129, 30.164441305909627], [-0.5892059821122337, -0.3939258796159642, 0.7054493269423515, 29.19859496346591], [0.3376197429812329, -0.9132569923535478, -0.22797946478597556, 31.355233215324922], [0.0, 0.0, 0.0, 1.0]]}, {"class": "Ketchup", "pose": [[0.6884520615344882, 0.06818159726621664, 0.722070019493049, 2.7104748534901635], [-0.6285283615760544, -0.4407102048806504, 0.6408795946822182, 48.253142205203645], [0.3619198116687864, -0.8950563476477009, -0.2605537291129196, 14.662010954104526], [0.0, 0.0, 0.0, 1.0]]}, {"class": "MacaroniAndCheese", "pose": [[0.11549568154472552, 0.9863742823993069, 0.11716060282076249, 32.93670996062372], [0.9226284957227328, -0.06283174960541173, -0.3805376078568316, 43.350922213925365], [-0.367991059346238, 0.15204618658026903, -0.9173137951023593, 26.211539183615752], [0.0, 0.0, 0.0, 1.0]]}, {"class": "Pineapple", "pose": [[0.9034826181752085, 0.07907234024094333, 0.4212680951029206, 16.27132283964794], [-0.3562515444264385, -0.4079736716339978, 0.8406202241313979, 50.801593906887945], [0.23833611054561182, -0.9095631518245213, -0.34042742626071437, 20.11323443290303], [0.0, 0.0, 0.0, 1.0]]}]}