{"camera": {"camera": "RealSense D415", "extrinsics": [[-0.92209846, -0.3763723, 0.08987935, 0.6490946], [-0.37247115, 0.80035377, -0.4697862, -0.010503649], [0.10487922, -0.46666658, -0.87819284, 0.13733782], [0.0, 0.0, 0.0, 1.0]], "height": 480, "intrinsics": [[603.75165, 0.0, 326.28275], [0.0, 603.20245, 245.73769], [0.0, 0.0, 1.0]], "width": 640}, "objects": [{"class": "ChocolatePudding", "pose": [[0.9792838916230745, 0.0921732131540781, 0.1802972085395967, 14.673815975128834], [-0.1023007628228692, -0.543201408345394, 0.8333467293492804, 7.969236224849889], [0.17474995737430754, -0.834527619024737, -0.5225190005159431, 47.75816724598082], [0.0, 0.0, 0.0, 1.0]]}, {"class": "MacaroniAndCheese", "pose": [[0.11202325964855905, 0.8795455402878511, 0.46243957105790134, 10.52301023039205], [-0.436024581678418, 0.46168366643137987, -0.7724834909189598, -3.1552309794961717], [-0.8929352547481612, -0.1150988879473158, 0.4352227903484918, 48.70399729753681], [0.0, 0.0, 0.0, 1.0]]}, {"class": "Milk", "pose": [[-0.05856819039691116, 0.9906454592591996, 0.12325285451263554, 5.9688978752788335], [0.8666102367583729, 0.11174057137185622, -0.48631340684253394, -15.801136262146573], [-0.49553651425445855, 0.07832970426426072, -0.8650479876215041, 57.57058202355777], [0.0, 0.0, 0.0, 1.0]]}, {"class": "Ketchup", "pose": [[0.9290497126746786, 0.10481754562377328, 0.3547954883186321, -3.3574152658135126], [-0.2564819371839754, -0.5086518377807301, 0.8218821760084254, -5.308102329236516], [0.26661506361179277, -0.8545680824304633, -0.4456790333457474, 46.878974561388546], [0.0, 0.0, 0.0, 1.0]]}, {"class": "OrangeJuice", "pose": [[-0.8953011606601166, -0.4378172151900986, -0.08216959794587528, 23.916221725639524], [0.3588193865911607, -0.8181003547581098, 0.4494000943154122, -2.181357115413107], [-0.2639780861232833, 0.37286437420640217, 0.8895435508798633, 53.035789582956895], [0.0, 0.0, 0.0, 1.0]]}]}