{"camera": {"camera": "RealSense D415", "extrinsics": [[-0.9860111, 0.14003353, 0.09040292, 0.8240553], [0.09451099, 0.9164679, -0.38878557, -0.0016152726], [-0.1372944, -0.37480283, -0.9168823, 0.12817067], [0.0, 0.0, 0.0, 1.0]], "height": 480, "intrinsics": [[604.50507, 0.0, 326.28275], [0.0, 602.9669, 245.73769], [0.0, 0.0, 1.0]], "width": 640}, "objects": [{"class": "OrangeJuice", "pose": [[-0.9699887200517833, 0.09279894232761868, 0.22474491361968907, 14.035657365441867], [-0.2429077831665721, -0.4110734814450345, -0.8786435040899366, 35.531094310264294], [0.010849430287857037, -0.9068666152355228, 0.4212782043292211, 18.834589037734204], [0.0, 0.0, 0.0, 1.0]]}, {"class": "ChocolatePudding", "pose": [[0.9841620257814987, 0.12176598513132543, 0.12883395824625307, -6.489286183644882], [-0.06746992431640393, -0.4147728416274742, 0.9074201368223491, 2.319183091143786], [0.16392977997331348, -0.9017408947954701, -0.3999880989486111, 38.389664370382434], [0.0, 0.0, 0.0, 1.0]]}, {"class": "CreamCheese", "pose": [[0.8737014974872506, 0.006373277975693347, 0.48642071454567415, -14.407489888642033], [-0.4339311840448419, -0.4417591315540569, 0.7852086364474922, 10.333755069229046], [0.2198851702163583, -0.8971111218806345, -0.3832000004255629, 33.78637673213473], [0.0, 0.0, 0.0, 1.0]]}, {"class": "Raisins", "pose": [[0.7374110215703208, 0.1361574445993873, -0.6615785459562036, -2.9495385694667364], [0.6540489458180659, -0.38851121250835474, 0.649060104904968, -7.0639121288047555], [-0.16865625680975987, -0.9113288611924337, -0.375546091985766, 38.64513419782626], [0.0, 0.0, 0.0, 1.0]]}, {"class": "BBQSauce", "pose": [[0.9711804216673413, 0.10588259801179828, -0.2135357134791777, 8.208439059697037], [0.23830435982933496, -0.44802076097614496, 0.8616776864758483, -3.8684355908556345], [-0.004431704830293661, -0.8877310296566875, -0.46034125644583923, 37.32198845459774], [0.0, 0.0, 0.0, 1.0]]}, {"class": "SaladDressing", "pose": [[0.700228614617589, 0.04892243223615686, -0.7122404929639861, 19.47228336577296], [0.6782283095884708, -0.35707766984188427, 0.6422631106662953, -5.514002757956854], [-0.22290404303909775, -0.9327927124234215, -0.28321658965488955, 39.70165336496841], [0.0, 0.0, 0.0, 1.0]]}, {"class": "Mayo", "pose": [[-0.19308091403211902, 0.9418521591550253, 0.2750169228507292, 12.009804952545034], [0.44702561415481956, -0.1650698997241559, 0.8791587081092059, 5.610426293771529], [0.8734345781965632, 0.2926884185560496, -0.38916014783493774, 38.98044902109389], [0.0, 0.0, 0.0, 1.0]]}, {"class": "Mushrooms", "pose": [[0.9685382312112815, 0.12440883611885106, -0.21553694138226082, 22.834119598578994], [0.24876880462180276, -0.4599307784179413, 0.8523953111441839, 3.021115456944641], [0.006913491940373672, -0.8791963529741688, -0.4764095611501424, 42.23683788431996], [0.0, 0.0, 0.0, 1.0]]}, {"class": "Parmesan", "pose": [[0.9047548391281678, 0.07551006434444546, 0.41918605437157475, -2.6097027984054777], [-0.34630773993142006, -0.4425505826092205, 0.8271758801159027, 17.897840879016947], [0.2479711677444042, -0.8935587959878928, -0.3742500120097616, 29.23102276322537], [0.0, 0.0, 0.0, 1.0]]}, {"class": "Mustard", "pose": [[0.9868344398151587, 0.07766342224287917, 0.141866902986458, 4.668550768964064], [-0.1059527618224027, -0.3522938443967019, 0.9298726068726184, 21.807155914639196], [0.12219596888237948, -0.9326615403905781, -0.3394270019817638, 25.182447930406216], [0.0, 0.0, 0.0, 1.0]]}, {"class": "Milk", "pose": [[0.10793022953641869, -0.9127804175516234, -0.39393275036387254, 7.128932772992281], [-0.3692326222027791, -0.40470892599153446, 0.8365870913860208, 15.700106819646559], [-0.9230484511904936, 0.055159725644872405, -0.38070862195486616, 32.969920297862885], [0.0, 0.0, 0.0, 1.0]]}, {"class": "AlphabetSoup", "pose": [[0.8370555120843677, 0.09762088286708931, 0.5383384342959097, 25.327911665165637], [-0.4675969412077536, -0.38321963401533254, 0.7965524579260242, 15.669156290380082], [0.2840620351747805, -0.9184840680957054, -0.27512882480010126, 34.92229370489577], [0.0, 0.0, 0.0, 1.0]]}, {"class": "Yogurt", "pose": [[0.9227789494952212, 0.0915789460254085, 0.374289118110744, 32.590260913272715], [-0.30373145105474997, -0.4248697990178153, 0.852779493815619, 11.598987258438626], [0.23712082344677413, -0.9006103815474309, -0.3642454517850247, 39.16252109210268], [0.0, 0.0, 0.0, 1.0]]}, {"class": "Cherries", "pose": [[0.472023726028954, 0.10216377597543114, 0.8756461624805586, -2.159428158373411], [-0.7852784269559395, -0.4026932379049028, 0.4702934763027795, 30.395317515170056], [0.40066373995118437, -0.909615757868039, -0.10985369331816419, 26.54282550410517], [0.0, 0.0, 0.0, 1.0]]}, {"class": "Cookies", "pose": [[0.27916657144011836, 0.0521240072400299, 0.9588269657150635, -9.962412173979306], [-0.8607141111696749, -0.4291092222498876, 0.27392790979229764, 35.69581655462192], [0.42571969621063205, -0.9017474561390622, -0.07492902651321035, 16.843947951335647], [0.0, 0.0, 0.0, 1.0]]}, {"class": "TomatoSauce", "pose": [[0.8514139118779415, 0.1073717313695687, -0.5133865004907577, 19.278154057612483], [0.5101122093914293, -0.3971648668029923, 0.7629191359225689, 27.478325720681635], [-0.12198307208177356, -0.9114447253551576, -0.392923320963408, 29.04591964001805], [0.0, 0.0, 0.0, 1.0]]}, {"class": "PeasAndCarrots", "pose": [[0.7219855961445528, 0.11339231432858952, 0.6825533084922711, 29.583079448834305], [-0.5986997140098197, -0.39211571031234665, 0.6984296154377241, 27.155720272144418], [0.3468364391095442, -0.9129006297314596, -0.21521388930753332, 31.994455943816263], [0.0, 0.0, 0.0, 1.0]]}, {"class": "Ketchup", "pose": [[0.675558217295983, 0.07691807802457869, 0.7332835340027902, 2.6093687957349565], [-0.6375742957157294, -0.43854613563816847, 0.6333848039770948, 46.578793849015305], [0.37029741176867814, -0.8954110821218608, -0.2472223983783308, 14.946792631826847], [0.0, 0.0, 0.0, 1.0]]}, {"class": "MacaroniAndCheese", "pose": [[0.13169962165187693, 0.9831310757046605, 0.126919401839489, 32.59599936625643], [0.9224343324426972, -0.07465796258030284, -0.37886817826789954, 41.291937483571786], [-0.3630014945974328, 0.1669716552538215, -0.916706318659901, 26.942615173065843], [0.0, 0.0, 0.0, 1.0]]}, {"class": "Pineapple", "pose": [[0.8955682911942956, 0.08840485367760982, 0.4360528116826146, 16.112882499501424], [-0.3673853745197031, -0.40588982966022097, 0.836828201196098, 48.95346324779073], [0.25096910600795697, -0.9096362662983332, -0.3310233591055979, 20.6145169772823], [0.0, 0.0, 0.0, 1.0]]}]}