{"camera": {"camera": "RealSense D415", "extrinsics": [[-0.9810303, 0.16784993, 0.09698427, 0.8156175], [0.114332065, 0.9049982, -0.40976393, -0.07124815], [-0.15654942, -0.39090243, -0.9070213, 0.1534215], [0.0, 0.0, 0.0, 1.0]], "height": 480, "intrinsics": [[604.50507, 0.0, 326.28275], [0.0, 602.9669, 245.73769], [0.0, 0.0, 1.0]], "width": 640}, "objects": [{"class": "OrangeJuice", "pose": [[-0.9754516501783832, 0.09868593153177938, 0.19686347880957367, 13.952872706334741], [-0.2202100525080343, -0.4318878647661205, -0.8746316346961434, 30.251515749643282], [-0.0012909223227123483, -0.8965121721767157, 0.4430173314576469, 19.424197172446178], [0.0, 0.0, 0.0, 1.0]]}, {"class": "ChocolatePudding", "pose": [[0.9793582637933649, 0.12746632406491093, 0.15687508271251413, -7.675999855176519], [-0.08670708254727223, -0.4361463507827447, 0.8956887483406908, -2.064368095330286], [0.18259066523958842, -0.8908023415560806, -0.41609125748912296, 39.2882603707583], [0.0, 0.0, 0.0, 1.0]]}, {"class": "CreamCheese", "pose": [[0.8594079723042796, 0.01141120629661952, 0.5111631693674116, -15.324372842553036], [-0.4492813478156103, -0.46036387939737633, 0.7656444739043478, 6.033020852435935], [0.2440579893254185, -0.8876570297185563, -0.3905134988076289, 34.38354224585446], [0.0, 0.0, 0.0, 1.0]]}, {"class": "Raisins", "pose": [[0.7552999565765783, 0.14263074962584138, -0.6396706254500233, -4.361731821390302], [0.6332287315272914, -0.4104286046005102, 0.6561781964246408, -11.519200318397061], [-0.16894789082796854, -0.900669163914233, -0.40031458213776033, 39.79751091506072], [0.0, 0.0, 0.0, 1.0]]}, {"class": "BBQSauce", "pose": [[0.9764250834136659, 0.1105712775418481, -0.1853863891185494, 6.889022580195913], [0.21571495177651095, -0.4687206050242037, 0.8566026764929475, -8.609954081085963], [0.00782126373878659, -0.8763989409847053, -0.4815223996739174, 38.606264779619856], [0.0, 0.0, 0.0, 1.0]]}, {"class": "SaladDressing", "pose": [[0.7196291292875786, 0.05653612609993677, -0.6920532110563864, 18.06881488381935], [0.6571243400704824, -0.37744647338728543, 0.6524736414473158, -10.46479317514081], [-0.22432466714320867, -0.924304030622445, -0.3087727319558999, 41.21714655093277], [0.0, 0.0, 0.0, 1.0]]}, {"class": "Mayo", "pose": [[-0.19751108527364536, 0.932574478562137, 0.30214942881895546, 10.882207334712158], [0.46943800840225103, -0.18060514565258462, 0.8642973035942071, 0.8112452098072376], [0.860591332148015, 0.3125487349121682, -0.40211434275566643, 40.13766411739014], [0.0, 0.0, 0.0, 1.0]]}, {"class": "Mushrooms", "pose": [[0.9738344237700414, 0.12866464843473985, -0.18732855503278667, 21.5855364102982], [0.22647136246652494, -0.4808742174854867, 0.8470364810970993, -1.9585062765807952], [0.018902210582641382, -0.8672978218558913, -0.4974306906016448, 43.63646568718157], [0.0, 0.0, 0.0, 1.0]]}, {"class": "Parmesan", "pose": [[0.8920175546694672, 0.08043946722417729, 0.4447856095707607, -3.2764192566169137], [-0.3618312941450506, -0.46267437431988734, 0.8093272695851175, 13.226754908476018], [0.27089276324116973, -0.8828714702544422, -0.383608100993239, 29.883381935580815], [0.0, 0.0, 0.0, 1.0]]}, {"class": "Mustard", "pose": [[0.981844345198047, 0.08537473429306254, 0.16938978940314223, 4.159675700951915], [-0.12610152659729038, -0.3733246025523303, 0.9190904403202412, 16.882186995272818], [0.14170449618048264, -0.9237640442547198, -0.35578072406710093, 25.884758370030557], [0.0, 0.0, 0.0, 1.0]]}, {"class": "Milk", "pose": [[0.11506754703427874, -0.9228140065470058, -0.3676599422662364, 6.342580480865756], [-0.39075268465548046, -0.3823294234499813, 0.8373390249880984, 10.883454506256525], [-0.9132753759311187, 0.04731352489213957, -0.40458573305724427, 33.83739275161545], [0.0, 0.0, 0.0, 1.0]]}, {"class": "AlphabetSoup", "pose": [[0.8208892332922221, 0.10435692496817477, 0.5614717829803468, 24.499703482140767], [-0.48075064663941514, -0.40440036280524577, 0.7780355092718129, 10.473730337015873], [0.308252784829438, -0.9086088779254613, -0.28179819891767033, 36.110402053124304], [0.0, 0.0, 0.0, 1.0]]}, {"class": "Yogurt", "pose": [[0.9112165861395114, 0.09703629230474446, 0.40033530362315045, 31.59104045828407], [-0.319916748058787, -0.445519206677259, 0.8361614689533584, 6.3264012878346225], [0.2594950828997261, -0.8899981521072395, -0.3749209096727982, 40.56013511906264], [0.0, 0.0, 0.0, 1.0]]}, {"class": "Cherries", "pose": [[0.4465768120399507, 0.10829009243549045, 0.8881680421156696, -2.487746658538581], [-0.7874395115298317, -0.42378470430864956, 0.4475998563949377, 25.65188038666894], [0.4248626375240566, -0.8992663094167618, -0.10398048517568416, 26.94904370429806], [0.0, 0.0, 0.0, 1.0]]}, {"class": "Cookies", "pose": [[0.2516057198648241, 0.05751823173686551, 0.9661191846538415, -9.9971130160593], [-0.8578726762077764, -0.4488709544376939, 0.250138819553026, 30.927799133661953], [0.44805035181208885, -0.8917435937665777, -0.06359514549590599, 17.008008733256577], [0.0, 0.0, 0.0, 1.0]]}, {"class": "TomatoSauce", "pose": [[0.8650858866275417, 0.1136566018533936, -0.4885781921248781, 18.829627658074276], [0.487705415908768, -0.41841708887679346, 0.7662053630706355, 22.294330083855808], [-0.11734512643229039, -0.9011156591313298, -0.4173976371329993, 29.888545711590826], [0.0, 0.0, 0.0, 1.0]]}, {"class": "PeasAndCarrots", "pose": [[0.7017231193710419, 0.11981778511110792, 0.7023022328871508, 29.072115760437445], [-0.6078317703961823, -0.4135394208702837, 0.6778833068105395, 21.795753913553845], [0.3716521251768458, -0.90256798073271, -0.217361071309756, 33.02419382943189], [0.0, 0.0, 0.0, 1.0]]}, {"class": "Ketchup", "pose": [[0.6540032184745572, 0.08197236696971069, 0.7520374894148145, 2.8566151105179682], [-0.6451293444735967, -0.45874285830629163, 0.6110345409394782, 41.476309497057024], [0.39507976216489477, -0.8847799943126113, -0.247136481534428, 15.110987143905055], [0.0, 0.0, 0.0, 1.0]]}, {"class": "MacaroniAndCheese", "pose": [[0.1594568529903397, 0.9781073633679251, 0.13371447927168403, 32.50123131983688], [0.9113994345166497, -0.09380458662813632, -0.400689233271041, 35.75057714905992], [-0.3793740162847414, 0.18575996275631193, -0.9064042637355976, 27.73878801538499], [0.0, 0.0, 0.0, 1.0]]}, {"class": "Pineapple", "pose": [[0.8822901586528508, 0.09446249742946893, 0.4611301082457635, 16.312857188514762], [-0.3826246535837516, -0.42666308714047524, 0.8194858607143579, 43.656583787718546], [0.274157880863039, -0.8994640416708465, -0.3402969165525092, 20.966155159209904], [0.0, 0.0, 0.0, 1.0]]}]}