{"camera": {"camera": "RealSense D415", "extrinsics": [[-0.98508686, 0.16053228, 0.061913148, 0.8261032], [0.11361213, 0.87713045, -0.46662024, -0.1063012], [-0.12921351, -0.4526274, -0.8822881, 0.16738242], [0.0, 0.0, 0.0, 1.0]], "height": 480, "intrinsics": [[604.50507, 0.0, 326.28275], [0.0, 602.9669, 245.73769], [0.0, 0.0, 1.0]], "width": 640}, "objects": [{"class": "OrangeJuice", "pose": [[-0.9764673262485667, 0.06382357193747304, 0.20600523006316898, 15.461781316431223], [-0.21059669689084207, -0.4880583385347168, -0.8470231014916126, 27.568016610884115], [0.04648249033722623, -0.8704743752596208, 0.4900140271873977, 20.811254396615293], [0.0, 0.0, 0.0, 1.0]]}, {"class": "ChocolatePudding", "pose": [[0.9845365550543833, 0.09275582567608481, 0.14860743906028537, -5.6871250035989585], [-0.08439711203768574, -0.492223983494731, 0.8663675447333822, -3.2348996555518164], [0.15350880982019666, -0.8655125269154503, -0.47678414171615235, 43.40792455606408], [0.0, 0.0, 0.0, 1.0]]}, {"class": "CreamCheese", "pose": [[0.864193166652565, -0.02328922355468362, 0.5026209557474646, -13.444705016825553], [-0.44126027258483935, -0.5150952971544083, 0.7348239596684624, 4.61188490138809], [0.24178422432072322, -0.8568164797660088, -0.4554183962061712, 38.27280076206249], [0.0, 0.0, 0.0, 1.0]]}, {"class": "Raisins", "pose": [[0.7534570028057237, 0.10774938245867066, -0.648608246850172, -2.4259066807148177], [0.6142226663952973, -0.4673190688773705, 0.6358800586312737, -12.670346300536103], [-0.23459127155045958, -0.8774981388292713, -0.4182869330919794, 44.39502043852234], [0.0, 0.0, 0.0, 1.0]]}, {"class": "BBQSauce", "pose": [[0.977637940493789, 0.07614299323471226, -0.19602638666155184, 8.796669552718528], [0.2065100186069288, -0.5236713620778801, 0.8265119247594296, -9.948195343927013], [-0.03972027318678433, -0.8485108008199693, -0.5276852542205555, 42.63265592455069], [0.0, 0.0, 0.0, 1.0]]}, {"class": "SaladDressing", "pose": [[0.7160283113862064, 0.0211165356950744, -0.6977518123179088, 20.047862371206804], [0.6349434558022259, -0.43506539343291234, 0.6384081424810246, -11.741982496350142], [-0.29008665034689635, -0.9001512217220811, -0.32492694571974146, 44.964580527813204], [0.0, 0.0, 0.0, 1.0]]}, {"class": "Mayo", "pose": [[-0.16357916375719164, 0.9416874398112052, 0.2940521471875011, 12.909955891020653], [0.524222814257806, -0.16953087445503812, 0.8345356604922347, -0.48793293235884355], [0.835722636782514, 0.29066150832017285, -0.46592227751237214, 43.42890329792799], [0.0, 0.0, 0.0, 1.0]]}, {"class": "Mushrooms", "pose": [[0.9755185428160116, 0.09445739103877304, -0.19859863111194223, 23.709679102156677], [0.21796284039538613, -0.5354027190461996, 0.8159878514167878, -3.1347160656895703], [-0.029254124006825696, -0.839298373578783, -0.5428834525647234, 46.7205447375598], [0.0, 0.0, 0.0, 1.0]]}, {"class": "Parmesan", "pose": [[0.8983660164468831, 0.045846295511482185, 0.43684855506284903, -1.5110607271400012], [-0.35261564920388805, -0.517756464589519, 0.7794809120994302, 11.395312710375567], [0.2619174908400143, -0.8542987716319165, -0.4489686442417375, 32.912980709814065], [0.0, 0.0, 0.0, 1.0]]}, {"class": "Mustard", "pose": [[0.9852905281581417, 0.04998548957177666, 0.16341379480748128, 5.805654613454781], [-0.12629465477575788, -0.4311915445880735, 0.8933776116883023, 14.722662499885425], [0.11511859197059948, -0.9008747570272867, -0.41853600641488764, 28.436252132561712], [0.0, 0.0, 0.0, 1.0]]}, {"class": "Milk", "pose": [[0.07990235551155926, -0.9233288578014692, -0.37560547961125684, 8.224216024924914], [-0.4482099952366681, -0.3698488473625074, 0.8138302496771944, 9.212896303412018], [-0.8903501775963746, 0.10332313299876056, -0.4433969983811529, 36.66955581338806], [0.0, 0.0, 0.0, 1.0]]}, {"class": "AlphabetSoup", "pose": [[0.8277366710315227, 0.06926403158689662, 0.5568254122588565, 26.44680250528364], [-0.46828404569283577, -0.46143670403155385, 0.7535159359543233, 8.774000601098022], [0.30913124330082953, -0.8844651990569558, -0.34951279347745456, 38.33096057810212], [0.0, 0.0, 0.0, 1.0]]}, {"class": "Yogurt", "pose": [[0.9174554960934286, 0.06230568839714718, 0.39292932731037544, 33.660419683380624], [-0.31168047322349035, -0.5012390808612841, 0.8072265552145769, 4.846168970776919], [0.24724635822457944, -0.863062810016397, -0.4404450374828591, 42.78330668281542], [0.0, 0.0, 0.0, 1.0]]}, {"class": "Cherries", "pose": [[0.4555504444345912, 0.07338328158043429, 0.8871802122112483, -0.7359875173562069], [-0.7635104945548277, -0.4802348676628482, 0.4317710522957297, 23.604426378385256], [0.4577396329758475, -0.8740648678147142, -0.16274225630478603, 29.1776245313907], [0.0, 0.0, 0.0, 1.0]]}, {"class": "Cookies", "pose": [[0.2610116658763662, 0.022727274351422144, 0.9650680927562899, -8.553015762268368], [-0.8305020530265547, -0.5043184835968163, 0.2364936617255514, 28.31892563242282], [0.49207650846246, -0.863218610073092, -0.11275791668377542, 19.191752739822395], [0.0, 0.0, 0.0, 1.0]]}, {"class": "TomatoSauce", "pose": [[0.8639333649935319, 0.07872011105198938, -0.49741564847336533, 20.646853341083936], [0.4711788414109093, -0.4750446429758216, 0.7431844532831137, 20.235344693179], [-0.17779103049912845, -0.8764335445712981, -0.4474981543607069, 31.57921953129279], [0.0, 0.0, 0.0, 1.0]]}, {"class": "PeasAndCarrots", "pose": [[0.7099606412033571, 0.08486154612938378, 0.6991097541229929, 30.98975836981477], [-0.5900127474268496, -0.47032607678985133, 0.6562609118181278, 19.836829928455252], [0.3845008629799098, -0.8784030542435358, -0.2838435614829464, 34.381884087592226], [0.0, 0.0, 0.0, 1.0]]}, {"class": "Ketchup", "pose": [[0.6628271909002565, 0.047339456533691336, 0.7472744698152288, 4.302223472559574], [-0.6253168851901147, -0.5139667993138853, 0.5872111777838064, 38.6056549747799], [0.41187252153767945, -0.8565028519607001, -0.31106895910291377, 16.189403304603037], [0.0, 0.0, 0.0, 1.0]]}, {"class": "MacaroniAndCheese", "pose": [[0.1525983089025609, 0.9833466596184189, 0.09870737316248908, 34.331695212520046], [0.8843198668702539, -0.09127019840389085, -0.4578735294346726, 33.40040778412866], [-0.44123932564893265, 0.15715964430700746, -0.8835206338474278, 28.113531640868857], [0.0, 0.0, 0.0, 1.0]]}, {"class": "Pineapple", "pose": [[0.8886087490132312, 0.05953672554955549, 0.45478556690735034, 17.97232274486815], [-0.3730707322173153, -0.48298869142960127, 0.7921743480629946, 41.020312893340815], [0.26681976685995223, -0.8736002119004871, -0.40697652083654057, 21.424367091174794], [0.0, 0.0, 0.0, 1.0]]}]}