{"camera": {"camera": "RealSense D415", "extrinsics": [[-0.980782, 0.16832954, 0.09865048, 0.79887545], [0.105976045, 0.884148, -0.45502904, -0.119700365], [-0.16381645, -0.4358297, -0.8849953, 0.24324079], [0.0, 0.0, 0.0, 1.0]], "height": 480, "intrinsics": [[604.50507, 0.0, 326.28275], [0.0, 602.9669, 245.73769], [0.0, 0.0, 1.0]], "width": 640}, "objects": [{"class": "OrangeJuice", "pose": [[-0.9753994362171868, 0.10033875221489721, 0.19628607772850443, 12.263440721325392], [-0.2202943568216629, -0.47659333641436663, -0.851075364616084, 25.543968454063936], [0.008152744727406196, -0.8733790713214892, 0.4869728877073082, 26.39624879028994], [0.0, 0.0, 0.0, 1.0]]}, {"class": "ChocolatePudding", "pose": [[0.9790586297046786, 0.12911011842293854, 0.15740052922560516, -9.392796405658144], [-0.07707137533697825, -0.48054909503320964, 0.8735746439686067, -5.733881700709302], [0.1884260382626649, -0.8674117935456779, -0.4605349838540815, 47.83007649806875], [0.0, 0.0, 0.0, 1.0]]}, {"class": "CreamCheese", "pose": [[0.8590815906224517, 0.013055043851319264, 0.5116722937218005, -17.03441935438539], [-0.4361146284631668, -0.5046125407482221, 0.7450975122616549, 2.1030532265097768], [0.267923549641821, -0.8632472591004338, -0.42780977552399174, 42.5093965701034], [0.0, 0.0, 0.0, 1.0]]}, {"class": "Raisins", "pose": [[0.7554528892232111, 0.1442860002736506, -0.6391186368493921, -6.077335139176199], [0.6241183499530654, -0.45535793815404507, 0.6349216657434281, -15.149897616801173], [-0.19941737371468296, -0.8785389982093366, -0.43405299505595735, 48.82200568197801], [0.0, 0.0, 0.0, 1.0]]}, {"class": "BBQSauce", "pose": [[0.9763625109711136, 0.11219724586357599, -0.18473812511146873, 5.174831483002396], [0.21613517461234555, -0.5123593736737484, 0.8311278762755974, -12.301078471664393], [-0.0014020001761591966, -0.8514104342348119, -0.5244982075303674, 47.504720281480026], [0.0, 0.0, 0.0, 1.0]]}, {"class": "SaladDressing", "pose": [[0.7198730753847731, 0.05822530746138877, -0.6916593949235367, 16.35047899769034], [0.645175115864541, -0.4236383306291615, 0.6358299481067007, -14.018219717406138], [-0.255991970354756, -0.9039582143337161, -0.34253134262935553, 50.225240190270604], [0.0, 0.0, 0.0, 1.0]]}, {"class": "Mayo", "pose": [[-0.19910961407851618, 0.93206978135124, 0.30265728795495356, 9.163273603554266], [0.5122505805010197, -0.16429913067413976, 0.8429740367618335, -2.813319996715484], [0.8354368796365479, 0.32288062193807954, -0.4447396844795855, 48.56513189508778], [0.0, 0.0, 0.0, 1.0]]}, {"class": "Mushrooms", "pose": [[0.9737502306667157, 0.13027745296773843, -0.18665053764628578, 19.861117287531528], [0.22743680805747798, -0.5240321574226079, 0.8207696903188392, -5.399498966323706], [0.009116951130120617, -0.8416758049887729, -0.5399062727266336, 52.21783224688553], [0.0, 0.0, 0.0, 1.0]]}, {"class": "Parmesan", "pose": [[0.8916252283767176, 0.0820753953095477, 0.4452732097104445, -4.98024898516225], [-0.3474106319544114, -0.5066570965057996, 0.7890529307871572, 9.063985772272376], [0.2903626764533222, -0.8582320746869749, -0.42323431445516163, 37.67236848119717], [0.0, 0.0, 0.0, 1.0]]}, {"class": "Mustard", "pose": [[0.9816244321374595, 0.08706202622689076, 0.16980526346072844, 2.461977693960926], [-0.11848011985805312, -0.4194855684251395, 0.8999968929390293, 12.51504941912452], [0.1495864441621235, -0.903577409389165, -0.4014621075462403, 33.50702255063491], [0.0, 0.0, 0.0, 1.0]]}, {"class": "Milk", "pose": [[0.11674040888187356, -0.9228106102978682, -0.36714085053921763, 4.632382033147775], [-0.4363524253734752, -0.3797352900157315, 0.8157191665063438, 6.926374526752663], [-0.8921705614684342, 0.06497535512744963, -0.4470010685738174, 41.75628414484649], [0.0, 0.0, 0.0, 1.0]]}, {"class": "AlphabetSoup", "pose": [[0.820458294869347, 0.10602470092276339, 0.5617891943186634, 22.785618556897823], [-0.4643128089433931, -0.4497502478007989, 0.762979959286393, 6.6375831884856655], [0.3335595560898299, -0.8868390786818025, -0.31977262843298637, 44.07839399055181], [0.0, 0.0, 0.0, 1.0]]}, {"class": "Yogurt", "pose": [[0.9108348017547512, 0.09868079965621575, 0.40080196278272634, 29.870126656221874], [-0.3061194436947132, -0.48987872701067225, 0.8162780207949341, 2.7225099414192213], [0.2768953395006639, -0.8661876292729749, -0.4159904141783215, 48.74417102678484], [0.0, 0.0, 0.0, 1.0]]}, {"class": "Cherries", "pose": [[0.4460113749204746, 0.10994589922399277, 0.8882487840488528, -4.18921621803131], [-0.7648347846678563, -0.46863669052647566, 0.44204919711827884, 21.325262370509904], [0.4648674376155143, -0.8765224620598906, -0.12492678567955738, 34.11548058293236], [0.0, 0.0, 0.0, 1.0]]}, {"class": "Cookies", "pose": [[0.2510157992775396, 0.05916656941621067, 0.9661731393779615, -11.682459819288004], [-0.8340667105793295, -0.49332653004394383, 0.2469043241351377, 26.08996294135817], [0.4912472818428379, -0.8678296664760156, -0.07448382976945335, 23.907688762238376], [0.0, 0.0, 0.0, 1.0]]}, {"class": "TomatoSauce", "pose": [[0.8651810499396803, 0.11531443156120309, -0.48802098559168505, 17.12375824318585], [0.4814213332937039, -0.4633676961395079, 0.7439919127534428, 18.127049089822815], [-0.1403400936520496, -0.8786313416502688, -0.4564117509602, 37.25759112164367], [0.0, 0.0, 0.0, 1.0]]}, {"class": "PeasAndCarrots", "pose": [[0.7012101916799373, 0.1214770546055673, 0.7025295310287192, 27.360892290419248], [-0.5880657481935401, -0.45856772318706046, 0.6662540110731467, 17.79065920240496], [0.40309193345560157, -0.8803175804553409, -0.2501158002910901, 40.43207822303949], [0.0, 0.0, 0.0, 1.0]]}, {"class": "Ketchup", "pose": [[0.6534578704727037, 0.08361074291314956, 0.7523311803093632, 1.172221454316158], [-0.6241469453778844, -0.5028265371837354, 0.598001799577324, 36.53313401386086], [0.4282914429317076, -0.8603341181749576, -0.27639049883555294, 21.502393506078167], [0.0, 0.0, 0.0, 1.0]]}, {"class": "MacaroniAndCheese", "pose": [[0.15991503296916548, 0.9778037877544292, 0.13537756299495224, 30.796112370197992], [0.891120835489955, -0.08400010587225627, -0.44592345417973195, 31.461729220092227], [-0.42465385545542317, 0.19194766110440228, -0.8847741300887855, 34.454407570093814], [0.0, 0.0, 0.0, 1.0]]}, {"class": "Pineapple", "pose": [[0.881896754416801, 0.09611930258427465, 0.46154018665628177, 14.617788940177611], [-0.3680155004644015, -0.4715256429854731, 0.8013914447032244, 39.01053995962363], [0.29465723255151943, -0.876598381983676, -0.38046347372599887, 27.263142639154196], [0.0, 0.0, 0.0, 1.0]]}]}