{"camera": {"camera": "RealSense D415", "extrinsics": [[-0.970207, 0.2094305, 0.121808365, 0.7539795], [0.13122606, 0.8768833, -0.46244496, -0.1594554], [-0.2036618, -0.4326829, -0.87824106, 0.29272822], [0.0, 0.0, 0.0, 1.0]], "height": 480, "intrinsics": [[604.50507, 0.0, 326.28275], [0.0, 602.9669, 245.73769], [0.0, 0.0, 1.0]], "width": 640}, "objects": [{"class": "OrangeJuice", "pose": [[-0.9805175899445481, 0.12244782359233566, 0.1535964927813979, 8.779674384124602], [-0.1941047546526109, -0.4839813604632754, -0.8532791943419503, 23.372934651291246], [-0.030144395562743058, -0.8664690424902822, 0.4983199000706898, 28.450357040027953], [0.0, 0.0, 0.0, 1.0]]}, {"class": "ChocolatePudding", "pose": [[0.9682760015389933, 0.1508395384419767, 0.1992212708878783, -14.553684693611292], [-0.1021484784939891, -0.4886710186264269, 0.8664677261430193, -7.194743984253522], [0.2280512892206161, -0.8593300278162355, -0.457760332229099, 49.13553794560471], [0.0, 0.0, 0.0, 1.0]]}, {"class": "CreamCheese", "pose": [[0.8355818052304366, 0.03410508768622089, 0.5483064709171975, -21.761814591404892], [-0.45740760155466764, -0.5096013044910557, 0.7287556470124281, 0.8136902912501826], [0.30427198218843726, -0.8597344862495923, -0.41021358216495235, 43.47608428502846], [0.0, 0.0, 0.0, 1.0]]}, {"class": "Raisins", "pose": [[0.7793774199310226, 0.16712253910841332, -0.6038551072165665, -11.535417173853556], [0.6025853178509941, -0.463956971240312, 0.6493341667426834, -16.69028918854596], [-0.1716443450695565, -0.8699505799463533, -0.46230316486152245, 50.302686285203954], [0.0, 0.0, 0.0, 1.0]]}, {"class": "BBQSauce", "pose": [[0.9810965886193275, 0.1324477251747989, -0.1410928069869297, -0.1668280545559786], [0.1899591459957374, -0.5199280492638817, 0.8328207147956317, -14.15054818414913], [0.036947155693556034, -0.8438794067468326, -0.5352592489057088, 49.426812056126614], [0.0, 0.0, 0.0, 1.0]]}, {"class": "SaladDressing", "pose": [[0.7466769943706779, 0.08303672664766078, -0.6599836849446593, 10.840326756345641], [0.624268486262481, -0.43009187878991967, 0.6521578255376507, -16.150438368864105], [-0.22970050356137656, -0.8989582335615321, -0.37297691880318823, 52.60295354746022], [0.0, 0.0, 0.0, 1.0]]}, {"class": "Mayo", "pose": [[-0.21862026711621166, 0.9135966732672984, 0.34285039549178725, 4.0298220819375175], [0.5220521882544793, -0.18733623265084573, 0.8320857198788965, -4.766963205988947], [0.8244190189474297, 0.36089662631202074, -0.4359895816400816, 50.604163590694604], [0.0, 0.0, 0.0, 1.0]]}, {"class": "Mushrooms", "pose": [[0.9783693991131278, 0.14980179276172417, -0.14266337319825093, 14.498917083232232], [0.20138519621994136, -0.5320251267690218, 0.8224313125005304, -7.617587119751909], [0.04730124007944011, -0.8333718958058473, -0.5506849234837008, 54.69639844581897], [0.0, 0.0, 0.0, 1.0]]}, {"class": "Parmesan", "pose": [[0.8695748367111702, 0.10278841911541975, 0.4829847208167254, -9.340168152148799], [-0.3694807075876845, -0.5134612179645093, 0.7744944034132154, 7.422897727332037], [0.3276029961519055, -0.8519343571354285, -0.4085145493478483, 39.09709921259329], [0.0, 0.0, 0.0, 1.0]]}, {"class": "Mustard", "pose": [[0.971282998772318, 0.11193626045536563, 0.20995167581858562, -1.6465311210591915], [-0.14382756993518528, -0.42670902881170714, 0.8928790687481646, 10.650528538124258], [0.18953385600321085, -0.8974350698359633, -0.3983556474325494, 35.21933841521553], [0.0, 0.0, 0.0, 1.0]]}, {"class": "Milk", "pose": [[0.14066798811818368, -0.9345636364981057, -0.3268079294358259, 0.03975009234440385], [-0.44429878516683263, -0.3545735927735569, 0.8227248345336436, 5.052082096640179], [-0.884766145620534, 0.029469258371896543, -0.4651026116451385, 43.57446274643853], [0.0, 0.0, 0.0, 1.0]]}, {"class": "AlphabetSoup", "pose": [[0.7936098545925625, 0.12939009510815966, 0.594509628407636, 18.07078596622784], [-0.4841961954980542, -0.4573754806008419, 0.7458965816799548, 4.2913455659622315], [0.36842576505135494, -0.8798101499423573, -0.30032742913204585, 46.6271008758072], [0.0, 0.0, 0.0, 1.0]]}, {"class": "Yogurt", "pose": [[0.8904142008800011, 0.1201454681289494, 0.43900764645643636, 24.854326314849217], [-0.32879349459519497, -0.49717727951210117, 0.8029380967424018, 0.2145341237698023], [0.31473402162597436, -0.8592903166180609, -0.40319059560201737, 51.5920491216956], [0.0, 0.0, 0.0, 1.0]]}, {"class": "Cherries", "pose": [[0.40623905532621096, 0.1323841310875599, 0.9041263009401789, -8.077182000743477], [-0.7738668517244569, -0.4763019560073706, 0.4174524392755559, 19.6385754348502], [0.48590117819909656, -0.8692588315246267, -0.09104470234727143, 35.519648198576235], [0.0, 0.0, 0.0, 1.0]]}, {"class": "Cookies", "pose": [[0.20854859182315577, 0.08065050707706846, 0.9746810128676475, -15.02364959693997], [-0.8377153082802088, -0.4995771923360165, 0.22058034300939078, 24.54462291674717], [0.5047182815550704, -0.862506901649063, -0.03662389733718119, 24.996941465086884], [0.0, 0.0, 0.0, 1.0]]}, {"class": "TomatoSauce", "pose": [[0.8827642138182016, 0.1379728940805136, -0.4491001220094383, 12.998655154496719], [0.45734004797627703, -0.47119016303463496, 0.7542015031329048, 15.889661804818282], [-0.10755213107962906, -0.8711735406646628, -0.479050321083661, 39.532006180857266], [0.0, 0.0, 0.0, 1.0]]}, {"class": "PeasAndCarrots", "pose": [[0.6683783500435918, 0.14432522766867384, 0.7296853473513796, 23.087344424355482], [-0.6043279109212129, -0.4665660703883043, 0.645835795381071, 15.297623661223994], [0.43365681862404437, -0.8726318567178356, -0.22462282895197636, 43.11771025581721], [0.0, 0.0, 0.0, 1.0]]}, {"class": "Ketchup", "pose": [[0.6186989334504361, 0.10450947662918568, 0.7786459370791692, -1.80628695287548], [-0.6389788187472021, -0.5096848660466575, 0.5761314112829746, 34.62698232124786], [0.4570752330272605, -0.8539901268372785, -0.24856207192944077, 23.06421424194877], [0.0, 0.0, 0.0, 1.0]]}, {"class": "MacaroniAndCheese", "pose": [[0.20076495516162313, 0.9666947293695091, 0.15872879157882752, 27.126552950173917], [0.8841408704741647, -0.10902140227428503, -0.4543228494747067, 28.83837965824133], [-0.4218866110058796, 0.23155075395919128, -0.8765819669484634, 37.22159817758467], [0.0, 0.0, 0.0, 1.0]]}, {"class": "Pineapple", "pose": [[0.8591306143085423, 0.118498963522765, 0.49784804859491905, 11.459027890639618], [-0.3897939404275338, -0.47882082064225906, 0.7866328891401196, 36.776429073124326], [0.33159520964330896, -0.8698785235188178, -0.3651793809166454, 29.350576153888458], [0.0, 0.0, 0.0, 1.0]]}]}