{"camera": {"camera": "RealSense D415", "extrinsics": [[-0.97100335, 0.2121825, 0.11014105, 0.7397457], [0.13194011, 0.85982805, -0.49324188, -0.19076185], [-0.19935967, -0.4644075, -0.8628913, 0.28538674], [0.0, 0.0, 0.0, 1.0]], "height": 480, "intrinsics": [[604.50507, 0.0, 326.28275], [0.0, 602.9669, 245.73769], [0.0, 0.0, 1.0]], "width": 640}, "objects": [{"class": "OrangeJuice", "pose": [[-0.9822200893570218, 0.11072305859916642, 0.15160518474868073, 7.656438884195005], [-0.18715800175088973, -0.5143664973215158, -0.836898480303415, 20.723733052256073], [-0.014683394203558362, -0.8503925919601296, 0.5259437833485372, 26.962156000783132], [0.0, 0.0, 0.0, 1.0]]}, {"class": "ChocolatePudding", "pose": [[0.9695213358202455, 0.13914240221137472, 0.20166259688134175, -15.720054937086214], [-0.10202897307772607, -0.5190361020318728, 0.8486410848884351, -8.928844264902684], [0.22275217456001278, -0.8433510330149566, -0.48901996851904606, 48.893174523578196], [0.0, 0.0, 0.0, 1.0]]}, {"class": "CreamCheese", "pose": [[0.8348023568322862, 0.02225140073225073, 0.5500999289924204, -22.91813579123406], [-0.45339126476223923, -0.5390315369570422, 0.7098460683298761, -1.0616069119027487], [0.3123163076038817, -0.8419916480058509, -0.4398961405400682, 43.02667770986448], [0.0, 0.0, 0.0, 1.0]]}, {"class": "Raisins", "pose": [[0.7823813257469548, 0.15551672660733865, -0.6030705104318472, -12.764401693984862], [0.5900801301666568, -0.49483198415674695, 0.6379238394654614, -18.40268649212959], [-0.19921068219951057, -0.8549595896640875, -0.47891463739167517, 50.358775855305005], [0.0, 0.0, 0.0, 1.0]]}, {"class": "BBQSauce", "pose": [[0.9828298166621251, 0.12065353353749722, -0.1396005301192045, -1.3851407256004977], [0.18324352848796777, -0.5495966624548736, 0.8150861276000843, -15.98567633030532], [0.02161909825115032, -0.826671812606754, -0.5622689344088377, 49.294477016243846], [0.0, 0.0, 0.0, 1.0]]}, {"class": "SaladDressing", "pose": [[0.7493151411686207, 0.07143049047651438, -0.6583498583052135, 9.635090049524052], [0.6100217483977122, -0.4613082706768375, 0.6442578857936535, -17.963678065349633], [-0.2576825092820218, -0.8843598885490781, -0.38923943492992685, 52.438822560611385], [0.0, 0.0, 0.0, 1.0]]}, {"class": "Mayo", "pose": [[-0.20698287806053164, 0.9154142435273418, 0.3452171528499103, 2.8943521834189467], [0.5517431171425395, -0.18217151306982193, 0.8138753897446737, -6.601187326678201], [0.8079218204475075, 0.3589294951392926, -0.4673670670177969, 50.11118256927365], [0.0, 0.0, 0.0, 1.0]]}, {"class": "Mushrooms", "pose": [[0.9802862979034291, 0.13801001009477226, -0.14139322098737309, 13.378452490621108], [0.19503930757864904, -0.5614651410043735, 0.8041869443459888, -9.39367756584479], [0.03159854547058882, -0.8159106475933859, -0.577313929190059, 54.205083770339904], [0.0, 0.0, 0.0, 1.0]]}, {"class": "Parmesan", "pose": [[0.8696854069524694, 0.09097193864307901, 0.48515093630559386, -10.486833891335257], [-0.36499154740239736, -0.543172224634723, 0.7561383353795327, 5.293814917859474], [0.332307914776142, -0.8346784377457073, -0.43918490537414917, 38.312255935599], [0.0, 0.0, 0.0, 1.0]]}, {"class": "Mustard", "pose": [[0.9718519532617309, 0.10036804057561263, 0.21314330638592086, -2.804631924379841], [-0.14502675670681323, -0.4581069600865813, 0.8769865053007886, 8.324838541874053], [0.18566389728502525, -0.8832124971192084, -0.43065604366636434, 34.25721638512452], [0.0, 0.0, 0.0, 1.0]]}, {"class": "Milk", "pose": [[0.12907896345179135, -0.9369562052737477, -0.32473330946791396, -1.084585000210947], [-0.4754818199979533, -0.3458521062774414, 0.8088902502535492, 3.0027690425924733], [-0.870204404103644, 0.04999400413847088, -0.49014785564950103, 42.78430670438367], [0.0, 0.0, 0.0, 1.0]]}, {"class": "AlphabetSoup", "pose": [[0.7932184323065579, 0.11774682473526268, 0.5974447552691741, 16.967427897073726], [-0.4776275369444354, -0.48829010843945814, 0.7303730440486779, 2.20261564143146], [0.377725493480473, -0.8647013947819352, -0.3310815235045414, 45.69980654967809], [0.0, 0.0, 0.0, 1.0]]}, {"class": "Yogurt", "pose": [[0.8907180995920386, 0.10838538035873346, 0.4414452492307464, 23.764837696595208], [-0.3249377677921554, -0.5272896853929138, 0.7850994282642509, -1.7558410012358583], [0.31786286060229624, -0.8427444737692366, -0.4344479019976036, 50.74097341535828], [0.0, 0.0, 0.0, 1.0]]}, {"class": "Cherries", "pose": [[0.4047268352640999, 0.12069209543766325, 0.9064378845793709, -9.162804748721454], [-0.7599862725307118, -0.5068671398561002, 0.4068250798799503, 17.36915691576588], [0.5085441369750182, -0.8535333438014077, -0.11341832980828216, 34.3061172974342], [0.0, 0.0, 0.0, 1.0]]}, {"class": "Cookies", "pose": [[0.20673220442878285, 0.06884513049214974, 0.9759724255040655, -16.1679737507789], [-0.8215653931161503, -0.5294817878480965, 0.21137506639016623, 21.967114903124696], [0.5313117421889872, -0.8455231743313996, -0.05290009498702748, 23.683666348500648], [0.0, 0.0, 0.0, 1.0]]}, {"class": "TomatoSauce", "pose": [[0.8852324727167425, 0.12630218696764825, -0.44767316035222, 11.919615014550155], [0.44629330657240207, -0.5018689535953519, 0.7409115436043198, 13.591171999533813], [-0.13109444409379975, -0.855672459808908, -0.5006385063309544, 38.256138008749346], [0.0, 0.0, 0.0, 1.0]]}, {"class": "PeasAndCarrots", "pose": [[0.6676717641215019, 0.1326762437396119, 0.7325376860112945, 22.03606830876701], [-0.594444731174723, -0.4973486404096725, 0.6318859620070848, 13.041552313814487], [0.4481628875038759, -0.8573455492676473, -0.2531968822559302, 41.76964329149291], [0.0, 0.0, 0.0, 1.0]]}, {"class": "Ketchup", "pose": [[0.6179448524334524, 0.09270301515364145, 0.7807370504959877, -2.8917053436904205], [-0.6278731183275843, -0.5394824838592567, 0.561011652651706, 31.871017986846738], [0.4732014396491194, -0.8368780399907028, -0.2751646224795225, 21.287528331365046], [0.0, 0.0, 0.0, 1.0]]}, {"class": "MacaroniAndCheese", "pose": [[0.20367301628079115, 0.9679194862470314, 0.1471366788639757, 26.12495423155414], [0.8675206943999056, -0.10876499511115753, -0.48536388220255205, 26.339410535567787], [-0.4537897902540788, 0.22649968649240534, -0.8618426445987575, 35.375942505394974], [0.0, 0.0, 0.0, 1.0]]}, {"class": "Pineapple", "pose": [[0.8591222428247608, 0.106782812188947, 0.5005061783729807, 10.44716013613054], [-0.3850716097659853, -0.5092943835473385, 0.7696357344612621, 34.12830182775019], [0.33708888357960876, -0.8539418665590492, -0.3964270410475027, 27.37738656006509], [0.0, 0.0, 0.0, 1.0]]}]}