{"camera": {"camera": "RealSense D415", "extrinsics": [[-0.97791857, 0.19330953, 0.079414725, 0.7554829], [0.130739, 0.8623401, -0.48915938, -0.19817615], [-0.16304167, -0.46797544, -0.86857146, 0.24487668], [0.0, 0.0, 0.0, 1.0]], "height": 480, "intrinsics": [[604.50507, 0.0, 326.28275], [0.0, 602.9669, 245.73769], [0.0, 0.0, 1.0]], "width": 640}, "objects": [{"class": "OrangeJuice", "pose": [[-0.9817248833212147, 0.08049642403338, 0.17244317109724633, 9.13809123916478], [-0.18920111565740602, -0.5103381070191777, -0.8389028813732398, 19.846318654216123], [0.02047558635581242, -0.8561982085790901, 0.5162415910500808, 25.522745449203505], [0.0, 0.0, 0.0, 1.0]]}, {"class": "ChocolatePudding", "pose": [[0.9772356946736712, 0.10916399946333867, 0.18191670167723376, -13.359881550753483], [-0.10093550754098754, -0.5149779174579371, 0.8512401881175359, -9.953722799891358], [0.1866079011636414, -0.8502240851425422, -0.4922362223642265, 48.16130064959292], [0.0, 0.0, 0.0, 1.0]]}, {"class": "CreamCheese", "pose": [[0.846587901356003, -0.007558702972727019, 0.5321953206852705, -20.783769542491992], [-0.4529815679983075, -0.5352303499466836, 0.7129770414031541, -2.075944324319004], [0.2794579219130396, -0.8446723485313369, -0.4565434216448405, 42.59820160694918], [0.0, 0.0, 0.0, 1.0]]}, {"class": "Raisins", "pose": [[0.7733805818370252, 0.1250537233401757, -0.6214854060945216, -10.33369639481564], [0.5926406949395097, -0.4906872503235762, 0.6387512184643979, -19.427619676562085], [-0.22507668390231328, -0.8623152638985255, -0.45359990559052393, 49.474709347007995], [0.0, 0.0, 0.0, 1.0]]}, {"class": "BBQSauce", "pose": [[0.9825962085157043, 0.09135964481004542, -0.16173488919535806, 0.9940843364074525], [0.18525713713732564, -0.545652057636645, 0.8172782360706955, -16.981449555292958], [-0.013584673170346876, -0.8330169751459775, -0.5530806253287838, 48.005052668733626], [0.0, 0.0, 0.0, 1.0]]}, {"class": "SaladDressing", "pose": [[0.7381537206446578, 0.03987991849953155, -0.6734528527456215, 12.12607392605195], [0.6127712070757854, -0.457213813865013, 0.6445673480778801, -18.949737345496846], [-0.2822065880825179, -0.888462237508695, -0.36193134225216217, 50.73443722980233], [0.0, 0.0, 0.0, 1.0]]}, {"class": "Mayo", "pose": [[-0.17832237464429615, 0.9283159378745081, 0.32623721164466013, 5.282008016360551], [0.5476964049303648, -0.18179932032138044, 0.8166870546147338, -7.591512947965253], [0.8174532457856072, 0.32431254236114176, -0.47601635283087385, 48.706839372721134], [0.0, 0.0, 0.0, 1.0]]}, {"class": "Mushrooms", "pose": [[0.9803968117636153, 0.10912244443894897, -0.164056245463857, 15.914652491169523], [0.19700289869484566, -0.5575309794984048, 0.8064422823882862, -10.37965686063627], [-0.00346543429035041, -0.8229529349835428, -0.5680989877721404, 52.40109375616011], [0.0, 0.0, 0.0, 1.0]]}, {"class": "Parmesan", "pose": [[0.8820048482274702, 0.06139181034912572, 0.4672243159314246, -8.54627434226044], [-0.36459692860868564, -0.5392558535496369, 0.7591260067207677, 4.327092920784578], [0.29855758425496975, -0.8399013063379969, -0.4532429446071324, 37.4601806347209], [0.0, 0.0, 0.0, 1.0]]}, {"class": "Mustard", "pose": [[0.9782905265274382, 0.06883367055617681, 0.19547286148394047, -1.0239101964775288], [-0.1437627183668531, -0.45395546290971306, 0.8793502194918981, 7.392632775717217], [0.14926491266753564, -0.8883616315106887, -0.4342045599099535, 33.14009001715642], [0.0, 0.0, 0.0, 1.0]]}, {"class": "Milk", "pose": [[0.09803655524195608, -0.9338057282234324, -0.34408685508994125, 1.018114636607792], [-0.47132629748631105, -0.3480838228934989, 0.8103636613002481, 2.0363796788343853], [-0.8764932287869429, 0.0827318643034992, -0.4742521068588788, 41.574243291675714], [0.0, 0.0, 0.0, 1.0]]}, {"class": "AlphabetSoup", "pose": [[0.8074777947276506, 0.08693919449848238, 0.5834563013234283, 19.166420554950903], [-0.47759797137807775, -0.4841832697014324, 0.7331212922122949, 1.2620551115219925], [0.3462367627426157, -0.8706366433529182, -0.34944519129221807, 43.82257103527842], [0.0, 0.0, 0.0, 1.0]]}, {"class": "Yogurt", "pose": [[0.9024143714022171, 0.07846632204557549, 0.42366426172580784, 26.15189701221508], [-0.3244341604050263, -0.5233001944074012, 0.7879717457585104, -2.704178726298206], [0.28353285506174497, -0.8485281224060941, -0.44677639589296186, 48.593276516862595], [0.0, 0.0, 0.0, 1.0]]}, {"class": "Cherries", "pose": [[0.4246037667453234, 0.09032872959675196, 0.9008620482334735, -7.393952276008298], [-0.7613702405264656, -0.5028034420712655, 0.4092727030968578, 16.422959803163696], [0.4899255968554177, -0.8596682197436688, -0.14471856774163788, 33.462900866179304], [0.0, 0.0, 0.0, 1.0]]}, {"class": "Cookies", "pose": [[0.22769937838780685, 0.03885521557967414, 0.9729559771008932, -14.79290917573497], [-0.8234754032893131, -0.5255648749827719, 0.21370519970299526, 21.05307696201773], [0.5196550100075629, -0.8498657943990796, -0.08767442286687467, 23.12522581550496], [0.0, 0.0, 0.0, 1.0]]}, {"class": "TomatoSauce", "pose": [[0.8789446586753091, 0.09584670808018114, -0.4671934969673989, 13.82654934448201], [0.4487735360753869, -0.49778374213728266, 0.7421682756629029, 12.672748710338128], [-0.16142687941145964, -0.8619888529220036, -0.4805378053621422, 36.62051015872523], [0.0, 0.0, 0.0, 1.0]]}, {"class": "PeasAndCarrots", "pose": [[0.6848295740798191, 0.10214616821108874, 0.7215086159275821, 24.066068396254746], [-0.5949969734823358, -0.4932423415055813, 0.634579139360255, 12.129240639596262], [0.42069842181087697, -0.8638739375568814, -0.27701021684476645, 39.75838833945657], [0.0, 0.0, 0.0, 1.0]]}, {"class": "Ketchup", "pose": [[0.6361203497826817, 0.06303376766906972, 0.7690108665019558, -1.6330776295775173], [-0.6286432325771446, -0.5355526497677624, 0.5639070273368962, 30.996051777015776], [0.44739098206493344, -0.8421461496158321, -0.3010501190745145, 20.289000831642888], [0.0, 0.0, 0.0, 1.0]]}, {"class": "MacaroniAndCheese", "pose": [[0.18517972852238282, 0.9757856636898355, 0.11640822459797782, 27.891437167791544], [0.8699671161895031, -0.10769156577142396, -0.48120664316784784, 25.464174804586882], [-0.45701830521887443, 0.1903810761023395, -0.8688436665462668, 33.279382175447886], [0.0, 0.0, 0.0, 1.0]]}, {"class": "Pineapple", "pose": [[0.8716639060851616, 0.07641866324389648, 0.48410979210161, 11.91555253147838], [-0.38472072050043404, -0.5052587285459035, 0.7724659697773445, 33.254873214518135], [0.303631530841208, -0.8595777073248337, -0.41101588885319795, 25.896084426151244], [0.0, 0.0, 0.0, 1.0]]}]}