{"camera": {"camera": "RealSense D415", "extrinsics": [[-0.9833381, 0.17089587, 0.061973657, 0.75043094], [0.11769669, 0.85833454, -0.49940893, -0.20234849], [-0.13854106, -0.48379377, -0.86414695, 0.2079043], [0.0, 0.0, 0.0, 1.0]], "height": 480, "intrinsics": [[604.50507, 0.0, 326.28275], [0.0, 602.9669, 245.73769], [0.0, 0.0, 1.0]], "width": 640}, "objects": [{"class": "OrangeJuice", "pose": [[-0.9785946753879565, 0.063626727818152, 0.19571438650659131, 8.231761363625322], [-0.19987133574496022, -0.5204128373263335, -0.8301939276480162, 18.69512555950394], [0.04902970810672666, -0.8515410341336227, 0.5219903855591332, 23.096115437687416], [0.0, 0.0, 0.0, 1.0]]}, {"class": "ChocolatePudding", "pose": [[0.9829376236124303, 0.09249414523716631, 0.15899207986610778, -13.31354198145579], [-0.08760107807732007, -0.5246547822373793, 0.846795984995972, -11.059674786256206], [0.16173966847022206, -0.8462754906870755, -0.5076003164026353, 46.70029118251497], [0.0, 0.0, 0.0, 1.0]]}, {"class": "CreamCheese", "pose": [[0.8588573468859584, -0.023799517892470232, 0.5116616664596402, -20.972504422878202], [-0.4398566065135529, -0.5461359592759869, 0.7129247571113231, -3.337721924619663], [0.26246960273025016, -0.8373584153839014, -0.4795212190664251, 41.23830328965534], [0.0, 0.0, 0.0, 1.0]]}, {"class": "Raisins", "pose": [[0.760269454368735, 0.1077770806411731, -0.6406047751293223, -10.144788398557258], [0.5982857295987898, -0.500346244718056, 0.6258656810891161, -20.481454027047416], [-0.25307017398013615, -0.8590912339614818, -0.4448794741036799, 48.05182101482595], [0.0, 0.0, 0.0, 1.0]]}, {"class": "BBQSauce", "pose": [[0.9796937700667954, 0.07550650499195756, -0.18573880820218064, 1.1111360848902074], [0.19602657711922067, -0.5553012290571179, 0.8082166514498059, -17.928117283488216], [-0.04211532595049579, -0.828214542314449, -0.558826430052763, 46.24991000566055], [0.0, 0.0, 0.0, 1.0]]}, {"class": "SaladDressing", "pose": [[0.7233105417832457, 0.021560300531247977, -0.6901862312900734, 12.333505564531489], [0.6172827950155374, -0.4681661221545791, 0.6322835302731813, -19.73659983271557], [-0.30948954538792683, -0.8833774110188375, -0.3519383166178438, 48.706064981445486], [0.0, 0.0, 0.0, 1.0]]}, {"class": "Mayo", "pose": [[-0.1628691787495742, 0.9386208045742804, 0.3040799830799926, 5.307846016729611], [0.556173424210673, -0.16722249505760636, 0.814068663540518, -8.48261356682642], [0.8149507747952163, 0.3017079373438177, -0.4948005284061256, 46.71871845978069], [0.0, 0.0, 0.0, 1.0]]}, {"class": "Mushrooms", "pose": [[0.9776285314320492, 0.09366546330874345, -0.18833283247838564, 16.06610153954683], [0.2078766422864988, -0.5668502204371085, 0.7971625673551497, -11.103958438508919], [-0.03208985876269336, -0.8184788474939672, -0.5736398041245944, 50.16297080842729], [0.0, 0.0, 0.0, 1.0]]}, {"class": "Parmesan", "pose": [[0.8937491508489519, 0.045295024197912065, 0.44627439587752465, -8.950060982735375], [-0.35084292077659146, -0.5493294098086835, 0.7583841203970173, 3.1347292012088275], [0.27950271243784874, -0.8343773586256097, -0.4750712208284186, 35.695501359879344], [0.0, 0.0, 0.0, 1.0]]}, {"class": "Mustard", "pose": [[0.9834943627653494, 0.05046713011507035, 0.1737582443019165, -1.5806861566617036], [-0.13089212559891875, -0.4645836488277122, 0.8758020976843367, 6.228073730290556], [0.12492450080645866, -0.8840899927586975, -0.4503096284877178, 31.13806670254483], [0.0, 0.0, 0.0, 1.0]]}, {"class": "Milk", "pose": [[0.08017243194528445, -0.9272164325290948, -0.3658443503460948, 0.7457964192458699], [-0.481472730269021, -0.35739251943748135, 0.8002840912248506, 1.0042313354528627], [-0.8727865739237175, 0.11198330882371432, -0.47508245876895616, 39.581596956638855], [0.0, 0.0, 0.0, 1.0]]}, {"class": "AlphabetSoup", "pose": [[0.8218178793290114, 0.06938295809896128, 0.56550985722334, 18.955054247239687], [-0.46404445518398735, -0.49437617376081694, 0.735020388860589, 0.4616753204442964], [0.3305725182052389, -0.8664745912839265, -0.3740903641813891, 41.35476066304136], [0.0, 0.0, 0.0, 1.0]]}, {"class": "Yogurt", "pose": [[0.9132895813003387, 0.06195002875757185, 0.40257217353084496, 26.1097695560959], [-0.31065197819115997, -0.533296734973906, 0.7868227059015606, -3.364422441077461], [0.26343415126926273, -0.8436568031422322, -0.46780942077243304, 45.987097587033325], [0.0, 0.0, 0.0, 1.0]]}, {"class": "Cherries", "pose": [[0.44617960748487395, 0.07327620534579435, 0.8919385493804617, -8.043400619920039], [-0.750196508907146, -0.5128142567224332, 0.41740479841025835, 15.190122894684832], [0.4879846516901401, -0.8553666755975673, -0.17383566290776648, 31.516801925116567], [0.0, 0.0, 0.0, 1.0]]}, {"class": "Cookies", "pose": [[0.25086052854601226, 0.022346058201570086, 0.9677652965345607, -15.766705895704513], [-0.8141076585549648, -0.5360206454342894, 0.22340684313718273, 19.603557463275266], [0.5237344386965995, -0.8439090816565469, -0.11627427629242351, 21.32257696622765], [0.0, 0.0, 0.0, 1.0]]}, {"class": "TomatoSauce", "pose": [[0.869132724110434, 0.07867257771340459, -0.488281633560451, 13.295122639179668], [0.45643955425422156, -0.5077636179266772, 0.7306429163636496, 11.7181508224027], [-0.19045004034032073, -0.8578966996712765, -0.477223262775471, 34.1544300247993], [0.0, 0.0, 0.0, 1.0]]}, {"class": "PeasAndCarrots", "pose": [[0.7025464653476065, 0.08486715942764458, 0.706559303635884, 23.61983598856433], [-0.5818350459376593, -0.5031768626622929, 0.6389687424359771, 11.329546102154659], [0.4097517779740206, -0.8600061762466837, -0.3041263963736975, 37.02474467806074], [0.0, 0.0, 0.0, 1.0]]}, {"class": "Ketchup", "pose": [[0.6549526365685497, 0.04683415226498756, 0.7542172275344033, -2.801992604789527], [-0.615675869164506, -0.5456373772990599, 0.5685271376397897, 29.65543050047843], [0.43815561564753375, -0.8367116772082442, -0.32853193666135533, 18.011364699613637], [0.0, 0.0, 0.0, 1.0]]}, {"class": "MacaroniAndCheese", "pose": [[0.16297231504699028, 0.9816659991956126, 0.09885297581591551, 27.11835090625389], [0.8660110521962054, -0.09432365670072863, -0.4910477928580724, 24.621651242131183], [-0.47272072691623696, 0.16563500763868572, -0.8655057286320417, 30.278504264434037], [0.0, 0.0, 0.0, 1.0]]}, {"class": "Pineapple", "pose": [[0.8837786294841896, 0.059402602575830306, 0.46411925746560334, 10.86369403433003], [-0.3710137781894865, -0.5154233380582953, 0.7724555576786062, 32.13755802037348], [0.28510380162333204, -0.8548743345965631, -0.43348091313755815, 23.22625497598023], [0.0, 0.0, 0.0, 1.0]]}]}