{"camera": {"camera": "RealSense D415", "extrinsics": [[-0.9880225, 0.14326955, 0.05731831, 0.7601231], [0.09458364, 0.85576665, -0.5086427, -0.18838103], [-0.12192411, -0.49712905, -0.8590676, 0.19361888], [0.0, 0.0, 0.0, 1.0]], "height": 480, "intrinsics": [[604.50507, 0.0, 326.28275], [0.0, 602.9669, 245.73769], [0.0, 0.0, 1.0]], "width": 640}, "objects": [{"class": "OrangeJuice", "pose": [[-0.9729305755080565, 0.05965889661189283, 0.22326440854829663, 8.41543007128287], [-0.22045163529951967, -0.5294475203907393, -0.8191986795092435, 18.65739958904515], [0.06933423812832212, -0.8462423516863744, 0.5282675315123841, 22.421738367646153], [0.0, 0.0, 0.0, 1.0]]}, {"class": "ChocolatePudding", "pose": [[0.9873803571670315, 0.08870270990742905, 0.13119430004230645, -12.04263421328412], [-0.06421793123011262, -0.5329958102122154, 0.8436774267861926, -11.262730494552887], [0.14476252204825127, -0.8414554495533327, -0.5205732204425584, 46.772483947713226], [0.0, 0.0, 0.0, 1.0]]}, {"class": "CreamCheese", "pose": [[0.8728951798023253, -0.02691192557718347, 0.4871651036018513, -19.96643905527098], [-0.4178063873981652, -0.5568850119313477, 0.7178558232676955, -3.7773817158765377], [0.2519760782965097, -0.8301534914130482, -0.49734613286497614, 41.35912564849473], [0.0, 0.0, 0.0, 1.0]]}, {"class": "Raisins", "pose": [[0.7422722489693142, 0.10321501265846705, -0.6621016949077818, -8.644076065376849], [0.61146503306614, -0.508522204128579, 0.606230779579411, -20.595954173101756], [-0.2741212233268223, -0.8548402205830811, -0.44057427456671266, 48.17900407052496], [0.0, 0.0, 0.0, 1.0]]}, {"class": "BBQSauce", "pose": [[0.9742382941190086, 0.07272004709897527, -0.21347511763626098, 2.5187885391382725], [0.21671785169283125, -0.5637771973644077, 0.796987278037361, -17.82135993868539], [-0.06239539180718803, -0.8227193021566316, -0.5650130123765664, 46.14078512537055], [0.0, 0.0, 0.0, 1.0]]}, {"class": "SaladDressing", "pose": [[0.7038938129741055, 0.015888952271439407, -0.7101275421220518, 13.820609937168548], [0.6289525796954394, -0.4785262371640745, 0.6127245463533144, -19.35504717859232], [-0.33007903295521046, -0.8779294703392675, -0.34682505147103, 48.41268460853101], [0.0, 0.0, 0.0, 1.0]]}, {"class": "Mayo", "pose": [[-0.16030585818072055, 0.9473528858020774, 0.2771725571250309, 6.515036339667201], [0.5625870913069801, -0.14303791407160596, 0.8142702233881703, -8.281849069132036], [0.811047334109668, 0.2864660071948122, -0.5100386139991488, 46.41906202938661], [0.0, 0.0, 0.0, 1.0]]}, {"class": "Mushrooms", "pose": [[0.9720947421273405, 0.0913006600902298, -0.2160927731861411, 17.388587052434968], [0.2286439112831161, -0.5748072643558271, 0.7856962819949918, -10.625947396448149], [-0.05247704846580457, -0.8131794287083745, -0.5796424029732035, 49.69709341580634], [0.0, 0.0, 0.0, 1.0]]}, {"class": "Parmesan", "pose": [[0.9061272658016238, 0.04227857641360953, 0.4208871404249887, -8.190821980354567], [-0.32785120831742515, -0.5585399110106698, 0.7619362374088956, 2.8852705869412407], [0.26729586208987144, -0.8283994651080132, -0.4922470797608687, 35.51974734815106], [0.0, 0.0, 0.0, 1.0]]}, {"class": "Mustard", "pose": [[0.9882225886100254, 0.04469267220030375, 0.14635151259998563, -0.9744887947928715], [-0.10794072075329451, -0.4743259728166324, 0.8737069011851955, 6.081065965260854], [0.10846665937196304, -0.8792140852203246, -0.4639154183356942, 30.7913114691105], [0.0, 0.0, 0.0, 1.0]]}, {"class": "Milk", "pose": [[0.07496040510103957, -0.9169816793782523, -0.39182345792402146, 1.617960124380835], [-0.4904242310958201, -0.3760256184882213, 0.7861862913193342, 1.0142830420054123], [-0.8682539854040768, 0.13322681032539305, -0.47789703185432003, 39.25305893095079], [0.0, 0.0, 0.0, 1.0]]}, {"class": "AlphabetSoup", "pose": [[0.8376297061348437, 0.06457222403099351, 0.5424085066736654, 19.86375891991612], [-0.44194495067652695, -0.5034795304548695, 0.7424238007016549, 0.8893739779610249], [0.32103154284685254, -0.8615908336657858, -0.39319196718037785, 40.69901596876676], [0.0, 0.0, 0.0, 1.0]]}, {"class": "Yogurt", "pose": [[0.9244882293132191, 0.058407744719676066, 0.3767096150165026, 27.18308402274519], [-0.2874481214007422, -0.5422658459954539, 0.7895070656009645, -2.7225971969492306], [0.25039010494439523, -0.8381743662841935, -0.48452911807727056, 45.245296577301254], [0.0, 0.0, 0.0, 1.0]]}, {"class": "Cherries", "pose": [[0.471260156630237, 0.0690687717743524, 0.8792857637686596, -7.6243836982059605], [-0.7342094642175309, -0.5216892908417529, 0.4344845490213186, 14.904665423670888], [0.4887232480450832, -0.8503350901574899, -0.19514036097595616, 31.180463936753267], [0.0, 0.0, 0.0, 1.0]]}, {"class": "Cookies", "pose": [[0.27806684624576355, 0.0188749593289537, 0.9603763063284488, -15.625276606707384], [-0.8018981772974245, -0.5458521116388553, 0.24290916477213434, 19.022341961648443], [0.5288082877707112, -0.8376689031225085, -0.13664751275179646, 21.07697332453369], [0.0, 0.0, 0.0, 1.0]]}, {"class": "TomatoSauce", "pose": [[0.8553330739264492, 0.0743065262867146, -0.5127221056542639, 13.829279439432373], [0.4728054026545133, -0.5165544731689383, 0.7138813657280095, 11.929954939565956], [-0.2118027819258279, -0.8530240280043487, -0.47695862339455136, 33.46863136862952], [0.0, 0.0, 0.0, 1.0]]}, {"class": "PeasAndCarrots", "pose": [[0.722418799172543, 0.08035993087342856, 0.6867702999838646, 24.21012638245401], [-0.5613051664098598, -0.5118608344479, 0.6503345855663246, 11.801352251729913], [0.4037916519649745, -0.8553015507133286, -0.32467136979641703, 36.15394514704654], [0.0, 0.0, 0.0, 1.0]]}, {"class": "Ketchup", "pose": [[0.6760989335102991, 0.0436939790997709, 0.7355142100085303, -2.9460469508696185], [-0.5958161024680765, -0.5548446101674488, 0.5806468009657034, 29.311483670294606], [0.43346684921462425, -0.8308058004737465, -0.34909619268309366, 17.408351907419966], [0.0, 0.0, 0.0, 1.0]]}, {"class": "MacaroniAndCheese", "pose": [[0.1353805040616507, 0.9863269941394619, 0.09397480821813833, 27.293929867218775], [0.863406253641782, -0.07091762649670023, -0.4995001584465827, 25.081459813132113], [-0.4860059545536708, 0.14876105555859348, -0.8612016602992458, 29.185420824386892], [0.0, 0.0, 0.0, 1.0]]}, {"class": "Pineapple", "pose": [[0.8967043243377264, 0.05526688665370416, 0.43916626780917095, 10.753734349961054], [-0.3481626937282129, -0.524592729746866, 0.7769075128073288, 32.154398542178804], [0.27332070613353737, -0.8495575419892871, -0.45116262440775634, 22.341998422868343], [0.0, 0.0, 0.0, 1.0]]}]}