{"camera": {"camera": "RealSense D415", "extrinsics": [[-0.99861616, 0.05137627, 0.011238342, 0.7963706], [0.038478795, 0.8594383, -0.50978935, -0.15553147], [-0.035849735, -0.50865144, -0.86022586, 0.10521609], [0.0, 0.0, 0.0, 1.0]], "height": 480, "intrinsics": [[604.50507, 0.0, 326.28275], [0.0, 602.9669, 245.73769], [0.0, 0.0, 1.0]], "width": 640}, "objects": [{"class": "OrangeJuice", "pose": [[-0.9493435430894321, 0.015845878982149238, 0.31384053867748857, 10.558648379920577], [-0.2740671756496945, -0.5303534938365349, -0.8022545726329624, 18.123221136783997], [0.15373394040736013, -0.8476285398832029, 0.5078304482373239, 19.392292315048813], [0.0, 0.0, 0.0, 1.0]]}, {"class": "ChocolatePudding", "pose": [[0.9982477025701239, 0.0453483792697511, 0.03801561803740492, -6.00076437208844], [-0.008059957286482457, -0.5322440994338443, 0.8465525974268303, -12.746950659097697], [0.05862341033676469, -0.8453755402402658, -0.5309458747731183, 45.45996867461879], [0.0, 0.0, 0.0, 1.0]]}, {"class": "CreamCheese", "pose": [[0.9135270181493741, -0.06732793463759118, 0.4011676391887063, -14.771536751972292], [-0.36684491267419433, -0.5624897776039045, 0.7409656568558969, -5.748806646036962], [0.17576501900816888, -0.8240584120389561, -0.5385484396556347, 40.74604125255606], [0.0, 0.0, 0.0, 1.0]]}, {"class": "Raisins", "pose": [[0.6802144034883855, 0.057249108878513165, -0.7307742765199434, -1.9740509600556844], [0.6503412620807862, -0.5070783673777388, 0.5656216197038576, -21.86702011341024], [-0.33817842086329297, -0.8599965860638634, -0.3821534480225665, 46.57687080876844], [0.0, 0.0, 0.0, 1.0]]}, {"class": "BBQSauce", "pose": [[0.9514547564860136, 0.032802873664664924, -0.30603587411146965, 8.796835256638802], [0.2704540239165116, -0.5637577113406834, 0.7804049643326213, -18.485115461428077], [-0.14693050216007555, -0.8252886024225135, -0.5452615706806317, 43.5747062144433], [0.0, 0.0, 0.0, 1.0]]}, {"class": "SaladDressing", "pose": [[0.6362143329114244, -0.0332951068933928, -0.7707936798253645, 20.321159313695404], [0.6653203001609125, -0.48214930459971755, 0.5699833249942732, -19.37105090855961], [-0.3906152171629239, -0.8754561929525633, -0.28459837764189705, 44.859217706256366], [0.0, 0.0, 0.0, 1.0]]}, {"class": "Mayo", "pose": [[-0.12086442099991959, 0.9751297815205725, 0.1857790067033596, 12.259682329825761], [0.5576040041255433, -0.08814230145062239, 0.8254142922083844, -8.735656656861762], [0.8212609978680407, 0.20335435775853095, -0.5330829286105806, 43.494436018585404], [0.0, 0.0, 0.0, 1.0]]}, {"class": "Mushrooms", "pose": [[0.9495109055858963, 0.05272996307293526, -0.30927128798430253, 23.49066117666092], [0.282300928089855, -0.5736745653312023, 0.7688977328587864, -10.448622006231904], [-0.136877066747225, -0.8173843079151221, -0.5595959184870996, 45.81935776587001], [0.0, 0.0, 0.0, 1.0]]}, {"class": "Parmesan", "pose": [[0.9428519841773654, 0.0017379319537312189, 0.3332075238181511, -3.9387197883391845], [-0.27508260917577776, -0.5602642593239973, 0.7813024781458849, 1.5264485069814315], [0.18804213033285458, -0.8283121411727383, -0.5277681159565684, 33.899496295607015], [0.0, 0.0, 0.0, 1.0]]}, {"class": "Mustard", "pose": [[0.9984010071185666, -0.004992461533599273, 0.0563084604314206, 2.65017072397542], [-0.05188431949086345, -0.476353459231677, 0.8777217348184455, 5.092162042673887], [0.022440772988751224, -0.8792397382498921, -0.47585073773669195, 28.55918814987948], [0.0, 0.0, 0.0, 1.0]]}, {"class": "Milk", "pose": [[0.026967121472404945, -0.879419137966925, -0.4752840125027298, 6.2459952217381325], [-0.4906687383856249, -0.42588461617601525, 0.7601753267367906, 0.2290643501728945], [-0.8709288277240234, 0.21270720289771572, -0.4429883216173041, 36.76982650681599], [0.0, 0.0, 0.0, 1.0]]}, {"class": "AlphabetSoup", "pose": [[0.8857839777475965, 0.017944923312808142, 0.46375086296052753, 24.526544833136022], [-0.39250205119988163, -0.5042440408997544, 0.7692074697535709, 1.1328443309984477], [0.24764698097412194, -0.8633747665233494, -0.43960779742832357, 36.627454691426195], [0.0, 0.0, 0.0, 1.0]]}, {"class": "Yogurt", "pose": [[0.9573807616004236, 0.016020202758071946, 0.28838441154937067, 32.40331566361431], [-0.2338185985651639, -0.5431730704636077, 0.806406797461356, -2.03703601788367], [0.16956146322461335, -0.8394679452907963, -0.5162775505801181, 40.525642216903925], [0.0, 0.0, 0.0, 1.0]]}, {"class": "Cherries", "pose": [[0.5523123914289771, 0.024415201918768874, 0.8332797000965285, -4.426441172356055], [-0.7037757613887701, -0.522106142291512, 0.48177266253581674, 13.532460227728926], [0.4468229914535424, -0.8525310171917514, -0.27118279674258766, 29.513850309201228], [0.0, 0.0, 0.0, 1.0]]}, {"class": "Cookies", "pose": [[0.36742480226460744, -0.02305616738297543, 0.9297674796582821, -13.490595907712732], [-0.781915101401408, -0.5489602445539193, 0.2953835956911724, 17.135806370888744], [0.5035949204244662, -0.8355304467837962, -0.21972951288930978, 20.137972998152247], [0.0, 0.0, 0.0, 1.0]]}, {"class": "TomatoSauce", "pose": [[0.8058588683109865, 0.029103639988561487, -0.5913920872886645, 17.277912100284187], [0.5185941487671494, -0.5167028240324284, 0.681232959423652, 11.775296338952096], [-0.2857475336290224, -0.8556700476781469, -0.4314824987714282, 29.93541687598053], [0.0, 0.0, 0.0, 1.0]]}, {"class": "PeasAndCarrots", "pose": [[0.7850604247048745, 0.034663780350279644, 0.6184486157294885, 27.842995021420023], [-0.5176164401167127, -0.5116919292193574, 0.6857438552377936, 12.243228035475928], [0.3402256275981003, -0.8584694823607818, -0.38376646595985564, 31.710099922566336], [0.0, 0.0, 0.0, 1.0]]}, {"class": "Ketchup", "pose": [[0.7434962143058508, 0.0027297966396094024, 0.6687346752837515, -1.774909748878306], [-0.5544837079938051, -0.5565101292246707, 0.6187441621086198, 28.09534735420634], [0.37384664888252256, -0.8308363785790054, -0.41224946981610205, 15.371501813431482], [0.0, 0.0, 0.0, 1.0]]}, {"class": "MacaroniAndCheese", "pose": [[0.04406280097849147, 0.9979226211674995, 0.047000533356631465, 29.560752673495728], [0.8666916214128795, -0.014783941785909152, -0.49862522292970995, 25.63288619273939], [-0.49689446933581466, 0.06270582557684025, -0.8655425443020308, 24.48529605539125], [0.0, 0.0, 0.0, 1.0]]}, {"class": "Pineapple", "pose": [[0.9351424382583232, 0.010917504919319572, 0.354103892464211, 12.11899275537659], [-0.29585250335686053, -0.5257717554716593, 0.7975182768497825, 31.72909417997533], [0.19488474665433958, -0.8505556602249664, -0.48844143415088365, 19.09472730273678], [0.0, 0.0, 0.0, 1.0]]}]}