{"camera": {"camera": "RealSense D415", "extrinsics": [[-0.9889042, -0.09005056, 0.11814993, 0.6322773], [-0.14476377, 0.76268196, -0.63036466, -0.14684497], [-0.033346128, -0.6404741, -0.7672555, 0.14899825], [0.0, 0.0, 0.0, 1.0]], "height": 480, "intrinsics": [[603.75165, 0.0, 326.28275], [0.0, 603.20245, 245.73769], [0.0, 0.0, 1.0]], "width": 640}, "objects": [{"class": "ChocolatePudding", "pose": [[0.8830239377418102, 0.09544380363505221, 0.45952059054172967, 11.725642911583778], [-0.27223623615773385, -0.6933920940704761, 0.6671542275372798, 10.748049751772596], [0.3823036964143041, -0.7142113620866424, -0.5862985987080922, 36.425451260684646], [0.0, 0.0, 0.0, 1.0]]}, {"class": "MacaroniAndCheese", "pose": [[0.1498955076488073, 0.9713772103804925, 0.18427593263722195, 4.921076872913366], [-0.6052829196133083, 0.23753062000325417, -0.7597445093601488, 1.1084961571791174], [-0.781769736595028, 0.0023432039227840045, 0.6235628446374005, 38.05469641328476], [0.0, 0.0, 0.0, 1.0]]}, {"class": "Milk", "pose": [[0.23461906400351798, 0.9613754227339706, 0.14391371991020124, -3.9459973077843324], [0.7542416190502874, -0.0866387607576952, -0.6508557696943358, -8.46218675767986], [-0.6132482764953038, 0.2612488948254665, -0.7454365158756191, 47.49144466070576], [0.0, 0.0, 0.0, 1.0]]}, {"class": "Ketchup", "pose": [[0.7826611390716396, 0.11917045869315196, 0.6109336384347697, -8.570244659058313], [-0.39299900599353915, -0.6665233128304713, 0.6334811618818807, 1.6256715909610642], [0.48269377566815186, -0.7358974550432902, -0.47482806094922664, 33.7711749670502], [0.0, 0.0, 0.0, 1.0]]}, {"class": "OrangeJuice", "pose": [[-0.7261821832667852, -0.67737613612805, -0.11756263998106549, 17.247834999713042], [0.48467778116995563, -0.6256830536255812, 0.6112348914808207, 0.018787011798399034], [-0.4875929037128213, 0.38688792077486056, 0.7826691062512782, 44.83367448731377], [0.0, 0.0, 0.0, 1.0]]}]}