{"camera": {"camera": "RealSense D415", "extrinsics": [[-0.99423754, 0.009082604, 0.10681391, 0.7807245], [-0.048302907, 0.85156447, -0.5220199, -0.1069347], [-0.09570023, -0.52417123, -0.84621865, 0.12390242], [0.0, 0.0, 0.0, 1.0]], "height": 480, "intrinsics": [[604.50507, 0.0, 326.28275], [0.0, 602.9669, 245.73769], [0.0, 0.0, 1.0]], "width": 640}, "objects": [{"class": "OrangeJuice", "pose": [[-0.9302364112566878, 0.11237552675409142, 0.3493308342837496, 5.9728639558341285], [-0.35205185238993847, -0.5418854529550349, -0.7631642642529418, 17.059972843714437], [0.10353626431840615, -0.8329057195246296, 0.5436435716329983, 16.39143370183833], [0.0, 0.0, 0.0, 1.0]]}, {"class": "ChocolatePudding", "pose": [[0.9899024016677784, 0.14174000888270236, -0.0017540457967013447, -9.461454149886627], [0.07897391538118205, -0.5411882585760154, 0.8371848270227011, -14.657020932297302], [0.11771335177531106, -0.8288697595932116, -0.5469172854001312, 42.13088883972082], [0.0, 0.0, 0.0, 1.0]]}, {"class": "CreamCheese", "pose": [[0.9289780968657556, 0.030950778284458715, 0.3688384693732845, -18.491513656977954], [-0.28365213486531304, -0.5806445141581369, 0.7631470760558653, -8.524444972505052], [0.23778405324305604, -0.8135687080991615, -0.5306267330703389, 36.74840674914502], [0.0, 0.0, 0.0, 1.0]]}, {"class": "Raisins", "pose": [[0.6418581400011014, 0.15232881000796356, -0.7515411721111803, -4.750420005368716], [0.7004388808254743, -0.5153529386835576, 0.49375780292202365, -23.37530561085817], [-0.31209536411652766, -0.8433310858973448, -0.43748050457124765, 43.69141038079456], [0.0, 0.0, 0.0, 1.0]]}, {"class": "BBQSauce", "pose": [[0.9322287807312509, 0.13071625953662644, -0.3374356701527586, 5.857112917763574], [0.34875449864452795, -0.5733060086255223, 0.7414111985108414, -19.13185839926308], [-0.09653935199273088, -0.80884703214569, -0.5800402233721976, 41.255090429319594], [0.0, 0.0, 0.0, 1.0]]}, {"class": "SaladDressing", "pose": [[0.6000183787451701, 0.06110430652070132, -0.7976492214720776, 17.315426278481848], [0.7106458238472052, -0.4985906820784929, 0.49637676206813186, -18.999238477409687], [-0.3673696617782892, -0.8646812341072084, -0.34258710368530126, 43.238611184493756], [0.0, 0.0, 0.0, 1.0]]}, {"class": "Mayo", "pose": [[-0.21752839625998935, 0.9649018125324357, 0.14712566266474827, 8.478133565395119], [0.5595212613174102, -0.000236666446146056, 0.8288159911892231, -9.123339536297687], [0.7997608351338562, 0.26261097721693566, -0.5398315569276217, 41.157619648215224], [0.0, 0.0, 0.0, 1.0]]}, {"class": "Mushrooms", "pose": [[0.9286778588211528, 0.15089523706741756, -0.33880397516571453, 19.651604409333466], [0.36056545008149554, -0.5813289483948375, 0.7294170652609433, -9.821460703459959], [-0.0868909514433709, -0.7995544524147433, -0.5942749101255771, 44.18095643486261], [0.0, 0.0, 0.0, 1.0]]}, {"class": "Parmesan", "pose": [[0.9496044601383118, 0.0997086926458419, 0.2971693414850344, -7.918976660180199], [-0.18950308419854173, -0.5725547087214814, 0.7976651752009167, -0.46519021610926803], [0.24967988252859813, -0.8137808824058368, -0.5248053546935499, 30.39039551035549], [0.0, 0.0, 0.0, 1.0]]}, {"class": "Mustard", "pose": [[0.9959778235103134, 0.08899027928427759, 0.01043919972635407, -1.3438630620145053], [0.03469425457198673, -0.49044659209709446, 0.8707803937435915, 3.5599641516111227], [0.08261089752460156, -0.8669157456788754, -0.49156134726802303, 25.369171208210684], [0.0, 0.0, 0.0, 1.0]]}, {"class": "Milk", "pose": [[0.1214846122228193, -0.8513938815520893, -0.510264655910148, 2.1454764211655153], [-0.5018075239029041, -0.49621957352714263, 0.7084881007689426, -0.8298234274204854], [-0.8564057079998619, 0.1699841928565904, -0.48751888794987785, 33.886713735771146], [0.0, 0.0, 0.0, 1.0]]}, {"class": "AlphabetSoup", "pose": [[0.8991904399901233, 0.11320462496202478, 0.42265983620393693, 20.257937506650027], [-0.31033137213913814, -0.5159740281070702, 0.7984142326595951, 1.6422607903300468], [0.30846570074896806, -0.849091016831002, -0.42882792029213723, 34.804925639325184], [0.0, 0.0, 0.0, 1.0]]}, {"class": "Yogurt", "pose": [[0.9616750260861502, 0.11314066607372922, 0.24976069647757007, 28.12349961767297], [-0.14747355368265688, -0.5544964583673243, 0.8190148190054384, -0.7682503711172572], [0.2311553306233452, -0.8244591612581662, -0.516560096373725, 39.23323131973955], [0.0, 0.0, 0.0, 1.0]]}, {"class": "Cherries", "pose": [[0.5818496723389933, 0.12049610193392415, 0.8043206573501006, -9.156470634436998], [-0.6456055884000916, -0.5330185085104829, 0.5468864040548426, 11.374989591565551], [0.49461547035925235, -0.8374795514503676, -0.23234363775994, 25.7112039500554], [0.0, 0.0, 0.0, 1.0]]}, {"class": "Cookies", "pose": [[0.40115280102341, 0.07452980930237556, 0.9129741559205208, -17.90634627758231], [-0.7383635796565828, -0.5635570244905771, 0.37043589123119586, 14.018420451504207], [0.5421214977773617, -0.8227082293726234, -0.1710423327539995, 15.736133776811712], [0.0, 0.0, 0.0, 1.0]]}, {"class": "TomatoSauce", "pose": [[0.7748099948285863, 0.1248911700883796, -0.6197352169838701, 12.552663602455594], [0.5809469899084705, -0.5272877053224622, 0.6200550909881035, 11.501234279840137], [-0.2493393046603724, -0.8404581554982293, -0.4811029293526826, 27.455284354019888], [0.0, 0.0, 0.0, 1.0]]}, {"class": "PeasAndCarrots", "pose": [[0.8040062451893295, 0.13016582128878276, 0.5801990074854793, 22.912203566130785], [-0.4420028522199908, -0.5218667461980943, 0.7295811284361817, 12.908515840931562], [0.3977531042210443, -0.8430373642097272, -0.36205040982241, 29.840430063053457], [0.0, 0.0, 0.0, 1.0]]}, {"class": "Ketchup", "pose": [[0.7637534122524475, 0.10053001803076167, 0.6376319568292035, -6.895175115162933], [-0.48171390957125093, -0.568774213461036, 0.666669069745676, 25.86041696225972], [0.42968887402517864, -0.8163269270556212, -0.38597648675357876, 11.422282887980556], [0.0, 0.0, 0.0, 1.0]]}, {"class": "MacaroniAndCheese", "pose": [[0.00047777670172553696, 0.9899015310855376, 0.1417561360445975, 23.923438426864497], [0.8583672379540319, 0.07231996796036315, -0.5079129375883074, 26.26684586026246], [-0.5130355599327177, 0.12192152760199239, -0.849664453755396, 22.426668872694123], [0.0, 0.0, 0.0, 1.0]]}, {"class": "Pineapple", "pose": [[0.943284089860334, 0.10726325779346131, 0.31418114355616134, 6.387591969880413], [-0.21073583024136328, -0.5377975078298572, 0.8163113961918473, 30.742301236041257], [0.25652607989076087, -0.8362227423804638, -0.484691576247526, 15.876757252469787], [0.0, 0.0, 0.0, 1.0]]}]}