{"camera": {"camera": "RealSense D415", "extrinsics": [[-0.9930014, 0.013205862, 0.11736217, 0.7680089], [-0.050022937, 0.853161, -0.5192437, -0.10564032], [-0.10698588, -0.52148056, -0.8465294, 0.13257353], [0.0, 0.0, 0.0, 1.0]], "height": 480, "intrinsics": [[604.50507, 0.0, 326.28275], [0.0, 602.9669, 245.73769], [0.0, 0.0, 1.0]], "width": 640}, "objects": [{"class": "OrangeJuice", "pose": [[-0.9306128413964269, 0.12281506648558697, 0.3447844729199164, 4.604114207401066], [-0.3542425181276216, -0.5391381062131976, -0.7640958044426535, 17.03141346227367], [0.09204393403767641, -0.8332145797032969, 0.5452351512889113, 16.53312667633291], [0.0, 0.0, 0.0, 1.0]]}, {"class": "ChocolatePudding", "pose": [[0.9883568442733347, 0.1521309853370709, 0.0026543498038968205, -11.052457059529086], [0.08061846784300537, -0.5383937609755457, 0.8388282770464229, -14.79433838910183], [0.12904088467014574, -0.8288475705023014, -0.5443897012070441, 42.00269287542559], [0.0, 0.0, 0.0, 1.0]]}, {"class": "CreamCheese", "pose": [[0.9268361689853606, 0.0412585601026095, 0.3731924181615365, -20.03421797700974], [-0.28249112223456835, -0.5781199108385626, 0.765490817801288, -8.663790790910612], [0.24733304198616093, -0.8149080180687639, -0.5241672254666713, 36.537718917776786], [0.0, 0.0, 0.0, 1.0]]}, {"class": "Raisins", "pose": [[0.6438744348960046, 0.1628280605067828, -0.7476047543277169, -6.341300153260154], [0.7026745549106813, -0.512493514819255, 0.49355741787222734, -23.50775893081162], [-0.3027775583092624, -0.843111731889302, -0.4443966129025066, 43.58978587453214], [0.0, 0.0, 0.0, 1.0]]}, {"class": "BBQSauce", "pose": [[0.9325334518521048, 0.1409495803301701, -0.3324375292833274, 4.28412561468321], [0.3509280717268812, -0.5705940788012052, 0.7424768974846798, -19.235538863843114], [-0.08503504245244559, -0.8090460978839998, -0.5815612133542792, 41.28528477507994], [0.0, 0.0, 0.0, 1.0]]}, {"class": "SaladDressing", "pose": [[0.6026358021132452, 0.07181427369423322, -0.7947785439979859, 15.719196410341318], [0.7129638782737782, -0.4958512379005355, 0.49579644586941646, -19.085754028102805], [-0.35848662699953904, -0.8654329746180738, -0.3500187088292995, 43.39753861613527], [0.0, 0.0, 0.0, 1.0]]}, {"class": "Mayo", "pose": [[-0.22762594230769997, 0.9618969628072612, 0.151462197346913, 6.885502062520277], [0.5566614157557783, 0.0009200677288694042, 0.8307389958775058, -9.221494066392957], [0.7989458519303889, 0.2734109222446008, -0.535660326237533, 41.247218893336864], [0.0, 0.0, 0.0, 1.0]]}, {"class": "Mushrooms", "pose": [[0.9288503727221787, 0.1610396050933647, -0.333621588899309, 18.02580400654631], [0.3627026153976081, -0.5786042584680082, 0.7305230882414602, -9.906162371958466], [-0.07539168773455855, -0.7995519580640172, -0.595846248289648, 44.393534016100425], [0.0, 0.0, 0.0, 1.0]]}, {"class": "Parmesan", "pose": [[0.9471344268620713, 0.10999776831220859, 0.3013917754575413, -9.407681534826606], [-0.18833694744071963, -0.5698905472541406, 0.7998462452037328, -0.5640096310215337], [0.2597416476333589, -0.8143250154707269, -0.5190462768266711, 30.322840546911156], [0.0, 0.0, 0.0, 1.0]]}, {"class": "Mustard", "pose": [[0.9949162104000165, 0.09970674171417057, 0.01415746567957365, -2.7849992262902967], [0.03645744146715687, -0.4876440881605661, 0.8722810073772876, 3.489579225349744], [0.0938761339085376, -0.8673302608652625, -0.4888000428540262, 25.387743730584827], [0.0, 0.0, 0.0, 1.0]]}, {"class": "Milk", "pose": [[0.13210453974668165, -0.8522237742351103, -0.5062244197006285, 0.617689202189653], [-0.4989710251507127, -0.49845070831368377, 0.7089251476912446, -0.9188628027004888], [-0.8564906764323739, 0.15893905247922413, -0.4910825700488046, 33.930671094409135], [0.0, 0.0, 0.0, 1.0]]}, {"class": "AlphabetSoup", "pose": [[0.8963132280444079, 0.12377223377060749, 0.4257970940183876, 18.713606309946073], [-0.3094439549053768, -0.5131762724714424, 0.8005589358268721, 1.5870388075543251], [0.317595951482364, -0.8493117921890074, -0.42166608006220463, 35.05930842479138], [0.0, 0.0, 0.0, 1.0]]}, {"class": "Yogurt", "pose": [[0.9593254247941384, 0.12351142059541353, 0.2538499403594724, 26.533989169786675], [-0.14622732556458748, -0.5517730033586349, 0.821075014605999, -0.8209391293916318], [0.24147970811583985, -0.8247978275376827, -0.5112690936109163, 39.568275151710516], [0.0, 0.0, 0.0, 1.0]]}, {"class": "Cherries", "pose": [[0.5775960536258464, 0.13096814742039795, 0.8057482715411638, -10.616991777088447], [-0.6459198084040463, -0.5302409874271465, 0.5492104823753662, 11.287729121859737], [0.49916983690926786, -0.8376704680612636, -0.22167014386767375, 25.665593886441073], [0.0, 0.0, 0.0, 1.0]]}, {"class": "Cookies", "pose": [[0.39656917141508463, 0.08490206636815847, 0.9140703831237652, -19.259953907008153], [-0.7391859443093909, -0.5609168387069913, 0.372795516842422, 13.943597544138363], [0.5443685687468053, -0.8235070824961134, -0.1596838697665247, 15.601019989203206], [0.0, 0.0, 0.0, 1.0]]}, {"class": "TomatoSauce", "pose": [[0.7763599812575162, 0.13538453173007753, -0.6155780551355883, 11.070931168517594], [0.5832625504932967, -0.5244923390390371, 0.6202520786493445, 11.45258074636301], [-0.2388934003002699, -0.8405824100015906, -0.4861595901689177, 27.653335188326935], [0.0, 0.0, 0.0, 1.0]]}, {"class": "PeasAndCarrots", "pose": [[0.800405247798102, 0.14067660321163694, 0.5827192003877604, 21.400180050089567], [-0.44157673158345323, -0.5190529616758744, 0.7318429276060516, 12.873584497158863], [0.4054153139513736, -0.8430860508549051, -0.3533331655702688, 30.15868986315033], [0.0, 0.0, 0.0, 1.0]]}, {"class": "Ketchup", "pose": [[0.7598787643008902, 0.11083980219475868, 0.6405458107804889, -8.225491175122146], [-0.48146537861573024, -0.5661007239974791, 0.6691196582610309, 25.820805565004534], [0.4367785443764625, -0.8168503437131346, -0.37680235000916384, 11.446425188584296], [0.0, 0.0, 0.0, 1.0]]}, {"class": "MacaroniAndCheese", "pose": [[0.0044628306446252135, 0.9883224912178568, 0.1523117539457243, 22.46697598237154], [0.8599126847020402, 0.07395184749816848, -0.505055795459824, 26.256271028549527], [-0.5104217173267515, 0.13322881452898824, -0.8495409026555034, 22.79682260510747], [0.0, 0.0, 0.0, 1.0]]}, {"class": "Pineapple", "pose": [[0.9407813809266167, 0.11773189850587185, 0.3179146540668852, 4.996466949317568], [-0.20960301370086895, -0.5350504983140757, 0.8184055220297518, 30.716044872162723], [0.2664528515701297, -0.8365764389297781, -0.47868855380302816, 16.064162965193283], [0.0, 0.0, 0.0, 1.0]]}]}