{"camera": {"camera": "RealSense D415", "extrinsics": [[-0.9946141, 0.03495498, 0.09757522, 0.7394127], [-0.019617582, 0.86091083, -0.5083775, -0.1239811], [-0.10177389, -0.50755364, -0.8555883, 0.12676236], [0.0, 0.0, 0.0, 1.0]], "height": 480, "intrinsics": [[604.50507, 0.0, 326.28275], [0.0, 602.9669, 245.73769], [0.0, 0.0, 1.0]], "width": 640}, "objects": [{"class": "OrangeJuice", "pose": [[-0.9399369182100843, 0.10252490682650266, 0.3255876139892484, 2.5918776038689972], [-0.328749739550467, -0.5286376627305874, -0.7826019876632089, 17.208439958985934], [0.09188162935126307, -0.842633289706639, 0.530591067522438, 16.839142431298264], [0.0, 0.0, 0.0, 1.0]]}, {"class": "ChocolatePudding", "pose": [[0.9909791775296914, 0.13187400574041863, 0.02386582137320345, -13.83585424654299], [0.0499663267937558, -0.5288104887379766, 0.8472678879749931, -14.568689354108322], [0.12435314371463903, -0.8384322922369744, -0.5306294023621524, 41.880090119599785], [0.0, 0.0, 0.0, 1.0]]}, {"class": "CreamCheese", "pose": [[0.9196477194611352, 0.01997895330636252, 0.3922358660703808, -22.666984059069208], [-0.313121338958285, -0.5655498586046943, 0.7629603039001083, -8.092579592137541], [0.23707211076474805, -0.8244720741194045, -0.5138507458041403, 36.57040809946166], [0.0, 0.0, 0.0, 1.0]]}, {"class": "Raisins", "pose": [[0.6622200502946063, 0.1432356208315926, -0.7354918239042932, -9.369791184093168], [0.6887276333737843, -0.5029975001997186, 0.5221568754946593, -23.43923344257118], [-0.29515903159178103, -0.8523362389234772, -0.4317453619394891, 43.29617128555934], [0.0, 0.0, 0.0, 1.0]]}, {"class": "BBQSauce", "pose": [[0.9417999906706848, 0.1198770370061277, -0.3140737726850115, 1.3616774766031403], [0.3252661813432797, -0.5609974459128724, 0.7612383449089775, -19.437531803384182], [-0.08493953738625087, -0.8190917897109206, -0.5673393082498762, 40.997428892606216], [0.0, 0.0, 0.0, 1.0]]}, {"class": "SaladDressing", "pose": [[0.6209858536376244, 0.05261785821515813, -0.7820537012866022, 12.807908804214884], [0.7011183759387811, -0.48337370043890776, 0.5241974145788347, -19.652167527923208], [-0.3504419915428761, -0.8738313457879544, -0.3370595872402374, 43.04257104137349], [0.0, 0.0, 0.0, 1.0]]}, {"class": "Mayo", "pose": [[-0.2069749841525123, 0.9630323887225135, 0.1724239986885379, 4.251223740892818], [0.5497366201277428, -0.03130677308646592, 0.8347512056029655, -9.503338618120557], [0.8092904300511692, 0.2675604296891625, -0.5229344050268854, 41.10709695704472], [0.0, 0.0, 0.0, 1.0]]}, {"class": "Mushrooms", "pose": [[0.9385127354330258, 0.13977975995225245, -0.31568263375576616, 15.384460768432472], [0.3369813143999474, -0.5697386879403908, 0.7495608461061792, -10.560528345036253], [-0.07508312543490454, -0.8098514955413508, -0.5818101538414758, 44.174305963506846], [0.0, 0.0, 0.0, 1.0]]}, {"class": "Parmesan", "pose": [[0.942728465410503, 0.08892952360378502, 0.3214881668951941, -11.84557274128808], [-0.21980861988963962, -0.5593153632063749, 0.7992812620784384, -0.20096566009430578], [0.2508929973902005, -0.8241710158315604, -0.5077349861811923, 30.42435931928281], [0.0, 0.0, 0.0, 1.0]]}, {"class": "Mustard", "pose": [[0.9960627300381361, 0.08072491511066866, 0.03664132948755996, -5.136114065514663], [0.006220607818166747, -0.4759435033698854, 0.8794538796574471, 3.7409502139265043], [0.0884330814188903, -0.8757632454231884, -0.4745717055886075, 25.51608654841473], [0.0, 0.0, 0.0, 1.0]]}, {"class": "Milk", "pose": [[0.11284169466737393, -0.8653776170624345, -0.4882503384015265, -1.8146726489630005], [-0.4883765120756046, -0.4762404944713076, 0.7312204966251676, -0.9040071388493137], [-0.8653063772663775, 0.15593778546870107, -0.476369873306376, 33.96514865412838], [0.0, 0.0, 0.0, 1.0]]}, {"class": "AlphabetSoup", "pose": [[0.8887509353269009, 0.1041423875656453, 0.446403628104603, 16.352143511764382], [-0.3403386337281392, -0.5024522334479616, 0.7948027480459435, 1.0604657645947744], [0.30706917367991127, -0.8583100312987841, -0.41111116308863965, 35.02495704664535], [0.0, 0.0, 0.0, 1.0]]}, {"class": "Yogurt", "pose": [[0.9560296636298957, 0.10290265295372218, 0.2746240837801079, 24.124684400828087], [-0.17777230455542664, -0.5414244759574914, 0.8217399743065783, -1.6458943083979674], [0.23324745073710063, -0.8344282940158951, -0.4993245683311073, 39.44657945338744], [0.0, 0.0, 0.0, 1.0]]}, {"class": "Cherries", "pose": [[0.561457670995112, 0.11090680349660577, 0.8200396488805746, -12.737712099770748], [-0.6704398447393393, -0.5199068891259601, 0.5293460890867348, 11.755896640666986], [0.48505233523053964, -0.8469926224316839, -0.21754931694302232, 25.96861998776466], [0.0, 0.0, 0.0, 1.0]]}, {"class": "Cookies", "pose": [[0.3780651762141478, 0.06405289170321934, 0.9235605073387928, -21.35631497748365], [-0.7591837410646832, -0.5494720322319748, 0.34888475733981467, 14.825341103963519], [0.5298177245395378, -0.833053246728588, -0.1591082730324937, 16.00125997636201], [0.0, 0.0, 0.0, 1.0]]}, {"class": "TomatoSauce", "pose": [[0.791552437747115, 0.11547121702111471, -0.6000926573901144, 8.956666314128892], [0.5645102665314324, -0.5142406415726998, 0.6456661384505725, 11.262937706373126], [-0.23403612428406062, -0.8498370166322484, -0.4722331133670874, 27.82743579410285], [0.0, 0.0, 0.0, 1.0]]}, {"class": "PeasAndCarrots", "pose": [[0.7895546502029981, 0.12090427559610441, 0.6016524508407403, 19.336500604883433], [-0.4710833757467621, -0.508915461469686, 0.7204759170009059, 12.344200867529452], [0.39329886060036723, -0.8522835225655297, -0.3448605212001255, 30.293067278893528], [0.0, 0.0, 0.0, 1.0]]}, {"class": "Ketchup", "pose": [[0.7480675810045501, 0.08986666382099182, 0.6575096486751745, -10.00644874532025], [-0.5102995336596289, -0.5555102425491539, 0.6565080328342594, 26.446564934076722], [0.4242515341229136, -0.8266391908286181, -0.36970022944168923, 11.974378878433097], [0.0, 0.0, 0.0, 1.0]]}, {"class": "MacaroniAndCheese", "pose": [[0.02647265350111437, 0.9907754775381118, 0.1329030204434915, 20.748646250712067], [0.8677283299956402, 0.043235300710683926, -0.4951548191238765, 25.810188058556516], [-0.49633331582930196, 0.12843181435077525, -0.8585793407304508, 23.144328742846287], [0.0, 0.0, 0.0, 1.0]]}, {"class": "Pineapple", "pose": [[0.935800818738223, 0.09754335478407224, 0.338765675214604, 3.3770713664045826], [-0.24099058628517686, -0.5243503904903367, 0.8166885857661552, 30.881955714146564], [0.25729448238578156, -0.845897131821192, -0.4671804441318049, 16.591275306878952], [0.0, 0.0, 0.0, 1.0]]}]}