{"camera": {"camera": "RealSense D415", "extrinsics": [[-0.9962981, 0.039116465, 0.07655114, 0.7037767], [-0.0043133264, 0.8666126, -0.4989629, -0.13609846], [-0.08585785, -0.49744597, -0.8632357, 0.114837736], [0.0, 0.0, 0.0, 1.0]], "height": 480, "intrinsics": [[604.50507, 0.0, 326.28275], [0.0, 602.9669, 245.73769], [0.0, 0.0, 1.0]], "width": 640}, "objects": [{"class": "OrangeJuice", "pose": [[-0.9429477150468191, 0.0814177757066903, 0.32283263645798, -0.464947026732887], [-0.3165836782884534, -0.519451295068901, -0.7936908446531783, 16.94568373429164], [0.1030752256475045, -0.8506124118997626, 0.5155908976129521, 17.166823408731695], [0.0, 0.0, 0.0, 1.0]]}, {"class": "ChocolatePudding", "pose": [[0.9934604550064676, 0.11082503599890059, 0.027464420795581312, -16.941583236676927], [0.03442555657386685, -0.5200905668642696, 0.8534170806276747, -14.907280068873671], [0.1088640016785484, -0.8468905422037853, -0.5205045530884976, 42.07895968407209], [0.0, 0.0, 0.0, 1.0]]}, {"class": "CreamCheese", "pose": [[0.9187607372142395, -0.0013456581446576277, 0.3948126842353956, -25.763244660791983], [-0.32900126702855903, -0.5554198470417618, 0.7637191826839173, -8.241361933419286], [0.21825911226025696, -0.8315689793542269, -0.510740583479206, 36.99315530880204], [0.0, 0.0, 0.0, 1.0]]}, {"class": "Raisins", "pose": [[0.6671820608216134, 0.12233013291187131, -0.7347813245959931, -12.580711035026248], [0.6829567959050733, -0.49426851757458096, 0.5378370363366438, -23.856947126477596], [-0.29738552463340856, -0.8606590179074837, -0.4133132658826528, 43.31338724949557], [0.0, 0.0, 0.0, 1.0]]}, {"class": "BBQSauce", "pose": [[0.9448719296158571, 0.09868080111765445, -0.3122167432893987, -1.8313701861122578], [0.3129876408769744, -0.5523444838095147, 0.772628201696747, -19.978562677819006], [-0.09620756447481366, -0.827754583879306, -0.5527806115686112, 40.89015213862699], [0.0, 0.0, 0.0, 1.0]]}, {"class": "SaladDressing", "pose": [[0.6252474913382277, 0.031669066872114314, -0.7797838184100534, 9.641965285414889], [0.6966182985193088, -0.47310131199384203, 0.5393497241599903, -20.380174343477076], [-0.3518359652817582, -0.8804386372095545, -0.31786665563469996, 42.746541281086316], [0.0, 0.0, 0.0, 1.0]]}, {"class": "Mayo", "pose": [[-0.1860769831288745, 0.9666556741569957, 0.1759327219285699, 1.20136579620288], [0.5424366601472685, -0.04822997261441299, 0.8387111360078469, -10.088260097412991], [0.8192300076715708, 0.25149721371011813, -0.5153749093116898, 41.07488522435069], [0.0, 0.0, 0.0, 1.0]]}, {"class": "Mushrooms", "pose": [[0.9419111731276076, 0.11860217278515774, -0.3142244822152912, 12.366128773230589], [0.3246237856785079, -0.5614804426707202, 0.7611564494003379, -11.340644145962047], [-0.08615603234672034, -0.8189464074461943, -0.5673657294398297, 43.94786311329041], [0.0, 0.0, 0.0, 1.0]]}, {"class": "Parmesan", "pose": [[0.943392670122081, 0.06768299075959013, 0.32469900122609713, -14.930079494834104], [-0.23620350847033383, -0.5501626960167968, 0.8009550178952125, -0.4269083956327274], [0.23284832590050236, -0.8323100393871501, -0.5030324110653746, 30.7697087832286], [0.0, 0.0, 0.0, 1.0]]}, {"class": "Mustard", "pose": [[0.9973406845331702, 0.0598449091477732, 0.04159692896662492, -8.244550148912833], [-0.008934851132771936, -0.46604469267041865, 0.884716080481558, 3.4810631260408758], [0.07233182235798577, -0.8827349003796189, -0.46427056147003537, 25.801999324154806], [0.0, 0.0, 0.0, 1.0]]}, {"class": "Milk", "pose": [[0.09194423156226696, -0.8694874088291566, -0.4853226378868368, -4.854733460301319], [-0.4790592431017348, -0.46590092367100516, 0.7439345408804325, -1.3155827391590214], [-0.8729538779396999, 0.16409773851872747, -0.4593728445659645, 34.13840040209908], [0.0, 0.0, 0.0, 1.0]]}, {"class": "AlphabetSoup", "pose": [[0.8886050332106723, 0.08315786850568334, 0.45107208130597626, 13.352992034792122], [-0.35665338246479716, -0.4930972694495965, 0.793507074846503, 0.3790637464093305], [0.2884087750040637, -0.8659906619145187, -0.4085101015875321, 34.92738399248062], [0.0, 0.0, 0.0, 1.0]]}, {"class": "Yogurt", "pose": [[0.957008916379993, 0.08174420055115295, 0.2783019552947857, 21.155980285981425], [-0.19414157624121173, -0.5323437801087713, 0.8239655201206947, -2.491737754472005], [0.2155067376879282, -0.8425722308428812, -0.49358771555328046, 39.1887687582264], [0.0, 0.0, 0.0, 1.0]]}, {"class": "Cherries", "pose": [[0.5595217847356299, 0.08985266480374879, 0.8239308403679121, -15.722485293321398], [-0.6843057849286364, -0.5107857699701566, 0.5204070715342737, 11.596137875529475], [0.4676120763539226, -0.8549996328312309, -0.22430899453204986, 26.47616352550861], [0.0, 0.0, 0.0, 1.0]]}, {"class": "Cookies", "pose": [[0.3756206362249485, 0.0428103693243449, 0.9257842991732645, -24.455139934927107], [-0.7710072252014172, -0.5398591706996902, 0.3377868628178676, 14.911250061206003], [0.5142538742954715, -0.840666003223859, -0.16977507154251836, 16.68837264141547], [0.0, 0.0, 0.0, 1.0]]}, {"class": "TomatoSauce", "pose": [[0.7956886281308949, 0.09445142860634824, -0.5982964928635703, 5.989658479139004], [0.556172974340648, -0.505149331678114, 0.6599210600609089, 10.7740439977529], [-0.23989851304128246, -0.8578479212375714, -0.4544728799285007, 27.976590072958224], [0.0, 0.0, 0.0, 1.0]]}, {"class": "PeasAndCarrots", "pose": [[0.7889452519136064, 0.09992014316684039, 0.6062850098327913, 16.422127324912605], [-0.48705427490674447, -0.49987112771784825, 0.7161752712589524, 11.677882429455853], [0.3746246971264441, -0.8603166833405699, -0.34570434158446434, 30.286592070014017], [0.0, 0.0, 0.0, 1.0]]}, {"class": "Ketchup", "pose": [[0.7474035274627009, 0.06863473520954792, 0.6608157072395294, -13.006287438009245], [-0.5260654465959035, -0.5463406004549162, 0.6517416086042805, 26.420694042614514], [0.4057625467683227, -0.8347461901578537, -0.3722304457974632, 12.620871577437608], [0.0, 0.0, 0.0, 1.0]]}, {"class": "MacaroniAndCheese", "pose": [[0.030913669297011132, 0.9932259734460562, 0.11201191632224934, 17.91184548141802], [0.873408194878131, 0.02764758937932091, -0.48620342050927534, 25.210966179835026], [-0.48600665716866837, 0.1128624936544468, -0.866636912342985, 23.28175019840352], [0.0, 0.0, 0.0, 1.0]]}, {"class": "Pineapple", "pose": [[0.9362663655175631, 0.07644632375002107, 0.34287229555782606, 0.5116720008422226], [-0.25736406479451457, -0.5150537059514412, 0.8176083710015529, 30.608795542851507], [0.23910081633590066, -0.8537421254154575, -0.462552844591998, 17.074143562432308], [0.0, 0.0, 0.0, 1.0]]}]}