{"camera": {"camera": "RealSense D415", "extrinsics": [[-0.99646384, 0.040500574, 0.07361777, 0.68230164], [-0.0011572826, 0.86946297, -0.49399677, -0.14139488], [-0.08401508, -0.49233508, -0.86634153, 0.11580767], [0.0, 0.0, 0.0, 1.0]], "height": 480, "intrinsics": [[604.50507, 0.0, 326.28275], [0.0, 602.9669, 245.73769], [0.0, 0.0, 1.0]], "width": 640}, "objects": [{"class": "OrangeJuice", "pose": [[-0.9435945576726994, 0.07845325491019588, 0.3216745782372578, -2.520124919304312], [-0.3146915161491157, -0.514573071602772, -0.797611345822702, 16.569352434583283], [0.10294979870214371, -0.8538499419408656, 0.5102368479516727, 17.578893662273053], [0.0, 0.0, 0.0, 1.0]]}, {"class": "ChocolatePudding", "pose": [[0.9937491674309528, 0.10786557173012318, 0.028770600016003782, -19.035241109729405], [0.031138916403672973, -0.5153125796207262, 0.8564364357673488, -15.388093736025626], [0.10720589650199099, -0.8501870648433161, -0.5154501682424806, 42.331225591901756], [0.0, 0.0, 0.0, 1.0]]}, {"class": "CreamCheese", "pose": [[0.9182849772578031, -0.004370175352996758, 0.3958961213117401, -27.84854786386789], [-0.3327357131285633, -0.5504351086818968, 0.7657076411263102, -8.6685249264135], [0.21456885221605548, -0.8348665657622706, -0.5069102982223658, 37.30185207387758], [0.0, 0.0, 0.0, 1.0]]}, {"class": "Raisins", "pose": [[0.6684453125110887, 0.11941381329464545, -0.7341126222426942, -14.695939029126103], [0.6829494942062497, -0.4894393236082883, 0.542244587072414, -24.356514420535337], [-0.2945519951026752, -0.8638226484431722, -0.4087169920991155, 43.504020070876116], [0.0, 0.0, 0.0, 1.0]]}, {"class": "BBQSauce", "pose": [[0.9455219422206466, 0.09567103433123254, -0.3111839435590288, -3.9408257080828846], [0.3110494112996418, -0.5476479455494082, 0.7767432309365191, -20.492246794686007], [-0.09610734892031371, -0.8312213100064917, -0.5475714900243548, 41.08384786261535], [0.0, 0.0, 0.0, 1.0]]}, {"class": "SaladDressing", "pose": [[0.6264461932602051, 0.02877286396349895, -0.7789335183498032, 7.534828283075012], [0.6970473307460309, -0.46791387410613927, 0.5433062492359794, -20.93537865072298], [-0.34884122370096216, -0.8833056145792051, -0.31317889027290174, 42.91630419620235], [0.0, 0.0, 0.0, 1.0]]}, {"class": "Mayo", "pose": [[-0.18310898517120222, 0.9669893451190337, 0.17720847252740635, -0.8814163137826792], [0.538023110768732, -0.052296092104092536, 0.8413063094791468, -10.611304356137689], [0.8228015031892709, 0.24939301869320601, -0.5106866299301936, 41.32194872837941], [0.0, 0.0, 0.0, 1.0]]}, {"class": "Mushrooms", "pose": [[0.9426108730022015, 0.11558432866107547, -0.3132493285318538, 10.285289209438563], [0.3226330954205632, -0.5568891907478578, 0.7653642076211732, -11.910446819555105], [-0.08598098708670782, -0.8225051840145623, -0.5622210575402334, 44.16647225469858], [0.0, 0.0, 0.0, 1.0]]}, {"class": "Parmesan", "pose": [[0.9431910840560613, 0.06467073615402218, 0.32589632032613153, -17.006186009166303], [-0.24009246047190985, -0.5453567538741521, 0.8030826089316336, -0.8457852826774109], [0.2296657126335567, -0.8357055660583185, -0.4988485669144103, 31.104887558787052], [0.0, 0.0, 0.0, 1.0]]}, {"class": "Mustard", "pose": [[0.9974459979298853, 0.05696308883674532, 0.04309088631591749, -10.319511278996352], [-0.01201254853041067, -0.46091842555328233, 0.887361233660413, 3.074054174233401], [0.07040825949945721, -0.8856124938644331, -0.459056873511732, 26.14808209510473], [0.0, 0.0, 0.0, 1.0]]}, {"class": "Milk", "pose": [[0.08904574504172735, -0.8704190237917689, -0.48419181640235187, -6.927001818192013], [-0.4740762974807872, -0.46456509953187997, 0.7479511934637761, -1.7812982077609771], [-0.8759695184269617, 0.16294191082543039, -0.4540125129291992, 34.44932813446157], [0.0, 0.0, 0.0, 1.0]]}, {"class": "AlphabetSoup", "pose": [[0.8881861027959478, 0.08023497026964904, 0.4524245054212197, 11.286607577261364], [-0.3607264453843104, -0.4881323272723433, 0.7947347469515411, -0.13970239304895993], [0.28460854095393173, -0.8690737945097643, -0.4046093715243947, 35.214297555368184], [0.0, 0.0, 0.0, 1.0]]}, {"class": "Yogurt", "pose": [[0.9568870858368785, 0.07876027231598913, 0.2795783632954823, 19.08982445150536], [-0.19796391640465757, -0.5275141938031906, 0.8261592573335641, -3.056606820402491], [0.2125500973586676, -0.8458875095066288, -0.4891797244228218, 39.44383663864922], [0.0, 0.0, 0.0, 1.0]]}, {"class": "Cherries", "pose": [[0.5585647204956482, 0.08690303201717908, 0.8248960254501773, -17.77453707902349], [-0.6885697755424176, -0.5059038896176253, 0.5195507424874545, 11.204763618525165], [0.4624685883598472, -0.8582011412315255, -0.22274117576740954, 26.884699506835986], [0.0, 0.0, 0.0, 1.0]]}, {"class": "Cookies", "pose": [[0.37452024059230454, 0.039810168604510254, 0.9263637928060573, -26.516499368876424], [-0.775060251887625, -0.5349375353157506, 0.3363383632508283, 14.601460159584057], [0.5089363792979978, -0.8439532392934437, -0.16948957822249705, 17.133257246528522], [0.0, 0.0, 0.0, 1.0]]}, {"class": "TomatoSauce", "pose": [[0.7967202734858406, 0.09151149427193112, -0.5973797694870712, 3.9380896594549464], [0.5554839595440703, -0.500262750020713, 0.6642099118283309, 10.316125204103274], [-0.23806391492257684, -0.8610243364047216, -0.44940259227493995, 28.339504237380485], [0.0, 0.0, 0.0, 1.0]]}, {"class": "PeasAndCarrots", "pose": [[0.7883396611542919, 0.09698965352864881, 0.6075473006434886, 14.377202808865096], [-0.4913753953063012, -0.49498441280221234, 0.7166175460526131, 11.178465959648864], [0.3702309072023014, -0.8634717817751026, -0.342557415396575, 30.635309639627685], [0.0, 0.0, 0.0, 1.0]]}, {"class": "Ketchup", "pose": [[0.7467520875966572, 0.06562813091496644, 0.6618567857643386, -15.044605026416601], [-0.5304616099985502, -0.5415227066585369, 0.6521991213049899, 26.10459454686333], [0.40121305636096377, -0.8381206312002522, -0.36956990729072486, 13.113104837223624], [0.0, 0.0, 0.0, 1.0]]}, {"class": "MacaroniAndCheese", "pose": [[0.032337177158838375, 0.9935040604622174, 0.10910602906413963, 15.88994881814163], [0.8762118200358684, 0.024337821747087353, -0.4813113048766689, 24.749168504678714], [-0.48084004461736235, 0.11116427908364424, -0.8697329359987914, 23.708618053208852], [0.0, 0.0, 0.0, 1.0]]}, {"class": "Pineapple", "pose": [[0.9360200651958921, 0.0734877290227598, 0.3441890875571382, -1.5072868433479658], [-0.26127102456583723, -0.5101436860523398, 0.8194454994954167, 30.23013554156286], [0.23580508629634447, -0.8569440212691954, -0.45830440877286477, 17.56596682892592], [0.0, 0.0, 0.0, 1.0]]}]}