{"camera": {"camera": "RealSense D415", "extrinsics": [[-0.9972945, 0.043349627, 0.05936771, 0.63317233], [0.00927449, 0.87536126, -0.4833804, -0.1483681], [-0.07292255, -0.481522, -0.873395, 0.10568943], [0.0, 0.0, 0.0, 1.0]], "height": 480, "intrinsics": [[604.50507, 0.0, 326.28275], [0.0, 602.9669, 245.73769], [0.0, 0.0, 1.0]], "width": 640}, "objects": [{"class": "OrangeJuice", "pose": [[-0.9453559554739186, 0.06414440962390625, 0.31966815184538977, -7.067231507856697], [-0.30714156093017125, -0.5041615069993376, -0.8071463620650995, 16.453496670626144], [0.10939039455660388, -0.8612239444516284, 0.4963134433107201, 17.74929765344912], [0.0, 0.0, 0.0, 1.0]]}, {"class": "ChocolatePudding", "pose": [[0.9951208572359561, 0.09358690946886752, 0.03124235923059998, -23.61217037529825], [0.020427784383378344, -0.5052241803543407, 0.8627463396594973, -15.666263037812636], [0.09652619075353602, -0.857898613070406, -0.5046708225363344, 42.270540787076136], [0.0, 0.0, 0.0, 1.0]]}, {"class": "CreamCheese", "pose": [[0.9173837889094172, -0.018802511191783066, 0.39755951071423007, -32.415975347475324], [-0.34408609977968047, -0.5394888852756646, 0.7684767478511105, -8.79966565482238], [0.2000296527490865, -0.841782767040955, -0.5013879596310313, 37.42653071211058], [0.0, 0.0, 0.0, 1.0]]}, {"class": "Raisins", "pose": [[0.6716307676080477, 0.10523001649014918, -0.7333749864646057, -19.345770366809123], [0.6804182753974, -0.47928553976393756, 0.554361213708003, -24.689432952895245], [-0.2931605142738863, -0.8713277367651472, -0.3935033201173947, 43.279397209907586], [0.0, 0.0, 0.0, 1.0]]}, {"class": "BBQSauce", "pose": [[0.9473238243575405, 0.08129476997383885, -0.30978839119592244, -8.581670186541746], [0.3033930550692788, -0.5376872175836107, 0.7866670983130765, -20.89507545526925], [-0.10261728213075708, -0.8392160816947776, -0.5340281233811351, 40.78956665608441], [0.0, 0.0, 0.0, 1.0]]}, {"class": "SaladDressing", "pose": [[0.629172414376692, 0.014588984181084473, -0.7771289144461353, 2.9087304065967823], [0.6956125761118856, -0.45666029538623343, 0.5546030399827809, -21.46950959368325], [-0.3467927493380523, -0.8895215269178173, -0.29746632933051814, 42.48827585047506], [0.0, 0.0, 0.0, 1.0]]}, {"class": "Mayo", "pose": [[-0.16890778555710068, 0.9691356079724367, 0.17957296143447338, -5.425920071053114], [0.5289925691201471, -0.06459094174212428, 0.8461648098603038, -11.04716984000151], [0.8316471822187608, 0.23791660346189858, -0.5017555470881869, 41.120766260435815], [0.0, 0.0, 0.0, 1.0]]}, {"class": "Mushrooms", "pose": [[0.9446348290597465, 0.10121398665722287, -0.31212318685491686, 5.758563035469577], [0.3148711265282658, -0.5472270701620524, 0.7754990140200495, -12.487743010191947], [-0.09231085554127651, -0.8308419094053184, -0.5487990547130879, 43.82381650805329], [0.0, 0.0, 0.0, 1.0]]}, {"class": "Parmesan", "pose": [[0.9433352519865258, 0.05027017985272543, 0.3280116255826151, -21.56855275278223], [-0.25188412656280507, -0.5350475133588929, 0.8063985110474553, -0.9991471259493706], [0.21603961393730406, -0.8433250164210208, -0.49206684181859384, 31.210441482981498], [0.0, 0.0, 0.0, 1.0]]}, {"class": "Mustard", "pose": [[0.9980013634606242, 0.04281739765908537, 0.04647649006423747, -14.899865934130984], [-0.022275254112748177, -0.44990007311623187, 0.8928010700316231, 2.9218342633583054], [0.059137228049111375, -0.8920519063757191, -0.44804705056403055, 26.230361131332046], [0.0, 0.0, 0.0, 1.0]]}, {"class": "Milk", "pose": [[0.07487761700924465, -0.8729539455290082, -0.4820216453610861, -11.46250953673883], [-0.4634821598489978, -0.4584604770492638, 0.7582864180973184, -2.0724302629869045], [-0.8829369394913057, 0.16662969066449712, -0.4389269665898836, 34.43012654553618], [0.0, 0.0, 0.0, 1.0]]}, {"class": "AlphabetSoup", "pose": [[0.8877930123006594, 0.06600993545318862, 0.4554847646978335, 6.773218462489239], [-0.3727000424166431, -0.477543282880491, 0.7956425734862025, -0.611714957320636], [0.2700340053685587, -0.8761250550028384, -0.39935760775262874, 35.01331581856046], [0.0, 0.0, 0.0, 1.0]]}, {"class": "Yogurt", "pose": [[0.9572422789437603, 0.06441591262584812, 0.2820246881806478, 14.594424582752785], [-0.2096672525539431, -0.5172071830893382, 0.82978092672263, -3.6562862883017964], [0.1993163046414964, -0.8534326768838849, -0.48158659829763034, 39.117806499548124], [0.0, 0.0, 0.0, 1.0]]}, {"class": "Cherries", "pose": [[0.5570449605973888, 0.07262788357126675, 0.8273005605831929, -22.26860512183765], [-0.6997195573990935, -0.49551617937375186, 0.5146418855451301, 11.111828604065572], [0.44731812667891246, -0.8655569989759282, -0.22520557274914063, 27.15454841987217], [0.0, 0.0, 0.0, 1.0]]}, {"class": "Cookies", "pose": [[0.3727085260223516, 0.02542058440964893, 0.9276002714848526, -31.084700791907782], [-0.7850766803600969, -0.5242895399365216, 0.32981069972533117, 14.716592719760646], [0.49471504931270294, -0.8511605535721477, -0.17545001269678384, 17.545583607911524], [0.0, 0.0, 0.0, 1.0]]}, {"class": "TomatoSauce", "pose": [[0.7993010494642702, 0.07725845714546652, -0.5959438549604085, -0.5507153992516778], [0.5510334836314026, -0.4898823258793771, 0.6755571183056571, 10.000880137408963], [-0.2397497924647357, -0.8683584795243438, -0.43413542009412426, 28.355940769307065], [0.0, 0.0, 0.0, 1.0]]}, {"class": "PeasAndCarrots", "pose": [[0.7876566036547781, 0.08275932052687002, 0.6105309858845858, 9.920781764012077], [-0.5035074274969079, -0.48462425757900224, 0.7152758997805239, 10.73545503676212], [0.35507385885107257, -0.8707986188649706, -0.34004748943711394, 30.546278912526258], [0.0, 0.0, 0.0, 1.0]]}, {"class": "Ketchup", "pose": [[0.746042621036504, 0.05123736812537344, 0.663924133350205, -19.54881173394476], [-0.5426008506584192, -0.5311915904928156, 0.6507071725744712, 26.162882568823903], [0.3860114195828472, -0.8457010357166788, -0.36849005016199055, 13.54635967519805], [0.0, 0.0, 0.0, 1.0]]}, {"class": "MacaroniAndCheese", "pose": [[0.03537791711625201, 0.9948546379584166, 0.09493559634508526, 11.48624758152269], [0.8820365924427874, 0.013578488280365857, -0.47098523080169635, 24.380129898394408], [-0.46985085487314837, 0.10039917764749343, -0.8770177616398053, 23.778444406393625], [0.0, 0.0, 0.0, 1.0]]}, {"class": "Pineapple", "pose": [[0.9360310339289855, 0.059187493293171356, 0.34690468330617635, -5.92462535381123], [-0.2730724269993379, -0.4996459859238224, 0.8220616471702675, 30.10320170494086], [0.22198531039374086, -0.864205266163987, -0.45152159951971543, 17.900952109663272], [0.0, 0.0, 0.0, 1.0]]}]}