{"camera": {"camera": "RealSense D415", "extrinsics": [[-0.99882144, 0.0374276, 0.03090189, 0.6149372], [0.017481502, 0.8713621, -0.49032897, -0.13552429], [-0.04527857, -0.48921087, -0.87098944, 0.07567711], [0.0, 0.0, 0.0, 1.0]], "height": 480, "intrinsics": [[604.50507, 0.0, 326.28275], [0.0, 602.9669, 245.73769], [0.0, 0.0, 1.0]], "width": 640}, "objects": [{"class": "OrangeJuice", "pose": [[-0.9445411550799464, 0.03583730011370137, 0.32643191852254416, -8.393219545489206], [-0.29802087202819455, -0.5110605869534509, -0.8062262082489758, 18.406245675086534], [0.1379334611639972, -0.8587973247985907, 0.4933979685798346, 16.45997718949379], [0.0, 0.0, 0.0, 1.0]]}, {"class": "ChocolatePudding", "pose": [[0.9975597893997981, 0.06535074895958684, 0.024573345978097853, -24.523847203360294], [0.012412456376150953, -0.5123568271142465, 0.8586829887713535, -13.384929859938307], [0.0687059314003229, -0.8562825707533023, -0.5119176634998385, 41.67563542194727], [0.0, 0.0, 0.0, 1.0]]}, {"class": "CreamCheese", "pose": [[0.919614762996546, -0.046835979229127384, 0.39001946346043326, -33.39991435251157], [-0.3506301209883032, -0.5455143512374359, 0.7612310249976024, -6.477395351366214], [0.1771082228466127, -0.8367918319679704, -0.5180850775117994, 37.02558420862931], [0.0, 0.0, 0.0, 1.0]]}, {"class": "Raisins", "pose": [[0.6690145139869988, 0.07683733774660927, -0.739267006400436, -20.308438360228344], [0.6723146132888568, -0.4866213336709608, 0.5578465747351362, -22.437463845575994], [-0.3168795784291065, -0.8702274291371042, -0.3772155809886742, 42.63454928991984], [0.0, 0.0, 0.0, 1.0]]}, {"class": "BBQSauce", "pose": [[0.9466645568857481, 0.05330571780716764, -0.3177810886992519, -9.585693459816547], [0.2943054475220748, -0.5445717409985449, 0.7853826997291311, -18.756179494725163], [-0.1311891565320502, -0.8370186388303574, -0.5312148752130251, 39.817965429854986], [0.0, 0.0, 0.0, 1.0]]}, {"class": "SaladDressing", "pose": [[0.6252119384613499, -0.014077803255700249, -0.7803281044601759, 1.9421849744610364], [0.6874836365220267, -0.4633371556593055, 0.5591824320104976, -19.418790841734527], [-0.36942698988356365, -0.8860702991785524, -0.28000565038550856, 41.201387509840096], [0.0, 0.0, 0.0, 1.0]]}, {"class": "Mayo", "pose": [[-0.14116664258819148, 0.9747918112523379, 0.17278022712473406, -6.337750103807293], [0.5365901112135665, -0.07132703657058635, 0.8408231496403065, -8.93415032361802], [0.8319513871555577, 0.21140836247112746, -0.5129945748990195, 39.98621709559385], [0.0, 0.0, 0.0, 1.0]]}, {"class": "Mushrooms", "pose": [[0.944361748343166, 0.0733678237684792, -0.3206215118347892, 4.904870477854029], [0.3058825750544101, -0.5542237353903477, 0.7741265813658816, -10.452732449874688], [-0.12090001395985384, -0.8291280335017464, -0.545829580432061, 42.388670754601506], [0.0, 0.0, 0.0, 1.0]]}, {"class": "Parmesan", "pose": [[0.9467901107215271, 0.02220254776699999, 0.3210850919337198, -22.663265178465906], [-0.2585434155770121, -0.5416904932715836, 0.7998292157267938, 1.1814960550662086], [0.191687000828419, -0.8402847967935622, -0.5071268028606023, 30.451378378690897], [0.0, 0.0, 0.0, 1.0]]}, {"class": "Mustard", "pose": [[0.9990331202350312, 0.014126117243094018, 0.04163388805528096, -16.10240444295117], [-0.030589567438840625, -0.45684367565103534, 0.8890209204235455, 5.006897547864664], [0.03157862620866783, -0.8894348691546813, -0.45596978418221046, 25.25829732826617], [0.0, 0.0, 0.0, 1.0]]}, {"class": "Milk", "pose": [[0.046310083707577214, -0.8718727131054776, -0.487538153828601, -12.48110745551745], [-0.4706386442718072, -0.4495415033675521, 0.7592178645403509, 0.04345951874700493], [-0.8811099363496259, 0.19429478969539435, -0.43115525620336154, 33.397384874647265], [0.0, 0.0, 0.0, 1.0]]}, {"class": "AlphabetSoup", "pose": [[0.8917394033797764, 0.0375153126484126, 0.45099173044112667, 5.77562458228037], [-0.37846489357380003, -0.48457068544909027, 0.7886416408640523, 1.3484520969136797], [0.24812351177700642, -0.873947327252784, -0.4179124696389976, 33.462958918599575], [0.0, 0.0, 0.0, 1.0]]}, {"class": "Yogurt", "pose": [[0.9605873697580342, 0.036213785060519636, 0.27560945191056885, 13.681655566942613], [-0.2165749797972107, -0.5240501613850618, 0.8236909426765021, -1.7341592708716491], [0.1742621604711428, -0.8509171944010149, -0.4955528911117792, 37.371885268965784], [0.0, 0.0, 0.0, 1.0]]}, {"class": "Cherries", "pose": [[0.5632645869659375, 0.04427063080262015, 0.8250898250905405, -23.372184313931143], [-0.7012508018334159, -0.5025222815436875, 0.5056863969391413, 13.267817326678117], [0.4370130418829764, -0.8634301057665446, -0.25200812262458117, 26.3241087832885], [0.0, 0.0, 0.0, 1.0]]}, {"class": "Cookies", "pose": [[0.37959429097805764, -0.0027624304902097744, 0.9251489860472002, -32.42104804260884], [-0.7846350010464128, -0.5307732315775774, 0.3203556685041884, 16.87859910448794], [0.49015930785408934, -0.8475094272278677, -0.20364592770909384, 16.936329634532015], [0.0, 0.0, 0.0, 1.0]]}, {"class": "TomatoSauce", "pose": [[0.797009066817391, 0.04886952653354329, -0.6019870596090652, -1.6395830270710565], [0.5422136059838191, -0.4969501319362997, 0.6775286225863019, 11.975346626641647], [-0.2660469769785917, -0.8664019938195693, -0.4225714511590112, 26.930605619463954], [0.0, 0.0, 0.0, 1.0]]}, {"class": "PeasAndCarrots", "pose": [[0.7928917193487863, 0.05434518007571517, 0.6069344494590605, 8.894710747909462], [-0.5077564478865743, -0.49175870334291444, 0.7073590530171204, 12.634230796619484], [0.33690684051832903, -0.869033979561842, -0.3623172137333114, 28.823740455559882], [0.0, 0.0, 0.0, 1.0]]}, {"class": "Ketchup", "pose": [[0.7518214999714483, 0.023136227158739392, 0.6589607350389315, -20.903326129744404], [-0.546253499816338, -0.5378608801674329, 0.6421159163991255, 28.193379699780923], [0.36928532302445166, -0.8427161275522043, -0.391737053073547, 12.531115972712032], [0.0, 0.0, 0.0, 1.0]]}, {"class": "MacaroniAndCheese", "pose": [[0.029841169247186723, 0.9973428062769338, 0.06646002208185288, 10.388021340925036], [0.8781932310806838, 0.00559459064407846, -0.4782733653558049, 26.214222472179234], [-0.47737424978385085, 0.07263701082477682, -0.8756927146495804, 21.91105068905947], [0.0, 0.0, 0.0, 1.0]]}, {"class": "Pineapple", "pose": [[0.9394730178518333, 0.030838190757178204, 0.34123241034330487, -7.130012638563022], [-0.27962228428028246, -0.506523937397672, 0.8156254909860341, 32.04615287651902], [0.19799480962538726, -0.8616742931107991, -0.46724245113432894, 16.47560819902537], [0.0, 0.0, 0.0, 1.0]]}]}