{"camera": {"camera": "RealSense D415", "extrinsics": [[-0.9987321, 0.041825272, 0.028014531, 0.6029007], [0.022221647, 0.8656397, -0.5001741, -0.12742987], [-0.045170408, -0.4989174, -0.8654716, 0.0704052], [0.0, 0.0, 0.0, 1.0]], "height": 480, "intrinsics": [[604.50507, 0.0, 326.28275], [0.0, 602.9669, 245.73769], [0.0, 0.0, 1.0]], "width": 640}, "objects": [{"class": "OrangeJuice", "pose": [[-0.9460428777011181, 0.03284542872617778, 0.3223726231435326, -9.424944339874287], [-0.29149724437145125, -0.520794003524074, -0.8023733775829867, 19.67960677122716], [0.141535375088875, -0.8530503321157781, 0.502267764486916, 15.596545974172027], [0.0, 0.0, 0.0, 1.0]]}, {"class": "ChocolatePudding", "pose": [[0.9976358090966786, 0.062352567895691526, 0.028896478582849956, -25.71316605618261], [0.007938110434094226, -0.5222171140172919, 0.8527756720655788, -11.743014261835977], [0.0682630250596171, -0.8505301448479873, -0.5214773924933316, 41.170324027716354], [0.0, 0.0, 0.0, 1.0]]}, {"class": "CreamCheese", "pose": [[0.9178251129739158, -0.04999965253780548, 0.39382375947900783, -34.55452188314438], [-0.35345765741916035, -0.5545652893361134, 0.7533426172147876, -4.841273302088317], [0.18073413047191042, -0.8306367836597871, -0.5266666369544967, 36.446133824089586], [0.0, 0.0, 0.0, 1.0]]}, {"class": "Raisins", "pose": [[0.67242051262073, 0.07396907815512911, -0.7364640428923988, -21.544990308741408], [0.6652128377400705, -0.4966995391737123, 0.557477822811938, -20.806301745765477], [-0.32456515985196543, -0.8647648377439711, -0.3831961262578017, 42.22895053676031], [0.0, 0.0, 0.0, 1.0]]}, {"class": "BBQSauce", "pose": [[0.9481491708254832, 0.05014552251546615, -0.31384491906714296, -10.804082332175625], [0.2878462136619834, -0.5541513229689129, 0.7810639814822966, -17.213056256753177], [-0.1347506596685195, -0.8309042215108198, -0.5398522697567094, 39.368227787876535], [0.0, 0.0, 0.0, 1.0]]}, {"class": "SaladDressing", "pose": [[0.6286792840582776, -0.016828271388083137, -0.7774826196563687, 0.7206552676869982], [0.6800243800692437, -0.47311636188108014, 0.5601141180764618, -17.920734003481236], [-0.37726542923824813, -0.8808392594850489, -0.2859948139714974, 40.755491652129635], [0.0, 0.0, 0.0, 1.0]]}, {"class": "Mayo", "pose": [[-0.13804894820668473, 0.9744798652266881, 0.17700716639861622, -7.504564932869706], [0.5465752811556404, -0.07408287750403976, 0.8341266474145694, -7.4069578791814115], [0.8259528031012683, 0.2118980733949468, -0.5223994757919861, 39.42586268674168], [0.0, 0.0, 0.0, 1.0]]}, {"class": "Mushrooms", "pose": [[0.9459108639968193, 0.07015952034910136, -0.31674964225210694, 3.7307918028119613], [0.2995493823112681, -0.5638199108917724, 0.7696605422364111, -8.957670618854396], [-0.12459068467754462, -0.8229124116521249, -0.5543395735535563, 41.84173439196264], [0.0, 0.0, 0.0, 1.0]]}, {"class": "Parmesan", "pose": [[0.9454887129879126, 0.01905673427221086, 0.3250968952189558, -23.78018082712949], [-0.26135801102465867, -0.5511433602657275, 0.7924222745133774, 2.6872691966274456], [0.1942759928514279, -0.834192978813885, -0.5161191252669157, 29.783622831886703], [0.0, 0.0, 0.0, 1.0]]}, {"class": "Mustard", "pose": [[0.9988700452627212, 0.011408134854631368, 0.04613614554390796, -17.201196970880805], [-0.03548271646276362, -0.46680907812188005, 0.883646046815203, 6.419961784234299], [0.031617561122011, -0.8842845813022604, -0.46587675179907173, 24.54619442172187], [0.0, 0.0, 0.0, 1.0]]}, {"class": "Milk", "pose": [[0.04352223358600015, -0.8741505601760198, -0.4837010131447934, -13.60307928888772], [-0.48067915384836984, -0.4427590919432152, 0.7569095138746437, 1.5287096383385212], [-0.8758158753894272, 0.19956253829163415, -0.4394557821823778, 32.73908500771964], [0.0, 0.0, 0.0, 1.0]]}, {"class": "AlphabetSoup", "pose": [[0.8898295519512596, 0.03465702567359224, 0.4549750716636496, 4.6602734579507255], [-0.3803513653326463, -0.4944840030865417, 0.7815487727696943, 2.7384327340599093], [0.2520640575077691, -0.8684955637669398, -0.4268245604425068, 32.78459730246943], [0.0, 0.0, 0.0, 1.0]]}, {"class": "Yogurt", "pose": [[0.9594998219616414, 0.03315655482698446, 0.2797513026193952, 12.551418292401994], [-0.21965970251450082, -0.5336966265910659, 0.8166502314291438, -0.34185129333543507], [0.17637965473887804, -0.845025822178919, -0.5047985895504389, 36.72530850402624], [0.0, 0.0, 0.0, 1.0]]}, {"class": "Cherries", "pose": [[0.5597327872216662, 0.04132179732211836, 0.8276422975928649, -24.427129065969766], [-0.6992792769766591, -0.5123523486730921, 0.49850139241217806, 14.730335391352167], [0.4446434197339836, -0.8577806620367854, -0.257884865570036, 25.52192147529765], [0.0, 0.0, 0.0, 1.0]]}, {"class": "Cookies", "pose": [[0.3756464327733927, -0.005853186764568628, 0.9267446004908725, -33.460287520014944], [-0.7810992158430611, -0.5401764144850318, 0.31319886794202323, 18.283609810788537], [0.49877232188401605, -0.8415315028036905, -0.2074872031679643, 16.097147585715494], [0.0, 0.0, 0.0, 1.0]]}, {"class": "TomatoSauce", "pose": [[0.7997486243796937, 0.045948810903063936, -0.5985740567123206, -2.701395660473793], [0.5350166589770153, -0.5068379465477026, 0.6759234758410853, 13.33057076889505], [-0.27232209859730633, -0.8608159421735214, -0.42992630424590805, 26.136269012516344], [0.0, 0.0, 0.0, 1.0]]}, {"class": "PeasAndCarrots", "pose": [[0.7903364615623494, 0.05145069379613725, 0.6105089355797042, 7.836891162822801], [-0.5081230339185918, -0.5017050488021934, 0.7000736397297561, 13.95519559824056], [0.34231468306052804, -0.863507355486528, -0.3703724389704324, 28.018762781302765], [0.0, 0.0, 0.0, 1.0]]}, {"class": "Ketchup", "pose": [[0.7490763673809624, 0.02000962955707948, 0.6621814459390952, -21.884914170814863], [-0.5460400784534498, -0.5473460763046989, 0.6342338528595852, 29.48786606238843], [0.3751331891721482, -0.8366671833614739, -0.3990778789090961, 11.562453136678261], [0.0, 0.0, 0.0, 1.0]]}, {"class": "MacaroniAndCheese", "pose": [[0.034279059347311513, 0.9973844530093445, 0.06363376285570625, 9.398981665763595], [0.8726422574954792, 0.0011657733163397855, -0.4883586858472803, 27.449165504388517], [-0.4871554816756903, 0.07227002277467624, -0.8703198373290979, 20.95448072268658], [0.0, 0.0, 0.0, 1.0]]}, {"class": "Pineapple", "pose": [[0.9380633398253814, 0.027869168782990665, 0.34534118882151643, -8.090149607231222], [-0.28232644579085175, -0.5162635453905158, 0.8085566178967517, 33.31201530498802], [0.20082088275559118, -0.8559762534009772, -0.4764196316588605, 15.459553263182467], [0.0, 0.0, 0.0, 1.0]]}]}