{"camera": {"camera": "RealSense D415", "extrinsics": [[-0.99763095, 0.036319934, 0.058424063, 0.586506], [0.001238124, 0.8586125, -0.5126237, -0.10504645], [-0.06878209, -0.5113369, -0.85662335, 0.0825701], [0.0, 0.0, 0.0, 1.0]], "height": 480, "intrinsics": [[604.50507, 0.0, 326.28275], [0.0, 602.9669, 245.73769], [0.0, 0.0, 1.0]], "width": 640}, "objects": [{"class": "OrangeJuice", "pose": [[-0.9431181335356627, 0.06337063304464087, 0.32636245352129656, -11.880060845625518], [-0.3084660326720594, -0.532949662286935, -0.7879171484071716, 20.62158670657306], [0.124003882062886, -0.8437706235565808, 0.5221821027787775, 14.675514035178852], [0.0, 0.0, 0.0, 1.0]]}, {"class": "ChocolatePudding", "pose": [[0.9953879740708034, 0.0928325265425291, 0.02418687858453495, -28.13766908606059], [0.029241309556368406, -0.533734520183708, 0.8451464230403998, -10.73233529760824], [0.09136648605860793, -0.8405412707985209, -0.5339873722438605, 40.352879574363655], [0.0, 0.0, 0.0, 1.0]]}, {"class": "CreamCheese", "pose": [[0.9201689766424662, -0.01929050494076849, 0.3910460750967827, -37.00090300649108], [-0.3319464799248365, -0.5680516695041388, 0.7530796132132104, -4.084367258759454], [0.20760709345082043, -0.8227668144777491, -0.5291068324537436, 35.31609673209897], [0.0, 0.0, 0.0, 1.0]]}, {"class": "Raisins", "pose": [[0.6664939630611737, 0.10427062232213145, -0.7381825902365066, -23.815668915087073], [0.6737154444362095, -0.5082059647424025, 0.5365018787727148, -19.691906581665243], [-0.31920731674359676, -0.8549002130365427, -0.40896490203148445, 41.6505529760568], [0.0, 0.0, 0.0, 1.0]]}, {"class": "BBQSauce", "pose": [[0.9451359962351711, 0.08080484814550647, -0.3165258712039893, -13.084011016447139], [0.3049622883110728, -0.5656075367358593, 0.7662154955976523, -15.92519084119999], [-0.11711542346859272, -0.820706244779931, -0.5592183954155933, 38.984914674126756], [0.0, 0.0, 0.0, 1.0]]}, {"class": "SaladDressing", "pose": [[0.623723004545556, 0.013425874094668458, -0.7815302051169729, -1.5834338513561086], [0.6868310913843856, -0.4867196589458945, 0.5397843033116294, -16.377398164142615], [-0.37313894087398775, -0.8734550701173098, -0.3127995327618081, 40.65138552130807], [0.0, 0.0, 0.0, 1.0]]}, {"class": "Mayo", "pose": [[-0.1683981347114753, 0.9704866288270099, 0.17262060565991252, -9.983076288387604], [0.5561728430586609, -0.05103627373496932, 0.8294981229668845, -6.054348536427987], [0.8138266908370595, 0.23569284683020536, -0.5311637936084029, 38.965471938440224], [0.0, 0.0, 0.0, 1.0]]}, {"class": "Mushrooms", "pose": [[0.9424252719277473, 0.10081339789243156, -0.31885947946079163, 1.2207805728093435], [0.31677093723004096, -0.5747447349157434, 0.7545361035837331, -7.339533396482209], [-0.10719539096766474, -0.8120992541922447, -0.573588638225937, 41.66663538504204], [0.0, 0.0, 0.0, 1.0]]}, {"class": "Parmesan", "pose": [[0.9456619686405541, 0.049748596888086145, 0.32132323317689654, -26.224537644664426], [-0.23910833286104946, -0.5632821717339349, 0.7909111636343258, 3.559160219786732], [0.22034237742583876, -0.8247656164946651, -0.5207791191711727, 28.789162674152003], [0.0, 0.0, 0.0, 1.0]]}, {"class": "Mustard", "pose": [[0.9983535440929269, 0.04160432630784505, 0.03948902422539155, -19.59945453259715], [-0.014698507482465317, -0.4798932747664151, 0.8772037775283691, 7.344537904020375], [0.0554460270474368, -0.8763398669662653, -0.4784915381241307, 23.648552974431926], [0.0, 0.0, 0.0, 1.0]]}, {"class": "Milk", "pose": [[0.07377975159703754, -0.8696130237970428, -0.48819037178293107, -16.09899995827504], [-0.49297753967972685, -0.4573350119099831, 0.7401472156611195, 2.6527216969784204], [-0.8669081449782853, 0.18605893157912737, -0.46244169206088814, 31.99887804568627], [0.0, 0.0, 0.0, 1.0]]}, {"class": "AlphabetSoup", "pose": [[0.8910384348978556, 0.06502128832998151, 0.4492469717242418, 2.1304104086168896], [-0.35831397215509003, -0.506846550803747, 0.7840393739443667, 4.233753959743878], [0.27867852241447133, -0.8595806225822522, -0.42832162078535035, 32.45110026125307], [0.0, 0.0, 0.0, 1.0]]}, {"class": "Yogurt", "pose": [[0.9592571867068856, 0.06374948169471072, 0.27524853376459973, 9.986151915544655], [-0.19741137681882323, -0.5457196039131419, 0.8143825457398206, 1.3747769297681331], [0.20212499862421052, -0.835539445087301, -0.5109004766493817, 36.622562696489766], [0.0, 0.0, 0.0, 1.0]]}, {"class": "Cherries", "pose": [[0.5629134600515804, 0.07178626567069238, 0.8233925373468759, -27.010782276524115], [-0.6809120278142754, -0.5244105739281633, 0.511226396940214, 15.520302389759339], [0.4684947322187813, -0.8484340429337538, -0.24631755333416974, 24.324974242573372], [0.0, 0.0, 0.0, 1.0]]}, {"class": "Cookies", "pose": [[0.3792689148731454, 0.024805129211469275, 0.9249539976563494, -35.88788571517352], [-0.7656208583285314, -0.552936542515314, 0.3287642770158918, 18.745403608698968], [0.5195958337594111, -0.8328540898632922, -0.19072024261741333, 14.63756858550241], [0.0, 0.0, 0.0, 1.0]]}, {"class": "TomatoSauce", "pose": [[0.7951247066173062, 0.07637274616229436, -0.6016178243495494, -5.2820209601116], [0.546943395532884, -0.5188501781732776, 0.6569988457301927, 14.571686265122812], [-0.2619726216216558, -0.8514468500207588, -0.45432211427202035, 25.467487686516005], [0.0, 0.0, 0.0, 1.0]]}, {"class": "PeasAndCarrots", "pose": [[0.7920102491423561, 0.08183316647594316, 0.6049985124962673, 5.194297852829899], [-0.4866911893931695, -0.513648154911503, 0.706609742164201, 15.43885472465063], [0.3685804569839315, -0.8540895427084133, -0.36698702452790394, 27.585079747631582], [0.0, 0.0, 0.0, 1.0]]}, {"class": "Ketchup", "pose": [[0.7507511472217409, 0.05068372081287221, 0.6586379714186799, -24.43446851306661], [-0.5249343988486499, -0.5595044331431542, 0.6414037221569977, 30.112136022089675], [0.40101955980794834, -0.8272762532316343, -0.3934428673856745, 10.198569671282286], [0.0, 0.0, 0.0, 1.0]]}, {"class": "MacaroniAndCheese", "pose": [[0.02835978409859112, 0.9951772028490242, 0.09390505620138712, 6.6532899773003695], [0.865638622295221, 0.022527070328509435, -0.5001623489343577, 28.852628461226743], [-0.4998654801553047, 0.09547237523666899, -0.8608248972479653, 20.348129986458634], [0.0, 0.0, 0.0, 1.0]]}, {"class": "Pineapple", "pose": [[0.9385038907800761, 0.05837547906718233, 0.34029818165698156, -10.814651608957004], [-0.2601211798192038, -0.5285663111206194, 0.8080561212911476, 34.27463003501804], [0.2270408238980137, -0.8468825199206179, -0.4808767390327895, 14.355645009101881], [0.0, 0.0, 0.0, 1.0]]}]}