{"camera": {"camera": "RealSense D415", "extrinsics": [[-0.9970972, 0.0178668, 0.07401297, 0.5862561], [-0.02284515, 0.85708445, -0.5146692, -0.09246061], [-0.07263085, -0.514866, -0.8541884, 0.08337613], [0.0, 0.0, 0.0, 1.0]], "height": 480, "intrinsics": [[604.50507, 0.0, 326.28275], [0.0, 602.9669, 245.73769], [0.0, 0.0, 1.0]], "width": 640}, "objects": [{"class": "OrangeJuice", "pose": [[-0.9359810236271447, 0.07939172912103612, 0.3429818170425532, -12.651727734059548], [-0.3303505027314127, -0.5348173661989944, -0.7777139724029586, 20.21569506336707], [0.12168850506283199, -0.8412297652665487, 0.5268059056747119, 14.350888036451398], [0.0, 0.0, 0.0, 1.0]]}, {"class": "ChocolatePudding", "pose": [[0.9940390955367054, 0.10885095716403945, 0.006147823500880006, -28.25882728273319], [0.05335677797616805, -0.5348857608006623, 0.843238026805252, -11.409206176717715], [0.09507568177669817, -0.8378835662883268, -0.5375051781771449, 40.09946848217793], [0.0, 0.0, 0.0, 1.0]]}, {"class": "CreamCheese", "pose": [[0.926991145802318, -0.002491697461100488, 0.3750750019831048, -37.25800656790046], [-0.3090321016668718, -0.5717926408473704, 0.7599687024646894, -4.995691006919276], [0.2125714982118422, -0.8203945114236194, -0.5308166126475016, 35.000138570707904], [0.0, 0.0, 0.0, 1.0]]}, {"class": "Raisins", "pose": [[0.6515039927716247, 0.11973403523402062, -0.7491370757571455, -23.72967239288887], [0.688077067202639, -0.5091520440828103, 0.5170244078472781, -20.257627781657995], [-0.31951914511803875, -0.8523075331583133, -0.41410078158972696, 41.45215101535752], [0.0, 0.0, 0.0, 1.0]]}, {"class": "BBQSauce", "pose": [[0.9380545656057512, 0.09750803012718028, -0.3324843847035239, -13.080383904019788], [0.32692477743514725, -0.5669531952113135, 0.7560981133770798, -16.247222768883216], [-0.11477737727148943, -0.817958704347346, -0.5637107273572888, 38.8117804396292], [0.0, 0.0, 0.0, 1.0]]}, {"class": "SaladDressing", "pose": [[0.6086462003589982, 0.028477068783081715, -0.792930582968549, -1.5789764458679967], [0.6999427514686376, -0.48991654278933755, 0.5196749161558413, -16.418012127842353], [-0.37367087991126385, -0.8713042019910839, -0.31811811263683715, 40.524480620861624], [0.0, 0.0, 0.0, 1.0]]}, {"class": "Mayo", "pose": [[-0.18482366529474192, 0.9704876329178186, 0.15490002312894016, -10.215545858013297], [0.5554032362269158, -0.026886453821559058, 0.8311464711489116, -6.305395489381617], [0.81078211363202, 0.23964752851654894, -0.5340426001536762, 38.76201029550126], [0.0, 0.0, 0.0, 1.0]]}, {"class": "Mushrooms", "pose": [[0.9350239459596322, 0.11769448218548612, -0.3344821062626941, 1.0049897001066288], [0.33870687503705793, -0.575574421827324, 0.7443062746306057, -7.311659821097232], [-0.1049185330488909, -0.809235613155091, -0.5780397013293879, 41.5118102058141], [0.0, 0.0, 0.0, 1.0]]}, {"class": "Parmesan", "pose": [[0.950213563529642, 0.0664214748199058, 0.3044378777875865, -26.641155689568485], [-0.21555977878399396, -0.5653862504619479, 0.7961610780946882, 2.8752761020962065], [0.22500717862123243, -0.8221476509193849, -0.5229197664510761, 28.482103632374482], [0.0, 0.0, 0.0, 1.0]]}, {"class": "Mustard", "pose": [[0.9981931479896767, 0.05649599878195975, 0.0204619523224217, -20.08790000460542], [0.009350069480643323, -0.48243215764912345, 0.8758834866467311, 6.796020490413296], [0.059355444711387505, -0.8741095972284667, -0.48208859736027143, 23.350897078974224], [0.0, 0.0, 0.0, 1.0]]}, {"class": "Milk", "pose": [[0.08893658987474067, -0.8591945422650571, -0.5038601706705448, -16.509663006220045], [-0.4947056430915303, -0.4771626252029779, 0.726348572323589, 2.2240586871442702], [-0.8644979947812504, 0.18466341789728466, -0.467485520201733, 31.73466929411622], [0.0, 0.0, 0.0, 1.0]]}, {"class": "AlphabetSoup", "pose": [[0.8982164980021625, 0.0804822682255352, 0.4321224100677525, 1.6749537400613912], [-0.33578886621316745, -0.5087487842928525, 0.7927298433397963, 4.241315722048403], [0.2836424246420891, -0.8571449438984806, -0.4299413827267874, 32.25036342852359], [0.0, 0.0, 0.0, 1.0]]}, {"class": "Yogurt", "pose": [[0.9628830248114658, 0.0800422821787244, 0.2577781287431204, 9.580047509991513], [-0.17362711996733268, -0.5475400378409749, 0.8185680319232321, 1.5880247729933572], [0.20666390100160212, -0.832942568011728, -0.5133193770991166, 36.464275999177524], [0.0, 0.0, 0.0, 1.0]]}, {"class": "Cherries", "pose": [[0.5771256549542658, 0.0876198212789072, 0.8119413743475695, -27.69460588765005], [-0.6653231561261752, -0.5260995989178296, 0.5296833041115423, 14.795452528663997], [0.4735727117298528, -0.8458972497639704, -0.24532998600900482, 23.963728254014566], [0.0, 0.0, 0.0, 1.0]]}, {"class": "Cookies", "pose": [[0.39535163645017707, 0.041270692333215245, 0.9176022360343632, -36.60767560618247], [-0.7541731740129329, -0.5556724783386223, 0.3499300117594802, 17.767287394150816], [0.524328069001457, -0.8303764271309301, -0.18856070060081384, 14.228459553932677], [0.0, 0.0, 0.0, 1.0]]}, {"class": "TomatoSauce", "pose": [[0.7828924051115832, 0.0920843475459828, -0.6153048065962025, -5.954096371173623], [0.5646500108235079, -0.5204440644879653, 0.6405532247440304, 14.370159129671395], [-0.2612467113976553, -0.848916147727441, -0.459447061586105, 25.19402248490956], [0.0, 0.0, 0.0, 1.0]]}, {"class": "PeasAndCarrots", "pose": [[0.8019215099936398, 0.09742963647725848, 0.5894314275725281, 4.490120782000162], [-0.4661136840327837, -0.51512440212811, 0.719294777266776, 15.495819071470315], [0.37371109736269137, -0.8515600345453117, -0.36767593851346175, 27.34823817545709], [0.0, 0.0, 0.0, 1.0]]}, {"class": "Ketchup", "pose": [[0.7614576784024913, 0.06727621356367168, 0.6447140181159244, -25.41096921031517], [-0.505193836271468, -0.5615978355913464, 0.655276393261766, 29.385264712693584], [0.40615446186372156, -0.824670822855427, -0.3936453473975487, 9.784987487840938], [0.0, 0.0, 0.0, 1.0]]}, {"class": "MacaroniAndCheese", "pose": [[0.009696141837016886, 0.9939721797163408, 0.10920320896466894, 5.657594499522589], [0.8639667186980844, 0.04665668450461126, -0.5013828432314171, 28.910134641330114], [-0.5034555398757647, 0.09920944855653928, -0.8583065170287966, 20.05957810482764], [0.0, 0.0, 0.0, 1.0]]}, {"class": "Pineapple", "pose": [[0.9435319189205611, 0.0743058644802609, 0.3228408377926851, -11.910780349234429], [-0.23670912563260277, -0.5305674799946006, 0.8139207773046127, 33.8888056782872], [0.23176792925442097, -0.8443796344427842, -0.48301835616877115, 13.97665264451971], [0.0, 0.0, 0.0, 1.0]]}]}