{"camera": {"camera": "RealSense D415", "extrinsics": [[-0.9927987, -0.010016651, 0.11937514, 0.61308783], [-0.084979184, 0.7612515, -0.64286447, -0.1818297], [-0.08443516, -0.6483794, -0.7566207, 0.1946688], [0.0, 0.0, 0.0, 1.0]], "height": 480, "intrinsics": [[603.75165, 0.0, 326.28275], [0.0, 603.20245, 245.73769], [0.0, 0.0, 1.0]], "width": 640}, "objects": [{"class": "ChocolatePudding", "pose": [[0.8437213711257132, 0.09014584794757326, 0.529157756526326, 10.398345818174871], [-0.3218693968819358, -0.7039496883017127, 0.6331310804339381, 10.499658719415214], [0.42957458162005263, -0.7045059116225525, -0.5649222234943089, 38.12341387520814], [0.0, 0.0, 0.0, 1.0]]}, {"class": "MacaroniAndCheese", "pose": [[0.15330030404726872, 0.982585489082633, 0.10499871766680541, 2.9444029487504353], [-0.619872730263633, 0.17836882564481987, -0.7641612379820523, 1.3034314378708833], [-0.7695822442164507, 0.05206030266694339, 0.6364219618742887, 39.44466258183287], [0.0, 0.0, 0.0, 1.0]]}, {"class": "Milk", "pose": [[0.31167935557151705, 0.9394148108603537, 0.1426735775648232, -6.967771046117877], [0.7334261540812927, -0.14238669396206538, -0.6646895088782, -7.632869008121111], [-0.604104368037061, 0.311810532742135, -0.7333703862800368, 48.453909994964796], [0.0, 0.0, 0.0, 1.0]]}, {"class": "Ketchup", "pose": [[0.7311073226433279, 0.11655998497381939, 0.6722319614304445, -10.249094244306868], [-0.4354833016575473, -0.6787503993008469, 0.5913139832162333, 2.5989858163667447], [0.5252012700366119, -0.7250597782168957, -0.44547947567415125, 34.456180480722445], [0.0, 0.0, 0.0, 1.0]]}, {"class": "OrangeJuice", "pose": [[-0.6689776350230551, -0.7334077071554722, -0.1207560193627153, 14.812309915164013], [0.523534039092808, -0.5802613450581592, 0.6238661063586732, -0.4719237435769019], [-0.527618271025338, 0.3541326004292866, 0.7721457638790393, 46.867052688330865], [0.0, 0.0, 0.0, 1.0]]}]}