{"camera": {"camera": "RealSense D415", "extrinsics": [[-0.9951768, -0.08524239, 0.04854756, 0.5950725], [-0.09804441, 0.8480076, -0.52083623, -0.05242467], [0.0032286271, -0.523084, -0.852275, 0.036879323], [0.0, 0.0, 0.0, 1.0]], "height": 480, "intrinsics": [[604.50507, 0.0, 326.28275], [0.0, 602.9669, 245.73769], [0.0, 0.0, 1.0]], "width": 640}, "objects": [{"class": "OrangeJuice", "pose": [[-0.8967312331217941, 0.056381362086242864, 0.4389696130522111, -13.137551750151333], [-0.3971239417299234, -0.5403266356931362, -0.7418488568095806, 18.92648325798674], [0.19536048792569952, -0.8395643144294657, 0.5069181565547837, 14.787843215470687], [0.0, 0.0, 0.0, 1.0]]}, {"class": "ChocolatePudding", "pose": [[0.9915147241065306, 0.08592949883514901, -0.0975436145523217, -24.351475107617393], [0.1285862381035034, -0.53815263373495, 0.8329810002987956, -13.371071038686253], [0.019084318796627014, -0.8384556234300649, -0.54463559566508, 41.950710207778606], [0.0, 0.0, 0.0, 1.0]]}, {"class": "CreamCheese", "pose": [[0.9609138389673273, -0.020699053770816433, 0.27607286517169444, -34.163811093570686], [-0.23593222909118572, -0.5829632568814543, 0.7774894527171986, -7.723821180830045], [0.14484707063421917, -0.8122347962029971, -0.5650610035355905, 37.48436851233749], [0.0, 0.0, 0.0, 1.0]]}, {"class": "Raisins", "pose": [[0.5721404769425437, 0.09373567405593021, -0.8147815545796809, -19.080444717626776], [0.7296159366101114, -0.5119061088246449, 0.45344541620444045, -21.836307026364597], [-0.3745876128346087, -0.8539120132894416, -0.36127326170328417, 43.043218988212544], [0.0, 0.0, 0.0, 1.0]]}, {"class": "BBQSauce", "pose": [[0.8995673335719192, 0.07855398492607743, -0.42966029308348225, -8.99050106501308], [0.39396875418390714, -0.5706640518291409, 0.7205075886907683, -17.086246180493365], [-0.1885929045239797, -0.8174177520467574, -0.5442985492842349, 39.56583296860477], [0.0, 0.0, 0.0, 1.0]]}, {"class": "SaladDressing", "pose": [[0.5245857203083484, 0.0001258659190264473, -0.8513576744449958, 2.586818778930544], [0.7374262530224888, -0.4998048422199534, 0.4543100986451481, -16.374889911182347], [-0.42545547392297983, -0.8661380225314534, -0.26228332273549265, 40.40519315332786], [0.0, 0.0, 0.0, 1.0]]}, {"class": "Mayo", "pose": [[-0.16504325534829628, 0.9849388696268723, 0.051538632036758174, -6.894271699783594], [0.5525439084116671, 0.0490502164704553, 0.8320392600266044, -6.960858495373408], [0.8169797557501078, 0.16579984887692528, -0.5523173585519212, 39.20245335040536], [0.0, 0.0, 0.0, 1.0]]}, {"class": "Mushrooms", "pose": [[0.8964029494183183, 0.09992743742924454, -0.4318290670543237, 4.544152795832723], [0.40564331980492757, -0.5776249092783512, 0.7083805375383149, -7.087476488825215], [-0.17864853787696802, -0.8101629103543432, -0.5583195629310249, 41.10529396045827], [0.0, 0.0, 0.0, 1.0]]}, {"class": "Parmesan", "pose": [[0.9778947031948226, 0.04721189144775359, 0.20369847912903452, -24.686526719580637], [-0.14081140709521253, -0.5714778237134063, 0.8084462068189302, 0.8135139612479726], [0.15457746612916143, -0.8192582652123973, -0.5521971365347276, 30.105383250834322], [0.0, 0.0, 0.0, 1.0]]}, {"class": "Mustard", "pose": [[0.9962912160798362, 0.027213498637681056, -0.08162917299654104, -18.848820274003884], [0.08446531617796317, -0.4903017274291111, 0.8674502009494506, 5.131216202012672], [-0.016416534259723156, -0.8711277807254375, -0.49078188923610433, 24.455134500433793], [0.0, 0.0, 0.0, 1.0]]}, {"class": "Milk", "pose": [[0.06111338129112028, -0.8046171770351375, -0.5906407001529916, -14.32018310883516], [-0.4999793646530141, -0.5368320899347925, 0.6795822001948472, 0.9676778918435867], [-0.8638783232295991, 0.25377656094889, -0.43509961562596094, 32.58843943664175], [0.0, 0.0, 0.0, 1.0]]}, {"class": "AlphabetSoup", "pose": [[0.9396256207445866, 0.05431363334569451, 0.33786655013952316, 3.648440192447966], [-0.2636567764390214, -0.5144973779569075, 0.8159519452746643, 4.339303898056515], [0.21814879387402375, -0.8557700893205479, -0.46911473405393916, 31.70737428245291], [0.0, 0.0, 0.0, 1.0]]}, {"class": "Yogurt", "pose": [[0.9859644530401578, 0.05860545588994464, 0.1563316395078099, 12.023536600913154], [-0.09834024720650136, -0.552836543989426, 0.827466601195149, 2.3464230051575505], [0.1349199294479835, -0.8312262783852119, -0.5393138812514581, 35.33693466236144], [0.0, 0.0, 0.0, 1.0]]}, {"class": "Cherries", "pose": [[0.659351668867016, 0.06355782790281915, 0.749143419449573, -26.969276224063965], [-0.6131910526253095, -0.5310940754845085, 0.5847528030285762, 12.551335019850853], [0.43503125737005893, -0.8449257093030177, -0.31120463785217783, 25.563500956323225], [0.0, 0.0, 0.0, 1.0]]}, {"class": "Cookies", "pose": [[0.4890859974929413, 0.020856761254369256, 0.8719862190403908, -36.78309796364147], [-0.7145198600536659, -0.5637891211244291, 0.4142501915206459, 14.70183930682705], [0.5002562605937257, -0.825655372293113, -0.26083875419728536, 16.501806429520535], [0.0, 0.0, 0.0, 1.0]]}, {"class": "TomatoSauce", "pose": [[0.7164359829669952, 0.06734573045222847, -0.6943947857883254, -5.227490456153072], [0.6172132215929416, -0.5251693798287208, 0.5858711345214377, 13.762895495863582], [-0.32521892467383745, -0.84832873551727, -0.4178169255553806, 25.14981309017456], [0.0, 0.0, 0.0, 1.0]]}, {"class": "PeasAndCarrots", "pose": [[0.8604169386431709, 0.07206273478753646, 0.5044697588368382, 5.233948103925535], [-0.3993786530821056, -0.5195083144730297, 0.7553858797594594, 15.695142774705959], [0.3165114247717941, -0.8514211892728581, -0.4182134050900432, 26.496718238079236], [0.0, 0.0, 0.0, 1.0]]}, {"class": "Ketchup", "pose": [[0.8255480839351304, 0.047588017548765606, 0.5623218165133334, -26.856449961399587], [-0.440855215583249, -0.5676756525920426, 0.6952633005067231, 27.050438202713423], [0.3523026218580535, -0.8218757233776262, -0.44766408578903394, 11.110902296026923], [0.0, 0.0, 0.0, 1.0]]}, {"class": "MacaroniAndCheese", "pose": [[-0.09303289694626084, 0.9922615690418437, 0.08223103014341598, 4.840126681443113], [0.854438160071793, 0.12196418875031198, -0.5050348423226508, 29.04527091487464], [-0.5111558929439104, 0.02327650751846666, -0.8591727608911632, 19.0100356117809], [0.0, 0.0, 0.0, 1.0]]}, {"class": "Pineapple", "pose": [[0.9733485609225772, 0.05076883243378072, 0.22364075709338266, -13.458474330963055], [-0.16229240811782591, -0.536515736106414, 0.8281377082718591, 32.60944417385041], [0.16203039776556574, -0.8423617749475515, -0.5139773983922158, 14.225181919712238], [0.0, 0.0, 0.0, 1.0]]}]}