{"camera": {"camera": "RealSense D415", "extrinsics": [[-0.9928812, -0.10996004, 0.04577949, 0.583516], [-0.117531486, 0.8421271, -0.5263158, -0.045867965], [0.019321559, -0.5279496, -0.8490559, 0.029960094], [0.0, 0.0, 0.0, 1.0]], "height": 480, "intrinsics": [[604.50507, 0.0, 326.28275], [0.0, 602.9669, 245.73769], [0.0, 0.0, 1.0]], "width": 640}, "objects": [{"class": "OrangeJuice", "pose": [[-0.8856224356103999, 0.05419009169749169, 0.46123364596956856, -14.577952981578457], [-0.41313607089667137, -0.5455504529188206, -0.7291730690063819, 18.2361707731717], [0.21211221509455047, -0.8363242145758721, 0.5055395572332738, 15.037861634405097], [0.0, 0.0, 0.0, 1.0]]}, {"class": "ChocolatePudding", "pose": [[0.9889585432981816, 0.08370304657560121, -0.12229039332900157, -24.735209360815023], [0.1481660831341096, -0.5427884349432884, 0.8266968011433014, -14.065622045000984], [0.0028192622153057163, -0.8356880808592534, -0.5491971511909183, 42.60831315281598], [0.0, 0.0, 0.0, 1.0]]}, {"class": "CreamCheese", "pose": [[0.9674879613502838, -0.02160642733221567, 0.2519927530887964, -34.72430168619483], [-0.21590579258221193, -0.5894805849092242, 0.7783941180819536, -8.646542243132629], [0.1317265333731491, -0.8074935682243858, -0.5749802477369321, 38.25249054907648], [0.0, 0.0, 0.0, 1.0]]}, {"class": "Raisins", "pose": [[0.5518267120228564, 0.09075215195847573, -0.8290063132944231, -19.281973533858377], [0.7378059924013345, -0.5165132727231265, 0.43457615097653923, -22.417121986834587], [-0.3887539775676275, -0.8514564801443238, -0.3519832878866121, 43.681732416656885], [0.0, 0.0, 0.0, 1.0]]}, {"class": "BBQSauce", "pose": [[0.8886234645958759, 0.07729353714171855, -0.4520776348756987, -9.34215288441289], [0.4100892487642272, -0.5752757619071515, 0.7077320680386011, -17.49678496659262], [-0.20536613765420603, -0.8142994307779479, -0.5429007406014346, 40.01396600300374], [0.0, 0.0, 0.0, 1.0]]}, {"class": "SaladDressing", "pose": [[0.5033545073280349, -0.0032543949844562217, -0.8640739491125198, 2.2303495016448682], [0.7442903261787338, -0.5063460336428747, 0.43548327050639557, -16.551894268159206], [-0.4389375826305145, -0.8623242761465786, -0.2524493393309807, 40.669149718899355], [0.0, 0.0, 0.0, 1.0]]}, {"class": "Mayo", "pose": [[-0.1634047632794357, 0.9861992653388493, 0.02664644538711924, -7.452052430871603], [0.5554586383897115, 0.06964589919250323, 0.8286224858667385, -7.335293064791398], [0.815330998888982, 0.15020187680664246, -0.5591733059261148, 39.543534320948766], [0.0, 0.0, 0.0, 1.0]]}, {"class": "Mushrooms", "pose": [[0.8853816723013296, 0.09890872869230533, -0.4542207595546858, 4.014409960639864], [0.42177551363688376, -0.5817598074769627, 0.695457415533667, -7.222745845656197], [-0.19546052033304048, -0.8073243746438229, -0.5567967014117275, 41.270372497473005], [0.0, 0.0, 0.0, 1.0]]}, {"class": "Parmesan", "pose": [[0.9827342884240462, 0.045949134632535145, 0.17922649372029312, -25.531404356088107], [-0.12039803529846473, -0.576718687088229, 0.8080222418841942, 0.018225558526323293], [0.14049120598564496, -0.815649612289384, -0.5612289716495064, 30.665206469466376], [0.0, 0.0, 0.0, 1.0]]}, {"class": "Mustard", "pose": [[0.9940616537533817, 0.023560834774559433, -0.10623773468442622, -19.867194074693273], [0.10387595785607028, -0.4963516820787119, 0.8618844861100426, 4.406141195050981], [-0.032424525040188945, -0.8678017901996117, -0.49585152082871353, 24.893759373292028], [0.0, 0.0, 0.0, 1.0]]}, {"class": "Milk", "pose": [[0.057752107292427815, -0.7898851672496237, -0.6105294893216713, -15.133357274041758], [-0.5053060722995432, -0.5505563161719965, 0.6644949889505466, 0.39490706442872825], [-0.8610055279142939, 0.27012821372653795, -0.43092952632167236, 32.98666043050488], [0.0, 0.0, 0.0, 1.0]]}, {"class": "AlphabetSoup", "pose": [[0.947875001295038, 0.051365148977427326, 0.3144753473001036, 2.7496147450242314], [-0.24347884285460844, -0.5198920311225864, 0.8187981456851681, 4.11170882173288], [0.2055509216455887, -0.8526863141597474, -0.4802862644935789, 31.803327602759335], [0.0, 0.0, 0.0, 1.0]]}, {"class": "Yogurt", "pose": [[0.9896622845335626, 0.056788027213157656, 0.13169594984703262, 11.216964131311602], [-0.07792894705020276, -0.5579498642441569, 0.8262076630736568, 2.3115464040463567], [0.12039845844506845, -0.8279294199094993, -0.5477564371673382, 35.317717478978025], [0.0, 0.0, 0.0, 1.0]]}, {"class": "Cherries", "pose": [[0.6779071457401695, 0.061100022549192376, 0.7326041425408175, -28.114667225088287], [-0.5967704335821952, -0.536220274221517, 0.5969362959612826, 11.673736383389883], [0.4293099861391803, -0.8418638004467496, -0.3270448056527023, 26.072613773912373], [0.0, 0.0, 0.0, 1.0]]}, {"class": "Cookies", "pose": [[0.5106929111078705, 0.019352568503313475, 0.859545443420856, -38.10649509867229], [-0.7009176268119411, -0.5695981499752495, 0.42926973139175245, 13.561511335085264], [0.49790292378156187, -0.8216954929113915, -0.27732512151761624, 17.147942199694413], [0.0, 0.0, 0.0, 1.0]]}, {"class": "TomatoSauce", "pose": [[0.6990516437481012, 0.06471771310622465, -0.7121366144585183, -6.4099120900416695], [0.6286398366428031, -0.5302486905862457, 0.5689010074145926, 13.308604308094091], [-0.34079147138846866, -0.845368556880552, -0.4113553253240533, 25.314258391514894], [0.0, 0.0, 0.0, 1.0]]}, {"class": "PeasAndCarrots", "pose": [[0.8728752865064898, 0.0692741712996109, 0.48300099799692714, 4.030715060666445], [-0.37996956549424094, -0.5245200557810975, 0.7619067624726591, 15.45611146256632], [0.3061241618787658, -0.8485751899288174, -0.43151844938215206, 26.485135903609354], [0.0, 0.0, 0.0, 1.0]]}, {"class": "Ketchup", "pose": [[0.8393836873175452, 0.04621003633669363, 0.5415716006919343, -28.509214693340912], [-0.42184634127979875, -0.5729300882946183, 0.7027068041478066, 26.060791259151305], [0.34275475869450706, -0.8183005580060507, -0.4614145638849485, 11.513378853336825], [0.0, 0.0, 0.0, 1.0]]}, {"class": "MacaroniAndCheese", "pose": [[-0.11769263062113713, 0.9899000253911814, 0.07903496123284172, 3.2589139127372935], [0.8484949626333068, 0.14159237353530238, -0.5099097689421134, 28.738022275385955], [-0.5159503822838073, 0.00704817648522081, -0.8565894896829568, 18.907101458618893], [0.0, 0.0, 0.0, 1.0]]}, {"class": "Pineapple", "pose": [[0.9787276873768451, 0.04846127997886791, 0.19935836820621242, -15.177539857411137], [-0.14190623528688553, -0.5418720579255121, 0.8283944516631735, 31.90546980501134], [0.14817179856014911, -0.8390627102358342, -0.5234681594987693, 14.379251920643727], [0.0, 0.0, 0.0, 1.0]]}]}