{"camera": {"camera": "RealSense D415", "extrinsics": [[-0.97633576, -0.20182744, 0.07768003, 0.58287096], [-0.21107152, 0.81110364, -0.5454903, -0.0074616047], [0.04708836, -0.54897773, -0.8345095, 0.028189605], [0.0, 0.0, 0.0, 1.0]], "height": 480, "intrinsics": [[604.50507, 0.0, 326.28275], [0.0, 602.9669, 245.73769], [0.0, 0.0, 1.0]], "width": 640}, "objects": [{"class": "OrangeJuice", "pose": [[-0.8370013008462821, 0.0881748610075297, 0.540050117711022, -16.219129046625458], [-0.48900504097603115, -0.5634327809506561, -0.6658960809345399, 15.375252415327079], [0.2455665917027781, -0.8214430631568111, 0.5147118710402254, 15.99226904916144], [0.0, 0.0, 0.0, 1.0]]}, {"class": "ChocolatePudding", "pose": [[0.9699694996946877, 0.11729262126857253, -0.21307680312445626, -22.623551732120916], [0.24186055068331033, -0.5578492950972578, 0.7939191755691493, -16.882225637914946], [-0.025743852475366726, -0.8216122048894972, -0.5694651929618166, 44.71758579128969], [0.0, 0.0, 0.0, 1.0]]}, {"class": "CreamCheese", "pose": [[0.9863919947464617, 0.01759540088058722, 0.16346665696619295, -33.179483603505666], [-0.11844786855607287, -0.6134836023885238, 0.7807739694614972, -12.577878417677187], [0.11402215315000096, -0.7895114232435955, -0.6030510992590964, 40.45537114346376], [0.0, 0.0, 0.0, 1.0]]}, {"class": "Raisins", "pose": [[0.46978997842588294, 0.12143969107432902, -0.8743854361631004, -16.3709515089029], [0.7747422661071225, -0.5315205017296073, 0.34243305433624216, -24.63823701394644], [-0.4231687524472978, -0.8382949156213351, -0.34378744676661943, 45.8952253978426], [0.0, 0.0, 0.0, 1.0]]}, {"class": "BBQSauce", "pose": [[0.8404271536597948, 0.11450117455594287, -0.5296902810023613, -7.032051214582291], [0.48646802389171057, -0.5901245274938551, 0.6442840391743296, -18.90751990404761], [-0.23881189453291898, -0.7991511347934993, -0.5516577833644289, 41.84478372774516], [0.0, 0.0, 0.0, 1.0]]}, {"class": "SaladDressing", "pose": [[0.4198397066606376, 0.026677260627293437, -0.907206182655462, 4.407583300699214], [0.7750210488087306, -0.5307087415278825, 0.34306067236431215, -16.843072288779872], [-0.47231026059929415, -0.8471343246889814, -0.24348803014742193, 42.187871651470374], [0.0, 0.0, 0.0, 1.0]]}, {"class": "Mayo", "pose": [[-0.19826660903815105, 0.9779727743093413, -0.06526651378739169, -6.137875286430894], [0.5622234348282151, 0.168019853610681, 0.8097370915774766, -8.631424982415254], [0.8028668463365422, 0.12384948010996424, -0.583151867431463, 41.03730634668672], [0.0, 0.0, 0.0, 1.0]]}, {"class": "Mushrooms", "pose": [[0.8362934085979187, 0.13678591097173912, -0.5309454422697892, 5.299515200862537], [0.4980917038318604, -0.5942984461436033, 0.6314380657189699, -7.37218053509015], [-0.22916816779230906, -0.7925269617955197, -0.565139746307561, 42.477721079416874], [0.0, 0.0, 0.0, 1.0]]}, {"class": "Parmesan", "pose": [[0.9925765047733566, 0.08341859458949634, 0.08850612193729487, -25.028899682459382], [-0.02169644425412852, -0.5945923324796591, 0.8037345593023048, -3.313788311806599], [0.11967148003375148, -0.7996882578797236, -0.5883684170946997, 32.39937676173385], [0.0, 0.0, 0.0, 1.0]]}, {"class": "Mustard", "pose": [[0.9785379424432199, 0.05228252158521685, -0.19932422458756727, -19.93936680437973], [0.197193190599941, -0.5183753728696175, 0.8321068667767615, 1.4143625973957747], [-0.059820091601007694, -0.8535534651194034, -0.5175596641762181, 26.367136507328926], [0.0, 0.0, 0.0, 1.0]]}, {"class": "Milk", "pose": [[0.0873156597082441, -0.7272629614607379, -0.6807823982953932, -14.667184598402084], [-0.5238128471502255, -0.6148087314353896, 0.589601852324874, -1.8753309158784297], [-0.8473464957961624, 0.3051210316895111, -0.43463207341542115, 34.45269542330388], [0.0, 0.0, 0.0, 1.0]]}, {"class": "AlphabetSoup", "pose": [[0.9711288122923152, 0.08254228838497664, 0.22382071828953692, 2.745878184517958], [-0.14547557061398786, -0.5386779963376341, 0.8298571527497652, 3.4924033400727508], [0.18906560569070568, -0.8384585830363726, -0.5111177637650056, 32.72404233270079], [0.0, 0.0, 0.0, 1.0]]}, {"class": "Yogurt", "pose": [[0.9949528515815265, 0.09213418641780084, 0.039752084155136785, 11.421409920583608], [0.020599690217602416, -0.5752628430776499, 0.8177091986096899, 2.617588729106448], [0.09820688300066503, -0.8127631665403083, -0.5742572684828311, 36.07924305723538], [0.0, 0.0, 0.0, 1.0]]}, {"class": "Cherries", "pose": [[0.7412888044760264, 0.09403414950346985, 0.6645664755744285, -28.819492685827253], [-0.5158402454253639, -0.5536612711397134, 0.6537339347113602, 7.894826837928723], [0.4294179991489722, -0.8274157270942909, -0.3619162385450718, 27.539908807473353], [0.0, 0.0, 0.0, 1.0]]}, {"class": "Cookies", "pose": [[0.5863874475678289, 0.05613575104647199, 0.808083320061175, -39.138101189617494], [-0.6332998543789069, -0.5902317249105872, 0.5005575138847379, 8.544449048711726], [0.5050555355893147, -0.8052796419519558, -0.3105536529925481, 18.813260981001786], [0.0, 0.0, 0.0, 1.0]]}, {"class": "TomatoSauce", "pose": [[0.6278317745542492, 0.0969842001953366, -0.7722832648350532, -7.393934081870668], [0.6816524168870819, -0.5474827562697805, 0.4853994576562529, 11.56885884718976], [-0.37573562662236937, -0.8311779026246491, -0.4098365530719284, 26.20155036357102], [0.0, 0.0, 0.0, 1.0]]}, {"class": "PeasAndCarrots", "pose": [[0.9117965787713165, 0.10089827784024469, 0.398053576596858, 2.8149718175303873], [-0.28533107891458426, -0.5414472025231257, 0.790835710902752, 14.737782230733687], [0.2953189436290015, -0.8346582972499242, -0.46490022104146456, 27.05337028435004], [0.0, 0.0, 0.0, 1.0]]}, {"class": "Ketchup", "pose": [[0.8832884160814608, 0.08325652846449041, 0.46137841069571073, -30.911148434888393], [-0.3290620370007729, -0.5908797222222094, 0.7365998567914915, 21.722551525701366], [0.33394587578060925, -0.8024521902055624, -0.49452057757196655, 12.58887825217484], [0.0, 0.0, 0.0, 1.0]]}, {"class": "MacaroniAndCheese", "pose": [[-0.20987353753963658, 0.9716300423091451, 0.10903335496389636, 0.6058417475436229], [0.8170718567056824, 0.23554026612034618, -0.5262265513723398, 27.64532177451769], [-0.5369792070515618, -0.021352911849113063, -0.8433251754267357, 19.119481585950727], [0.0, 0.0, 0.0, 1.0]]}, {"class": "Pineapple", "pose": [[0.9908232444105258, 0.082060911992701, 0.10740306527506918, -18.143711626504366], [-0.04324154501774723, -0.5604039847894214, 0.8270898149356913, 28.89813437692669], [0.12806086007465178, -0.8241440353994764, -0.5517127805218051, 14.957550571267328], [0.0, 0.0, 0.0, 1.0]]}]}