{"camera": {"camera": "RealSense D415", "extrinsics": [[-0.9637386, -0.25490743, 0.07893085, 0.57625175], [-0.25563115, 0.7970591, -0.5471284, 0.0018958728], [0.076554544, -0.5474659, -0.83331895, 0.02267846], [0.0, 0.0, 0.0, 1.0]], "height": 480, "intrinsics": [[604.50507, 0.0, 326.28275], [0.0, 602.9669, 245.73769], [0.0, 0.0, 1.0]], "width": 640}, "objects": [{"class": "OrangeJuice", "pose": [[-0.806022824485276, 0.09061735347975379, 0.5849066285199225, -17.140134090626002], [-0.5254368082537006, -0.5644750927552133, -0.6366192430189389, 12.942201147135279], [0.2724764011608965, -0.8204611228441197, 0.5025934113063328, 17.503748581422414], [0.0, 0.0, 0.0, 1.0]]}, {"class": "ChocolatePudding", "pose": [[0.9565657285801368, 0.1194278644005177, -0.26593054457907345, -21.21434567866174], [0.2862412969388612, -0.5575532845632772, 0.7792305725459633, -19.37552072374775], [-0.055208569969422035, -0.8215055739214296, -0.5675214411762063, 46.584169711966176], [0.0, 0.0, 0.0, 1.0]]}, {"class": "CreamCheese", "pose": [[0.9936898919608445, 0.02338115567574542, 0.10969859891334972, -32.07653834404714], [-0.07193905983562077, -0.6175100258269227, 0.783266346822108, -15.593438499065371], [0.08605364859392922, -0.786215483588574, -0.6119313387186692, 42.60545243769982], [0.0, 0.0, 0.0, 1.0]]}, {"class": "Raisins", "pose": [[0.4210063364211756, 0.12186863436784433, -0.8988335569392013, -14.577432575376747], [0.7926525792728827, -0.531178042482891, 0.29925207793253733, -26.825889951966552], [-0.44097110097386893, -0.8384497642071325, -0.320228764141611, 47.62385044285045], [0.0, 0.0, 0.0, 1.0]]}, {"class": "BBQSauce", "pose": [[0.8097550665438755, 0.11878235760281092, -0.574619479445556, -5.63451466751157], [0.5231080210691225, -0.5897654943922218, 0.6152517292200778, -20.69812890747828], [-0.2658096198131826, -0.7987912778094253, -0.539701510917954, 43.27218252253245], [0.0, 0.0, 0.0, 1.0]]}, {"class": "SaladDressing", "pose": [[0.36970767616584554, 0.026956039383791586, -0.9287570557224516, 5.702151115471654], [0.7902797769690891, -0.5348080661872515, 0.299062262489932, -18.104888877346916], [-0.4886451223002702, -0.8445435392859152, -0.21902542108017084, 43.27193373054908], [0.0, 0.0, 0.0, 1.0]]}, {"class": "Mayo", "pose": [[-0.20102201407108608, 0.9722745925230019, -0.11946685323752451, -5.241591037558191], [0.5580498131028538, 0.21389513825626863, 0.8017663664167098, -10.397576315598823], [0.8050904565564178, 0.09450425448874245, -0.5855751728190602, 42.38115812814857], [0.0, 0.0, 0.0, 1.0]]}, {"class": "Mushrooms", "pose": [[0.805364870133263, 0.14141760310767962, -0.5756635735531234, 6.161672435388798], [0.5345952714080876, -0.5928587894687469, 0.6022676995561167, -8.601105131850476], [-0.2561158836070933, -0.792792286660985, -0.5530687342019713, 43.48236626039041], [0.0, 0.0, 0.0, 1.0]]}, {"class": "Parmesan", "pose": [[0.9955385256618127, 0.08793792873979286, 0.034205658033478754, -24.599012576161893], [0.025031867947779566, -0.5956685690271185, 0.8028402031855932, -6.019034965290756], [0.09097534101214294, -0.7984021355496839, -0.5952121450829088, 34.26447974304778], [0.0, 0.0, 0.0, 1.0]]}, {"class": "Mustard", "pose": [[0.9662161211619479, 0.05176681594279522, -0.25248102186767135, -19.90947757717283], [0.24178090073135694, -0.5213496905653477, 0.8183743193550242, -1.1029491997449894], [-0.08926623692255642, -0.851771553873323, -0.5162525925694464, 28.060687575063874], [0.0, 0.0, 0.0, 1.0]]}, {"class": "Milk", "pose": [[0.08717813506327216, -0.6889027010920935, -0.7195923176523974, -14.260553791968999], [-0.5251189368346735, -0.6456161213929998, 0.5544636655056245, -4.088978898535762], [-0.8465519229575446, 0.32953435833724937, -0.41803938664784585, 36.008488083030045], [0.0, 0.0, 0.0, 1.0]]}, {"class": "AlphabetSoup", "pose": [[0.9818563023078974, 0.0833565193770903, 0.17032308923055547, 2.827955464291654], [-0.09911885569859902, -0.540126403672423, 0.8357266005648895, 2.065526607156486], [0.1616592427432821, -0.8374456665399292, -0.5220641964413265, 33.74564306785589], [0.0, 0.0, 0.0, 1.0]]}, {"class": "Yogurt", "pose": [[0.9953332228973445, 0.09536865305198082, -0.014719301657322624, 11.62741456218075], [0.06724180109971871, -0.5760486812032615, 0.8146450070182122, 1.6160014688528], [0.06921256926671196, -0.8118330047898776, -0.5797730357356294, 36.852887065050886], [0.0, 0.0, 0.0, 1.0]]}, {"class": "Cherries", "pose": [[0.7764369098370896, 0.095843222652176, 0.6228642421456835, -29.04339456416597], [-0.47802289808506543, -0.5544851710747335, 0.681205060429992, 4.968245558295094], [0.41065780570916394, -0.826656131303442, -0.3847074051345074, 29.45374123726373], [0.0, 0.0, 0.0, 1.0]]}, {"class": "Cookies", "pose": [[0.6293856470033585, 0.060332986187571616, 0.7747475076134773, -39.62713828857799], [-0.6019846632186081, -0.5926125562447491, 0.5351867466796005, 5.079406865736753], [0.49141442951710035, -0.8032249886419857, -0.33666222903710347, 21.026281510119766], [0.0, 0.0, 0.0, 1.0]]}, {"class": "TomatoSauce", "pose": [[0.5844925031423437, 0.09839429798883692, -0.8054111610370953, -7.858587860219002], [0.7072989888400198, -0.5482033344317845, 0.44631970032098034, 9.619050830354293], [-0.3976136746706623, -0.8305370268572414, -0.3900148626793498, 27.474289399045563], [0.0, 0.0, 0.0, 1.0]]}, {"class": "PeasAndCarrots", "pose": [[0.9321492584321843, 0.10192268160343163, 0.34743285597153123, 2.212535095710788], [-0.24082189562890735, -0.5420177860876594, 0.8051220805202047, 13.262235089750316], [0.27037495281279383, -0.834163396655568, -0.48069615449709036, 28.0119870402661], [0.0, 0.0, 0.0, 1.0]]}, {"class": "Ketchup", "pose": [[0.9068205927058208, 0.08752456419081191, 0.41232987490274264, -32.202399102409586], [-0.2855529262664136, -0.5919867944046535, 0.753665172302688, 18.579857615856476], [0.31005801373914277, -0.8011811149321241, -0.5118328140799693, 14.491823228677228], [0.0, 0.0, 0.0, 1.0]]}, {"class": "MacaroniAndCheese", "pose": [[-0.2628742139644997, 0.9586429979037089, 0.10909084577624299, -0.8197618237370641], [0.8027327014406043, 0.2800353005907747, -0.5264983103978162, 25.99821074951854], [-0.5352730964011291, -0.050832005559580756, -0.8431481482258641, 20.072748483717444], [0.0, 0.0, 0.0, 1.0]]}, {"class": "Pineapple", "pose": [[0.9950281354447612, 0.08429449931216577, 0.05304252528371288, -19.718924813544845], [0.003487836608553728, -0.561750996904896, 0.8272990286849116, 26.354145150660184], [0.09953344726742185, -0.8230008163602677, -0.55925193743264, 16.44895361104532], [0.0, 0.0, 0.0, 1.0]]}]}