{"camera": {"camera": "RealSense D415", "extrinsics": [[-0.9532463, -0.2846704, 0.10141115, 0.55949455], [-0.29212198, 0.7821192, -0.55041283, 0.011399931], [0.07737065, -0.55430347, -0.82871073, 0.0304665], [0.0, 0.0, 0.0, 1.0]], "height": 480, "intrinsics": [[604.50507, 0.0, 326.28275], [0.0, 602.9669, 245.73769], [0.0, 0.0, 1.0]], "width": 640}, "objects": [{"class": "OrangeJuice", "pose": [[-0.785526679867328, 0.11373924516811094, 0.608285526952281, -19.278240165752226], [-0.5540188278946996, -0.5671890434543493, -0.6093929405134133, 11.111714488291916], [0.2757009691595122, -0.8156960223165697, 0.5085557989086356, 18.079012796097985], [0.0, 0.0, 0.0, 1.0]]}, {"class": "ChocolatePudding", "pose": [[0.9448591408317731, 0.14226193228512976, -0.29496238672677877, -22.146118599680186], [0.32260383924524166, -0.5591656900520826, 0.7637149485225948, -21.10224295862108], [-0.05628526423436456, -0.8167590223322779, -0.5742270407173964, 47.41741209987938], [0.0, 0.0, 0.0, 1.0]]}, {"class": "CreamCheese", "pose": [[0.9955875917928815, 0.04855019498028539, 0.08030123666445912, -33.140033240135644], [-0.032711408807135106, -0.6225074622089851, 0.7819299532899628, -17.77598647462644], [0.08795098293150558, -0.7811065025011933, -0.6181725343089137, 43.39355452424198], [0.0, 0.0, 0.0, 1.0]]}, {"class": "Raisins", "pose": [[0.39073234370865, 0.14370774402026115, -0.9092174563122767, -15.227524490596034], [0.8047502666420513, -0.5328542252811529, 0.2616169175791811, -28.2813761213769], [-0.44688396144374626, -0.8339151548803586, -0.32385222754735216, 48.526761949289224], [0.0, 0.0, 0.0, 1.0]]}, {"class": "BBQSauce", "pose": [[0.7893353495495219, 0.14282651489793466, -0.5971183765117757, -6.521373641728278], [0.5518905147446325, -0.5911931790263328, 0.5881390255982897, -21.847518323390045], [-0.2690104401811228, -0.793782866282742, -0.5454742616216491, 44.13692522367089], [0.0, 0.0, 0.0, 1.0]]}, {"class": "SaladDressing", "pose": [[0.3396420146233472, 0.04901686144346938, -0.9392766962781773, 4.706412402116767], [0.8000059749006053, -0.5402056040605617, 0.2610907391865229, -18.817392301638844], [-0.4946046609149258, -0.8401043281670225, -0.2226903074191691, 44.13043037957027], [0.0, 0.0, 0.0, 1.0]]}, {"class": "Mayo", "pose": [[-0.22378719977453787, 0.9631114410928513, -0.14945134401382373, -6.525966340592793], [0.5563694438139627, 0.2521385533157561, 0.7917570464138876, -11.547053537059798], [0.8002326887579235, 0.09403494413257654, -0.5922711363450178, 43.16219306410831], [0.0, 0.0, 0.0, 1.0]]}, {"class": "Mushrooms", "pose": [[0.7844879818517865, 0.16555468098764275, -0.5976372787131056, 4.79740425652162], [0.5632775368479873, -0.5933589643894897, 0.5750161601947894, -9.30154760900776], [-0.25941679636283493, -0.7877288959393576, -0.5587361972247503, 44.263722736165704], [0.0, 0.0, 0.0, 1.0]]}, {"class": "Parmesan", "pose": [[0.9936735643332706, 0.11223307885621141, 0.004080015942027392, -26.02504976155433], [0.06429516097093832, -0.5982826656178166, 0.7987014541873746, -7.9873225082097], [0.09208173862866123, -0.7933861708088403, -0.6017136887279384, 34.98442226626015], [0.0, 0.0, 0.0, 1.0]]}, {"class": "Mustard", "pose": [[0.95627882396499, 0.07329993639334845, -0.2831218697580249, -21.519161894418204], [0.2782752428404877, -0.5258558825183153, 0.8037652074250365, -2.9439122617542903], [-0.08996534306090788, -0.8474094280773632, -0.523262385496701, 28.746820989792095], [0.0, 0.0, 0.0, 1.0]]}, {"class": "Milk", "pose": [[0.10882202315032545, -0.6639363138447569, -0.7398286297583527, -15.77190641796873], [-0.5282087732766061, -0.6691061102428041, 0.5227738839052986, -5.644340797857329], [-0.842112395517047, 0.3338946366637444, -0.4235104612000718, 36.72623167212469], [0.0, 0.0, 0.0, 1.0]]}, {"class": "AlphabetSoup", "pose": [[0.9846911918648072, 0.10556923823871478, 0.1387027597994277, 1.0692692914669122], [-0.0597139775304835, -0.5432784869126691, 0.8374262684973719, 1.14857722821304], [0.16376068811164063, -0.8328887376972524, -0.5286575578467123, 34.43568095961391], [0.0, 0.0, 0.0, 1.0]]}, {"class": "Yogurt", "pose": [[0.9918702962536271, 0.11892081551836076, -0.04529037448076095, 9.874438965624543], [0.10628733545315087, -0.5784995356408594, 0.808728210346124, 1.0653284083569756], [0.06997417114146051, -0.8069672574289461, -0.5864362596504785, 37.55811216049534], [0.0, 0.0, 0.0, 1.0]]}, {"class": "Cherries", "pose": [[0.7936840162950682, 0.11858466937384508, 0.5966602227747715, -30.88348461021142], [-0.4442520769518837, -0.5570549326026824, 0.7016622569377808, 2.780210297862758], [0.4155789031374455, -0.8219656353917403, -0.3894440849779333, 30.07810707498113], [0.0, 0.0, 0.0, 1.0]]}, {"class": "Cookies", "pose": [[0.6514089261953468, 0.08453846524101259, 0.7540024679947239, -41.44980042866574], [-0.5731541942066917, -0.5963369902815532, 0.5620289070050399, 2.4130650035118433], [0.4971526143236057, -0.7982702992999272, -0.3400056369370658, 21.636054863362368], [0.0, 0.0, 0.0, 1.0]]}, {"class": "TomatoSauce", "pose": [[0.557328444007992, 0.12089704210947562, -0.8214432260863955, -9.891349747383394], [0.7261453018569646, -0.5507107668232728, 0.41161958228447176, 8.231502037467523], [-0.4026140134473765, -0.8258944145058048, -0.39471559138964823, 28.088647662132793], [0.0, 0.0, 0.0, 1.0]]}, {"class": "PeasAndCarrots", "pose": [[0.9403281833706799, 0.12418929995864442, 0.3167964461748164, 0.03032577181616425], [-0.20234753941045694, -0.5444229084539852, 0.8140388188956958, 12.266122284135768], [0.27356615803730494, -0.8295665987623715, -0.4868067801671511, 28.609821677540992], [0.0, 0.0, 0.0, 1.0]]}, {"class": "Ketchup", "pose": [[0.9166849137115731, 0.11168206881468315, 0.383687304263891, -34.54247517831831], [-0.24770187016196804, -0.5946423494688486, 0.7648818786979413, 16.137332668698022], [0.3135803131339612, -0.7961957169646872, -0.5174357866673541, 15.001190854178859], [0.0, 0.0, 0.0, 1.0]]}, {"class": "MacaroniAndCheese", "pose": [[-0.29287074347123754, 0.947167892331619, 0.1307661054291119, -3.4796489115732743], [0.7875789492233481, 0.31651867457684413, -0.5287110326146286, 24.81024128387582], [-0.542168011381994, -0.0518553434498165, -0.8386685260649559, 20.56267386243726], [0.0, 0.0, 0.0, 1.0]]}, {"class": "Pineapple", "pose": [[0.9939834112338531, 0.10731985658592032, 0.021897249797732856, -22.37247383338914], [0.042817746832231086, -0.5647325085825691, 0.8241625221582886, 24.40475001226979], [0.1008151046224413, -0.8182662586420485, -0.5659299165710189, 16.91114178495341], [0.0, 0.0, 0.0, 1.0]]}]}