{"camera": {"camera": "RealSense D415", "extrinsics": [[-0.9522664, -0.28185675, 0.11724139, 0.552118], [-0.29828563, 0.7774488, -0.5537139, 0.01518459], [0.06491882, -0.56225455, -0.8244121, 0.038963865], [0.0, 0.0, 0.0, 1.0]], "height": 480, "intrinsics": [[604.50507, 0.0, 326.28275], [0.0, 602.9669, 245.73769], [0.0, 0.0, 1.0]], "width": 640}, "objects": [{"class": "OrangeJuice", "pose": [[-0.7856840607515337, 0.12949189750981283, 0.604923605734675, -20.293444935788997], [-0.5580595349908941, -0.570341734339302, -0.6027270937773367, 11.04586651307543], [0.2669648374012201, -0.8111363288080516, 0.520372532062674, 17.781642157866067], [0.0, 0.0, 0.0, 1.0]]}, {"class": "ChocolatePudding", "pose": [[0.943365189069616, 0.15797185883611053, -0.2917313412752622, -23.37034860126568], [0.32881100363166377, -0.5621278596922312, 0.7588779093801977, -21.044436315212], [-0.04410892553016605, -0.8118233487522499, -0.5822346550622349, 47.234155968758316], [0.0, 0.0, 0.0, 1.0]]}, {"class": "CreamCheese", "pose": [[0.9943965732298633, 0.06418230764991527, 0.08400148896412366, -34.32669372517605], [-0.025443983438008844, -0.6259383884305277, 0.7794573918390225, -17.81333401840879], [0.10260714306714713, -0.7772269713818634, -0.6207978331102305, 43.03414837897777], [0.0, 0.0, 0.0, 1.0]]}, {"class": "Raisins", "pose": [[0.39173594680717616, 0.15948911871354293, -0.906149177898328, -16.42004145573921], [0.8052399667233907, -0.5358905566609107, 0.2537912436820141, -28.170405886224646], [-0.4451197622109087, -0.829086555341275, -0.3383545795283803, 48.479688683753096], [0.0, 0.0, 0.0, 1.0]]}, {"class": "BBQSauce", "pose": [[0.7894090081132521, 0.15841860790535459, -0.5930743007362015, -7.694659693255912], [0.5559898962503452, -0.5940389602059435, 0.5813716858616901, -21.698242043512195], [-0.260209082754509, -0.7886832396935056, -0.5570187798672477, 44.18538196562783], [0.0, 0.0, 0.0, 1.0]]}, {"class": "SaladDressing", "pose": [[0.3413813399940878, 0.06495087418054846, -0.9376781581447783, 3.5111638577433935], [0.7999135107191753, -0.543922226931005, 0.2535489588147396, -18.59111699011881], [-0.49355567595925753, -0.8366181806240427, -0.23763996933156606, 44.32747499219426], [0.0, 0.0, 0.0, 1.0]]}, {"class": "Mayo", "pose": [[-0.23922621687206136, 0.9598991529031832, -0.14616633344100555, -7.755049167539163], [0.5586915018985061, 0.2592022912155813, 0.7878312421018079, -11.402897705555985], [0.7941250620474803, 0.10680801092919902, -0.5982953911535827, 43.15973923607789], [0.0, 0.0, 0.0, 1.0]]}, {"class": "Mushrooms", "pose": [[0.7843447597803888, 0.1810701481874763, -0.5933102585116524, 3.5355011055635766], [0.5673897194128034, -0.5960191741877228, 0.5681814308844821, -9.074337122997903], [-0.2507435309742451, -0.7822881442536882, -0.5702217827134222, 44.41499986509953], [0.0, 0.0, 0.0, 1.0]]}, {"class": "Parmesan", "pose": [[0.9917629455815977, 0.12787154672539688, 0.007435786718591287, -27.15638994255579], [0.07156603430649873, -0.6013364575157689, 0.7957844279028851, -8.016897993971158], [0.10622960732730496, -0.7886972342706284, -0.6055343785675058, 34.681243215560606], [0.0, 0.0, 0.0, 1.0]]}, {"class": "Mustard", "pose": [[0.9555765858833438, 0.08923991159417871, -0.2809088647674677, -22.594291096225227], [0.28439916247249536, -0.529441593718248, 0.7992551553307083, -2.9729465493797886], [-0.07739933730823391, -0.8436396265168975, -0.5313016691116811, 28.485075910336406], [0.0, 0.0, 0.0, 1.0]]}, {"class": "Milk", "pose": [[0.12469603862080317, -0.6641767793573672, -0.7371026165531557, -16.94594052705457], [-0.531524678535772, -0.6720253002663371, 0.5156196272506274, -5.595113988115916], [-0.83781405858471, 0.32749243401179146, -0.43682519312538853, 36.56063335065981], [0.0, 0.0, 0.0, 1.0]]}, {"class": "AlphabetSoup", "pose": [[0.9825781612424407, 0.12141144327595228, 0.14071098786458786, -0.11968488801453736], [-0.05215296675871222, -0.5465714950184763, 0.8357869088399412, 1.3021633683589007], [0.17838270996548647, -0.828564329106415, -0.530717157970222, 34.48210709379681], [0.0, 0.0, 0.0, 1.0]]}, {"class": "Yogurt", "pose": [[0.9899972401412483, 0.13462223205097595, -0.04221945955458202, 8.639313600814008], [0.11343716884859423, -0.5815739151635732, 0.8055457020067968, 1.2945472730193361], [0.0838906396384795, -0.8022771511522477, -0.5910276421338234, 37.73286316254388], [0.0, 0.0, 0.0, 1.0]]}, {"class": "Cherries", "pose": [[0.7905329845658844, 0.13435934541497802, 0.5974992303156271, -32.015756695033204], [-0.4367690432503222, -0.5602050845800799, 0.7038488148498331, 2.6930922193006404], [0.4292907270619814, -0.8173847424290305, -0.38417651535330233, 29.651456548901333], [0.0, 0.0, 0.0, 1.0]]}, {"class": "Cookies", "pose": [[0.6479615470670942, 0.1002386168786488, 0.7550484864056265, -42.45493107594589], [-0.5662486371879527, -0.5996047955689334, 0.5655410313232953, 2.212443408298121], [0.5094196812697103, -0.7939938937552488, -0.33176079554496823, 21.058279427286053], [0.0, 0.0, 0.0, 1.0]]}, {"class": "TomatoSauce", "pose": [[0.5581984105466464, 0.13668565545769254, -0.8183713885944768, -11.034355446556232], [0.7279969343190215, -0.5538643013465218, 0.40404812511967847, 8.278768305549603], [-0.39803903406424884, -0.8213107535319334, -0.40867286910216005, 27.941098750770916], [0.0, 0.0, 0.0, 1.0]]}, {"class": "PeasAndCarrots", "pose": [[0.9375872110057052, 0.1399883594359714, 0.31832945920181843, -1.1490076790460435], [-0.19455398590376421, -0.5475718476318271, 0.8138267053536131, 12.383936726163512], [0.2882344966737197, -0.8249656456215883, -0.48616098045563827, 28.586799897636944], [0.0, 0.0, 0.0, 1.0]]}, {"class": "Ketchup", "pose": [[0.9136710566576447, 0.12733688469950177, 0.38599311086583, -35.54492474153784], [-0.23987517833186325, -0.5977136749722549, 0.7649825812841158, 15.951518344186127], [0.32812383370093645, -0.7915324850043909, -0.5155686330512712, 14.456936575956657], [0.0, 0.0, 0.0, 1.0]]}, {"class": "MacaroniAndCheese", "pose": [[-0.29027035770417275, 0.9456503251518511, 0.14659040075408505, -4.626303834965817], [0.7829108455147114, 0.32276338989276815, -0.531859464724527, 24.864489231589047], [-0.5502670102447034, -0.039615788159510966, -0.8340484081940568, 20.42740905020966], [0.0, 0.0, 0.0, 1.0]]}, {"class": "Pineapple", "pose": [[0.9920912442355437, 0.12309417177286211, 0.0245550728257306, -23.46060030278172], [0.050133843044526165, -0.5679418483374948, 0.8215404693533168, 24.31151307333598], [0.11507270768260183, -0.8138119381438897, -0.5696212265420451, 16.50306535599172], [0.0, 0.0, 0.0, 1.0]]}]}