{"camera": {"camera": "RealSense D415", "extrinsics": [[-0.9904481, -0.017996263, 0.13670668, 0.6072372], [-0.103385545, 0.75294113, -0.64991623, -0.18263151], [-0.09123602, -0.6578418, -0.7476097, 0.20615372], [0.0, 0.0, 0.0, 1.0]], "height": 480, "intrinsics": [[603.75165, 0.0, 326.28275], [0.0, 603.20245, 245.73769], [0.0, 0.0, 1.0]], "width": 640}, "objects": [{"class": "ChocolatePudding", "pose": [[0.8456752591065607, 0.10812254067371943, 0.5226306865560508, 9.17132372449716], [-0.3017434805337611, -0.7108595690145334, 0.6353184785630225, 9.750269749634882], [0.44020928819823685, -0.6949735608346719, -0.5685311199479566, 38.51036572261997], [0.0, 0.0, 0.0, 1.0]]}, {"class": "MacaroniAndCheese", "pose": [[0.1703306310247831, 0.9788737639247104, 0.11310876460870627, 1.8681680368715647], [-0.6264946839173615, 0.19617743630968137, -0.7543333802862209, 0.4418110796971797], [-0.7605865869898585, 0.05762403116510957, 0.6466742740730458, 39.88661881019768], [0.0, 0.0, 0.0, 1.0]]}, {"class": "Milk", "pose": [[0.30376459328174205, 0.9391835024530814, 0.1601917063554768, -7.959856814121736], [0.731300341331407, -0.12207164661033183, -0.6710427318511096, -8.555444090420377], [-0.6106774392349823, 0.3209872789798716, -0.7239063019251888, 48.92733402295164], [0.0, 0.0, 0.0, 1.0]]}, {"class": "Ketchup", "pose": [[0.7342825130083442, 0.13426019255430457, 0.6654347105330236, -11.304858058208323], [-0.416129756460135, -0.685455754209364, 0.5974834381951439, 1.4447334565350771], [0.5363443157348609, -0.7156288655839532, -0.4474485487141821, 34.77806570731386], [0.0, 0.0, 0.0, 1.0]]}, {"class": "OrangeJuice", "pose": [[-0.6736781347373052, -0.7260482589952706, -0.13788277116282283, 13.704397819133096], [0.5052188891935562, -0.5886263872131124, 0.6310886422573759, -1.0341370270175094], [-0.5393622715367322, 0.35548967049907404, 0.7633580655470247, 47.42427241412387], [0.0, 0.0, 0.0, 1.0]]}]}