{"camera": {"camera": "RealSense D415", "extrinsics": [[-0.93769735, -0.34072518, 0.06804446, 0.5512557], [-0.3167244, 0.75769377, -0.5706013, 0.03150596], [0.14286137, -0.55660266, -0.81840336, -0.0019772071], [0.0, 0.0, 0.0, 1.0]], "height": 480, "intrinsics": [[604.50507, 0.0, 326.28275], [0.0, 602.9669, 245.73769], [0.0, 0.0, 1.0]], "width": 640}, "objects": [{"class": "OrangeJuice", "pose": [[-0.750608089783835, 0.0816283426585752, 0.6556862242007896, -19.33147691028586], [-0.5680284656221132, -0.5866452380755444, -0.5772270942295585, 11.407392050608125], [0.3375370517535977, -0.805719666950713, 0.4867078201681703, 19.10479237534955], [0.0, 0.0, 0.0, 1.0]]}, {"class": "ChocolatePudding", "pose": [[0.92967759495429, 0.10978234566274098, -0.3516354950820589, -19.46777510674491], [0.34754199527934077, -0.5778496469369381, 0.7384473159803173, -20.029757383362668], [-0.12212393875898007, -0.8087259260293108, -0.5753677653297564, 49.40978353712489], [0.0, 0.0, 0.0, 1.0]]}, {"class": "CreamCheese", "pose": [[0.999601382813385, 0.020319240643072625, 0.019604063815185237, -30.77794985657558], [-0.001957368116497242, -0.6427866089958492, 0.7660428417732905, -17.132083993668704], [0.028166645023242513, -0.7657757633101346, -0.6424905179576172, 45.973941292500854], [0.0, 0.0, 0.0, 1.0]]}, {"class": "Raisins", "pose": [[0.3389167021758702, 0.10940698847772864, -0.9344333551619822, -12.282754488708614], [0.8025067767142264, -0.552005005335895, 0.22643639026951146, -26.975448023809236], [-0.4910380887837001, -0.8266320716500017, -0.27488353663653564, 50.287518441417], [0.0, 0.0, 0.0, 1.0]]}, {"class": "BBQSauce", "pose": [[0.7548730183342972, 0.11268393081099458, -0.6461185443157188, -4.052377574010835], [0.5661996549999735, -0.6091836114917386, 0.555259731651971, -20.424400353454352], [-0.33103592161628737, -0.7849825896438065, -0.5236578060014868, 45.20746616345098], [0.0, 0.0, 0.0, 1.0]]}, {"class": "SaladDressing", "pose": [[0.2852239725671507, 0.014778812341864091, -0.9583470079045465, 7.058813411023007], [0.7949638365250996, -0.562211277239423, 0.22792777318383886, -17.07849902701649], [-0.5354249115159944, -0.8268615772049217, -0.17210473991386155, 44.43852353017012], [0.0, 0.0, 0.0, 1.0]]}, {"class": "Mayo", "pose": [[-0.19203070979070158, 0.9590121451294895, -0.20837472824752143, -4.424573442841995], [0.5722749691035367, 0.2819149942472909, 0.770081415944134, -10.160003804804555], [0.7972612912782343, 0.028631648987724457, -0.6029548966018432, 43.96113614396471], [0.0, 0.0, 0.0, 1.0]]}, {"class": "Mushrooms", "pose": [[0.7502696379270096, 0.13578879207364405, -0.6470370852840416, 6.871939259510368], [0.577712185482777, -0.6105314011868077, 0.5417565231134854, -7.563950382138909], [-0.3214719381142779, -0.7802645826375064, -0.53650994335343, 44.31284837720882], [0.0, 0.0, 0.0, 1.0]]}, {"class": "Parmesan", "pose": [[0.9950272299003695, 0.08239587332818671, -0.05596290911040138, -24.4767270321432], [0.09503403576245327, -0.6171237100469148, 0.7811062347536736, -7.388063447019489], [0.029823899604368792, -0.7825402580211798, -0.6218852183635415, 36.89081988429538], [0.0, 0.0, 0.0, 1.0]]}, {"class": "Mustard", "pose": [[0.9403839638320403, 0.03813876748232322, -0.3379697477042592, -20.50615822170939], [0.3026175406443426, -0.5473916991905505, 0.7802467835102398, -2.3978692969798336], [-0.15524415046208545, -0.836007033455888, -0.5262997615334077, 30.259136315163666], [0.0, 0.0, 0.0, 1.0]]}, {"class": "Milk", "pose": [[0.07396903758324182, -0.6223491145564672, -0.7792369835105388, -14.212591901308913], [-0.5485851046532886, -0.677924353278205, 0.48935983244571046, -4.706800042165817], [-0.8328162831338228, 0.3912802610222446, -0.3915568172207722, 37.943803724300565], [0.0, 0.0, 0.0, 1.0]]}, {"class": "AlphabetSoup", "pose": [[0.9940830058245989, 0.07172866772356289, 0.08157261267206246, 2.249540357526636], [-0.027096790556813993, -0.563473296063211, 0.8256898328014016, 2.493260522805058], [0.10518961664838383, -0.8230144849611841, -0.5581955278609595, 34.45483445842005], [0.0, 0.0, 0.0, 1.0]]}, {"class": "Yogurt", "pose": [[0.9906426729257787, 0.08766086051994412, -0.10460776019104495, 11.2245236902275], [0.13631417897975226, -0.5975520895181741, 0.7901582350061082, 2.7483468120291956], [0.006757375916118998, -0.7970238886243112, -0.6039099304229438, 37.037880861536316], [0.0, 0.0, 0.0, 1.0]]}, {"class": "Cherries", "pose": [[0.8301388791321319, 0.08578295205360649, 0.5509181807410503, -29.94147424017917], [-0.40959896571777277, -0.5765597192553369, 0.7069707694392763, 3.093856612446401], [0.37828322552275095, -0.812539338615499, -0.4434879589356655, 32.00390120011981], [0.0, 0.0, 0.0, 1.0]]}, {"class": "Cookies", "pose": [[0.6969414883606885, 0.05441244301265381, 0.7150608108600252, -40.978905699013026], [-0.5401180772534978, -0.6161035081845512, 0.5733140685986166, 2.187899657991145], [0.47174683242852616, -0.785783534288011, -0.3999988857059822, 24.231873050133977], [0.0, 0.0, 0.0, 1.0]]}, {"class": "TomatoSauce", "pose": [[0.510150687524644, 0.08766424948919888, -0.8556058501205105, -9.279400266989857], [0.7299451631144357, -0.5702665280080675, 0.3767973424878272, 9.079624263100063], [-0.45489164819091266, -0.8167686739783706, -0.3549119142044984, 28.598968213676258], [0.0, 0.0, 0.0, 1.0]]}, {"class": "PeasAndCarrots", "pose": [[0.9606815344520272, 0.0905402955547032, 0.26247582674329967, 0.5300848836645944], [-0.16775888156701488, -0.5639945326823923, 0.8085587277286538, 13.407140635667611], [0.2212420563526029, -0.8207999885761694, -0.5266301135377316, 28.40912979116057], [0.0, 0.0, 0.0, 1.0]]}, {"class": "Ketchup", "pose": [[0.9408507639423013, 0.08156846226730308, 0.3288564144628281, -34.89668980763263], [-0.21261215096533198, -0.6135816443820734, 0.7604694144840473, 15.908797045379425], [0.26381055293484384, -0.7854070026931881, -0.5599462273390591, 16.827028618753122], [0.0, 0.0, 0.0, 1.0]]}, {"class": "MacaroniAndCheese", "pose": [[-0.3483437502204166, 0.9324292872269813, 0.09608522979403328, -3.8307809819950966], [0.7632608145880124, 0.3416528580784078, -0.5483669801398733, 25.613364100128777], [-0.5441411494370403, -0.11768209078893663, -0.8306992718351288, 20.259136474915017], [0.0, 0.0, 0.0, 1.0]]}, {"class": "Pineapple", "pose": [[0.9965044478212794, 0.07499562453282554, -0.03680566741890332, -22.887772126355266], [0.07383042170069984, -0.5844456284835342, 0.8080671182546709, 24.56885652478506], [0.039090592656444094, -0.8079597556920367, -0.5879395410910582, 17.77376841685921], [0.0, 0.0, 0.0, 1.0]]}]}