{"camera": {"camera": "RealSense D415", "extrinsics": [[-0.92919105, -0.36634868, 0.04891481, 0.53861326], [-0.325914, 0.74973893, -0.5759094, 0.039210033], [0.1743103, -0.5510719, -0.81604886, -0.018058514], [0.0, 0.0, 0.0, 1.0]], "height": 480, "intrinsics": [[604.50507, 0.0, 326.28275], [0.0, 602.9669, 245.73769], [0.0, 0.0, 1.0]], "width": 640}, "objects": [{"class": "OrangeJuice", "pose": [[-0.7333303746181143, 0.06306572718922786, 0.6769412057065641, -20.046436392192913], [-0.5736921987658539, -0.5917083543089727, -0.5663555190283628, 11.504533207510864], [0.364834082879612, -0.8036815442388947, 0.47009799108500033, 19.75212391324418], [0.0, 0.0, 0.0, 1.0]]}, {"class": "ChocolatePudding", "pose": [[0.9214763485438681, 0.09101227011162592, -0.3776218029064193, -18.887279434949566], [0.356795618577467, -0.5826272155137855, 0.730234553910108, -19.70530056699673], [-0.15355239097124093, -0.8076276244009561, -0.5693499252080909, 50.269465449265006], [0.0, 0.0, 0.0, 1.0]]}, {"class": "CreamCheese", "pose": [[0.9999529961877657, 0.0036621844343161626, -0.008984101913219395, -30.33066623234415], [0.00921481895972642, -0.6482191787300708, 0.7613981040531765, -16.957540697743294], [-0.0030352612152853287, -0.7614450590798101, -0.6482223869902025, 47.16780551431084], [0.0, 0.0, 0.0, 1.0]]}, {"class": "Raisins", "pose": [[0.31446075941286994, 0.08979035219615321, -0.9450144145508468, -11.60111881146404], [0.8024901928540125, -0.5569225254970799, 0.2141188464026567, -26.565040247133826], [-0.5070739402423222, -0.8256967221338665, -0.24718615654500328, 50.971886608068054], [0.0, 0.0, 0.0, 1.0]]}, {"class": "BBQSauce", "pose": [[0.7378158395793639, 0.09500220772411766, -0.6682832390986998, -3.6067344773912935], [0.5719588114585542, -0.6137495026437426, 0.5442194000742687, -19.96220423544533], [-0.35845640029822934, -0.7837641325982679, -0.5071714181030876, 45.59093548797665], [0.0, 0.0, 0.0, 1.0]]}, {"class": "SaladDressing", "pose": [[0.259499955375741, -0.004678922834401869, -0.9657318474131488, 7.436981948055005], [0.7940280240912859, -0.5681673317139202, 0.21611448250522128, -16.500484193747745], [-0.5497084006462731, -0.8228997993559547, -0.14372420910142267, 44.45176299443851], [0.0, 0.0, 0.0, 1.0]]}, {"class": "Mayo", "pose": [[-0.17351013843793944, 0.9562229258413762, -0.23565243096881947, -4.132423386035466], [0.5760655536414289, 0.2926205688438052, 0.763231138001486, -9.712088476843544], [0.7987758080466142, -0.0033228760281520417, -0.6016196645534101, 44.28384611768687], [0.0, 0.0, 0.0, 1.0]]}, {"class": "Mushrooms", "pose": [[0.7333838699849561, 0.11825639339216446, -0.6694502557581672, 7.139796200663112], [0.5834911852476814, -0.6148086074885699, 0.53061144193651, -6.989759115540436], [-0.3488355238523119, -0.7797601475595214, -0.5198922420844668, 44.26430356393016], [0.0, 0.0, 0.0, 1.0]]}, {"class": "Parmesan", "pose": [[0.9943472680811442, 0.06489564578868934, -0.08403681267245813, -24.424748456165446], [0.10615989209968153, -0.6220028331037403, 0.7757851779571638, -7.21302725446534], [-0.001926027590692538, -0.7803211643831105, -0.6253760665683383, 37.82334003958446], [0.0, 0.0, 0.0, 1.0]]}, {"class": "Mustard", "pose": [[0.9316485840818498, 0.018217634797642716, -0.362903780398566, -20.718675937965823], [0.3117454802538689, -0.5531611011171066, 0.7725462064950636, -2.2291954141276134], [-0.18667024429132736, -0.8328751411819086, -0.5210309711527781, 31.035620969833015], [0.0, 0.0, 0.0, 1.0]]}, {"class": "Milk", "pose": [[0.05414098669889287, -0.6022382981777968, -0.7964784404075795, -14.163462326324105], [-0.5539376766015106, -0.6817710241410685, 0.47785082452652505, -4.411585963857046], [-0.8307959371016331, 0.41532803701541793, -0.37051421884634334, 38.53632799326987], [0.0, 0.0, 0.0, 1.0]]}, {"class": "AlphabetSoup", "pose": [[0.997117002565115, 0.052373654843948576, 0.05490722849275714, 2.100441657482144], [-0.01540839312261258, -0.5687760153457668, 0.8223481715225562, 2.9423455927755953], [0.07429931288157617, -0.8208233249411391, -0.5663291756045027, 34.48408299236404], [0.0, 0.0, 0.0, 1.0]]}, {"class": "Yogurt", "pose": [[0.9887849090471093, 0.06948775521657061, -0.13219673136115306, 11.148074750320147], [0.14721626874569652, -0.6024832301824158, 0.7844370063831003, 3.315098702191035], [-0.025137516492397677, -0.7951009348832104, -0.6059559904938795, 36.7838472926719], [0.0, 0.0, 0.0, 1.0]]}, {"class": "Cherries", "pose": [[0.8460464183251423, 0.06689285229933291, 0.5288959487624818, -30.15597855730353], [-0.3976377759504298, -0.5816290299131832, 0.7096421352464668, 3.1715912836558307], [0.3550912078423883, -0.8106991452633606, -0.46548596518613355, 33.034938622864864], [0.0, 0.0, 0.0, 1.0]]}, {"class": "Cookies", "pose": [[0.7172927232460822, 0.03681514154138328, 0.6957987602736987, -41.41919429322215], [-0.5289089429018895, -0.621313787049965, 0.5781216113913729, 2.0867026643436954], [0.45359296121826714, -0.7826965653741874, -0.42619193550285694, 25.61785896856846], [0.0, 0.0, 0.0, 1.0]]}, {"class": "TomatoSauce", "pose": [[0.4875385764618682, 0.06857100460402665, -0.8704046610950781, -9.678223516429652], [0.7320823797822328, -0.5753473079886736, 0.3647340864524306, 9.358021337547868], [-0.47577472822904177, -0.8150298020976631, -0.3307036187800221, 28.94422841152134], [0.0, 0.0, 0.0, 1.0]]}, {"class": "PeasAndCarrots", "pose": [[0.9689213916380784, 0.07124976324104255, 0.23688589728207338, 0.07154125454338356], [-0.1555587659479889, -0.5690743943791089, 0.8074378573094708, 13.791314750213138], [0.19233546023232956, -0.8191934388018768, -0.5403047606343576, 28.417511833985763], [0.0, 0.0, 0.0, 1.0]]}, {"class": "Ketchup", "pose": [[0.9509288321074094, 0.06393978886219567, 0.3027312007937127, -35.72442882162004], [-0.20030804135203298, -0.6184915356935111, 0.7598322171788411, 15.817859765086412], [0.2358201973913049, -0.7831858095774689, -0.5753337083656632, 17.929356834373795], [0.0, 0.0, 0.0, 1.0]]}, {"class": "MacaroniAndCheese", "pose": [[-0.3736374289175493, 0.9244307431030092, 0.0763085393963826, -4.677302448866316], [0.7553148880654453, 0.3509703070085489, -0.5534612478599825, 25.88785120099613], [-0.5384185727021275, -0.14915681806897454, -0.8293718936616548, 20.320986002267407], [0.0, 0.0, 0.0, 1.0]]}, {"class": "Pineapple", "pose": [[0.9963495211828138, 0.056342277739202244, -0.06413501106918085, -23.789546734670864], [0.08504346295969335, -0.5895983833487886, 0.8032069753046459, 24.615912591537832], [0.007440638294426547, -0.8057290992166152, -0.5922375447236774, 18.439163672428577], [0.0, 0.0, 0.0, 1.0]]}]}