{"camera": {"camera": "RealSense D415", "extrinsics": [[-0.9268926, -0.37071484, 0.058656637, 0.52634513], [-0.33446205, 0.7449111, -0.5772717, 0.04519578], [0.17030922, -0.5546873, -0.81444263, -0.014215017], [0.0, 0.0, 0.0, 1.0]], "height": 480, "intrinsics": [[604.50507, 0.0, 326.28275], [0.0, 602.9669, 245.73769], [0.0, 0.0, 1.0]], "width": 640}, "objects": [{"class": "OrangeJuice", "pose": [[-0.7296366440758589, 0.07289529502910236, 0.6799387677690647, -21.452768110108245], [-0.5799042318047435, -0.5929051710858018, -0.5587258894690869, 11.439108517652102], [0.36241068340910493, -0.8019662082410214, 0.4748775824227727, 19.73998061280082], [0.0, 0.0, 0.0, 1.0]]}, {"class": "ChocolatePudding", "pose": [[0.918774116549575, 0.1007729877277971, -0.38170539953468874, -20.14998996422307], [0.36531511794684474, -0.5835639450778284, 0.7252572413516736, -19.688366536921137], [-0.1496631504569456, -0.80579029024632, -0.5729772861442995, 50.33554453774695], [0.0, 0.0, 0.0, 1.0]]}, {"class": "CreamCheese", "pose": [[0.9998202009465569, 0.013822437006085542, -0.012984234493246653, -31.603211252206975], [0.018851789795762765, -0.6498897642257205, 0.7597946985235486, -17.05818938197438], [0.002063893617135531, -0.7599028250472379, -0.6500334281601202, 47.168927289526394], [0.0, 0.0, 0.0, 1.0]]}, {"class": "Raisins", "pose": [[0.30931955636869624, 0.09939646084213603, -0.9457493536613742, -12.801796743365257], [0.8043264559877339, -0.5579135396515802, 0.20442972875786325, -26.475892620653013], [-0.507326722959949, -0.8239252929971532, -0.2525207489049343, 51.09126022865722], [0.0, 0.0, 0.0, 1.0]]}, {"class": "BBQSauce", "pose": [[0.7341057381820635, 0.10493975574015123, -0.6708774084468352, -4.843819502001989], [0.5782287460381317, -0.6145917606894084, 0.5365897543526338, -19.80855693461753], [-0.3560060909366174, -0.7818341787873225, -0.5118544724755433, 45.73593684155829], [0.0, 0.0, 0.0, 1.0]]}, {"class": "SaladDressing", "pose": [[0.2546628193693309, 0.005026756419250997, -0.9670168894501009, 6.171750418612426], [0.7952373175840731, -0.5700625480726718, 0.2064615691477341, -16.243092246609578], [-0.5502222221251842, -0.8215859570776128, -0.14917118458244086, 44.64526393970028], [0.0, 0.0, 0.0, 1.0]]}, {"class": "Mayo", "pose": [[-0.18315720154489448, 0.9533641741986207, -0.23989638431581795, -5.461493800505424], [0.5761867284081743, 0.3018211940076738, 0.7595478262640377, -9.566997846136676], [0.7965314557880223, 0.0008915484929481522, -0.6045964488638137, 44.40227662817281], [0.0, 0.0, 0.0, 1.0]]}, {"class": "Mushrooms", "pose": [[0.729513460636671, 0.12818216393871495, -0.6718478458169483, 5.783929830219947], [0.5897397643501789, -0.6154173936708688, 0.5229421779125372, -6.736128462965008], [-0.3464349516794305, -0.7777087069416703, -0.5245493421015999, 44.43411004420712], [0.0, 0.0, 0.0, 1.0]]}, {"class": "Parmesan", "pose": [[0.9932752316915934, 0.07489678614319223, -0.08828856021259293, -25.743455013143034], [0.11574056615443848, -0.6231272001727176, 0.7735093362587941, -7.278518857586263], [0.002918362555066149, -0.7785261920051312, -0.6276053476662105, 37.83213240250591], [0.0, 0.0, 0.0, 1.0]]}, {"class": "Mustard", "pose": [[0.9295500410380401, 0.027828697756754665, -0.367644351402706, -22.050702835402692], [0.3202897211572905, -0.5548589872384744, 0.7678190400934551, -2.274678226512853], [-0.1826233479068445, -0.8314788805237358, -0.5246823848191626, 31.05187856549689], [0.0, 0.0, 0.0, 1.0]]}, {"class": "Milk", "pose": [[0.06374669429821572, -0.5977709596136319, -0.7991284772423172, -15.513434102902401], [-0.5552843057949729, -0.6865981549642751, 0.46929989651160786, -4.376619925937708], [-0.8292139412071918, 0.4138271390650052, -0.3757011572754921, 38.59112343590557], [0.0, 0.0, 0.0, 1.0]]}, {"class": "AlphabetSoup", "pose": [[0.9968238324776911, 0.06207111527790013, 0.04989496952221164, 0.6995006185513186], [-0.0056210746089134156, -0.5701162020159873, 0.8215448857168207, 3.12456463970835], [0.07944013208203393, -0.8192159396084246, -0.5679564513266044, 34.60508065740161], [0.0, 0.0, 0.0, 1.0]]}, {"class": "Yogurt", "pose": [[0.987437087776353, 0.07937660337676064, -0.13662882877014945, 9.731175456257708], [0.15668830559017174, -0.6035979960592049, 0.7817405666670706, 3.5898105412211514], [-0.02041697117330942, -0.7933277255806309, -0.6084523711930201, 36.950270807164166], [0.0, 0.0, 0.0, 1.0]]}, {"class": "Cherries", "pose": [[0.8480001295907128, 0.07666119007193731, 0.524422469466998, -31.549750977638592], [-0.38864791265818033, -0.5828054452994048, 0.71364605543936, 3.039385029305506], [0.3603451919756081, -0.8089876013594005, -0.46442483176942606, 32.9902449891658], [0.0, 0.0, 0.0, 1.0]]}, {"class": "Cookies", "pose": [[0.7200120432150564, 0.04682353602769647, 0.6923801690040813, -42.76369748456086], [-0.5209296376134259, -0.6227144399924229, 0.5838314126605603, 1.8289911487410393], [0.4584921355133821, -0.7810469575378787, -0.42397008466451613, 25.51813539187836], [0.0, 0.0, 0.0, 1.0]]}, {"class": "TomatoSauce", "pose": [[0.48290431333208117, 0.07830100352387238, -0.872165386462569, -11.111772166929823], [0.7356628332128216, -0.5765177297941472, 0.3555665656254028, 9.413679424257303], [-0.4749775385680439, -0.8133242427512368, -0.33600600427106087, 28.99003823208038], [0.0, 0.0, 0.0, 1.0]]}, {"class": "PeasAndCarrots", "pose": [[0.969372898749861, 0.08094058947948977, 0.2318725694750911, -1.4025857986190493], [-0.1457671254500994, -0.5702287903508342, 0.8084498446541976, 13.939587577510585], [0.19765680432999386, -0.817488722183812, -0.5409658008613553, 28.502920070221627], [0.0, 0.0, 0.0, 1.0]]}, {"class": "Ketchup", "pose": [[0.9515888353752919, 0.07392189508783069, 0.2983526875137793, -37.162001018346146], [-0.19058849778500628, -0.6196318319066442, 0.7614016659611578, 15.596852169907768], [0.24115305476587598, -0.7814038736741276, -0.5755460114373028, 17.82690090666839], [0.0, 0.0, 0.0, 1.0]]}, {"class": "MacaroniAndCheese", "pose": [[-0.3781219445930996, 0.9217618432006507, 0.08590101144601422, -6.226030841411257], [0.7504453626732153, 0.3595286185328211, -0.5545908488485043, 25.971250502294996], [-0.5420844988109631, -0.14523893571170796, -0.8276775148567417, 20.353999722414823], [0.0, 0.0, 0.0, 1.0]]}, {"class": "Pineapple", "pose": [[0.9954326060007483, 0.06616245202989854, -0.06882253397635411, -25.3152042673509], [0.09466586196151015, -0.5908648229928866, 0.8011973633612541, 24.510745884943262], [0.012344369149108636, -0.8040530801296515, -0.5944293749315936, 18.377302304099015], [0.0, 0.0, 0.0, 1.0]]}]}