{"camera": {"camera": "RealSense D415", "extrinsics": [[-0.9223529, -0.3782921, 0.07848718, 0.48706904], [-0.3499463, 0.731941, -0.58463657, 0.054451864], [0.16371542, -0.56670755, -0.8074898, -0.005312232], [0.0, 0.0, 0.0, 1.0]], "height": 480, "intrinsics": [[604.50507, 0.0, 326.28275], [0.0, 602.9669, 245.73769], [0.0, 0.0, 1.0]], "width": 640}, "objects": [{"class": "OrangeJuice", "pose": [[-0.722722327375063, 0.0928740075700765, 0.6848700439595912, -25.728168372067746], [-0.5896097234973259, -0.5998680646091668, -0.540849973168026, 11.198947861981685], [0.3606007194642713, -0.7946903218107975, 0.4882974176662174, 19.74013122317946], [0.0, 0.0, 0.0, 1.0]]}, {"class": "ChocolatePudding", "pose": [[0.9134314297632318, 0.12061402111684974, -0.3887099200078237, -24.18829941536193], [0.3808581194490583, -0.5900472570035408, 0.7118927881420904, -19.57398162016533], [-0.1434929466273467, -0.7983085090125592, -0.5849044821710138, 50.68138166444308], [0.0, 0.0, 0.0, 1.0]]}, {"class": "CreamCheese", "pose": [[0.9992107224493336, 0.034405526938648054, -0.019857309488509008, -35.65238470803698], [0.037594297489030724, -0.6575018287162061, 0.7525144706167098, -17.192338707672068], [0.012834446496350158, -0.7526669874312506, -0.6582762623486392, 47.361125223617606], [0.0, 0.0, 0.0, 1.0]]}, {"class": "Raisins", "pose": [[0.2999470873917521, 0.11896310825318099, -0.9465091888205388, -16.72396418813415], [0.8045785253273704, -0.5646199848540399, 0.18400457532858755, -26.21434158716815], [-0.5125281913014568, -0.8167325344470845, -0.2650712637278817, 51.59070878630811], [0.0, 0.0, 0.0, 1.0]]}, {"class": "BBQSauce", "pose": [[0.7271499806081889, 0.1250895441682279, -0.6749856535683282, -8.832099462688642], [0.5880859279011007, -0.6207369947571326, 0.5184983502394017, -19.456034605562472], [-0.35412980056981125, -0.7739755647356574, -0.5249322471499562, 46.2516064137921], [0.0, 0.0, 0.0, 1.0]]}, {"class": "SaladDressing", "pose": [[0.245951723983101, 0.024815595147466795, -0.9689644248314757, 2.126708339164407], [0.7940150684558948, -0.5785088902333461, 0.1867285447979665, -15.69660214264726], [-0.5559206943693138, -0.8152984932731039, -0.16198920641805153, 45.24359290632104], [0.0, 0.0, 0.0, 1.0]]}, {"class": "Mayo", "pose": [[-0.2027380665508147, 0.9475125815817935, -0.24721914367057338, -9.62532403767254], [0.5810310854986334, 0.3196158705365473, 0.7484975533973656, -9.242488346971141], [0.7882259436927409, 0.00810694902597397, -0.6153325065560703, 44.80110157021727], [0.0, 0.0, 0.0, 1.0]]}, {"class": "Mushrooms", "pose": [[0.722237606582785, 0.1482957405193225, -0.6755600149973093, 1.564410749189682], [0.5996093074511916, -0.6210835962527417, 0.504701752860103, -6.20132796814359], [-0.3447340809472576, -0.769586593994124, -0.537489388114194, 44.92589045673376], [0.0, 0.0, 0.0, 1.0]]}, {"class": "Parmesan", "pose": [[0.9908546125280125, 0.09517553512903157, -0.09564975288329929, -29.87167659772418], [0.1343471206386269, -0.6297982020110423, 0.765052344860251, -7.4037391473268395], [0.012574231727903446, -0.7709058492298034, -0.6368249483783821, 37.984496624874645], [0.0, 0.0, 0.0, 1.0]]}, {"class": "Mustard", "pose": [[0.9254110733438969, 0.04743977049606933, -0.375983954962899, -26.197150599330183], [0.33569703496185205, -0.562986223472331, 0.7552178674757226, -2.403464610482016], [-0.17584639833704246, -0.8251036066634155, -0.5369190227774662, 31.19172160827318], [0.0, 0.0, 0.0, 1.0]]}, {"class": "Milk", "pose": [[0.08333190943700453, -0.5894766636409965, -0.803475685241334, -19.706552919570115], [-0.5627148478448726, -0.6932666187301256, 0.4502592695612355, -4.302907039866764], [-0.8224401339347317, 0.41460668463547057, -0.389478468861119, 38.824448032445936], [0.0, 0.0, 0.0, 1.0]]}, {"class": "AlphabetSoup", "pose": [[0.9958058541719809, 0.08182102760803862, 0.04094070248230375, -3.5924952300090576], [0.013887717687443514, -0.5774691627890057, 0.8162943781391582, 3.4581120610475136], [0.09043203767716725, -0.8123020790310884, -0.576183420032826, 34.93609389466923], [0.0, 0.0, 0.0, 1.0]]}, {"class": "Yogurt", "pose": [[0.9845165571027984, 0.09945625379717386, -0.14434584598406458, 5.402186440193541], [0.17492973961223804, -0.6103458496078431, 0.7725785037923808, 4.117154329536218], [-0.011263113966162756, -0.7858666439359127, -0.6182933889102247, 37.37512833724668], [0.0, 0.0, 0.0, 1.0]]}, {"class": "Cherries", "pose": [[0.8510064585242602, 0.09652951762949448, 0.5162074976770304, -35.81451779877897], [-0.3688727278698124, -0.5897742583043591, 0.7184004797686467, 2.751928333111013], [0.37379271509835676, -0.8017782483309965, -0.46629454339513104, 32.968409016055034], [0.0, 0.0, 0.0, 1.0]]}, {"class": "Cookies", "pose": [[0.7244135778486525, 0.06712938673352521, 0.6860894508349941, -46.91979781776911], [-0.5024849041786107, -0.6299379135676314, 0.5921884502243089, 1.2529225495973024], [0.4719469627945175, -0.7737388815200196, -0.42260402517081774, 25.38712870298894], [0.0, 0.0, 0.0, 1.0]]}, {"class": "TomatoSauce", "pose": [[0.47440730708378454, 0.09810038866879074, -0.8748223486001669, -15.455281418582562], [0.739523208731312, -0.5835030604513514, 0.3356033620928833, 9.465296746352262], [-0.4775386435982613, -0.8061640495228187, -0.34936560174793957, 29.124393162321905], [0.0, 0.0, 0.0, 1.0]]}, {"class": "PeasAndCarrots", "pose": [[0.9696485228262565, 0.1006688500141336, 0.22281751659027807, -5.827168081746597], [-0.12549221586788623, -0.5772100975006179, 0.806895421697441, 14.166854960561587], [0.2098417419715437, -0.8103667491127817, -0.5470577024557162, 28.695188049031195], [0.0, 0.0, 0.0, 1.0]]}, {"class": "Ketchup", "pose": [[0.9522167347503404, 0.09416798090069459, 0.29054397656164394, -41.48969891703949], [-0.17017717100681545, -0.6263522752586593, 0.7607381758547501, 15.041327411828412], [0.25362004158886414, -0.7738315091170042, -0.5803978157777288, 17.610111491792644], [0.0, 0.0, 0.0, 1.0]]}, {"class": "MacaroniAndCheese", "pose": [[-0.38594128615405654, 0.916476702077828, 0.10545093205879359, -10.782328576283613], [0.7374682887916025, 0.3751756128541822, -0.5615904174776049, 26.019385225433943], [-0.5542470976112691, -0.13897418637412728, -0.8206681941372715, 20.364801776164317], [0.0, 0.0, 0.0, 1.0]]}, {"class": "Pineapple", "pose": [[0.9932983536338408, 0.08612809947691265, -0.07707432796050831, -29.817734767260824], [0.11341718829105397, -0.5979763118113607, 0.7934487295150391, 24.18084258674329], [0.022249615473155307, -0.7968728033149619, -0.6037372313396344, 18.194540124686434], [0.0, 0.0, 0.0, 1.0]]}]}