{"camera": {"camera": "RealSense D415", "extrinsics": [[-0.9129242, -0.40193355, 0.07084422, 0.47970557], [-0.36254504, 0.7189311, -0.5930423, 0.061415542], [0.18743148, -0.5670869, -0.80204856, -0.012222148], [0.0, 0.0, 0.0, 1.0]], "height": 480, "intrinsics": [[604.50507, 0.0, 326.28275], [0.0, 602.9669, 245.73769], [0.0, 0.0, 1.0]], "width": 640}, "objects": [{"class": "OrangeJuice", "pose": [[-0.7053402219058589, 0.08574196864353066, 0.7036644525305893, -26.10308240018513], [-0.5966082415851148, -0.6078874185062906, -0.5239575849828023, 10.957207574123123], [0.38282355533803103, -0.7893802742047933, 0.4799217674724447, 20.561249064917362], [0.0, 0.0, 0.0, 1.0]]}, {"class": "ChocolatePudding", "pose": [[0.9039340649611545, 0.11323733463180859, -0.4124083993186061, -23.413962367328235], [0.3935536516835195, -0.597671765294513, 0.698501283164779, -19.410812971633707], [-0.16738839712260284, -0.7937038380754399, -0.5848207731024971, 51.822365967126316], [0.0, 0.0, 0.0, 1.0]]}, {"class": "CreamCheese", "pose": [[0.9985222894672746, 0.029111312163318796, -0.04589057116022061, -34.98252906785568], [0.05361182163637951, -0.6659299218058143, 0.744085458929999, -17.251888188513774], [-0.008898581852639394, -0.745446102551663, -0.6665065027069946, 48.71931977093254], [0.0, 0.0, 0.0, 1.0]]}, {"class": "Raisins", "pose": [[0.2760380180377217, 0.11078774032890752, -0.9547404174805161, -15.825919662287536], [0.8029815842733288, -0.5724986701642342, 0.16572841139833253, -25.920298018741967], [-0.5282268761996917, -0.8123862153224333, -0.24699190094731988, 52.650482029116496], [0.0, 0.0, 0.0, 1.0]]}, {"class": "BBQSauce", "pose": [[0.709927519397383, 0.11872020855660269, -0.6941963734151918, -8.158613589873065], [0.5952333544370357, -0.6279899313831735, 0.5013242046954525, -19.1025882083565], [-0.3764309620704129, -0.7691125901104402, -0.5164935132676066, 47.065366912622224], [0.0, 0.0, 0.0, 1.0]]}, {"class": "SaladDressing", "pose": [[0.22131601771235715, 0.016927848730000555, -0.9750553029554653, 2.7143828731007513], [0.7910377116594892, -0.5878627364083425, 0.16934225769593936, -15.182048783884388], [-0.5703320073794239, -0.808783571863999, -0.14349400670633272, 45.77998138119486], [0.0, 0.0, 0.0, 1.0]]}, {"class": "Mayo", "pose": [[-0.1953997774843701, 0.9421920793579005, -0.2722006394822488, -9.146981582992343], [0.5872310969876826, 0.33469891132160623, 0.7369778394614808, -8.921223555789034], [0.7854798425193952, -0.015839356279989232, -0.6186845129041979, 45.51209791032123], [0.0, 0.0, 0.0, 1.0]]}, {"class": "Mushrooms", "pose": [[0.7050293183879762, 0.14201646802640086, -0.6948130385959537, 1.9923667697517133], [0.6067900846568643, -0.6279147997549052, 0.4873693217442085, -5.7014410647749365], [-0.3670688648189018, -0.7652152283509049, -0.5288724775402838, 45.36270525864003], [0.0, 0.0, 0.0, 1.0]]}, {"class": "Parmesan", "pose": [[0.9886024972171663, 0.08902777839060587, -0.1214056537030669, -29.559773348276195], [0.15020949987726784, -0.6374872989149973, 0.75567658970966, -7.4868646762552675], [-0.010118335906475005, -0.7652999522367911, -0.6435942798875813, 39.107219293355584], [0.0, 0.0, 0.0, 1.0]]}, {"class": "Mustard", "pose": [[0.9159550885078968, 0.039086556757386724, -0.39937287401323407, -26.11064189604486], [0.3482004281621942, -0.5721024594538159, 0.7426003609486697, -2.5114040656518797], [-0.19945647281974183, -0.8192502856153244, -0.5376300583939456, 32.179379358401775], [0.0, 0.0, 0.0, 1.0]]}, {"class": "Milk", "pose": [[0.07501787780049836, -0.5693288381689752, -0.8186801375505115, -19.43053790452388], [-0.5712288667473763, -0.6974748822880769, 0.4326966936992687, -4.215043662320838], [-0.8173554386181607, 0.4351936783876525, -0.3775401223339065, 39.693904105726276], [0.0, 0.0, 0.0, 1.0]]}, {"class": "AlphabetSoup", "pose": [[0.9971394567633551, 0.07395964020790718, 0.015590091925568718, -3.5294914450503923], [0.030794645112389215, -0.5858815898447318, 0.8098114045133893, 3.7533164124350744], [0.06902731718327908, -0.8070147140100573, -0.586483141763603, 35.37215201113237], [0.0, 0.0, 0.0, 1.0]]}, {"class": "Yogurt", "pose": [[0.9811085872270889, 0.09267724780899805, -0.16981473254128268, 5.502875828348791], [0.19039498989534595, -0.6181518276014303, 0.7626520335135165, 4.584590236292621], [-0.03429077468448394, -0.7805762376035029, -0.6241192792883924, 37.61109245033533], [0.0, 0.0, 0.0, 1.0]]}, {"class": "Cherries", "pose": [[0.8645497557123698, 0.08908367350743022, 0.49458871256060044, -35.77028603587298], [-0.35076123724789393, -0.5978233139491134, 0.7208147460407301, 2.5117095564968253], [0.3598894612991042, -0.7966626636872778, -0.4856008346900705, 34.099811224872454], [0.0, 0.0, 0.0, 1.0]]}, {"class": "Cookies", "pose": [[0.7422297833729395, 0.06093397319982408, 0.6673695941264425, -47.00752170114474], [-0.4851699240681157, -0.6381066928259659, 0.5978545406007925, 0.7449089336724758], [0.4622826155573705, -0.7675330077284029, -0.4440583971956736, 26.774988053803934], [0.0, 0.0, 0.0, 1.0]]}, {"class": "TomatoSauce", "pose": [[0.4522250619713104, 0.09046020450653092, -0.8873046941755299, -15.60771950626898], [0.74113335451555, -0.5915814752140534, 0.31741576421883827, 9.50058726809343], [-0.49619945869828336, -0.8011543699004766, -0.33457102010793294, 29.74426342696072], [0.0, 0.0, 0.0, 1.0]]}, {"class": "PeasAndCarrots", "pose": [[0.9757614026925808, 0.09283748821482561, 0.19816927455490896, -6.067928769920594], [-0.1075283604528643, -0.585299816590128, 0.8036552959848008, 14.348932485568659], [0.1905977736156961, -0.8054845373094445, -0.5611302376162702, 29.054786372132508], [0.0, 0.0, 0.0, 1.0]]}, {"class": "Ketchup", "pose": [[0.9599810684553876, 0.0879032092204442, 0.26591267287635545, -41.96601694453649], [-0.15195164793661273, -0.6340934550758315, 0.7581795600554512, 14.522723799923204], [0.23525989092227592, -0.7682437987023303, -0.5953606001389519, 18.722464388795373], [0.0, 0.0, 0.0, 1.0]]}, {"class": "MacaroniAndCheese", "pose": [[-0.4094061421106011, 0.9071653558449618, 0.09714835838575621, -11.38846380201941], [0.7244865439973713, 0.38797531028666704, -0.5697319234001601, 26.019622413894893], [-0.5545321693573306, -0.16286903547291826, -0.8160684684210853, 20.69306740737679], [0.0, 0.0, 0.0, 1.0]]}, {"class": "Pineapple", "pose": [[0.9915873634703606, 0.07892183961434299, -0.10259639086262305, -30.43330408900944], [0.1294396013431976, -0.6061295862631192, 0.7847626218336027, 23.852865195374605], [-0.00025178088764812666, -0.7914406381958959, -0.6112459795676525, 18.950596561302635], [0.0, 0.0, 0.0, 1.0]]}]}