{"camera": {"camera": "RealSense D415", "extrinsics": [[-0.8968976, -0.43744603, 0.06492815, 0.47212508], [-0.38405374, 0.6976607, -0.6047911, 0.07564622], [0.21926565, -0.5673716, -0.793733, -0.024098052], [0.0, 0.0, 0.0, 1.0]], "height": 480, "intrinsics": [[604.50507, 0.0, 326.28275], [0.0, 602.9669, 245.73769], [0.0, 0.0, 1.0]], "width": 640}, "objects": [{"class": "OrangeJuice", "pose": [[-0.6775111563626357, 0.0805808000296029, 0.7310851281958484, -26.330157459370717], [-0.6089053547898681, -0.6189997967622914, -0.49605804153629257, 10.731826651006124], [0.4125687424346727, -0.78124647241918, 0.46844530519511407, 21.38218198473142], [0.0, 0.0, 0.0, 1.0]]}, {"class": "ChocolatePudding", "pose": [[0.887610338204093, 0.10764991008725795, -0.4478386778403661, -21.926100041227524], [0.41514994854300336, -0.6081129112004325, 0.6766455996401897, -19.001021626773472], [-0.19949561405496877, -0.7865177985018886, -0.5844581032661428, 53.05657923107581], [0.0, 0.0, 0.0, 1.0]]}, {"class": "CreamCheese", "pose": [[0.9960065708435255, 0.026834826261041327, -0.08515221626269427, -33.63230879928143], [0.08074062179871565, -0.6777939219901203, 0.7308053170038952, -17.213826027478312], [-0.038104611426468336, -0.7347621115165995, -0.6772537928491731, 50.247276160205026], [0.0, 0.0, 0.0, 1.0]]}, {"class": "Raisins", "pose": [[0.23874341064541071, 0.1039805722156256, -0.9654997262938481, -14.1396776892734], [0.8008895814529575, -0.5833461536654576, 0.13521539623940584, -25.2850713864786], [-0.5491607148104409, -0.805540419429496, -0.22254699241985348, 53.77762223977193], [0.0, 0.0, 0.0, 1.0]]}, {"class": "BBQSauce", "pose": [[0.6823114323824248, 0.11465815821688753, -0.7220143440354511, -6.823837281793821], [0.6077682423040308, -0.637835929377671, 0.47305723850074277, -18.358711235429947], [-0.4062867694056986, -0.7615897182532791, -0.5048882885526823, 47.86439378737327], [0.0, 0.0, 0.0, 1.0]]}, {"class": "SaladDressing", "pose": [[0.1832221285948476, 0.010721661466118129, -0.9830131202415224, 3.895749691055783], [0.7867203025943679, -0.6012065774006321, 0.14007810975454946, -14.165264592967707], [-0.5894920188278481, -0.7990217531265228, -0.11858928969252636, 46.20597591374226], [0.0, 0.0, 0.0, 1.0]]}, {"class": "Mayo", "pose": [[-0.18968730374406145, 0.9317030704202865, -0.30975508448790273, -8.138131606515909], [0.5952868300006492, 0.36001777672087365, 0.7183459128644746, -8.236852655907105], [0.7808023940136245, -0.048132004558303215, -0.6229213060256312, 46.17019485959092], [0.0, 0.0, 0.0, 1.0]]}, {"class": "Mushrooms", "pose": [[0.6773564632904145, 0.1380429240009371, -0.7225873440424773, 2.8987845600611184], [0.6193483128580679, -0.6370555962125772, 0.4588767751264603, -4.716681041036259], [-0.39698357072938395, -0.7583563694616033, -0.5170103319362681, 45.65128842486984], [0.0, 0.0, 0.0, 1.0]]}, {"class": "Parmesan", "pose": [[0.983371871264841, 0.08535944963347634, -0.16029230849216167, -28.75361074988424], [0.17699481402858588, -0.6480739208779078, 0.7407247052321678, -7.473385177656587], [-0.04065339914308229, -0.756778715036628, -0.6524057782289424, 40.32374082378286], [0.0, 0.0, 0.0, 1.0]]}, {"class": "Mustard", "pose": [[0.8999900399102295, 0.03213261739489943, -0.43472464843866726, -25.63883952515672], [0.3695897017907756, -0.5850311816332742, 0.7219016753709162, -2.527118672322315], [-0.2311308535130771, -0.8103740337266181, -0.5383980645181128, 33.218860158330585], [0.0, 0.0, 0.0, 1.0]]}, {"class": "Milk", "pose": [[0.0680645645240995, -0.5373375047863549, -0.8406162727454823, -18.706944109860512], [-0.583142155589947, -0.7050845365856939, 0.4034861617180999, -3.915984422639834], [-0.8095137452293208, 0.46273562023925596, -0.3613353897800143, 40.56829096776023], [0.0, 0.0, 0.0, 1.0]]}, {"class": "AlphabetSoup", "pose": [[0.9974330408872859, 0.0677033538318766, -0.02331698575385882, -3.160550968272391], [0.05925774336416233, -0.5976356235010252, 0.7995750380235022, 4.407686245004419], [0.04019885394128325, -0.7989042374727544, -0.6001134004092638, 35.66505402474929], [0.0, 0.0, 0.0, 1.0]]}, {"class": "Yogurt", "pose": [[0.9740911919229499, 0.088041904886469, -0.20831483336642018, 5.904104107489139], [0.2165322630078938, -0.6289154376828872, 0.7467122681308928, 5.524660735674079], [-0.06527042874623101, -0.7724726921454745, -0.6316848366722869, 37.63277328333519], [0.0, 0.0, 0.0, 1.0]]}, {"class": "Cherries", "pose": [[0.8836775361756892, 0.08343670880909534, 0.4606000702127138, -35.37723440072066], [-0.3206472592888853, -0.608976692375826, 0.7254879622088026, 2.2626510634017833], [0.3410270062294203, -0.7887875299928143, -0.5113852123506489, 35.328413999612316], [0.0, 0.0, 0.0, 1.0]]}, {"class": "Cookies", "pose": [[0.7680490259909716, 0.0572424253712477, 0.6378276376971489, -46.76083996652254], [-0.4565438070244993, -0.6495004073026069, 0.6080436112958363, 0.06156481336542924], [0.4490751606660613, -0.758203529656897, -0.4727144270587264, 28.355694340808224], [0.0, 0.0, 0.0, 1.0]]}, {"class": "TomatoSauce", "pose": [[0.4174082210298046, 0.08451317977867696, -0.9047806344406465, -15.546311037267557], [0.7444521221958399, -0.6027788859482887, 0.2871388383159044, 9.723329591546163], [-0.5211155867957858, -0.7934199394951119, -0.314520852521644, 30.286884020649897], [0.0, 0.0, 0.0, 1.0]]}, {"class": "PeasAndCarrots", "pose": [[0.9833118185594008, 0.08659302295344798, 0.15999879016910026, -6.168099633770052], [-0.07745530361739035, -0.5965110877703336, 0.798858722281323, 14.81802754287591], [0.16461663494378106, -0.7979199417188757, -0.5798492493467736, 29.24638649610326], [0.0, 0.0, 0.0, 1.0]]}, {"class": "Ketchup", "pose": [[0.9700256835810025, 0.08405919658579328, 0.22800070539572137, -42.3312917468716], [-0.12150730947876151, -0.644764005618681, 0.7546624482893934, 13.829476485283923], [0.21044295359387682, -0.7597456774796189, -0.6152237728620409, 19.934780121077896], [0.0, 0.0, 0.0, 1.0]]}, {"class": "MacaroniAndCheese", "pose": [[-0.4447173231881183, 0.8911204151686516, 0.09017208617101169, -12.042520003497536], [0.703227951351849, 0.4097418094488082, -0.5810182080481254, 26.19109669536539], [-0.5547044035683117, -0.19497730112176054, -0.8088800273032354, 20.845439258337255], [0.0, 0.0, 0.0, 1.0]]}, {"class": "Pineapple", "pose": [[0.987207660187157, 0.07365958302036411, -0.1414050865260947, -31.060857372863648], [0.1564897056084606, -0.6174654007841796, 0.7708745104940014, 23.474138509688668], [-0.03053044217381161, -0.7831416277299786, -0.6210934751532943, 19.680133486866687], [0.0, 0.0, 0.0, 1.0]]}]}