{"camera": {"camera": "RealSense D415", "extrinsics": [[-0.8478024, -0.5226706, 0.089702316, 0.45809928], [-0.44812387, 0.61563504, -0.6482118, 0.12084853], [0.28357738, -0.5897532, -0.75615805, -0.058387026], [0.0, 0.0, 0.0, 1.0]], "height": 480, "intrinsics": [[604.50507, 0.0, 326.28275], [0.0, 602.9669, 245.73769], [0.0, 0.0, 1.0]], "width": 640}, "objects": [{"class": "OrangeJuice", "pose": [[-0.6009398646971651, 0.10709272526636526, 0.7920874284297574, -26.711237558178734], [-0.6387425912814213, -0.6600771172767825, -0.3953558000899896, 10.167320318653513], [0.48049899097649473, -0.7435250089846465, 0.4650712088025455, 21.02422985914184], [0.0, 0.0, 0.0, 1.0]]}, {"class": "ChocolatePudding", "pose": [[0.8364417732064907, 0.1327989160864023, -0.5317233067913688, -18.306163208137715], [0.47950528722639957, -0.6471619231560879, 0.592668737215799, -16.857001330850064], [-0.2654052968700491, -0.7506969976273978, -0.6049909046577817, 54.276989215355556], [0.0, 0.0, 0.0, 1.0]]}, {"class": "CreamCheese", "pose": [[0.9818472302639287, 0.06094250512177324, -0.17961652083320606, -30.22973815794855], [0.16784128050080022, -0.7202504485638465, 0.6731037834075505, -16.32899512109645], [-0.08834828574828761, -0.6910321312909816, -0.7174044344028636, 51.895574304894446], [0.0, 0.0, 0.0, 1.0]]}, {"class": "Raisins", "pose": [[0.1411283836593849, 0.12608727314704032, -0.9819291450709284, -9.945064962663619], [0.7806401212627366, -0.6241584988850177, 0.03205115721203391, -22.34793089577411], [-0.6088380601114662, -0.7710565816817762, -0.1865151816261389, 55.03809343248325], [0.0, 0.0, 0.0, 1.0]]}, {"class": "BBQSauce", "pose": [[0.6060693920462416, 0.14352769422362258, -0.7823552646203901, -3.546363452755336], [0.6384678742592612, -0.6743924281242224, 0.37088237186701817, -15.199257480886002], [-0.47438251059016817, -0.724289133201041, -0.5003662995697895, 48.373609441503774], [0.0, 0.0, 0.0, 1.0]]}, {"class": "SaladDressing", "pose": [[0.08562336108989463, 0.03523155887472293, -0.9957044965041711, 6.66142013214282], [0.7588343916812584, -0.6499113276530282, 0.04225801136055605, -10.173106363485417], [-0.6456306916976304, -0.7591930534221139, -0.08238243833344616, 45.968645120813264], [0.0, 0.0, 0.0, 1.0]]}, {"class": "Mayo", "pose": [[-0.2134432112768382, 0.8914233535418258, -0.399758011031385, -5.865072956076512], [0.6266081383104322, 0.43884985835286366, 0.6440288426467686, -5.374180626931056], [0.7495360718778767, -0.1130280472325728, -0.6522425055642918, 46.10619899816317], [0.0, 0.0, 0.0, 1.0]]}, {"class": "Mushrooms", "pose": [[0.6004265888629986, 0.1668469453963035, -0.7820806066269377, 4.766180815916476], [0.65014864263607, -0.6712836173260524, 0.3559285812101295, -0.9120000838745825], [-0.4656122375766542, -0.722177606985316, -0.5115317162795823, 44.86531945200794], [0.0, 0.0, 0.0, 1.0]]}, {"class": "Parmesan", "pose": [[0.9601968049552689, 0.11552467189090043, -0.2543151843714572, -26.67641215842157], [0.2621689331689053, -0.6868955143106031, 0.6778215917445999, -6.873273912979581], [-0.09638286999307462, -0.7175156441453717, -0.6898417147075584, 41.166285397353036], [0.0, 0.0, 0.0, 1.0]]}, {"class": "Mustard", "pose": [[0.8517602341064724, 0.054575378304892376, -0.5210816622578991, -24.319452053901458], [0.4332373255532203, -0.6326606204310169, 0.6419081448598869, -2.1521992598781416], [-0.29463545390897156, -0.7725038204353073, -0.5625191065953385, 33.62951744234811], [0.0, 0.0, 0.0, 1.0]]}, {"class": "Milk", "pose": [[0.09018020667081386, -0.4505347416134575, -0.8881925714549725, -17.00366568914793], [-0.6274731980082752, -0.7182617285398232, 0.300628645392257, -2.412627913532113], [-0.7733983453284803, 0.5302061939768697, -0.3474713511699087, 40.72921397298642], [0.0, 0.0, 0.0, 1.0]]}, {"class": "AlphabetSoup", "pose": [[0.988360083289193, 0.09159163592571873, -0.12147174590299518, -2.507261505233971], [0.15186696673903047, -0.6411968370135932, 0.7521988752659629, 6.937180823283826], [-0.008992221085721458, -0.761890855609614, -0.6476429669737073, 34.609498149145736], [0.0, 0.0, 0.0, 1.0]]}, {"class": "Yogurt", "pose": [[0.9463039073774915, 0.11578671235506655, -0.30183177299249253, 6.484194423319989], [0.2989665667119693, -0.6686668220263903, 0.6808111195065175, 8.999396311348262], [-0.12299603221562616, -0.7344918050667442, -0.6673782382735609, 36.08885908459477], [0.0, 0.0, 0.0, 1.0]]}, {"class": "Cherries", "pose": [[0.922502521440059, 0.10870129535140319, 0.3703689962582609, -34.371391146954466], [-0.21577808270091986, -0.6503641279264507, 0.728331262178489, 1.866769597578051], [0.32004515313267956, -0.7518049075648654, -0.576507094049825, 35.873365264609426], [0.0, 0.0, 0.0, 1.0]]}, {"class": "Cookies", "pose": [[0.8244104215789562, 0.08762914248690626, 0.5591678256505015, -45.76619747607038], [-0.35404354861384546, -0.6909536755272747, 0.6302668413413444, -1.8177012103473513], [0.44158868138965124, -0.7175682891006341, -0.538604804581104, 29.57788022878704], [0.0, 0.0, 0.0, 1.0]]}, {"class": "TomatoSauce", "pose": [[0.3252461173149027, 0.10901122650549733, -0.9393250676581772, -15.537437395663733], [0.7426133011068167, -0.6444184487215966, 0.18234707373746564, 10.737680079830733], [-0.585440423280456, -0.7568629359070227, -0.29054768216510196, 29.47544219174047], [0.0, 0.0, 0.0, 1.0]]}, {"class": "PeasAndCarrots", "pose": [[0.99197518759651, 0.11031806298221178, 0.061767460984024816, -6.723833187832584], [0.023075365807518636, -0.6383035253255003, 0.7694389153038836, 16.57929353577769], [0.12430932665039922, -0.7618389735234644, -0.635726763869942, 27.690681803174392], [0.0, 0.0, 0.0, 1.0]]}, {"class": "Ketchup", "pose": [[0.9846753469496189, 0.11380524337255139, 0.132147246487592, -42.97617320029481], [-0.018830949704082795, -0.6839230087855386, 0.7293111960755206, 11.699827095000613], [0.17337790021350577, -0.720623189354392, -0.6712989432841147, 20.113194585744175], [0.0, 0.0, 0.0, 1.0]]}, {"class": "MacaroniAndCheese", "pose": [[-0.529924113623387, 0.8406166236313105, 0.11200086133086078, -13.960559670485962], [0.6213567733084692, 0.4747518203688613, -0.6233190007165427, 26.785759090088767], [-0.5771447834544002, -0.260719261248763, -0.7739052360059229, 18.865192814383796], [0.0, 0.0, 0.0, 1.0]]}, {"class": "Pineapple", "pose": [[0.9663253123998081, 0.0999891824002993, -0.23710255393399723, -32.67356786364384], [0.24281924759440543, -0.6593059256625028, 0.7115859868758843, 22.28638408290889], [-0.08517224844649578, -0.7451965855564051, -0.661383160914877, 18.73908080520271], [0.0, 0.0, 0.0, 1.0]]}]}