{"camera": {"camera": "RealSense D415", "extrinsics": [[-0.81135, -0.57673943, 0.09530401, 0.4836276], [-0.48993918, 0.5819897, -0.6490359, 0.12663934], [0.31885862, -0.5732884, -0.75476456, -0.10276114], [0.0, 0.0, 0.0, 1.0]], "height": 480, "intrinsics": [[604.50507, 0.0, 326.28275], [0.0, 602.9669, 245.73769], [0.0, 0.0, 1.0]], "width": 640}, "objects": [{"class": "OrangeJuice", "pose": [[-0.5473844040646645, 0.1137689475895007, 0.8291122248416529, -22.88048413821196], [-0.6655137558069508, -0.6598543403034052, -0.34883200430757016, 7.13948090931282], [0.5074069554169897, -0.7427307200271385, 0.4369086795339585, 19.363290478532257], [0.0, 0.0, 0.0, 1.0]]}, {"class": "ChocolatePudding", "pose": [[0.7990328837613592, 0.13845985634132477, -0.585128583715299, -11.791061727936142], [0.5208301200302332, -0.6456580191777486, 0.558445865913171, -19.11452346006645], [-0.3004705744784615, -0.7509691302360981, -0.5880159304259535, 52.44587281399803], [0.0, 0.0, 0.0, 1.0]]}, {"class": "CreamCheese", "pose": [[0.9674500870326664, 0.07291610653890825, -0.24232975702216109, -23.807683759545988], [0.2188402169373861, -0.7219333772369553, 0.656445911783138, -19.239280342371913], [-0.12708044922094297, -0.6881100916330843, -0.7143913467758344, 50.520564439703804], [0.0, 0.0, 0.0, 1.0]]}, {"class": "Raisins", "pose": [[0.07612584675975673, 0.12976415644537057, -0.98861835901821, -3.1265494903235433], [0.7817493328735501, -0.6232184501148393, -0.021606036262366433, -24.148165545737964], [-0.6189287652974474, -0.7712068897551156, -0.1488860363207286, 52.921514232595456], [0.0, 0.0, 0.0, 1.0]]}, {"class": "BBQSauce", "pose": [[0.55274993111384, 0.15161895777107534, -0.819438433275365, 2.6245854163310045], [0.6655637567749463, -0.6720537593381449, 0.324605463666034, -16.72826466545665], [-0.5014902437474837, -0.7248141041267606, -0.4723896537972546, 45.96940861440655], [0.0, 0.0, 0.0, 1.0]]}, {"class": "SaladDressing", "pose": [[0.02050322173929185, 0.04092512523985748, -0.9989518970666933, 12.451487932475224], [0.7567186244319645, -0.6536440182245272, -0.011247119268958244, -11.189424558255862], [-0.6534190918788992, -0.755694830211385, -0.04437058811450362, 43.14131162351169], [0.0, 0.0, 0.0, 1.0]]}, {"class": "Mayo", "pose": [[-0.21788098369456776, 0.8618503233797739, -0.45797602302434454, -0.29850791215724204], [0.6208527178170902, 0.48445685064249505, 0.616314480974967, -7.059664243177602], [0.7530403855610103, -0.1500524239816868, -0.6406359207077179, 43.72811646350733], [0.0, 0.0, 0.0, 1.0]]}, {"class": "Mushrooms", "pose": [[0.5468303483795535, 0.17480292539808673, -0.8187921885277699, 10.025212839772003], [0.6770043319595216, -0.6676962028924063, 0.30959165357912843, -2.051534026382995], [-0.49258681528942194, -0.7236199051279357, -0.48345878566362005, 42.050672289285], [0.0, 0.0, 0.0, 1.0]]}, {"class": "Parmesan", "pose": [[0.9405175843291856, 0.12459905236345796, -0.3160726029703494, -21.173103508996398], [0.31181615603798774, -0.6859636426307416, 0.6574379382399642, -9.701342541357217], [-0.13489815305792646, -0.7168884212633744, -0.6840127300641046, 39.60080468808423], [0.0, 0.0, 0.0, 1.0]]}, {"class": "Mustard", "pose": [[0.8156720291437398, 0.0588032069512828, -0.5755184309433576, -19.358913646546544], [0.4751885139124962, -0.635508238662647, 0.6085435330790113, -4.927112795124108], [-0.3299623380204573, -0.7698516107758915, -0.5463087844832047, 31.948215509221857], [0.0, 0.0, 0.0, 1.0]]}, {"class": "Milk", "pose": [[0.09402155129047175, -0.39117847794847965, -0.9154995832405233, -11.775219925079078], [-0.6284502638852543, -0.7365246193593648, 0.25016360189854087, -4.738590765390757], [-0.7721465234842428, 0.5518250772223555, -0.3150853305843022, 38.763367905860356], [0.0, 0.0, 0.0, 1.0]]}, {"class": "AlphabetSoup", "pose": [[0.9778142944435025, 0.09659793492205372, -0.18587142109931093, 1.9597524054357662], [0.20391692906015063, -0.641980325993636, 0.739107044949875, 5.312839262454299], [-0.04792958277060629, -0.7606116898094148, -0.6474353616774275, 32.03025090194861], [0.0, 0.0, 0.0, 1.0]]}, {"class": "Yogurt", "pose": [[0.9236838635279845, 0.12324489990792724, -0.36279326831603514, 10.878330624745953], [0.34759589491181064, -0.6678934587864392, 0.6580999151842379, 7.861028945550196], [-0.16119976987439508, -0.7339816553224324, -0.6597616986247884, 33.14972359383936], [0.0, 0.0, 0.0, 1.0]]}, {"class": "Cherries", "pose": [[0.944175625497467, 0.11454228568851288, 0.30888929025857254, -29.518105271859735], [-0.16385420893825287, -0.650141420696345, 0.741935312626991, -1.426996453855092], [0.2858046220938062, -0.7511299770144148, -0.5950793314759133, 34.54984230462298], [0.0, 0.0, 0.0, 1.0]]}, {"class": "Cookies", "pose": [[0.8582739233654689, 0.09697737744432866, 0.5039458317771793, -40.931454351094345], [-0.30606948866958766, -0.6914938312812574, 0.6543377004424089, -5.763848018571077], [0.4119312983427021, -0.7158433639730548, -0.5638092042802391, 28.720840497586842], [0.0, 0.0, 0.0, 1.0]]}, {"class": "TomatoSauce", "pose": [[0.26276312839349497, 0.11434278083686351, -0.9580612754193146, -11.439939298156082], [0.7537300546010639, -0.6442314303205368, 0.129834301295869, 8.373558527226074], [-0.6023674527845905, -0.7562351724240125, -0.2554637957603927, 27.375351038178984], [0.0, 0.0, 0.0, 1.0]]}, {"class": "PeasAndCarrots", "pose": [[0.9933441239071105, 0.11513214814175965, -0.003490070802457117, -3.024095270185639], [0.07664975670270453, -0.638098935090784, 0.7661296500254885, 14.658185338261282], [0.08597911481559231, -0.7612978258834209, -0.6426765494791163, 25.215149332652143], [0.0, 0.0, 0.0, 1.0]]}, {"class": "Ketchup", "pose": [[0.9901555976318365, 0.1226069605526831, 0.06752456096191471, -39.22680370886596], [0.034839562405442705, -0.6831132337127045, 0.7294810426822084, 7.8005042342221955], [0.13556633849166608, -0.7199471466661962, -0.6806598335474509, 19.067313262868243], [0.0, 0.0, 0.0, 1.0]]}, {"class": "MacaroniAndCheese", "pose": [[-0.583803131670452, 0.8036299446030718, 0.11555499218884335, -11.124114548501812], [0.5874275550641948, 0.5163449482829402, -0.6231507351746799, 24.39070378712995], [-0.5604487075535903, -0.2959171116373721, -0.7735180956974339, 16.607060524197497], [0.0, 0.0, 0.0, 1.0]]}, {"class": "Pineapple", "pose": [[0.9480892692487548, 0.10657604972839577, -0.2996137910550504, -29.562229940127466], [0.2929154258773472, -0.6594748704582615, 0.6923102811109373, 18.905635045628216], [-0.12380405683719671, -0.7441333798549911, -0.6564586838681613, 17.229071441191866], [0.0, 0.0, 0.0, 1.0]]}]}