{"camera": {"camera": "RealSense D415", "extrinsics": [[-0.81092566, -0.5783957, 0.088644706, 0.48746192], [-0.48919582, 0.5870018, -0.6450708, 0.12046328], [0.3210716, -0.5664691, -0.75896364, -0.10448254], [0.0, 0.0, 0.0, 1.0]], "height": 480, "intrinsics": [[604.50507, 0.0, 326.28275], [0.0, 602.9669, 245.73769], [0.0, 0.0, 1.0]], "width": 640}, "objects": [{"class": "OrangeJuice", "pose": [[-0.5463672095379702, 0.1071486636842814, 0.8306636055358403, -22.33163924044259], [-0.6666506058377838, -0.6560142907501195, -0.35386761151183665, 6.577134611372935], [0.5070107272740588, -0.7471040703649051, 0.42985536680778264, 19.595761772501007], [0.0, 0.0, 0.0, 1.0]]}, {"class": "ChocolatePudding", "pose": [[0.7988185212888785, 0.13183336440722307, -0.5869488252176324, -11.12301889597882], [0.5200209919579577, -0.6418488236132248, 0.5635674954774624, -19.897104029378603], [-0.30243540644128586, -0.7554138786224093, -0.5812767867510065, 52.461958107228035], [0.0, 0.0, 0.0, 1.0]]}, {"class": "CreamCheese", "pose": [[0.9673399667899328, 0.06643501242840832, -0.24462168163089573, -23.151514649517768], [0.21653654285258697, -0.7182722119758509, 0.6612087578988407, -19.97357791240709], [-0.13177756018600506, -0.6925832092116538, -0.7091989698594775, 50.60966191226447], [0.0, 0.0, 0.0, 1.0]]}, {"class": "Raisins", "pose": [[0.07480448894706092, 0.12308488834680019, -0.9895728310960559, -2.471662892210802], [0.7849799401354843, -0.6192687043335109, -0.017687052534156956, -24.960317170846402], [-0.6149884443580124, -0.7754717638965617, -0.14294321461860734, 52.85624318549152], [0.0, 0.0, 0.0, 1.0]]}, {"class": "BBQSauce", "pose": [[0.5517689240986307, 0.14506883367271295, -0.8212831894330461, 3.2602259860536167], [0.666650581686999, -0.66843224835179, 0.3298111546159664, -17.51935604135188], [-0.5011268225547885, -0.7294884791028068, -0.4655303131619354, 45.91075542566975], [0.0, 0.0, 0.0, 1.0]]}, {"class": "SaladDressing", "pose": [[0.01889355718487194, 0.034246908748324284, -0.9992347932730983, 13.087061888024992], [0.7603172134723399, -0.6495041465150486, -0.007884476316234209, -11.995330800564389], [-0.649277109630455, -0.7595864600474118, -0.03830992720959822, 43.05360259614841], [0.0, 0.0, 0.0, 1.0]]}, {"class": "Mayo", "pose": [[-0.21131809514286243, 0.8624390950645114, -0.4599385386319987, 0.35396429508930405], [0.6172798456963483, 0.48260602786336265, 0.6213349180405049, -7.829231298094433], [0.7578326517572167, -0.15261147867511035, -0.6343495995170618, 43.74169496140898], [0.0, 0.0, 0.0, 1.0]]}, {"class": "Mushrooms", "pose": [[0.5459399320333911, 0.16827327697071495, -0.8207519017451941, 10.68296643658151], [0.6780592468969615, -0.664153743522867, 0.3148579506244806, -2.843930106343959], [-0.4921232416759257, -0.7284119622788962, -0.47668724978923177, 42.02913322343541], [0.0, 0.0, 0.0, 1.0]]}, {"class": "Parmesan", "pose": [[0.9406532300061415, 0.11805418279229182, -0.3181740092366117, -20.55368055305963], [0.3096384827748805, -0.6823022662759509, 0.6622595366085224, -10.382578604862822], [-0.13890834975206454, -0.7214755069185507, -0.6783638914226022, 39.72763905494842], [0.0, 0.0, 0.0, 1.0]]}, {"class": "Mustard", "pose": [[0.8151332625534488, 0.052095187070593005, -0.5769262042172183, -18.771258692303295], [0.47449449583173836, -0.631344759421119, 0.613399408694068, -5.571023596908215], [-0.3322841729740537, -0.7737505812282394, -0.5393489337526715, 32.09097811896487], [0.0, 0.0, 0.0, 1.0]]}, {"class": "Milk", "pose": [[0.08732090678044045, -0.39011725170403383, -0.9166152838085193, -11.145503271173407], [-0.6243837497590444, -0.738396755691366, 0.25478467503101704, -5.444498548288449], [-0.7762216612285482, 0.5500716229462118, -0.30806029956673797, 38.86047530792098], [0.0, 0.0, 0.0, 1.0]]}, {"class": "AlphabetSoup", "pose": [[0.9781406091684213, 0.08992509538148122, -0.18749510731136457, 2.5796620682847715], [0.20113572426926396, -0.6379864899186127, 0.743315360740895, 4.601827621839186], [-0.0527766595597168, -0.7647789172080156, -0.6421275869327585, 32.09980106037871], [0.0, 0.0, 0.0, 1.0]]}, {"class": "Yogurt", "pose": [[0.9237718950336009, 0.11665253154626767, -0.36474328256914945, 11.512897504735713], [0.34561798690838186, -0.6641320181154741, 0.6629305665366683, 7.115873467150252], [-0.1649051712647241, -0.7384584807036052, -0.6538236479872169, 33.178871376488644], [0.0, 0.0, 0.0, 1.0]]}, {"class": "Cherries", "pose": [[0.9453836107962127, 0.10790125387667637, 0.3075827322838429, -28.90328441798874], [-0.1684015977582169, -0.6462567018793548, 0.7443072239054634, -2.053969320161106], [0.2790890415417554, -0.7554532888383066, -0.5927897107532517, 34.774412601341005], [0.0, 0.0, 0.0, 1.0]]}, {"class": "Cookies", "pose": [[0.8598066895641016, 0.09042212745188315, 0.5025497834019386, -40.36564645549993], [-0.3110562470136722, -0.6877521564618377, 0.6559276247309774, -6.322356267813209], [0.4049400180677121, -0.7202922258512215, -0.5632075079807164, 28.991230939325476], [0.0, 0.0, 0.0, 1.0]]}, {"class": "TomatoSauce", "pose": [[0.26145028305913554, 0.10768917395339524, -0.959190690452619, -10.838515996794795], [0.756286472042061, -0.6403174747180883, 0.13425487025126198, 7.730438519374861], [-0.5997287224681003, -0.7605239311203724, -0.24885500907200878, 27.54435401722966], [0.0, 0.0, 0.0, 1.0]]}, {"class": "PeasAndCarrots", "pose": [[0.9940874616617004, 0.10846690367104132, -0.005003870946894941, -2.4162741492478323], [0.07306901578103035, -0.6341590680183284, 0.7697423346758814, 14.000872127734985], [0.0803182889084564, -0.7655568451421448, -0.6383350963428674, 25.367905107895783], [0.0, 0.0, 0.0, 1.0]]}, {"class": "Ketchup", "pose": [[0.9910703256673121, 0.1160524258739656, 0.06566150607390289, -38.67729754058029], [0.030990492311594637, -0.67942849141138, 0.7330870213379174, 7.290744001069305], [0.12968879350485815, -0.7245059275383718, -0.6769578891639055, 19.403683894485933], [0.0, 0.0, 0.0, 1.0]]}, {"class": "MacaroniAndCheese", "pose": [[-0.585363639574848, 0.803429169876994, 0.108862150465119, -10.538045378625993], [0.5923892768317088, 0.5154959572763659, -0.619143706368633, 23.806883553323058], [-0.5535560535585756, -0.29793543570622066, -0.7776954272846369, 16.86435365884365], [0.0, 0.0, 0.0, 1.0]]}, {"class": "Pineapple", "pose": [[0.9482329889086105, 0.09994856011302006, -0.30143734577224374, -28.989202046706673], [0.2906521017787538, -0.6556045206636053, 0.6969247697035864, 18.375878547504055], [-0.1279670712989595, -0.7484604702930622, -0.6507160355885576, 17.56857324009867], [0.0, 0.0, 0.0, 1.0]]}]}