{"camera": {"camera": "RealSense D415", "extrinsics": [[-0.8166929, -0.57185733, 0.07740736, 0.4892003], [-0.48118195, 0.6007845, -0.63837445, 0.107787475], [0.31855395, -0.55860287, -0.76582384, -0.10300908], [0.0, 0.0, 0.0, 1.0]], "height": 480, "intrinsics": [[604.50507, 0.0, 326.28275], [0.0, 602.9669, 245.73769], [0.0, 0.0, 1.0]], "width": 640}, "objects": [{"class": "OrangeJuice", "pose": [[-0.5540764319148217, 0.09579250401111393, 0.826936028913097, -22.137353992227332], [-0.6641997451276677, -0.6496954345133555, -0.36977645764469236, 5.986756522321861], [0.5018346653767599, -0.7541350562041946, 0.42360619821102796, 19.906680948050074], [0.0, 0.0, 0.0, 1.0]]}, {"class": "ChocolatePudding", "pose": [[0.8050711189336277, 0.12064701864056529, -0.5807795472421883, -11.200356935812788], [0.511978258610595, -0.6357889024962066, 0.5776251568761054, -20.9781370267216], [-0.2995643909873402, -0.7623757676792619, -0.5736238227624002, 52.46404457147346], [0.0, 0.0, 0.0, 1.0]]}, {"class": "CreamCheese", "pose": [[0.9698620062960105, 0.05437917569091063, -0.2375093390530084, -23.234207651040713], [0.20443999189393658, -0.7119415455072706, 0.6718211169489543, -20.8685714425454], [-0.1325596792102189, -0.7001301290104305, -0.7016022088279313, 50.64855374247943], [0.0, 0.0, 0.0, 1.0]]}, {"class": "Raisins", "pose": [[0.08388608938988214, 0.11215383923929173, -0.9901437938468849, -2.619123543229823], [0.790169201163035, -0.6128838252749311, -0.0024774852478922833, -26.164715058009246], [-0.6071208628554468, -0.7821732353982512, -0.14003290058054324, 52.77932516689461], [0.0, 0.0, 0.0, 1.0]]}, {"class": "BBQSauce", "pose": [[0.5594950944111119, 0.13358850437123979, -0.8179972145261248, 3.195025757039244], [0.6640640591795917, -0.6628194858724623, 0.34596147493196894, -18.732752537486743], [-0.4959679335848476, -0.7367662385946895, -0.4595554852847695, 45.892827441614955], [0.0, 0.0, 0.0, 1.0]]}, {"class": "SaladDressing", "pose": [[0.027535846077644012, 0.022951550218168602, -0.999357341327976, 13.089202589039079], [0.7666397797737912, -0.642045834761876, 0.006378229906513305, -13.316442807077847], [-0.6414867112725086, -0.7663226550544664, -0.03527482308633332, 43.06197237606624], [0.0, 0.0, 0.0, 1.0]]}, {"class": "Mayo", "pose": [[-0.2004582333055869, 0.8686103499823538, -0.4531364570924301, 0.41738116817541804], [0.6123016465220349, 0.47214033737203315, 0.6341689705244523, -8.98136892253053], [0.7647896663346881, -0.15033178248522724, -0.62649584753229, 43.832509341891736], [0.0, 0.0, 0.0, 1.0]]}, {"class": "Mushrooms", "pose": [[0.5538521358844203, 0.1568533090302869, -0.8177071255438946, 10.809583938203343], [0.6754590196452558, -0.658874732861617, 0.3311182369786028, -4.122479659854231], [-0.4868294896878832, -0.7357181363836897, -0.47086706966941033, 42.13907937109296], [0.0, 0.0, 0.0, 1.0]]}, {"class": "Parmesan", "pose": [[0.9444516487561683, 0.10640750173306442, -0.3109479359626458, -20.535597401131238], [0.297971908917702, -0.6763952179529014, 0.6735743005116852, -11.202788988083068], [-0.13865032458474522, -0.728812049704607, -0.6705289026064636, 39.85760501107093], [0.0, 0.0, 0.0, 1.0]]}, {"class": "Mustard", "pose": [[0.820662269977009, 0.041008475550041106, -0.5699402036284033, -18.709141267645318], [0.4665401122977638, -0.6239907140587042, 0.6268779786123544, -6.337902429672443], [-0.32993003605483495, -0.7803550022682658, -0.5312176270385418, 32.26526600270028], [0.0, 0.0, 0.0, 1.0]]}, {"class": "Milk", "pose": [[0.07632010232612903, -0.3987121007560182, -0.9138949583154485, -11.062269579587442], [-0.6174940758464611, -0.7385476836738573, 0.27064455087424255, -6.387057340624033], [-0.7828641928021215, 0.5436690067267801, -0.302568326639968, 39.01190865343537], [0.0, 0.0, 0.0, 1.0]]}, {"class": "AlphabetSoup", "pose": [[0.9806822485344501, 0.07876885984170912, -0.17904716214281474, 2.781133622595461], [0.18807656492198485, -0.6312489722184589, 0.7524307466363271, 3.5370520418245373], [-0.053755227891536736, -0.7715699845978825, -0.6338691188839091, 32.31207307293268], [0.0, 0.0, 0.0, 1.0]]}, {"class": "Yogurt", "pose": [[0.9279951363543799, 0.10520821343118715, -0.3574302041965384, 11.751640241398048], [0.3344484971636107, -0.6580330268596851, 0.6746382927097311, 5.915623822603011], [-0.16422337061914216, -0.745602987024892, -0.6458380569575936, 33.38907300573729], [0.0, 0.0, 0.0, 1.0]]}, {"class": "Cherries", "pose": [[0.9437756736332622, 0.09665590453875939, 0.3161411174121751, -28.783248180874782], [-0.18437471480936482, -0.6398636113807371, 0.7460433037385836, -2.708456998728259], [0.2743966261597153, -0.762385884720542, -0.5860667025721149, 35.01625573695413], [0.0, 0.0, 0.0, 1.0]]}, {"class": "Cookies", "pose": [[0.856597517307119, 0.07870595969554796, 0.5099472103996906, -40.321012022427766], [-0.3271188645263104, -0.681473053343595, 0.6546661849530573, -6.757480071341998], [0.3990413307173372, -0.7275987219739837, -0.5580018294717982, 29.22527242256303], [0.0, 0.0, 0.0, 1.0]]}, {"class": "TomatoSauce", "pose": [[0.2701593105486722, 0.09651137386967704, -0.9579663844730651, -10.60571902238287], [0.7587325248748262, -0.6338700166615286, 0.15011277546564591, 6.898395429698281], [-0.5927384721258344, -0.7673945514536059, -0.244472148912634, 27.830848381598695], [0.0, 0.0, 0.0, 1.0]]}, {"class": "PeasAndCarrots", "pose": [[0.9952420331199108, 0.09735971335293533, 0.0038044539586648248, -2.1035891248487317], [0.058434604361457615, -0.6276713999060523, 0.7762822285976352, 13.073470726707114], [0.07796653628097143, -0.7723663246891878, -0.6303740201175606, 25.69270401249598], [0.0, 0.0, 0.0, 1.0]]}, {"class": "Ketchup", "pose": [[0.9917867555333383, 0.10443690608282477, 0.07383804127442187, -38.472005905272525], [0.01589489787388524, -0.673462830472779, 0.7390502390748448, 6.929068118707993], [0.12691126261582555, -0.731806531081675, -0.6695914112503024, 19.772883849432407], [0.0, 0.0, 0.0, 1.0]]}, {"class": "MacaroniAndCheese", "pose": [[-0.5787112411203169, 0.8096317457602895, 0.09792766616677373, -10.113438277293035], [0.6061346444238528, 0.5073434938595209, -0.6125385373598943, 23.078450127344734], [-0.5456135010276597, -0.2951255400682191, -0.7843511641022104, 17.31570399821237], [0.0, 0.0, 0.0, 1.0]]}, {"class": "Pineapple", "pose": [[0.9517991056835453, 0.08859479457699032, -0.29364862835812233, -28.636171485137556], [0.2787703045026027, -0.6491718168612055, 0.7077168623143453, 17.897036912242953], [-0.12792837217066017, -0.7554647301484084, -0.6425786322531024, 18.021581589628326], [0.0, 0.0, 0.0, 1.0]]}]}