{"camera": {"camera": "RealSense D415", "extrinsics": [[-0.98836297, -0.06120583, 0.13925672, 0.63530314], [-0.13833068, 0.7424402, -0.6554747, -0.20412903], [-0.06327092, -0.66711044, -0.7422671, 0.20176308], [0.0, 0.0, 0.0, 1.0]], "height": 480, "intrinsics": [[603.75165, 0.0, 326.28275], [0.0, 603.20245, 245.73769], [0.0, 0.0, 1.0]], "width": 640}, "objects": [{"class": "ChocolatePudding", "pose": [[0.8668533049670624, 0.11418213175443989, 0.4853119391034361, 11.533609590882676], [-0.2664770075241761, -0.7165993816499457, 0.6445736897720571, 6.081603549113157], [0.4213730712157899, -0.6880753634432483, -0.5907596969685047, 39.071165456297216], [0.0, 0.0, 0.0, 1.0]]}, {"class": "MacaroniAndCheese", "pose": [[0.17170156933583466, 0.9727218488216878, 0.15598290192573686, 4.593823529478058], [-0.6311094787027204, 0.23018633372801373, -0.7407529875221056, -3.4495025927979013], [-0.7564518127347614, 0.028746156021379945, 0.653417404122352, 40.76672708153466], [0.0, 0.0, 0.0, 1.0]]}, {"class": "Milk", "pose": [[0.2622392536560858, 0.9509528270444615, 0.16407066879454962, -4.677375583024467], [0.7324392100615107, -0.08544363276339582, -0.6754495540387551, -12.646332734560861], [-0.6283019396357483, 0.2973012011274683, -0.7189218726286095, 50.18683122298518], [0.0, 0.0, 0.0, 1.0]]}, {"class": "Ketchup", "pose": [[0.7620319410571411, 0.13887734700836651, 0.6324715749164128, -8.735840803614503], [-0.3832071248497752, -0.6906175099518725, 0.6133511761452263, -2.9684849500816513], [0.5219765778030063, -0.7097608605514137, -0.47305386959635326, 36.000130772773296], [0.0, 0.0, 0.0, 1.0]]}, {"class": "OrangeJuice", "pose": [[-0.7046292305394499, -0.6957540820120146, -0.13936927428112061, 16.668176548342515], [0.47425555668483, -0.6078740474115891, 0.6368443454279101, -4.414109881832467], [-0.5278060693563926, 0.38264253690522165, 0.7582911265384793, 48.00347332634085], [0.0, 0.0, 0.0, 1.0]]}]}