{"camera": {"camera": "RealSense D415", "extrinsics": [[-0.8195912, -0.5687937, 0.068876185, 0.5064078], [-0.4753952, 0.60801315, -0.63586116, 0.08141414], [0.3197962, -0.55388963, -0.768724, -0.09046056], [0.0, 0.0, 0.0, 1.0]], "height": 480, "intrinsics": [[604.50507, 0.0, 326.28275], [0.0, 602.9669, 245.73769], [0.0, 0.0, 1.0]], "width": 640}, "objects": [{"class": "OrangeJuice", "pose": [[-0.55786089236448, 0.08720778709248525, 0.8253399650547321, -20.3372125683457], [-0.6614351817017643, -0.6473890838788573, -0.3786699622797185, 3.8409367565745747], [0.5012930663015306, -0.7571539869766409, 0.41883529956962423, 21.4210334386556], [0.0, 0.0, 0.0, 1.0]]}, {"class": "ChocolatePudding", "pose": [[0.8083113325137886, 0.11214977334247542, -0.5779751286559164, -9.507867420790973], [0.506212572413068, -0.6336646157365943, 0.5849940616327777, -23.35159993048867], [-0.3006354110932565, -0.7654355396251852, -0.5689698504821514, 53.82468413814132], [0.0, 0.0, 0.0, 1.0]]}, {"class": "CreamCheese", "pose": [[0.9710760395938841, 0.04546651200612709, -0.23440169130887933, -21.547299830450218], [0.19657257641122944, -0.7094959360317872, 0.676738357719367, -23.130285049199358], [-0.13553810933651517, -0.7032412880581306, -0.697911898573177, 52.05701528917971], [0.0, 0.0, 0.0, 1.0]]}, {"class": "Raisins", "pose": [[0.08837494582798038, 0.1037786384997611, -0.9906663890618512, -0.9708197830368359], [0.7919068392957085, -0.6106054463682568, 0.0066792659312009, -28.61359607309114], [-0.6042130640829056, -0.7851057000593562, -0.13614521441478353, 54.08500961522712], [0.0, 0.0, 0.0, 1.0]]}, {"class": "BBQSauce", "pose": [[0.5633010043721011, 0.12495585812335384, -0.8167484577701069, 4.880736165152433], [0.6612283813971013, -0.6609115883887774, 0.35492670485562194, -21.203989036969897], [-0.49544830205824053, -0.7399877663288134, -0.4549164672261189, 47.20610958935117], [0.0, 0.0, 0.0, 1.0]]}, {"class": "SaladDressing", "pose": [[0.031689006391595824, 0.014389025756686684, -0.9993942135551435, 14.810448304340113], [0.7690083506059178, -0.639058450105738, 0.015182881745614928, -15.86200264485898], [-0.6384527831881172, -0.7690235584708273, -0.031316395680419204, 44.358500262854896], [0.0, 0.0, 0.0, 1.0]]}, {"class": "Mayo", "pose": [[-0.19215185957450107, 0.8720836625170619, -0.45005308543404016, 2.1798391986752765], [0.6108600782404955, 0.4652111722506975, 0.6406470134765521, -11.42049845220229], [0.7680674511436351, -0.15181793785627978, -0.6221122171449297, 45.19658996619857], [0.0, 0.0, 0.0, 1.0]]}, {"class": "Mushrooms", "pose": [[0.5577928529324759, 0.14825794035023881, -0.816631341314038, 12.607150135421797], [0.6726340707512094, -0.6571729287762976, 0.3401282322882321, -6.644907746715986], [-0.4862412523517345, -0.7390150970092317, -0.46628964966643416, 43.48215081020819], [0.0, 0.0, 0.0, 1.0]]}, {"class": "Parmesan", "pose": [[0.9464550638182511, 0.0976892439690792, -0.30770059320929694, -18.806971867605103], [0.29034546246465526, -0.6742839320541034, 0.6789998212452806, -13.443880564103694], [-0.14114657974691777, -0.7319822270686792, -0.6665429984355995, 41.29511044116108], [0.0, 0.0, 0.0, 1.0]]}, {"class": "Mustard", "pose": [[0.8233889276631078, 0.032547165575666066, -0.5665433673520464, -16.967965786620375], [0.46076650238106664, -0.6211028243270972, 0.633976007233473, -8.563769552556739], [-0.33124753580598254, -0.7830529615274131, -0.5264057711953802, 33.71558217098285], [0.0, 0.0, 0.0, 1.0]]}, {"class": "Milk", "pose": [[0.0679038086192741, -0.4029859341977468, -0.91268364776059, -9.295563794965068], [-0.6149021316856862, -0.737298289231963, 0.27979754644259686, -8.706975306060514], [-0.7856744987213544, 0.5422117473875426, -0.297862232476844, 40.431830102209034], [0.0, 0.0, 0.0, 1.0]]}, {"class": "AlphabetSoup", "pose": [[0.9820609757500459, 0.07027707854078465, -0.1749782941294429, 4.607244982207604], [0.17979152474727206, -0.6287241379087877, 0.7565586770972758, 1.1243197932156181], [-0.05684434592645709, -0.7744462991298923, -0.630080595306981, 33.71818059290954], [0.0, 0.0, 0.0, 1.0]]}, {"class": "Yogurt", "pose": [[0.9302162572495559, 0.09658395340842878, -0.35407525466832485, 13.602193113084743], [0.32706831325147784, -0.6558430275116854, 0.6803648341753263, 3.4206142946763975], [-0.1665054517154602, -0.7486931610424862, -0.6416653268172089, 34.76958738214921], [0.0, 0.0, 0.0, 1.0]]}, {"class": "Cherries", "pose": [[0.9432021065413569, 0.08812433325692359, 0.32031846556166355, -26.999382541779504], [-0.19367455732674635, -0.6375312073802366, 0.7456837072860468, -4.858529120869701], [0.26992586129832613, -0.7653679138448881, -0.5842532775614293, 36.52098980902632], [0.0, 0.0, 0.0, 1.0]]}, {"class": "Cookies", "pose": [[0.855274659149189, 0.06994960558174719, 0.5134319247690068, -38.594351899454416], [-0.33617016619201384, -0.6791264921189056, 0.6525158181346881, -8.783533927137949], [0.39432839756657634, -0.7306806762079907, -0.5573246547309773, 30.758951683008164], [0.0, 0.0, 0.0, 1.0]]}, {"class": "TomatoSauce", "pose": [[0.27442288929834224, 0.08801231359189941, -0.9575729433109317, -8.767291526576349], [0.7587982690543869, -0.6315160040598303, 0.159413893207736, 4.619967742986896], [-0.590692193042844, -0.770351445816664, -0.2400860043580289, 29.30342836867519], [0.0, 0.0, 0.0, 1.0]]}, {"class": "PeasAndCarrots", "pose": [[0.9960081946002193, 0.08889504278006026, 0.008085724095760848, -0.2202754777563598], [0.0494867690441645, -0.6253045435426042, 0.7788102165263509, 10.729893667343902], [0.0742883914225957, -0.7753011535921447, -0.6272075116105718, 27.157095134446998], [0.0, 0.0, 0.0, 1.0]]}, {"class": "Ketchup", "pose": [[0.9923745984320527, 0.095732519712144, 0.07764001759527574, -36.6634654730834], [0.006777344202957021, -0.6713222688209102, 0.7411346334114848, 4.925299259424513], [0.12307213757906585, -0.7349569276487491, -0.666851910048267, 21.355354032772315], [0.0, 0.0, 0.0, 1.0]]}, {"class": "MacaroniAndCheese", "pose": [[-0.5755502120383257, 0.8128488230278665, 0.08954761638737266, -8.175565608023971], [0.6133689316862951, 0.5015202173509341, -0.6101279300946332, 20.83832674449936], [-0.5408516476798556, -0.2962335089474222, -0.7872262126357807, 18.852616494490412], [0.0, 0.0, 0.0, 1.0]]}, {"class": "Pineapple", "pose": [[0.9536772957149051, 0.08000976540325513, -0.2899966971429689, -26.739688706125232], [0.27103690800255603, -0.6467976433782813, 0.7128757738007316, 15.814747679600988], [-0.13053215117547348, -0.758453182222341, -0.6385217571614141, 19.610189763945993], [0.0, 0.0, 0.0, 1.0]]}]}