{"camera": {"camera": "RealSense D415", "extrinsics": [[-0.87027484, -0.4925064, 0.007693198, 0.54749024], [-0.37752795, 0.6569095, -0.6526427, -0.034384686], [0.31637698, -0.5708829, -0.7576267, -0.038749475], [0.0, 0.0, 0.0, 1.0]], "height": 480, "intrinsics": [[604.50507, 0.0, 326.28275], [0.0, 602.9669, 245.73769], [0.0, 0.0, 1.0]], "width": 640}, "objects": [{"class": "OrangeJuice", "pose": [[-0.6325562254169287, 0.02452040167913412, 0.7741262852063109, -16.617067411817786], [-0.5878975445032344, -0.6659034188259471, -0.45929197077439576, 0.5581340497016557], [0.5042312604050639, -0.7456348526427804, 0.43563675616876363, 25.71426992506393], [0.0, 0.0, 0.0, 1.0]]}, {"class": "ChocolatePudding", "pose": [[0.8622152566551321, 0.05090696711561965, -0.5039776440971905, -9.19818008872445], [0.4097160140062717, -0.6551278929205778, 0.6347757338139998, -27.09559637354974], [-0.2978552830784719, -0.7538009482577681, -0.585718568527989, 58.682990555458325], [0.0, 0.0, 0.0, 1.0]]}, {"class": "CreamCheese", "pose": [[0.9882363837964184, -0.024377306997605427, -0.15097923865241977, -21.12016926541037], [0.08702777201608258, -0.7221498788003552, 0.6862402785478243, -25.5914380205702], [-0.12575833659031435, -0.6913069194980161, -0.7115331788488468, 56.752897349616745], [0.0, 0.0, 0.0, 1.0]]}, {"class": "Raisins", "pose": [[0.18136584746412324, 0.04533371324135232, -0.9823703057792987, -1.2914624786549367], [0.7670665486733742, -0.6316326658672585, 0.11246815447309948, -33.25297167457656], [-0.6153984922874604, -0.7739411936341035, -0.14933052352779147, 59.139171051318854], [0.0, 0.0, 0.0, 1.0]]}, {"class": "BBQSauce", "pose": [[0.6378739101574404, 0.06036415709381448, -0.7677715657266508, 5.413706669167495], [0.5871980970900932, -0.6831705924144016, 0.4341386148326086, -26.645347858466017], [-0.4983124888382239, -0.7277596166252687, -0.4712223303790279, 52.22236046506031], [0.0, 0.0, 0.0, 1.0]]}, {"class": "SaladDressing", "pose": [[0.12291044232647519, -0.04680974949423728, -0.9913132725727755, 15.900054032676058], [0.7499112246628383, -0.6498766830701224, 0.12366669875642088, -22.46893407156034], [-0.6500200992661718, -0.7585967902888543, -0.0447734417260454, 49.422542226585605], [0.0, 0.0, 0.0, 1.0]]}, {"class": "Mayo", "pose": [[-0.13294826414084518, 0.9194148848829682, -0.3701366806696115, 3.8223035838931163], [0.6412426259370724, 0.36455014030039956, 0.675211885516787, -16.6612952122221], [0.7557331530162028, -0.14757916848723146, -0.6380342241849974, 50.02331014384486], [0.0, 0.0, 0.0, 1.0]]}, {"class": "Mushrooms", "pose": [[0.633541511764045, 0.08392271610068901, -0.7691438515996564, 14.728325144401067], [0.5992928741146293, -0.6819822824511766, 0.41922335086795687, -13.08274114508034], [-0.48936006304104473, -0.7265377440771729, -0.48235828582316553, 48.37193455045991], [0.0, 0.0, 0.0, 1.0]]}, {"class": "Parmesan", "pose": [[0.9740859599699725, 0.03170873588171375, -0.2239447086173426, -17.2139301500274], [0.18281837798254183, -0.6933470742219973, 0.6970274569875128, -16.447738941316683], [-0.1331695541408076, -0.7199057868007914, -0.681176488695272, 45.87684638027286], [0.0, 0.0, 0.0, 1.0]]}, {"class": "Mustard", "pose": [[0.8725803027417803, -0.02663736643295658, -0.48774399005638175, -14.765644797737565], [0.36237823830314914, -0.6342536365497636, 0.682938018697562, -11.928022501634402], [-0.3275450452155577, -0.7726659808667123, -0.5437843378919284, 38.24633284758699], [0.0, 0.0, 0.0, 1.0]]}, {"class": "Milk", "pose": [[0.009213017323928633, -0.4873865241285814, -0.8731378071468395, -7.2322162061052016], [-0.6319959922119713, -0.6795047382982903, 0.37263169069877217, -12.79306868437422], [-0.7749168521379312, 0.5483864661575251, -0.3142865520165423, 45.064939547352026], [0.0, 0.0, 0.0, 1.0]]}, {"class": "AlphabetSoup", "pose": [[0.9964196386819173, 0.009931665774440114, -0.08396070225697437, 7.738368520351119], [0.07049701073423816, -0.6458002779655728, 0.7602448111706996, -4.654789226601045], [-0.046671365690228235, -0.7634417507274699, -0.6441881383891895, 38.38170856192661], [0.0, 0.0, 0.0, 1.0]]}, {"class": "Yogurt", "pose": [[0.9622523482293003, 0.03281827073048732, -0.27017311726558346, 16.9179101075027], [0.2206552157182629, -0.6751844544973225, 0.7038730202503357, -3.336624360175431], [-0.1593167945109662, -0.7369184905383165, -0.6569392499006488, 39.515720631957535], [0.0, 0.0, 0.0, 1.0]]}, {"class": "Cherries", "pose": [[0.9132107986640896, 0.026603553642773003, 0.40661827553174923, -24.36299075772389], [-0.2908463251935008, -0.6563465714521564, 0.6961448080100016, -7.102244435143359], [0.28540237371380994, -0.7539903012056122, -0.5916451567763714, 40.86000117397378], [0.0, 0.0, 0.0, 1.0]]}, {"class": "Cookies", "pose": [[0.8088082467910803, 0.0035927962466530297, 0.5880616001724749, -36.25109001850498], [-0.4207401651281619, -0.6951091125746652, 0.5829245538819204, -9.835897147611055], [0.4108612280971646, -0.7188952394916898, -0.5606982848673797, 35.00762447891585], [0.0, 0.0, 0.0, 1.0]]}, {"class": "TomatoSauce", "pose": [[0.3625091984408617, 0.027207133909781838, -0.9315830541447828, -5.122214873237063], [0.7140796688406977, -0.6504412746760732, 0.2588752116386802, 0.20410704109142253], [-0.5988967402597821, -0.7590690774626768, -0.25521894701748254, 33.735812806320894], [0.0, 0.0, 0.0, 1.0]]}, {"class": "PeasAndCarrots", "pose": [[0.9945303248612752, 0.0288205094097973, 0.10039394916143263, 4.065806905115233], [-0.058288029337925644, -0.6444489495516781, 0.762422492790242, 5.306719978508578], [0.0866721429135411, -0.7641039674061197, -0.6392440437012666, 31.606720748251217], [0.0, 0.0, 0.0, 1.0]]}, {"class": "Ketchup", "pose": [[0.9856894984105355, 0.03012183642973721, 0.16585843829250227, -32.72492575133982], [-0.0995042128390603, -0.6902408302254567, 0.7167053148762027, 3.417213246259866], [0.1360707030237225, -0.722952434054103, -0.6773657967777981, 25.415476650205314], [0.0, 0.0, 0.0, 1.0]]}, {"class": "MacaroniAndCheese", "pose": [[-0.49878512839779854, 0.8661616471372394, 0.03126548539904324, -2.6406200823611004], [0.6631932868633883, 0.40463234006341, -0.6296406388480587, 16.07965700963828], [-0.5580215071692727, -0.2933203060366874, -0.7762570942501087, 23.039394672012033], [0.0, 0.0, 0.0, 1.0]]}, {"class": "Pineapple", "pose": [[0.979031041194896, 0.017445586000210535, -0.20296306502782427, -21.65028479079861], [0.1630212415548036, -0.6645519641892537, 0.7292425948537163, 13.126625471902903], [-0.1221574460743707, -0.7470383424370532, -0.6534609047739822, 23.6303468086385], [0.0, 0.0, 0.0, 1.0]]}]}