{"camera": {"camera": "RealSense D415", "extrinsics": [[-0.88458085, -0.46623105, -0.012054904, 0.56692946], [-0.35956216, 0.69820404, -0.61905265, -0.08060441], [0.29703835, -0.5432676, -0.785257, -0.010148406], [0.0, 0.0, 0.0, 1.0]], "height": 480, "intrinsics": [[604.50507, 0.0, 326.28275], [0.0, 602.9669, 245.73769], [0.0, 0.0, 1.0]], "width": 640}, "objects": [{"class": "OrangeJuice", "pose": [[-0.6553510692222335, 0.004235332791292684, 0.7553126035828379, -14.620272152326741], [-0.586231226125288, -0.6334131344765109, -0.5050948635088399, -2.803705421334775], [0.47628561164007926, -0.773802283597167, 0.41759077184551613, 28.504732229415264], [0.0, 0.0, 0.0, 1.0]]}, {"class": "ChocolatePudding", "pose": [[0.8775861846070515, 0.03102528712996098, -0.47841405837517376, -8.339726612630683], [0.39118455845361444, -0.6232430874910758, 0.677157858757301, -32.10759256853476], [-0.277159205672101, -0.7814125640789638, -0.5590860310335418, 60.262286747696436], [0.0, 0.0, 0.0, 1.0]]}, {"class": "CreamCheese", "pose": [[0.9912692567743037, -0.04687849568838479, -0.12323862349838814, -20.191772686332786], [0.05704623451533712, -0.6901789940070902, 0.7213866882010742, -30.09637053679082], [-0.11887424024636921, -0.7221187439132396, -0.681478866422946, 58.363454922546744], [0.0, 0.0, 0.0, 1.0]]}, {"class": "Raisins", "pose": [[0.21132747037684088, 0.026382798521718872, -0.9770592301963846, -0.6590657727794769], [0.7860494470445963, -0.5987130318357524, 0.15384746623086615, -38.55740642806429], [-0.5809190668251252, -0.8005290502841169, -0.14726265017419002, 60.47419780803516], [0.0, 0.0, 0.0, 1.0]]}, {"class": "BBQSauce", "pose": [[0.6606134552917227, 0.03936061823012423, -0.749693734484781, 6.308267518307531], [0.5850864493356082, -0.6527079001430459, 0.4812964932860395, -31.899914116713546], [-0.4703868290412194, -0.7565865792526971, -0.45421689735779225, 53.87144702930977], [0.0, 0.0, 0.0, 1.0]]}, {"class": "SaladDressing", "pose": [[0.1524577874423308, -0.06642007125139146, -0.9860755996823064, 16.94912794898827], [0.7725093761599482, -0.6143024051751781, 0.1608163216085289, -27.98326509731377], [-0.6164299407290457, -0.7862703339873929, -0.04234502037118455, 51.28748888922019], [0.0, 0.0, 0.0, 1.0]]}, {"class": "Mayo", "pose": [[-0.1135163084806277, 0.9324574741591161, -0.34298279504866974, 5.08285675477863], [0.6122260638446733, 0.33753426783277984, 0.71501743708988, -21.779476252034463], [0.7824917910944192, -0.12881685103330845, -0.6091903039656832, 52.10373511415788], [0.0, 0.0, 0.0, 1.0]]}, {"class": "Mushrooms", "pose": [[0.6566729449993592, 0.06294070681178604, -0.7515445441472955, 16.116625743571504], [0.5969288790960088, -0.6524158044842958, 0.46693640028918737, -18.524504432032685], [-0.4609301643931022, -0.7552431386336282, -0.4659948452348643, 50.64240311001822], [0.0, 0.0, 0.0, 1.0]]}, {"class": "Parmesan", "pose": [[0.9805671008012145, 0.01032598726954367, -0.19591229139305594, -15.913341608053965], [0.15351224416605141, -0.6621852838272683, 0.7334471428320096, -20.635252604114534], [-0.12215667072827575, -0.7492690692080549, -0.6509021588616621, 47.90703565436186], [0.0, 0.0, 0.0, 1.0]]}, {"class": "Mustard", "pose": [[0.8863972378067668, -0.04564103253617208, -0.4606700815803309, -13.271124044179539], [0.3448380316004382, -0.5988147156951429, 0.7228469677487834, -15.879408629712893], [-0.3088474751479807, -0.7995861050156129, -0.5150488408362527, 40.48764800464026], [0.0, 0.0, 0.0, 1.0]]}, {"class": "Milk", "pose": [[-0.009723151004327074, -0.513732821444713, -0.8578951798504677, -5.804412201445508], [-0.5977434649878509, -0.6847921762624333, 0.41684828888794917, -17.30765527906481], [-0.8016285406258554, 0.5168542351470817, -0.3004220250758544, 47.28489575466613], [0.0, 0.0, 0.0, 1.0]]}, {"class": "AlphabetSoup", "pose": [[0.998498590109921, -0.00954808401166586, -0.05393969545585528, 9.476374241356321], [0.03682174029945021, -0.6120489529137211, 0.7899622201303488, -9.427241889598385], [-0.04055637571919708, -0.7907623042830385, -0.6107783306565427, 41.00698075400686], [0.0, 0.0, 0.0, 1.0]]}, {"class": "Yogurt", "pose": [[0.9702055389804628, 0.012158143900681699, -0.24197826921892598, 18.691701938671606], [0.19284520171111705, -0.6433536379338229, 0.7408825111237602, -8.488147823273684], [-0.14666983878382436, -0.7654726567718928, -0.6265297924375185, 42.224913335077794], [0.0, 0.0, 0.0, 1.0]]}, {"class": "Cherries", "pose": [[0.9009817277357874, 0.00669503009692792, 0.43380547940741865, -22.70267756198091], [-0.33537136563774006, -0.623583650103951, 0.7061653835951192, -10.831755014998341], [0.27524173612911573, -0.7817280331502426, -0.5595920653170244, 43.27967923712402], [0.0, 0.0, 0.0, 1.0]]}, {"class": "Cookies", "pose": [[0.7914558825376037, -0.017839139601129938, 0.6109659910343448, -34.65360580335188], [-0.46676879952367845, -0.6629841885967411, 0.5853024209899338, -12.882878400282069], [0.39461941672890966, -0.7484209011088055, -0.5330494174184132, 37.278156065354956], [0.0, 0.0, 0.0, 1.0]]}, {"class": "TomatoSauce", "pose": [[0.3903954271469303, 0.007531337592609549, -0.9206165219691075, -3.1820059364078945], [0.7259615557220933, -0.6174891195372378, 0.3027987407857187, -3.9153541348551757], [-0.5661901152960845, -0.786543435162239, -0.24653232775902115, 36.53793986536748], [0.0, 0.0, 0.0, 1.0]]}, {"class": "PeasAndCarrots", "pose": [[0.9914235414404068, 0.009379685010622571, 0.13035134864100031, 6.191227867174165], [-0.09747157513943427, -0.6113456643738242, 0.785338042657999, 0.9433328728183075], [0.08705591941161173, -0.7913081628571236, -0.6051881269301086, 34.660420064622755], [0.0, 0.0, 0.0, 1.0]]}, {"class": "Ketchup", "pose": [[0.9808976820811753, 0.008864440718451437, 0.19432254136921312, -30.614776628023954], [-0.14044785795001283, -0.6588952274043667, 0.739007137351008, 0.6390967304370345], [0.13458903744660802, -0.752182567506336, -0.6450637075707024, 28.281927703004], [0.0, 0.0, 0.0, 1.0]]}, {"class": "MacaroniAndCheese", "pose": [[-0.4723410625040821, 0.8813286151111679, 0.01240499755782491, -0.08880708590478514], [0.7041447512198888, 0.38577142156399863, -0.5961213384779179, 12.310086520276155], [-0.5301641819877253, -0.27283764114024284, -0.8027985876920838, 26.54934793637964], [0.0, 0.0, 0.0, 1.0]]}, {"class": "Pineapple", "pose": [[0.9847549529959553, -0.0027804866208964024, -0.1739253936311449, -19.193934647445097], [0.1330924833880617, -0.6317503124879633, 0.7636609221976012, 10.015026140951006], [-0.11200077350919789, -0.7751670287515782, -0.6217490771652832, 26.954012201669492], [0.0, 0.0, 0.0, 1.0]]}]}