{"camera": {"camera": "RealSense D415", "extrinsics": [[-0.88242525, -0.46940178, -0.03142677, 0.58107334], [-0.35749337, 0.7124744, -0.6038035, -0.09370275], [0.30581722, -0.5215766, -0.79651344, -0.016563438], [0.0, 0.0, 0.0, 1.0]], "height": 480, "intrinsics": [[604.50507, 0.0, 326.28275], [0.0, 602.9669, 245.73769], [0.0, 0.0, 1.0]], "width": 640}, "objects": [{"class": "OrangeJuice", "pose": [[-0.6521307137615395, -0.01506768780897328, 0.75795685224433, -12.625852277851646], [-0.5895251567360694, -0.6185209405175153, -0.5195112508347071, -4.0608130012426065], [0.47663997831976784, -0.7856238472675782, 0.39447366601156686, 29.2182320422193], [0.0, 0.0, 0.0, 1.0]]}, {"class": "ChocolatePudding", "pose": [[0.876066025739773, 0.011674858342038777, -0.4820499031618915, -6.052232611566155], [0.3887894844501144, -0.6084398730985783, 0.6918407776591381, -34.01964984028797], [-0.28522122141863504, -0.7935141057759246, -0.5375724977078739, 60.2981440202099], [0.0, 0.0, 0.0, 1.0]]}, {"class": "CreamCheese", "pose": [[0.9895003964805238, -0.06577430592366931, -0.12869653824529673, -17.91723154592756], [0.0507142132236033, -0.6758190944518034, 0.7353207627822411, -31.869856003172455], [-0.13534079650883143, -0.7341269067616994, -0.6653874999379236, 58.648368361415024], [0.0, 0.0, 0.0, 1.0]]}, {"class": "Raisins", "pose": [[0.20815381260205015, 0.006918159433267222, -0.9780716856552305, 1.57258519897584], [0.7951475921832482, -0.5835096173850739, 0.1650964478464321, -40.53866247229048], [-0.5695720110870446, -0.8120767706934016, -0.12696067970526376, 60.25144005592442], [0.0, 0.0, 0.0, 1.0]]}, {"class": "BBQSauce", "pose": [[0.6574854365555347, 0.020179593497906885, -0.7531970377230749, 8.482457827187234], [0.5882222811770714, -0.6384449286507222, 0.4963694440980618, -33.81682745449766], [-0.4708582557549369, -0.7694029349788974, -0.4316382723277254, 53.65349736629798], [0.0, 0.0, 0.0, 1.0]]}, {"class": "SaladDressing", "pose": [[0.14854960826813754, -0.08575637806602956, -0.985179653878197, 19.1110938897705], [0.7827994402005566, -0.5985637443439007, 0.17013666390849888, -29.9438805826851], [-0.6042830634055587, -0.7964717861316108, -0.02178634164582224, 50.95585629875762], [0.0, 0.0, 0.0, 1.0]]}, {"class": "Mayo", "pose": [[-0.0942300178953633, 0.9330506646077581, -0.34718475472526095, 7.317336409952036], [0.5981196091628007, 0.33184022420488396, 0.7294758411090762, -23.654212344928556], [0.7958477579565622, -0.13891948293942605, -0.589345140745339, 52.099972163317986], [0.0, 0.0, 0.0, 1.0]]}, {"class": "Mushrooms", "pose": [[0.6538185141828569, 0.043781324801773006, -0.755383769365944, 18.352576997570246], [0.5999155138032631, -0.6383829455529418, 0.48225366266366404, -20.467658639877975], [-0.46111037196014476, -0.7684727903667461, -0.4436516277908957, 50.50506427437745], [0.0, 0.0, 0.0, 1.0]]}, {"class": "Parmesan", "pose": [[0.9796111532932614, -0.00880610069892319, -0.20071007409970298, -13.73822214738707], [0.1473144678916042, -0.6478084348351767, 0.7474240318142158, -22.248054159606788], [-0.13660357236436255, -0.7617523905395561, -0.6333030325439443, 48.29891251632859], [0.0, 0.0, 0.0, 1.0]]}, {"class": "Mustard", "pose": [[0.8839011753248501, -0.06507597162753447, -0.4631240903767124, -11.184095242868498], [0.34298244516862914, -0.5830050615000102, 0.7365243679598917, -17.374354236748548], [-0.31793370994434994, -0.809858156178388, -0.49299887875851084, 40.925299933525345], [0.0, 0.0, 0.0, 1.0]]}, {"class": "Milk", "pose": [[-0.029191343968139476, -0.510714471401967, -0.8592547276850573, -3.612238357199493], [-0.5822063152055125, -0.6900671931789338, 0.4299338082311861, -18.99691440267512], [-0.812516884904396, 0.5128138262507201, -0.2771971552093202, 47.56069989372605], [0.0, 0.0, 0.0, 1.0]]}, {"class": "AlphabetSoup", "pose": [[0.9979226490812845, -0.028954136616192925, -0.0575511714440321, 11.626185685118267], [0.028934656901552325, -0.5967178517126176, 0.8019292955770292, -11.130689862409552], [-0.057560993321980274, -0.801928600735126, -0.5946404147680989, 41.16316066609769], [0.0, 0.0, 0.0, 1.0]]}, {"class": "Yogurt", "pose": [[0.9691749261943328, -0.007089527952722398, -0.24627178876354883, 20.869576357025416], [0.18719707761296295, -0.6286871234118653, 0.7547912022648948, -10.294950910427213], [-0.16017901484257455, -0.7776260402274903, -0.6079805887271116, 42.23497753304946], [0.0, 0.0, 0.0, 1.0]]}, {"class": "Cherries", "pose": [[0.9026238997244523, -0.01265926516979847, 0.4302440372192971, -20.519294912136342], [-0.34836700647700675, -0.608563457897029, 0.7129452647559009, -12.299430998077575], [0.2528053930690768, -0.7934042339991177, -0.553713938972326, 43.97941928945651], [0.0, 0.0, 0.0, 1.0]]}, {"class": "Cookies", "pose": [[0.7940344298246932, -0.0369580222859721, 0.6067483182942188, -32.59183505837589], [-0.48106784420839055, -0.6483792636916141, 0.5900661519784157, -14.131817613189037], [0.3715952966872026, -0.7604199206194711, -0.5326147306541705, 38.15308205853551], [0.0, 0.0, 0.0, 1.0]]}, {"class": "TomatoSauce", "pose": [[0.38690472135549064, -0.011852879213677163, -0.9220435666270624, -1.0586432982247818], [0.7332394228653047, -0.6023854831725255, 0.31542302142735207, -5.424889347483028], [-0.5591642756653309, -0.7981173198983792, -0.22437474903090318, 37.02470970573536], [0.0, 0.0, 0.0, 1.0]]}, {"class": "PeasAndCarrots", "pose": [[0.9918826481839776, -0.010033319594746338, 0.1267605523837268, 8.323510241358257], [-0.10770676334576754, -0.5961683346220953, 0.7956020198256778, -0.6126271888794401], [0.06758807394327063, -0.8027967776924065, -0.5924096196822891, 35.07361798782223], [0.0, 0.0, 0.0, 1.0]]}, {"class": "Ketchup", "pose": [[0.9818072945139965, -0.010288944841389645, 0.18960133692654763, -28.59015718564479], [-0.1514908334308549, -0.6444507511054144, 0.749488999794722, -0.475884429576727], [0.11447724455867671, -0.7645766063557189, -0.6342850660362502, 29.344555780337846], [0.0, 0.0, 0.0, 1.0]]}, {"class": "MacaroniAndCheese", "pose": [[-0.47522682584623865, 0.8798349407397517, -0.007073468792905985, 2.0044882500225514], [0.7182163183557344, 0.38326250735253414, -0.5807539707419873, 10.96107645073214], [-0.50825657508933, -0.28107012993053926, -0.8140484060816534, 27.29218101829945], [0.0, 0.0, 0.0, 1.0]]}, {"class": "Pineapple", "pose": [[0.9837928306649311, -0.022091153386170816, -0.1779430813084023, -17.110465406376928], [0.12666880240072578, -0.6167715939555726, 0.7768834014284705, 8.824373907639169], [-0.1269124917983011, -0.7868321296763198, -0.6039771441365637, 27.99218367394139], [0.0, 0.0, 0.0, 1.0]]}]}