{"camera": {"camera": "RealSense D415", "extrinsics": [[-0.880977, -0.4715518, -0.038967658, 0.58643544], [-0.35851493, 0.7189984, -0.59540606, -0.10008816], [0.3087825, -0.51056856, -0.8024794, -0.018345138], [0.0, 0.0, 0.0, 1.0]], "height": 480, "intrinsics": [[604.50507, 0.0, 326.28275], [0.0, 602.9669, 245.73769], [0.0, 0.0, 1.0]], "width": 640}, "objects": [{"class": "OrangeJuice", "pose": [[-0.6499774518778866, -0.022563500569068834, 0.7596185565979279, -11.84035983843753], [-0.5928691261913053, -0.6102756230428673, -0.5254235910218292, -4.849355163919907], [0.4754320452666841, -0.7918678201672652, 0.3832881298567962, 29.629960569369075], [0.0, 0.0, 0.0, 1.0]]}, {"class": "ChocolatePudding", "pose": [[0.8748522584683874, 0.0041437005914205785, -0.48437228103359703, -5.106657866032538], [0.38961040231283767, -0.6001778875394749, 0.6985630426752893, -35.145774432699675], [-0.2878148838473722, -0.7998558780043107, -0.5266813380308023, 60.34623876747155], [0.0, 0.0, 0.0, 1.0]]}, {"class": "CreamCheese", "pose": [[0.9885713096662978, -0.07302209321134738, -0.13188893298232005, -16.978387603833987], [0.049720015301101005, -0.6679833213192168, 0.7425134944169588, -32.95016853530568], [-0.14231950684218705, -0.7405850052600105, -0.6567184120521268, 58.809056104660726], [0.0, 0.0, 0.0, 1.0]]}, {"class": "Raisins", "pose": [[0.20582589535523427, -0.0006909635392390851, -0.9785884601844254, 2.501242906368195], [0.8005232571948188, -0.5750443959603586, 0.1687795729294915, -41.68241834889124], [-0.5628483701865621, -0.8181219692613375, -0.11780585877757631, 60.17391704756774], [0.0, 0.0, 0.0, 1.0]]}, {"class": "BBQSauce", "pose": [[0.6553725144505204, 0.012755582620468634, -0.7551981948140077, 9.377773945459417], [0.5914931884453737, -0.6304527037746427, 0.5026582170813938, -34.90907787548334], [-0.4697050079072703, -0.7761229138272423, -0.42072614959279936, 53.593837736084495], [0.0, 0.0, 0.0, 1.0]]}, {"class": "SaladDressing", "pose": [[0.14592988130407464, -0.09328210655818854, -0.984887338417026, 19.995345792402713], [0.7886814680411881, -0.5900352963353266, 0.17274251914443003, -31.03405863415338], [-0.5972320142003276, -0.8019706277216369, -0.012533884395142728, 50.85590223789992], [0.0, 0.0, 0.0, 1.0]]}, {"class": "Mayo", "pose": [[-0.08670440872200298, 0.9328001161300176, -0.34980914780993944, 8.226371771197815], [0.5900341154356182, 0.33100410975630457, 0.7364075697737104, -24.72805436856363], [0.8027092767868375, -0.14254955084026386, -0.5790833336296538, 52.15483197523502], [0.0, 0.0, 0.0, 1.0]]}, {"class": "Mushrooms", "pose": [[0.6518087826911815, 0.036363761299972784, -0.7575111475788859, 19.25716522883968], [0.6030932304704023, -0.630457631515243, 0.4886735281334995, -21.551847774492554], [-0.4598086394729733, -0.7753714892638514, -0.4328684944354483, 50.50932142038853], [0.0, 0.0, 0.0, 1.0]]}, {"class": "Parmesan", "pose": [[0.9789146728057719, -0.016194713628108492, -0.20362697672851893, -12.853774228664028], [0.14635187932820745, -0.6398249857536025, 0.7544568920064187, -23.231374526886224], [-0.14250384831675414, -0.7683500585303104, -0.6239638655751054, 48.5286351693445], [0.0, 0.0, 0.0, 1.0]]}, {"class": "Mustard", "pose": [[0.8823248177651979, -0.07266474808941534, -0.4649977434098274, -10.34335000486779], [0.34412731185625683, -0.5743883773501838, 0.7427344559619441, -18.28743186581829], [-0.32105989720415046, -0.8153514064545966, -0.48179112815805425, 41.18684471460604], [0.0, 0.0, 0.0, 1.0]]}, {"class": "Milk", "pose": [[-0.03679938896091502, -0.5085435604877596, -0.8602496167357807, -2.725561188239989], [-0.5736490297552925, -0.6941246876005073, 0.43487675909134027, -19.99729369859181], [-0.8182742119773256, 0.5094845105391972, -0.2661821036538005, 47.7473267622883], [0.0, 0.0, 0.0, 1.0]]}, {"class": "AlphabetSoup", "pose": [[0.9975276155733996, -0.03651835989638828, -0.060043455883611534, 12.483639060389107], [0.02711206886373508, -0.5882704729310846, 0.8082096716031327, -12.101909255948149], [-0.0648363009718853, -0.8078393101783743, -0.5858258852072449, 41.31625247007703], [0.0, 0.0, 0.0, 1.0]]}, {"class": "Yogurt", "pose": [[0.9684001458796714, -0.014550497448475206, -0.24897709035121526, 21.73694294494744], [0.18650279642223247, -0.6205437799447578, 0.7616706709412142, -11.299782643683637], [-0.16558387637550986, -0.7840368569522164, -0.5982209053493474, 42.326443985405795], [0.0, 0.0, 0.0, 1.0]]}, {"class": "Cherries", "pose": [[0.9036369620204229, -0.020189127589807357, 0.4278233175426324, -19.642425493567295], [-0.3531660029380092, -0.6002436022343557, 0.7176221005647689, -13.221936313630907], [0.24230999577824297, -0.7995624484664565, -0.5495323663992074, 44.36432857035276], [0.0, 0.0, 0.0, 1.0]]}, {"class": "Cookies", "pose": [[0.7956180310123254, -0.044337082410165075, 0.6041740832632153, -31.763279372949327], [-0.4868318353379613, -0.6403413812163504, 0.5941024881928091, -14.964328231404286], [0.3605368362270821, -0.7668097754006052, -0.531051808061587, 38.61115090824736], [0.0, 0.0, 0.0, 1.0]]}, {"class": "TomatoSauce", "pose": [[0.38449492459721724, -0.019402981265630635, -0.9229232515829836, -0.21783278329896572], [0.7380768965277906, -0.5940189008855444, 0.3199751975952385, -6.322619688059043], [-0.5544422741257561, -0.8042171108350898, -0.2140763136695914, 37.33375776706801], [0.0, 0.0, 0.0, 1.0]]}, {"class": "PeasAndCarrots", "pose": [[0.9920931738853043, -0.017603340794362703, 0.12426346107598275, 9.161299756274232], [-0.11080894631913063, -0.5877578345815556, 0.8014126229210031, -1.5130831972471128], [0.05892925274409477, -0.8088454374673039, -0.5850610790604592, 35.361533486137034], [0.0, 0.0, 0.0, 1.0]]}, {"class": "Ketchup", "pose": [[0.9822635053821355, -0.017690485580160443, 0.18666977192319548, -27.794225931151306], [-0.155053916731959, -0.6364345151121381, 0.7555855198146219, -1.2272345096198443], [0.10543637579652627, -0.7711279064560109, -0.6278893113564703, 29.91477416843656], [0.0, 0.0, 0.0, 1.0]]}, {"class": "MacaroniAndCheese", "pose": [[-0.4772614429608447, 0.8786386429358246, -0.014690174891610478, 2.8125438039511175], [0.7246155361605493, 0.38403141404369506, -0.5722344665046287, 10.156239982062377], [-0.4971457574231387, -0.28375016423295785, -0.8199585385530073, 27.748936373245563], [0.0, 0.0, 0.0, 1.0]]}, {"class": "Pineapple", "pose": [[0.9831178964690614, -0.029591510888119447, -0.1805649333650561, -16.30185270905593], [0.12559642663232837, -0.6084967747190033, 0.7835542735811205, 8.058727089709851], [-0.13305974326075187, -0.7930044827486672, -0.5945074094037361, 28.571894848314237], [0.0, 0.0, 0.0, 1.0]]}]}