{"camera": {"camera": "RealSense D415", "extrinsics": [[-0.8948837, -0.4462454, -0.0069425427, 0.6005505], [-0.3554797, 0.7220986, -0.593471, -0.118210725], [0.26984692, -0.5286196, -0.8048254, 0.015466777], [0.0, 0.0, 0.0, 1.0]], "height": 480, "intrinsics": [[604.50507, 0.0, 326.28275], [0.0, 602.9669, 245.73769], [0.0, 0.0, 1.0]], "width": 640}, "objects": [{"class": "OrangeJuice", "pose": [[-0.6722144839855343, 0.008929815132595111, 0.7403026658633783, -11.69237647878738], [-0.591170431567248, -0.6084328071190626, -0.5294592800545175, -6.4340167721936865], [0.44569641748025146, -0.7935551527338826, 0.4142763321859345, 29.970257179600186], [0.0, 0.0, 0.0, 1.0]]}, {"class": "ChocolatePudding", "pose": [[0.8879927404483031, 0.03599652008620826, -0.45844654499239135, -6.407713722229569], [0.38655451747211, -0.5984300953562481, 0.7017528875379514, -36.82598095401944], [-0.24908753424571134, -0.8003659619120539, -0.5453161318819035, 60.87505136268015], [0.0, 0.0, 0.0, 1.0]]}, {"class": "CreamCheese", "pose": [[0.9939642380408006, -0.043919985652283784, -0.10052969471225896, -18.19340805120485], [0.045869193642583767, -0.6660401036290574, 0.744504322758714, -34.577025211689374], [-0.09965543132109167, -0.7446218019763807, -0.6600053965115081, 58.83515408715048], [0.0, 0.0, 0.0, 1.0]]}, {"class": "Raisins", "pose": [[0.233081378821196, 0.03205360313472996, -0.971928870100872, 1.173623057426676], [0.8008848484095786, -0.573236369528153, 0.17315777029110557, -43.394211250740824], [-0.5515945905160009, -0.8187628648054531, -0.15928193658953, 61.01376550573947], [0.0, 0.0, 0.0, 1.0]]}, {"class": "BBQSauce", "pose": [[0.6773530994805879, 0.043457389497447305, -0.7343734234602818, 8.353999380060873], [0.5897591984390697, -0.628793013578074, 0.5067578545083916, -36.63543997744329], [-0.4397464671665212, -0.7763573969285756, -0.45154423176861463, 54.750901453135405], [0.0, 0.0, 0.0, 1.0]]}, {"class": "SaladDressing", "pose": [[0.17466789601816468, -0.06120623621000838, -0.9827232641554109, 19.09513443794187], [0.7893710234947102, -0.5878726822583074, 0.1769157593188971, -32.79915868815064], [-0.5885444479537595, -0.8066346793667544, -0.05436803491356993, 52.480250934903495], [0.0, 0.0, 0.0, 1.0]]}, {"class": "Mayo", "pose": [[-0.11864464187984163, 0.9394117111555591, -0.32160406878591563, 7.307296904820115], [0.5886278505849691, 0.32738548809769263, 0.7391455099456359, -26.446518836711896], [0.7996503638744866, -0.10160946105992656, -0.5918063613828192, 53.28802600486703], [0.0, 0.0, 0.0, 1.0]]}, {"class": "Mushrooms", "pose": [[0.6734156972508784, 0.06701135159120997, -0.7362206657087941, 18.411514477263296], [0.6013523604323456, -0.6288990138446406, 0.49280975859019216, -23.313184180029356], [-0.42998456630473136, -0.7745937747824264, -0.4638078408163267, 52.12485934180149], [0.0, 0.0, 0.0, 1.0]]}, {"class": "Parmesan", "pose": [[0.9847219440519519, 0.014161894057650495, -0.17355755478202145, -13.591478428856574], [0.14254103942655705, -0.6380603605868937, 0.7566776840246853, -24.853109404966666], [-0.10002421075115073, -0.7698561064712502, -0.6303306187923909, 48.76429784269742], [0.0, 0.0, 0.0, 1.0]]}, {"class": "Mustard", "pose": [[0.8966979631164202, -0.039969462998589424, -0.44083477191928977, -10.747985730102695], [0.3411135598229459, -0.5722833477957385, 0.7457435204644126, -19.903653806550086], [-0.2820893499730765, -0.819081320195719, -0.4995311260901189, 41.5487507207578], [0.0, 0.0, 0.0, 1.0]]}, {"class": "Milk", "pose": [[-0.0040089782126303776, -0.5327898981235968, -0.8462381128936496, -3.4258506891686857], [-0.5716886217722674, -0.6930953316645045, 0.4390797992791682, -21.660000085615774], [-0.8204608734800845, 0.48554491740469596, -0.30181127325768176, 48.42594762401821], [0.0, 0.0, 0.0, 1.0]]}, {"class": "AlphabetSoup", "pose": [[0.9994940920412604, -0.004236155883161791, -0.03152310455232423, 12.077668231030609], [0.02305343918006678, -0.5863340244357844, 0.8097413413584281, -13.814616268715968], [-0.0219132718876335, -0.810058310293054, -0.5859396716685087, 42.67212943721068], [0.0, 0.0, 0.0, 1.0]]}, {"class": "Yogurt", "pose": [[0.9753727995339803, 0.016557074348899564, -0.2199405746580657, 21.28231650271768], [0.18278652417123498, -0.6187518093946972, 0.7640257679726699, -13.053687825465712], [-0.12343859839923974, -0.7854120359178479, -0.6065400256003503, 44.08030543576771], [0.0, 0.0, 0.0, 1.0]]}, {"class": "Cherries", "pose": [[0.8909456560231956, 0.01167345249708004, 0.4539599758600553, -20.153940211776312], [-0.35750019874620226, -0.5983939821236006, 0.7170204594212939, -14.80604007147795], [0.2800169782776257, -0.8011169539490129, -0.5289632070062913, 44.3363662176476], [0.0, 0.0, 0.0, 1.0]]}, {"class": "Cookies", "pose": [[0.7774037564142822, -0.014022533769327186, 0.6288456561210538, -32.023797899260906], [-0.49096954520240427, -0.6384616211935605, 0.5927189495204904, -16.484719781984214], [0.3931823413405895, -0.7695259154357869, -0.5032270544449152, 38.064318532723085], [0.0, 0.0, 0.0, 1.0]]}, {"class": "TomatoSauce", "pose": [[0.410966704305815, 0.012684222085464193, -0.9115621589473589, -0.4173179803011573], [0.737668286826553, -0.5921624284850654, 0.32432891649540924, -7.973147035821775], [-0.5356789500456363, -0.8057187903226303, -0.2527157490021159, 38.16209792060805], [0.0, 0.0, 0.0, 1.0]]}, {"class": "PeasAndCarrots", "pose": [[0.9881861130374752, 0.014706562927233748, 0.15255167704558423, 9.05751298039139], [-0.11511523055157898, -0.5858988363052317, 0.8021665204215832, -3.1988270340135476], [0.10117693666592815, -0.8102507451119877, -0.5772840842488437, 36.60553785004331], [0.0, 0.0, 0.0, 1.0]]}, {"class": "Ketchup", "pose": [[0.9761877806546586, 0.01280066740591911, 0.21654941924918825, -27.628734155193712], [-0.15942055147778356, -0.6346575220340307, 0.7561712813021796, -2.7453769905654695], [0.14711418425356337, -0.7726875045791802, -0.6175041647254415, 29.578921078966186], [0.0, 0.0, 0.0, 1.0]]}, {"class": "MacaroniAndCheese", "pose": [[-0.4525026608323348, 0.8915782232259786, 0.018157779917447603, 3.089345687103695], [0.7277102078500232, 0.3809507104126576, -0.570363479547039, 8.513837029028114], [-0.5154408144425087, -0.24487737736983078, -0.8211916909309149, 28.755320333761063], [0.0, 0.0, 0.0, 1.0]]}, {"class": "Pineapple", "pose": [[0.9884306040742946, 0.0019644346342491195, -0.15166137639016306, -16.051223308884822], [0.12174735725476968, -0.6066218830306908, 0.7856128570764459, 6.495034565021561], [-0.09045782965159505, -0.7949880719339786, -0.5998427318323334, 28.752433823822436], [0.0, 0.0, 0.0, 1.0]]}]}