{"camera": {"camera": "RealSense D415", "extrinsics": [[-0.8927826, -0.4495467, -0.029102802, 0.61546284], [-0.34866032, 0.7304449, -0.5872702, -0.13548279], [0.28526336, -0.5141576, -0.8088676, 0.006749725], [0.0, 0.0, 0.0, 1.0]], "height": 480, "intrinsics": [[604.50507, 0.0, 326.28275], [0.0, 602.9669, 245.73769], [0.0, 0.0, 1.0]], "width": 640}, "objects": [{"class": "OrangeJuice", "pose": [[-0.6689886690426591, -0.013157326525855014, 0.7431561905638614, -9.556336900177698], [-0.5878604438252926, -0.6024727424135891, -0.5398581360606, -7.6684356436418994], [0.4548343613205748, -0.7980310687587325, 0.39531269208952263, 30.582465882924602], [0.0, 0.0, 0.0, 1.0]]}, {"class": "ChocolatePudding", "pose": [[0.8866230214506104, 0.013865540301915898, -0.4622850232790291, -3.954914714837998], [0.3796437594187561, -0.5926864488778921, 0.710347452369299, -38.34392496212001], [-0.26414067280182774, -0.8053139923072229, -0.5307533195705573, 61.1495042689303], [0.0, 0.0, 0.0, 1.0]]}, {"class": "CreamCheese", "pose": [[0.9921644239508537, -0.06558513928031633, -0.10634107143535688, -15.75618707252272], [0.03680875561681973, -0.6599240065091245, 0.7504302332525878, -35.96339057679083], [-0.11939408821708353, -0.7484644354445816, -0.6523389058170622, 59.36495937833396], [0.0, 0.0, 0.0, 1.0]]}, {"class": "Raisins", "pose": [[0.2299346834998864, 0.009805433740893005, -0.9731567052202476, 3.5614788410695875], [0.8026937816244393, -0.5673166288426515, 0.18394197296080514, -44.98752512736528], [-0.5502842494551643, -0.8234414354977819, -0.13831650145982619, 61.08652734738558], [0.0, 0.0, 0.0, 1.0]]}, {"class": "BBQSauce", "pose": [[0.6742317169994732, 0.021503969145043465, -0.7382067794494432, 10.681585288543582], [0.586353605282671, -0.623302221877472, 0.5173817774248219, -38.25278507508694], [-0.449000088091215, -0.7816853785279104, -0.4328589809151776, 54.72967174961312], [0.0, 0.0, 0.0, 1.0]]}, {"class": "SaladDressing", "pose": [[0.17067617645127772, -0.08333310874556696, -0.9817969820186587, 21.412695575063722], [0.7920368228148915, -0.5811230444495122, 0.18701281333554814, -34.50564483521939], [-0.5861291063924254, -0.8095379563125176, -0.03318094932552959, 52.270587086557526], [0.0, 0.0, 0.0, 1.0]]}, {"class": "Mayo", "pose": [[-0.09660537824047462, 0.9404073344557234, -0.32603914537838086, 9.707775141741115], [0.5837061185836369, 0.3188565063267811, 0.7467381129537672, -28.043257591713804], [0.8061976645105804, -0.11817209900311582, -0.5797246658751478, 53.36330853198684], [0.0, 0.0, 0.0, 1.0]]}, {"class": "Mushrooms", "pose": [[0.670608158867843, 0.04508643727432234, -0.7404404017582772, 20.81714473773052], [0.5979109104272528, -0.6236540310992034, 0.503545734290755, -25.01096853656061], [-0.43907548237600547, -0.7803992405703782, -0.44518507787505984, 51.99893435229115], [0.0, 0.0, 0.0, 1.0]]}, {"class": "Parmesan", "pose": [[0.9838857606910945, -0.007745990909775679, -0.17863058992318068, -11.260882170151609], [0.13356714038414216, -0.6323288684137528, 0.7630990335577923, -26.2094881309263], [-0.11886422172844385, -0.7746614191101283, -0.621104653021006, 49.27496175843718], [0.0, 0.0, 0.0, 1.0]]}, {"class": "Mustard", "pose": [[0.8942057935574518, -0.062196262088060526, -0.4433144503315085, -8.513885809224552], [0.3343699653331602, -0.5656503976635145, 0.7538146109905637, -21.233913868439895], [-0.2976454012805488, -0.8222963898286777, -0.48501120589160657, 42.040022186022505], [0.0, 0.0, 0.0, 1.0]]}, {"class": "Milk", "pose": [[-0.026266717177236654, -0.529817907879562, -0.8477046196529919, -1.0726479886587703], [-0.5654002184497512, -0.6914549501153149, 0.4496807298235595, -23.114402642649107], [-0.8243984189528812, 0.4911039264909982, -0.28139685087484867, 48.754632732909045], [0.0, 0.0, 0.0, 1.0]]}, {"class": "AlphabetSoup", "pose": [[0.9990305382999367, -0.026431011628412094, -0.035206012137211695, 14.389638125539438], [0.013352267894783344, -0.5801209150814377, 0.8144209935063002, -15.379133885308164], [-0.04194971433062021, -0.8141014855100511, -0.5792054905014928, 42.74639834532796], [0.0, 0.0, 0.0, 1.0]]}, {"class": "Yogurt", "pose": [[0.9744705362189504, -0.0054713408714642375, -0.22444891755673532, 23.62795167980008], [0.17407886009740423, -0.6129278103225564, 0.7707244407938774, -14.719764229014901], [-0.1417878597178169, -0.790120037074271, -0.5963275419763566, 43.97371857731138], [0.0, 0.0, 0.0, 1.0]]}, {"class": "Cherries", "pose": [[0.892779233156375, -0.010466137191860783, 0.45037293317778715, -17.81021420345136], [-0.36838388589203286, -0.5924045880450427, 0.7164846338302836, -16.06493748391628], [0.25930411414661453, -0.8055726966838825, -0.5327419771458445, 45.05472136182442], [0.0, 0.0, 0.0, 1.0]]}, {"class": "Cookies", "pose": [[0.7802085956405372, -0.03592065087178545, 0.6244872554758317, -29.8202524855528], [-0.5015780467170764, -0.632454411932788, 0.5902719658893534, -17.578899089632106], [0.3737566968082969, -0.7737643282368615, -0.5114632962474214, 39.011793910349326], [0.0, 0.0, 0.0, 1.0]]}, {"class": "TomatoSauce", "pose": [[0.4074621497203722, -0.009485893283006733, -0.9131728710907067, 1.8654866054914065], [0.7376060002053577, -0.5861486915846451, 0.33521219197891633, -9.380682790213118], [-0.538434775623713, -0.8101480319798323, -0.23183650736545733, 38.53308105549887], [0.0, 0.0, 0.0, 1.0]]}, {"class": "PeasAndCarrots", "pose": [[0.9888208033745629, -0.0074926052816471755, 0.14892064263205887, 11.354400195396163], [-0.1256249674971618, -0.5798712718400936, 0.804964464726572, -4.688478026983432], [0.08032350172729869, -0.8146737214616069, -0.5743299313977359, 36.8204335542391], [0.0, 0.0, 0.0, 1.0]]}, {"class": "Ketchup", "pose": [[0.9773070473641182, -0.009129818920709716, 0.21163095166130802, -25.45958102521445], [-0.17015583453582825, -0.6288914453012475, 0.7586452766853359, -3.819828102878754], [0.12616657431603395, -0.7774395849800142, -0.616173429077095, 30.54063141021219], [0.0, 0.0, 0.0, 1.0]]}, {"class": "MacaroniAndCheese", "pose": [[-0.45548062793432637, 0.8902362653316968, -0.004107016799608177, 5.346952973737851], [0.7360181707622241, 0.3739731575813109, -0.564288440031462, 7.141553525310829], [-0.5008140241805151, -0.26004524796387024, -0.8255675560877468, 29.17894379050508], [0.0, 0.0, 0.0, 1.0]]}, {"class": "Pineapple", "pose": [[0.987577850483703, -0.02013166601382538, -0.15583575770555363, -13.809057588639028], [0.11266611590048611, -0.6005823730069915, 0.7915852912970505, 5.31184825290571], [-0.10952812684182228, -0.7993094745511415, -0.5908535865952468, 29.548246386868225], [0.0, 0.0, 0.0, 1.0]]}]}