{"camera": {"camera": "RealSense D415", "extrinsics": [[-0.8999926, -0.43318254, -0.048643798, 0.62245744], [-0.3324151, 0.75422263, -0.56625825, -0.16174008], [0.28198144, -0.49345827, -0.8227912, 0.006756242], [0.0, 0.0, 0.0, 1.0]], "height": 480, "intrinsics": [[604.50507, 0.0, 326.28275], [0.0, 602.9669, 245.73769], [0.0, 0.0, 1.0]], "width": 640}, "objects": [{"class": "OrangeJuice", "pose": [[-0.6815779374637378, -0.03304049353718804, 0.7309992832799184, -8.519821390038318], [-0.5814073211312226, -0.5821290319283084, -0.5684112508616964, -9.19849981681308], [0.44431642704436103, -0.8124248587753978, 0.3775562341381806, 31.141844946509284], [0.0, 0.0, 0.0, 1.0]]}, {"class": "ChocolatePudding", "pose": [[0.8947516810080935, -0.0058120808461571555, -0.44652632649787455, -3.553079638727652], [0.3630184460733767, -0.5728671923902935, 0.7348746972635988, -40.75059535397044], [-0.2600714033741993, -0.819627618867735, -0.5104638870385234, 60.91602872278956], [0.0, 0.0, 0.0, 1.0]]}, {"class": "CreamCheese", "pose": [[0.992134265757168, -0.08667589535270241, -0.09031610643485265, -15.297976025543536], [0.014118968267435887, -0.6394096397371886, 0.7687366261153136, -38.023174759815284], [-0.12437993031973239, -0.7639650813451399, -0.633156328131742, 59.260685493999844], [0.0, 0.0, 0.0, 1.0]]}, {"class": "Raisins", "pose": [[0.24774206797328077, -0.009309319227048526, -0.9687813558993125, 3.787987600700682], [0.8097804118553087, -0.5469630221440092, 0.2123373965354965, -47.58237972200467], [-0.5318641975698164, -0.8371050227138886, -0.12796720175456486, 60.64582280280707], [0.0, 0.0, 0.0, 1.0]]}, {"class": "BBQSauce", "pose": [[0.6868111837647339, 0.0011554817410318419, -0.7268350390039614, 11.04639692469862], [0.579622699095239, -0.6042415762239558, 0.5467446179349857, -40.87935009096287], [-0.4385521306413629, -0.7968003646516691, -0.4156695274315718, 54.41307538416509], [0.0, 0.0, 0.0, 1.0]]}, {"class": "SaladDressing", "pose": [[0.18803662424854806, -0.10269918341413717, -0.9767779772668639, 21.857833500229017], [0.8015406660242639, -0.5586991510171793, 0.21304424973935193, -37.351036110022115], [-0.5676043957235382, -0.8229873439268499, -0.02273829645885582, 51.98228738074726], [0.0, 0.0, 0.0, 1.0]]}, {"class": "Mayo", "pose": [[-0.07712699253216396, 0.9477189610107349, -0.3096454572086232, 10.330501795803137], [0.5660058732216959, 0.29729299902279105, 0.7689305932238067, -30.61758666486043], [0.8207854855373821, -0.11595583167640887, -0.5593437049486617, 53.302488568121106], [0.0, 0.0, 0.0, 1.0]]}, {"class": "Mushrooms", "pose": [[0.6835416790672603, 0.024727412661554652, -0.7294925902620506, 21.507360654143092], [0.59102214473857, -0.6052333101589296, 0.533278067885433, -27.840346177658116], [-0.428326562970262, -0.7956640211080601, -0.4283165528000681, 51.94633464046747], [0.0, 0.0, 0.0, 1.0]]}, {"class": "Parmesan", "pose": [[0.9863715172678078, -0.02828091727820299, -0.16208494947702326, -10.60504040122372], [0.11101646546100484, -0.6126804159969156, 0.7824947828805822, -28.14338283941739], [-0.12143594458460064, -0.7898246243671917, -0.6011907538713249, 49.38543918730956], [0.0, 0.0, 0.0, 1.0]]}, {"class": "Mustard", "pose": [[0.9009784972127842, -0.08123642116134935, -0.4261906881236926, -7.768529873942487], [0.31840154156745637, -0.5434680601759735, 0.776700044342064, -23.06396710214621], [-0.2947173271690826, -0.8354897610173626, -0.46378713299935226, 42.25799788977576], [0.0, 0.0, 0.0, 1.0]]}, {"class": "Milk", "pose": [[-0.045324205274123605, -0.5449500092850431, -0.8372426858460816, -0.3428612503635575], [-0.5440934884978862, -0.6894189518879323, 0.47818805666482306, -25.3003694228869], [-0.8377995115496014, 0.4772117084834333, -0.26525631409614125, 48.88009723915647], [0.0, 0.0, 0.0, 1.0]]}, {"class": "AlphabetSoup", "pose": [[0.9988026545343699, -0.045815398169670424, -0.01715569269689719, 15.282617969709412], [-0.011403930531044099, -0.5590537645846604, 0.8290529968928986, -17.821281396103753], [-0.047574362843872675, -0.8278646442822382, -0.5589067535660497, 42.97051119596995], [0.0, 0.0, 0.0, 1.0]]}, {"class": "Yogurt", "pose": [[0.9778882723657754, -0.025586227945825844, -0.20755717986917654, 24.541345135800896], [0.1523090231071686, -0.5929702969865281, 0.7906884477193183, -17.430894010427327], [-0.14330597268480919, -0.8048177487210372, -0.5759615768180748, 44.15840520487165], [0.0, 0.0, 0.0, 1.0]]}, {"class": "Cherries", "pose": [[0.8842926779440339, -0.030129291025089586, 0.46596008065407646, -16.91141430801123], [-0.3975627849318774, -0.5719512914157424, 0.717506505385148, -17.73251441444718], [0.24488844221450454, -0.8197340908751182, -0.517750537963211, 45.4535767735714], [0.0, 0.0, 0.0, 1.0]]}, {"class": "Cookies", "pose": [[0.7689167698034352, -0.0564441642142295, 0.636852548591484, -28.988758425912174], [-0.5305815900681903, -0.6121009133647308, 0.5863579803530501, -18.787026300588963], [0.3567214582434143, -0.7887626815308764, -0.5006028184970719, 39.44726042931482], [0.0, 0.0, 0.0, 1.0]]}, {"class": "TomatoSauce", "pose": [[0.4235819230869198, -0.029011507531384394, -0.9053931731965967, 2.895996005987167], [0.7398616972051184, -0.5656121697576669, 0.364263057989305, -11.399872991235851], [-0.5226691289332708, -0.8241609300228978, -0.21811852630674516, 38.9799052756066], [0.0, 0.0, 0.0, 1.0]]}, {"class": "PeasAndCarrots", "pose": [[0.9856434398557126, -0.026880212051240644, 0.1666870567132857, 12.49417192921517], [-0.15303575989725518, -0.559278899893334, 0.8147313675756602, -6.913393988910735], [0.07132436655989893, -0.8285436609570956, -0.5553631109976073, 37.32583234895796], [0.0, 0.0, 0.0, 1.0]]}, {"class": "Ketchup", "pose": [[0.9732230663700249, -0.029589906570618194, 0.2279504589175603, -24.317866313453628], [-0.19836838144252203, -0.6091411612499018, 0.7678522409291568, -4.940939411289495], [0.11613328901961371, -0.7925096354425053, -0.5986998290851361, 31.289030479696084], [0.0, 0.0, 0.0, 1.0]]}, {"class": "MacaroniAndCheese", "pose": [[-0.4388986044912733, 0.8982383975245959, -0.02314967374107327, 6.754964518986217], [0.759617397895177, 0.35715751570629933, -0.5435254830956859, 5.252020458620629], [-0.47994727680397714, -0.2561374410110938, -0.8390734003858262, 30.011763272606107], [0.0, 0.0, 0.0, 1.0]]}, {"class": "Pineapple", "pose": [[0.9895698941828885, -0.03997016602141216, -0.1383976934827553, -12.439823481387824], [0.08980390231641032, -0.5800284643318657, 0.8096309484441018, 3.9087024214863626], [-0.11263568736037563, -0.8136150202884415, -0.570389120801048, 30.450591794461033], [0.0, 0.0, 0.0, 1.0]]}]}