{"camera": {"camera": "RealSense D415", "extrinsics": [[-0.9106131, -0.41155806, -0.03746661, 0.6279987], [-0.3215926, 0.76264536, -0.5612043, -0.18343987], [0.2595419, -0.498991, -0.8268289, 0.029941482], [0.0, 0.0, 0.0, 1.0]], "height": 480, "intrinsics": [[604.50507, 0.0, 326.28275], [0.0, 602.9669, 245.73769], [0.0, 0.0, 1.0]], "width": 640}, "objects": [{"class": "OrangeJuice", "pose": [[-0.6993508909463619, -0.022320233081949834, 0.7144300102467781, -8.54301295120381], [-0.574390573890963, -0.5773406884784351, -0.5803044564932109, -10.564703752784084], [0.4254219987710405, -0.8161982786028338, 0.39094313132483155, 31.878215962820654], [0.0, 0.0, 0.0, 1.0]]}, {"class": "ChocolatePudding", "pose": [[0.9052866000183276, 0.005188382579379007, -0.4247697653164363, -4.685019506879595], [0.35214882613006, -0.5684131791521123, 0.7435709288257804, -42.33784694631809], [-0.23758678162421387, -0.8227269481075152, -0.5164038429541197, 61.58156041793895], [0.0, 0.0, 0.0, 1.0]]}, {"class": "CreamCheese", "pose": [[0.9948187038052129, -0.07781852233588768, -0.06542266544776472, -16.351079248035262], [0.001244708985722224, -0.634138919854715, 0.7732181743844756, -39.44186888102064], [-0.10165776036334606, -0.7692933155450326, -0.6307563185401168, 59.67422313753059], [0.0, 0.0, 0.0, 1.0]]}, {"class": "Raisins", "pose": [[0.27075507628077583, 0.0024419359535685, -0.9626452236574518, 2.5673325278171344], [0.8091152044793065, -0.5423721105154162, 0.22619713479372075, -49.26757215535392], [-0.5215594938103078, -0.8401348829099564, -0.148825776990586, 61.44064927111953], [0.0, 0.0, 0.0, 1.0]]}, {"class": "BBQSauce", "pose": [[0.7044263960641344, 0.011207713353308581, -0.709688622357017, 10.056239443197201], [0.5725044525229708, -0.5999993492262966, 0.5587839447790351, -42.6314216677774], [-0.41954997587323206, -0.79992203550553, -0.42907178166374715, 55.412379365554465], [0.0, 0.0, 0.0, 1.0]]}, {"class": "SaladDressing", "pose": [[0.21177645720797247, -0.09139631674124578, -0.973035223654363, 20.967106625602533], [0.8018784939073188, -0.5529079528058455, 0.22645913738776696, -39.23810109263749], [-0.5586963729201094, -0.8282147069960292, -0.043804120400308524, 53.24829908034581], [0.0, 0.0, 0.0, 1.0]]}, {"class": "Mayo", "pose": [[-0.08821737914605961, 0.9540524106891952, -0.2863595514178846, 9.504632880543795], [0.5626773394872965, 0.2849497493986727, 0.7760141210819286, -32.35514828046557], [0.8219562020342536, -0.09267009099520554, -0.5619611153229456, 54.34296983379983], [0.0, 0.0, 0.0, 1.0]]}, {"class": "Mushrooms", "pose": [[0.7010782838629652, 0.03473195261499435, -0.7122380447412406, 20.74607743735272], [0.5838934433807647, -0.6013183513578189, 0.5454216270654243, -29.723459033192505], [-0.4093382033636782, -0.7982543621065922, -0.44185093369533196, 53.25736982131226], [0.0, 0.0, 0.0, 1.0]]}, {"class": "Parmesan", "pose": [[0.9902998557562842, -0.01849180031274408, -0.13771111074926148, -11.300545278775065], [0.09819493746406177, -0.6080726469057965, 0.7877851702811094, -29.575146170427104], [-0.09830592729687827, -0.7936660537167218, -0.6003583753048443, 49.963696538759514], [0.0, 0.0, 0.0, 1.0]]}, {"class": "Mustard", "pose": [[0.9117004821069664, -0.06944950701979041, -0.4049433267929564, -8.233459622108763], [0.3076341230500648, -0.5379053259409621, 0.7848688876704114, -24.497436747087463], [-0.27232990893532033, -0.8401397008133036, -0.4690434337875905, 42.931162532751], [0.0, 0.0, 0.0, 1.0]]}, {"class": "Milk", "pose": [[-0.03350560100909922, -0.5649825377602855, -0.8244223479142732, -0.992020501406965], [-0.5390081799995543, -0.6844266598050457, 0.4909484630947556, -26.869697443243503], [-0.8416339151679378, 0.4608198573709425, -0.28159803062939825, 49.70819672615375], [0.0, 0.0, 0.0, 1.0]]}, {"class": "AlphabetSoup", "pose": [[0.9993839699836605, -0.03442587914312678, 0.006829377602412652, 14.86410256036524], [-0.024770602535731653, -0.5540124471621287, 0.8321398258783629, -19.573353780641806], [-0.024863597238955187, -0.8317963446340052, -0.5545238331654364, 44.1979970815607], [0.0, 0.0, 0.0, 1.0]]}, {"class": "Yogurt", "pose": [[0.9828774966368253, -0.015188985996973057, -0.18363339108895618, 24.09768117684109], [0.13971385015049492, -0.5883224668919436, 0.7964651776441525, -19.315498787178598], [-0.12013314620085823, -0.8084838055030256, -0.5761267242420491, 45.598732327932794], [0.0, 0.0, 0.0, 1.0]]}, {"class": "Cherries", "pose": [[0.8730107189805336, -0.0191054426506752, 0.48732675651941015, -17.374144281517147], [-0.41086611536106304, -0.5671652603812829, 0.7138015598457081, -19.058711805811097], [0.2627572642633656, -0.8233824397681191, -0.5029910704187235, 45.9472199966534], [0.0, 0.0, 0.0, 1.0]]}, {"class": "Cookies", "pose": [[0.7533215631896311, -0.0466615633047578, 0.6559949862285557, -29.324159676939644], [-0.542886174328481, -0.607114800621433, 0.5802467447240097, -19.91683096504529], [0.37118898558404445, -0.7932429721571308, -0.48268453783713916, 39.661455282199604], [0.0, 0.0, 0.0, 1.0]]}, {"class": "TomatoSauce", "pose": [[0.445378032899209, -0.017801199411959557, -0.8951656975799744, 2.6598416162363914], [0.7367580591774376, -0.5608187583290956, 0.37771675461479404, -12.962742538457134], [-0.5087494639377007, -0.8277472620216035, -0.23666113352530707, 39.96200128541332], [0.0, 0.0, 0.0, 1.0]]}, {"class": "PeasAndCarrots", "pose": [[0.9815975516231309, -0.015484889096726786, 0.19033277665881082, 12.353064416107905], [-0.16683363485095806, -0.5544921584045799, 0.8152944552268665, -8.598904697699867], [0.09291326143221369, -0.8320449243807192, -0.5468714735885889, 38.552113516841736], [0.0, 0.0, 0.0, 1.0]]}, {"class": "Ketchup", "pose": [[0.9675446493522174, -0.019691124520527577, 0.2519319593432445, -24.28132770404179], [-0.21222789204188428, -0.6045017917202918, 0.767813108653297, -6.092972719780235], [0.13717418596448, -0.7963604326022985, -0.5890614085586521, 31.689073238305415], [0.0, 0.0, 0.0, 1.0]]}, {"class": "MacaroniAndCheese", "pose": [[-0.4175081094069009, 0.908602961865561, -0.011302091935580197, 6.94746159815397], [0.7680463814329127, 0.3462202777660306, -0.5387358716521918, 3.681955344183943], [-0.4855839218408029, -0.2336071060059293, -0.8423989635771649, 31.17706348234442], [0.0, 0.0, 0.0, 1.0]]}, {"class": "Pineapple", "pose": [[0.9930093116201475, -0.02919187150579692, -0.1143697629934819, -12.268738815742763], [0.07689471644317043, -0.5751395982760789, 0.8144333669806145, 2.59818437958389], [-0.08955341698405479, -0.8175343236654592, -0.5688741988330832, 31.17086469054201], [0.0, 0.0, 0.0, 1.0]]}]}