{"camera": {"camera": "RealSense D415", "extrinsics": [[-0.9246464, -0.37914664, -0.035733517, 0.6286763], [-0.29894733, 0.7807696, -0.5486614, -0.21826498], [0.23592275, -0.49663535, -0.83528066, 0.04871521], [0.0, 0.0, 0.0, 1.0]], "height": 480, "intrinsics": [[604.50507, 0.0, 326.28275], [0.0, 602.9669, 245.73769], [0.0, 0.0, 1.0]], "width": 640}, "objects": [{"class": "OrangeJuice", "pose": [[-0.7241846971064544, -0.021278486418167604, 0.6892777918044214, -8.82455020792804], [-0.5598962196382429, -0.5653660729863449, -0.605704122370951, -12.40525708270528], [0.402582671797098, -0.824565629216886, 0.39751566702551416, 32.368521642191695], [0.0, 0.0, 0.0, 1.0]]}, {"class": "ChocolatePudding", "pose": [[0.9197202057308823, 0.006603933903071699, -0.39251911419641905, -6.497982681727576], [0.3293431593172098, -0.5571400173142423, 0.7623176120387126, -44.67478415290274], [-0.2136537603167147, -0.830392337640738, -0.5145878217932748, 61.69376846036606], [0.0, 0.0, 0.0, 1.0]]}, {"class": "CreamCheese", "pose": [[0.9963919543014698, -0.079343774208151, -0.030129100217219436, -18.034384332044475], [-0.025782013730913447, -0.6211864222785521, 0.7832386441252198, -41.42136365078175], [-0.08086087193964644, -0.7796358448476499, -0.6209907075518286, 59.58467596340299], [0.0, 0.0, 0.0, 1.0]]}, {"class": "Raisins", "pose": [[0.3045326309517244, 0.004964981261558824, -0.9524890285084069, 0.5570034793912271], [0.8080415830651622, -0.5307978838408018, 0.2555825965398176, -51.8061977868614], [-0.5043101135923209, -0.8474839219146667, -0.1656571805642771, 61.606195755214], [0.0, 0.0, 0.0, 1.0]]}, {"class": "BBQSauce", "pose": [[0.7290789594842763, 0.011242350417603474, -0.684337346764451, 8.356847879723194], [0.5577866422171931, -0.5891909853072201, 0.5845751463269183, -45.30556427197925], [-0.3966333240402352, -0.8079156149771641, -0.4358375332445961, 55.829826117999836], [0.0, 0.0, 0.0, 1.0]]}, {"class": "SaladDressing", "pose": [[0.24617547708011764, -0.08936561568461024, -0.9650966506002856, 19.402767511103274], [0.8029950689337683, -0.5388107315060446, 0.25471939853168324, -42.19614969284921], [-0.5427675014979287, -0.8376734629223468, -0.06088184360921087, 53.94194587055159], [0.0, 0.0, 0.0, 1.0]]}, {"class": "Mayo", "pose": [[-0.08972673107985044, 0.9634773421895871, -0.2523106192755478, 8.11870442792616], [0.5537879695985921, 0.25882358635740293, 0.7914096871907267, -35.00419659867531], [0.8278091813585242, -0.06871594635925084, -0.5567854775605713, 54.894511843572225], [0.0, 0.0, 0.0, 1.0]]}, {"class": "Mushrooms", "pose": [[0.725837797967934, 0.034679173643037756, -0.6869912442955101, 19.450556190866088], [0.5691272961668444, -0.5912035262420314, 0.5714652819053553, -32.680070780893445], [-0.38633363006191684, -0.8057765157696147, -0.4488546791170084, 54.080897736483266], [0.0, 0.0, 0.0, 1.0]]}, {"class": "Parmesan", "pose": [[0.9945444086433045, -0.018799665015929085, -0.10260660609253126, -12.50185492465199], [0.07120344560845529, -0.5964970138356972, 0.7994507107539183, -31.572307255348292], [-0.0762339103765662, -0.802395124405075, -0.59190408453358, 50.12203163316011], [0.0, 0.0, 0.0, 1.0]]}, {"class": "Mustard", "pose": [[0.9256103746464966, -0.06675518623963378, -0.3725443641220173, -9.143768095951598], [0.2851378924270226, -0.5242807495363495, 0.8023877710148873, -26.489497796691765], [-0.2488813310876455, -0.848924900094589, -0.4662452006008238, 43.22747002475837], [0.0, 0.0, 0.0, 1.0]]}, {"class": "Milk", "pose": [[-0.03083316860885063, -0.5937619814213322, -0.8040498423072715, -2.117893458251463], [-0.5263890309288216, -0.6741927963449371, 0.5180528144704677, -29.1590610325532], [-0.8496846164257985, 0.4392161483584276, -0.29176226225885016, 50.11984071882354], [0.0, 0.0, 0.0, 1.0]]}, {"class": "AlphabetSoup", "pose": [[0.9985874663550237, -0.03238590477331412, 0.04212302212406337, 14.051584044161485], [-0.052954257901146794, -0.5414927059791824, 0.8390360856648799, -22.244462907465586], [-0.0043636156507503975, -0.8400814530930193, -0.5424427168609086, 45.04520795458364], [0.0, 0.0, 0.0, 1.0]]}, {"class": "Yogurt", "pose": [[0.9887637541676508, -0.014625948502452975, -0.14876976795335625, 23.256913315091683], [0.1132090181029415, -0.5766503994559212, 0.8091094438540801, -22.269319277690624], [-0.09762210635801388, -0.8168601145290268, -0.56851514288515, 46.641710446544735], [0.0, 0.0, 0.0, 1.0]]}, {"class": "Cherries", "pose": [[0.8552711994950483, -0.0176255099172402, 0.5178809134315089, -18.18913187087965], [-0.439142607907279, -0.5551902545921807, 0.7063409999657563, -20.833349314077857], [0.27507278984321476, -0.831536630995147, -0.48257826479129856, 46.12881907747332], [0.0, 0.0, 0.0, 1.0]]}, {"class": "Cookies", "pose": [[0.7296221655563276, -0.04693373817967728, 0.682238113514316, -30.02236421405908], [-0.5691474679434291, -0.5947411209129875, 0.567762464359092, -21.264772632355584], [0.3791078022330379, -0.8025461202192458, -0.46064844432054963, 39.58370136053188], [0.0, 0.0, 0.0, 1.0]]}, {"class": "TomatoSauce", "pose": [[0.476729495266789, -0.01604999289088154, -0.8789035839345923, 2.131768591522276], [0.7305616340503115, -0.5488250700605453, 0.4062890577324698, -15.231374566981074], [-0.4888851742178606, -0.8357831569950338, -0.249915567664875, 40.64947988892818], [0.0, 0.0, 0.0, 1.0]]}, {"class": "PeasAndCarrots", "pose": [[0.9742950896011767, -0.013465030978119399, 0.22487306442077343, 11.972205541037296], [-0.1960329275191409, -0.5425095815947022, 0.8168564759568098, -11.127373033588624], [0.110996795384473, -0.839941719006416, -0.5312039251876762, 39.50387735317445], [0.0, 0.0, 0.0, 1.0]]}, {"class": "Ketchup", "pose": [[0.9580277205682914, -0.019840080575827715, 0.28598842914996175, -24.422640520852102], [-0.2416024776627931, -0.5928572261520773, 0.7682113051061048, -7.483866385470791], [0.15430892751539382, -0.8050631843833443, -0.5727669806190533, 31.91442501381404], [0.0, 0.0, 0.0, 1.0]]}, {"class": "MacaroniAndCheese", "pose": [[-0.38522521934666626, 0.9227823994984002, -0.008619590331517914, 7.073731368801372], [0.7861563045031652, 0.32326901443381123, -0.5267404164323076, 1.4015240723344424], [-0.4832802708618678, -0.20968998764652103, -0.8499825168345236, 32.19202951086169], [0.0, 0.0, 0.0, 1.0]]}, {"class": "Pineapple", "pose": [[0.9964642765888957, -0.028055239897691656, -0.07919578763196285, -12.160949282072808], [0.04971801948112165, -0.5629518087879833, 0.8249929918657334, 0.8670044627450468], [-0.0677287604590323, -0.8260134453558072, -0.5595664331837477, 31.769757732536853], [0.0, 0.0, 0.0, 1.0]]}]}