{"camera": {"camera": "RealSense D415", "extrinsics": [[-0.94847745, -0.31684288, 0.0010685028, 0.6343477], [-0.27007124, 0.80669266, -0.5256505, -0.25504154], [0.16568667, -0.49885622, -0.85069996, 0.1117531], [0.0, 0.0, 0.0, 1.0]], "height": 480, "intrinsics": [[604.50507, 0.0, 326.28275], [0.0, 602.9669, 245.73769], [0.0, 0.0, 1.0]], "width": 640}, "objects": [{"class": "OrangeJuice", "pose": [[-0.7690983116897352, 0.014166107553239136, 0.6389735778515053, -9.564848621765353], [-0.5424555783268351, -0.543148984841775, -0.6408830975896909, -14.109909635707785], [0.33797898106625895, -0.8395168630675375, 0.42541939887711755, 34.10652298358776], [0.0, 0.0, 0.0, 1.0]]}, {"class": "ChocolatePudding", "pose": [[0.9431481477208997, 0.04265243676516101, -0.32962473500663425, -10.366816898018927], [0.30005712238541865, -0.5358254261903302, 0.7892128071201339, -47.17490715047355], [-0.1429594368854925, -0.8432508189322387, -0.5181608589364939, 62.615611858487654], [0.0, 0.0, 0.0, 1.0]]}, {"class": "CreamCheese", "pose": [[0.9980254451696544, -0.04874058718852061, 0.039619323492418715, -21.612040231629457], [-0.060927732057365444, -0.5978796559003718, 0.7992670063849182, -43.44057783429419], [-0.015269152104925441, -0.800102703707408, -0.5996686889211463, 59.83688644150341], [0.0, 0.0, 0.0, 1.0]]}, {"class": "Raisins", "pose": [[0.3663391414778008, 0.043105762832198344, -0.9294824643163139, -3.5801266584338687], [0.8085947705422096, -0.5090167688270308, 0.29508718215705465, -54.560360507692174], [-0.46040213472583874, -0.8596766149581182, -0.22132783826793354, 62.79856599123084], [0.0, 0.0, 0.0, 1.0]]}, {"class": "BBQSauce", "pose": [[0.7735028995910926, 0.04462432100332729, -0.6322199452237565, 4.817133065869072], [0.5400149284053974, -0.5685852903719845, 0.6205599597465421, -48.211635003964105], [-0.33177884456592555, -0.8214131118306445, -0.46390011637152145, 57.73477601472542], [0.0, 0.0, 0.0, 1.0]]}, {"class": "SaladDressing", "pose": [[0.3105601579873962, -0.05189644752061183, -0.9491360660332937, 16.06868448776061], [0.806705387254893, -0.5137461443073157, 0.29204680507072306, -45.47023174735016], [-0.5027711159572423, -0.8563712506026264, -0.11768392438529635, 56.67073158510825], [0.0, 0.0, 0.0, 1.0]]}, {"class": "Mayo", "pose": [[-0.12547940750545025, 0.974514431622388, -0.18594801878842973, 5.009126082692095], [0.5356468236890245, 0.22431057300076365, 0.8141051934981374, -37.88820903449923], [0.8350673388955221, 0.0025509872386099, -0.5501418471016136, 57.071668138355], [0.0, 0.0, 0.0, 1.0]]}, {"class": "Mushrooms", "pose": [[0.769981397158542, 0.0677775580284658, -0.634456440976876, 16.44553842658964], [0.5512047016260754, -0.5715252550981582, 0.6078916668774178, -35.96913519662718], [-0.32140641697365013, -0.8177806236004056, -0.4774230689338411, 57.07630706343932], [0.0, 0.0, 0.0, 1.0]]}, {"class": "Parmesan", "pose": [[0.9993223227063527, 0.014038005793682353, -0.034028731590911784, -15.10828489549918], [0.035911053992305084, -0.5749013530797313, 0.8174343089184413, -33.56895279145848], [-0.008088008627244868, -0.8181023356702721, -0.5750158019094859, 51.03878346224964], [0.0, 0.0, 0.0, 1.0]]}, {"class": "Mustard", "pose": [[0.949819496672743, -0.02807742432543847, -0.3115360441797237, -11.115075513085248], [0.2565674738629617, -0.4997910104172238, 0.8272738943242544, -28.4424335245462], [-0.17893060632764754, -0.8656908594110566, -0.46750742668933043, 44.5257381979092], [0.0, 0.0, 0.0, 1.0]]}, {"class": "Milk", "pose": [[0.007716471980559116, -0.6455860458077889, -0.763648635406365, -4.668453855471222], [-0.5032196647306632, -0.6624334454557831, 0.5549341567597457, -31.54595920315577], [-0.8641241142959605, 0.38000081875095004, -0.32998320078322896, 51.79233660458438], [0.0, 0.0, 0.0, 1.0]]}, {"class": "AlphabetSoup", "pose": [[0.9940992581547106, 0.0049845578884887415, 0.1083602508232441, 12.041647677179679], [-0.09008835784892617, -0.5184927630762146, 0.8503230923515994, -25.114046700755686], [0.06042248808968723, -0.8550675233121855, -0.5149841487542423, 47.995156428757745], [0.0, 0.0, 0.0, 1.0]]}, {"class": "Yogurt", "pose": [[0.9964924100928063, 0.019879257939423, -0.08128847747852738, 21.111926589823593], [0.07863053533093162, -0.5548651202918186, 0.8282161288974212, -25.52307001836036], [-0.028639807905661598, -0.8317028168683611, -0.5544819255617602, 50.197488126435694], [0.0, 0.0, 0.0, 1.0]]}, {"class": "Cherries", "pose": [[0.8186520332116313, 0.01863969091553111, 0.5739873999319159, -20.12823308065669], [-0.47759547967497495, -0.5329437215792897, 0.6984794674089975, -22.527540075688986], [0.3189223851363407, -0.8459453958668355, -0.4273931672698624, 46.97634529232227], [0.0, 0.0, 0.0, 1.0]]}, {"class": "Cookies", "pose": [[0.681740389756496, -0.01394178884632142, 0.7314614086457276, -31.50195766061471], [-0.6054051580684952, -0.5720925917614771, 0.5533486062189072, -22.351064523008354], [0.410748933974372, -0.8200705799036465, -0.39845900312796206, 39.651229385382116], [0.0, 0.0, 0.0, 1.0]]}, {"class": "TomatoSauce", "pose": [[0.5342415920294725, 0.020722902112728522, -0.8450778706802154, 0.7017828917445845], [0.7243719555555617, -0.5265364999374333, 0.4450220255301516, -17.551743289150906], [-0.4357421329705678, -0.8498999567546394, -0.29630875285930514, 43.014507442157225], [0.0, 0.0, 0.0, 1.0]]}, {"class": "PeasAndCarrots", "pose": [[0.9570227504786181, 0.023804940329079375, 0.2890344351834842, 10.73677599218491], [-0.23503065326494857, -0.5202188515713508, 0.8210560014178976, -13.79050570139132], [0.16990633493617077, -0.853701195913059, -0.49226631552797234, 42.63842503309154], [0.0, 0.0, 0.0, 1.0]]}, {"class": "Ketchup", "pose": [[0.9362662463646427, 0.013309675815092202, 0.3510391620425335, -24.912020413428372], [-0.28104125633438604, -0.5711589541164751, 0.7712284229327089, -8.59944133362281], [0.21076394004632945, -0.8207316032249157, -0.5310162116191182, 32.75531298022531], [0.0, 0.0, 0.0, 1.0]]}, {"class": "MacaroniAndCheese", "pose": [[-0.3236110325392164, 0.9457185735168036, 0.029873134482507988, 6.790381847388094], [0.8119632763332042, 0.2937745693975623, -0.5043928619937397, -0.9065351781566144], [-0.4857895993619923, -0.1389711793670041, -0.8629574128630992, 35.3678885428382], [0.0, 0.0, 0.0, 1.0]]}, {"class": "Pineapple", "pose": [[0.9998997911876837, 0.0075923579504434185, -0.01195359875285751, -12.379075093864177], [0.014160754044794875, -0.540447454411613, 0.8412586053251403, -0.7113988390371445], [-7.314941045443295e-05, -0.8413435485813864, -0.5405007380827137, 33.65592862414952], [0.0, 0.0, 0.0, 1.0]]}]}