{"camera": {"camera": "RealSense D415", "extrinsics": [[-0.95153946, -0.30752483, 0.0010497343, 0.6454729], [-0.26050094, 0.8042153, -0.5342069, -0.2600969], [0.16343766, -0.5085924, -0.8453531, 0.12742028], [0.0, 0.0, 0.0, 1.0]], "height": 480, "intrinsics": [[604.50507, 0.0, 326.28275], [0.0, 602.9669, 245.73769], [0.0, 0.0, 1.0]], "width": 640}, "objects": [{"class": "OrangeJuice", "pose": [[-0.7753298898943307, 0.013943054649628169, 0.631402580991332, -8.471492184658146], [-0.5326108743983159, -0.5516996639822683, -0.6418357944433403, -13.778803191715038], [0.33939537056928704, -0.8339263164224314, 0.43517541217361794, 35.17584519991314], [0.0, 0.0, 0.0, 1.0]]}, {"class": "ChocolatePudding", "pose": [[0.9463440932131579, 0.042508382640863325, -0.32035286929393414, -9.696163756142994], [0.29075805592950127, -0.5446509228313959, 0.7866480629641225, -46.54636313254343], [-0.1410413025057192, -0.8375848838626139, -0.5277867670362429, 64.01145745116146], [0.0, 0.0, 0.0, 1.0]]}, {"class": "CreamCheese", "pose": [[0.9975469215078363, -0.049620390439780414, 0.04937633503892763, -20.89536873749016], [-0.06936178126248718, -0.6055053423934297, 0.7928128867691995, -42.74706795492031], [-0.00944202997691244, -0.7942928520251944, -0.6074616625251557, 61.136611795636085], [0.0, 0.0, 0.0, 1.0]]}, {"class": "Raisins", "pose": [[0.37544255536925, 0.04327006071382705, -0.9258351125781867, -2.972435838135823], [0.8008342690628018, -0.5180142275275724, 0.30054248180226023, -53.98567662771796], [-0.46659118608585715, -0.8542768789817156, -0.22913672174158609, 64.30412903875036], [0.0, 0.0, 0.0, 1.0]]}, {"class": "BBQSauce", "pose": [[0.7796820104578192, 0.04409426818226982, -0.624621264688417, 5.503481160685675], [0.5301964928459316, -0.5772037863693887, 0.6210696561328019, -47.758349392024066], [-0.33314807791141815, -0.8154088038208831, -0.47341398266374946, 59.22067808879974], [0.0, 0.0, 0.0, 1.0]]}, {"class": "SaladDressing", "pose": [[0.3198682386717769, -0.051784073290651156, -0.9460458687936251, 16.78286061385324], [0.7989801464953747, -0.5219211597500696, 0.2987123671788303, -45.1213316041178], [-0.509229814988907, -0.8514204241509035, -0.1255715533522409, 58.18790552080366], [0.0, 0.0, 0.0, 1.0]]}, {"class": "Mayo", "pose": [[-0.12529079794590206, 0.9763282238283622, -0.1763107527216372, 5.785111209376915], [0.5450772604399412, 0.216227314953926, 0.810022578829323, -37.44409711212254], [0.8289710636609803, 0.0053854253198807, -0.5592655281287562, 58.45479002028955], [0.0, 0.0, 0.0, 1.0]]}, {"class": "Mushrooms", "pose": [[0.7762008412051439, 0.06720316143034481, -0.6268939746282693, 17.236980502744515], [0.5415193094717907, -0.5802990149024804, 0.6082844240703588, -35.620078900305266], [-0.3229072507976827, -0.8116260356206004, -0.4868203404042396, 58.49986820622413], [0.0, 0.0, 0.0, 1.0]]}, {"class": "Parmesan", "pose": [[0.9996157827728661, 0.013439646545673025, -0.024243121728760118, -14.264242615625012], [0.02753049625118355, -0.5832319591058539, 0.8118390255758319, -33.01914167894791], [-0.0032285093503153423, -0.8121944912470294, -0.5833777877684291, 52.27376587020587], [0.0, 0.0, 0.0, 1.0]]}, {"class": "Mustard", "pose": [[0.9528367069458268, -0.027801720179617222, -0.3022074460874844, -10.194925059698157], [0.24685341726224203, -0.5082590823730914, 0.8250673580777611, -27.991994480765552], [-0.1765379236467053, -0.8607553618899881, -0.4774248910963617, 45.73043944987559], [0.0, 0.0, 0.0, 1.0]]}, {"class": "Milk", "pose": [[0.007953758989785181, -0.6530418004454269, -0.7572801402439937, -3.8118877738018475], [-0.5119687591090959, -0.6531793769505625, 0.5578931268773346, -31.075375187107618], [-0.8589672583314105, 0.38326635024790556, -0.33953219586439665, 53.06145917462559], [0.0, 0.0, 0.0, 1.0]]}, {"class": "AlphabetSoup", "pose": [[0.9929882914315307, 0.005047842106164614, 0.1181052013630024, 12.970655807561403], [-0.09772280283645485, -0.5271263979068044, 0.8441493139426144, -24.821083146113125], [0.06651751474031715, -0.8497719138954535, -0.5229369682222308, 49.287123697269564], [0.0, 0.0, 0.0, 1.0]]}, {"class": "Yogurt", "pose": [[0.997248499877746, 0.019517895680319083, -0.0715160643410592, 22.025761933538668], [0.07006223694544295, -0.5633833001472738, 0.8232196486136442, -25.283123191465783], [-0.024223413038578164, -0.8259650959729776, -0.5632005367907099, 51.54080786382613], [0.0, 0.0, 0.0, 1.0]]}, {"class": "Cherries", "pose": [[0.8129837990148073, 0.018534714637891282, 0.5819912998591792, -19.170833464076775], [-0.4811293843740052, -0.5415973409664019, 0.6893380052950908, -21.9780322378292], [0.32798159379201186, -0.8404337048951294, -0.43139218810280533, 48.074319362329405], [0.0, 0.0, 0.0, 1.0]]}, {"class": "Cookies", "pose": [[0.6745391063698276, -0.014505221810839861, 0.7380966459326636, -30.504887256154767], [-0.6068640902960062, -0.5802110458690265, 0.5432045360220896, -21.781140617757664], [0.42037247832414676, -0.8143370152569701, -0.4001776645394062, 40.688486448540466], [0.0, 0.0, 0.0, 1.0]]}, {"class": "TomatoSauce", "pose": [[0.5425066126577592, 0.020691674518808906, -0.8397966992357413, 1.7201087097678203], [0.7154738992467476, -0.5352479033000684, 0.4490064936097662, -17.21559574525463], [-0.4402086453717444, -0.8444415689543537, -0.3051798540338333, 44.171502516572644], [0.0, 0.0, 0.0, 1.0]]}, {"class": "PeasAndCarrots", "pose": [[0.954140056095822, 0.023845877049931057, 0.2984094397304078, 11.787971770422324], [-0.24123908872645528, -0.52899477432184, 0.8136143316122304, -13.541782888450024], [0.17725837807613398, -0.8482900027103554, -0.4989824614650422, 43.810036075044515], [0.0, 0.0, 0.0, 1.0]]}, {"class": "Ketchup", "pose": [[0.9327901982154161, 0.012756127974047878, 0.36019410535347146, -23.76494803984367], [-0.2866607714017859, -0.5795103905510294, 0.7628848924817733, -8.155050259452917], [0.21846767463761763, -0.8148650328369199, -0.5369048440313654, 33.68913279398746], [0.0, 0.0, 0.0, 1.0]]}, {"class": "MacaroniAndCheese", "pose": [[-0.3143157869775324, 0.9488414145878804, 0.030093558091369103, 7.9867641118577914], [0.8096736299259358, 0.2844949848094152, -0.5133140037199947, -0.6995883463354557], [-0.49561498174084045, -0.1369766886642813, -0.8576730931904204, 36.3897741380295], [0.0, 0.0, 0.0, 1.0]]}, {"class": "Pineapple", "pose": [[0.9999703352647584, 0.007401577707317595, -0.0021474303162775164, -11.171341078728215], [0.005858214823378215, -0.548962243280206, 0.8358266486335837, -0.36262648769047057], [0.005007600538448246, -0.835814393864858, -0.5489892358611375, 34.57582641709536], [0.0, 0.0, 0.0, 1.0]]}]}