{"camera": {"camera": "RealSense D415", "extrinsics": [[-0.9514669, -0.3068512, -0.023516838, 0.6680591], [-0.24717733, 0.8074821, -0.5356081, -0.26047817], [0.18334141, -0.5038006, -0.84413916, 0.1323655], [0.0, 0.0, 0.0, 1.0]], "height": 480, "intrinsics": [[604.50507, 0.0, 326.28275], [0.0, 602.9669, 245.73769], [0.0, 0.0, 1.0]], "width": 640}, "objects": [{"class": "OrangeJuice", "pose": [[-0.7754278922834529, -0.01063260027778728, 0.6313466510193355, -5.565439919587323], [-0.5213734151044893, -0.5532562009404464, -0.6496748407187233, -12.780750122937654], [0.3562041413929684, -0.8329433191466111, 0.4234667297951218, 37.131860436889184], [0.0, 0.0, 0.0, 1.0]]}, {"class": "ChocolatePudding", "pose": [[0.9471437124014978, 0.017945522744407767, -0.3203073654240474, -6.6475989887250115], [0.27754075057141875, -0.5466052406804939, 0.7900594301396223, -45.47939794800424], [-0.1609036192658705, -0.8371981344318021, -0.522694311726179, 66.05128046704009], [0.0, 0.0, 0.0, 1.0]]}, {"class": "CreamCheese", "pose": [[0.9961061648324536, -0.07410113101672149, 0.047766021793533536, -17.850327254393083], [-0.08302171032569797, -0.6061195581615894, 0.7910287841464864, -41.53210269085701], [-0.029664178429125544, -0.791914236408987, -0.6099113978200007, 63.39811029803496], [0.0, 0.0, 0.0, 1.0]]}, {"class": "Raisins", "pose": [[0.37672216249645374, 0.01872933872454205, -0.9261369694748687, -0.021440729574129236], [0.794827069546339, -0.5200098873339616, 0.31279339364982284, -53.009514172086504], [-0.4757419309314488, -0.8539549023229364, -0.2107858497435066, 66.22137733151236], [0.0, 0.0, 0.0, 1.0]]}, {"class": "BBQSauce", "pose": [[0.7798734247056761, 0.01953990311698888, -0.625632236779065, 8.433008801885011], [0.518910332790396, -0.5791389976007724, 0.6287528516841944, -46.907408731847674], [-0.35004221571093996, -0.8149946392084333, -0.46179456447812667, 60.95365993071443], [0.0, 0.0, 0.0, 1.0]]}, {"class": "SaladDressing", "pose": [[0.32026793423399413, -0.0762910292684508, -0.9442500681640507, 19.72386154289853], [0.7936610920392968, -0.5226108663600192, 0.3114161425891424, -44.42674541676154], [-0.5172335672186495, -0.8491511130701681, -0.10682630113330381, 59.68565437493344], [0.0, 0.0, 0.0, 1.0]]}, {"class": "Mayo", "pose": [[-0.10087315851427664, 0.9790941831665411, -0.17663308991793103, 8.839654762824123], [0.5481496863275215, 0.20285580759134467, 0.811407113122123, -36.599293367835344], [0.8302749968336453, -0.014972144661624024, -0.5571528506765213, 60.16176421634999], [0.0, 0.0, 0.0, 1.0]]}, {"class": "Mushrooms", "pose": [[0.7767571118076436, 0.04267688599707061, -0.6283527152252933, 20.313878372346206], [0.530297125117062, -0.5825437217009858, 0.6159771358735789, -34.93207967872217], [-0.3397549027745869, -0.8116782262343769, -0.47512640170537646, 59.96947158466283], [0.0, 0.0, 0.0, 1.0]]}, {"class": "Parmesan", "pose": [[0.9996236230215213, -0.011122034541266436, -0.02507936837624209, -11.269578961575466], [0.013843611905505307, -0.5847416520165116, 0.8111014827542158, -31.910914148908542], [-0.023686020423867683, -0.8111433602304609, -0.5843675693348935, 54.38251707676556], [0.0, 0.0, 0.0, 1.0]]}, {"class": "Mustard", "pose": [[0.9523097886696188, -0.05232025458385345, -0.3006139042650263, -7.26661136451896], [0.23349107463131002, -0.5092941383756369, 0.8283124164247481, -26.951057277345118], [-0.19643837860006857, -0.8590006527307348, -0.4727894632085168, 47.7475527012821], [0.0, 0.0, 0.0, 1.0]]}, {"class": "Milk", "pose": [[-0.016589654308062998, -0.6539254901543798, -0.7563770876814362, -0.7777572274658806], [-0.5134897007400299, -0.6435292415347228, 0.5676253192408993, -30.109023269231294], [-0.8579354046525833, 0.39780851194200634, -0.3251080801363549, 54.95284796118391], [0.0, 0.0, 0.0, 1.0]]}, {"class": "AlphabetSoup", "pose": [[0.9927142447410285, -0.01951361960145373, 0.11890209843167819, 16.007932323432495], [-0.11118847686606276, -0.5285904960270513, 0.8415635868083614, -24.091397442427166], [0.046428592973755914, -0.8486526702843274, -0.5269089726637888, 50.82436645923153], [0.0, 0.0, 0.0, 1.0]]}, {"class": "Yogurt", "pose": [[0.9974083970848786, -0.005056182277039914, -0.07177037354308882, 25.100056513645303], [0.05636799866895241, -0.5650014736307877, 0.8231622221899954, -24.673471284002165], [-0.044712394336895035, -0.8250744323411041, -0.5632521792141783, 52.893662970743925], [0.0, 0.0, 0.0, 1.0]]}, {"class": "Cherries", "pose": [[0.8128754229038332, -0.006037455283658364, 0.5824063513096066, -16.109838621138238], [-0.4916507687640632, -0.5432287373933848, 0.6805748459672655, -20.81085411024789], [0.31227093288012936, -0.8395630627825617, -0.4445455686306959, 50.262245337179635], [0.0, 0.0, 0.0, 1.0]]}, {"class": "Cookies", "pose": [[0.674644867157177, -0.03906102510229412, 0.7371082699370499, -27.588724705010936], [-0.6153219172387473, -0.5813422710683422, 0.532372203025673, -20.471446117694892], [0.40771718895509695, -0.8127210171212325, -0.4162346413500866, 43.108920900169345], [0.0, 0.0, 0.0, 1.0]]}, {"class": "TomatoSauce", "pose": [[0.5431100717245976, -0.0038764068015834066, -0.8396525981230383, 4.760024526107531], [0.7072335714995878, -0.5369162351433537, 0.4599366177019367, -16.341379962596193], [-0.45260597329401475, -0.8436266816319102, -0.288863098157519, 45.92440436972428], [0.0, 0.0, 0.0, 1.0]]}, {"class": "PeasAndCarrots", "pose": [[0.9541824260381777, -0.000716472873725294, 0.2992247425927141, 14.867594608890744], [-0.253971189777789, -0.5307134075974382, 0.8086049556358426, -12.806300081197147], [0.15822325780972138, -0.8475510682731273, -0.506579334218255, 45.35024004339814], [0.0, 0.0, 0.0, 1.0]]}, {"class": "Ketchup", "pose": [[0.9330613511932324, -0.011809137425407854, 0.3595234641242253, -20.8079163797687], [-0.29902632062514917, -0.5810156255610281, 0.7569703844583252, -6.95078401154223], [0.19994959893264552, -0.8138067566285648, -0.5456544284180418, 35.94648949899526], [0.0, 0.0, 0.0, 1.0]]}, {"class": "MacaroniAndCheese", "pose": [[-0.3133004038146177, 0.9496378780051147, 0.005551549396094829, 11.091139996036903], [0.8130549083224929, 0.27125101382273664, -0.5151355783408029, 0.07407034445456873], [-0.4906981029621796, -0.15687843454456227, -0.8570907554185945, 37.983701726461014], [0.0, 0.0, 0.0, 1.0]]}, {"class": "Pineapple", "pose": [[0.999850636999955, -0.017173331662972014, -0.0019602151756077228, -8.093652375699767], [-0.007817454318060154, -0.5504327375970525, 0.8348429488886352, 0.6700754990539792], [-0.015415972370973348, -0.8347028976208298, -0.5504847454735678, 36.560514474741204], [0.0, 0.0, 0.0, 1.0]]}]}