{"camera": {"camera": "RealSense D415", "extrinsics": [[-0.9672415, -0.25296217, 0.021306299, 0.6901444], [-0.21534172, 0.77314806, -0.59654844, -0.23091796], [0.13443126, -0.5815945, -0.8022942, 0.2727528], [0.0, 0.0, 0.0, 1.0]], "height": 480, "intrinsics": [[604.50507, 0.0, 326.28275], [0.0, 602.9669, 245.73769], [0.0, 0.0, 1.0]], "width": 640}, "objects": [{"class": "OrangeJuice", "pose": [[-0.809808308712829, 0.03298425653827771, 0.5857666574073914, -4.481567607122072], [-0.47906199517363307, -0.6135455445510305, -0.6277432159541637, -6.755894939786694], [0.3386888013019189, -0.7889701769431944, 0.5126556905663799, 45.054154265789506], [0.0, 0.0, 0.0, 1.0]]}, {"class": "ChocolatePudding", "pose": [[0.9621171122357615, 0.06193310134799544, -0.26550892314662694, -8.289279997719923], [0.2473680161520748, -0.6077551410047521, 0.7546143576701407, -37.181448853833814], [-0.11462876590819956, -0.7917057625658483, -0.6000517751407707, 76.14261262710586], [0.0, 0.0, 0.0, 1.0]]}, {"class": "CreamCheese", "pose": [[0.9936055725083441, -0.034342766485389684, 0.10755731328199078, -19.190610949136033], [-0.10323941677696448, -0.6620301247789838, 0.7423326830628668, -33.23841797338811], [0.045712421438020755, -0.7486900145570443, -0.661342224519231, 72.43652892417894], [0.0, 0.0, 0.0, 1.0]]}, {"class": "Raisins", "pose": [[0.42664610809090864, 0.06447480582706366, -0.9021175825990689, -1.8680190109855555], [0.7500985074463069, -0.5825023451198478, 0.31311870383504725, -44.79804751386468], [-0.50529722851596, -0.8102678851448537, -0.296884769666912, 77.3226075960882], [0.0, 0.0, 0.0, 1.0]]}, {"class": "BBQSauce", "pose": [[0.8137664547122911, 0.06125474606677351, -0.5779550572832013, 7.064999283702223], [0.47698426986106873, -0.6385661800360636, 0.6039199579860668, -39.26171136366315], [-0.33206951207118757, -0.7671252392743209, -0.5488611916726478, 72.22237110397671], [0.0, 0.0, 0.0, 1.0]]}, {"class": "SaladDressing", "pose": [[0.3731266843991878, -0.030687266426009656, -0.9272727775787015, 18.47084273008458], [0.7468760278260412, -0.5829964340593209, 0.3198303183995488, -37.089807433477226], [-0.5504113256853569, -0.8118949924729835, -0.1946119088282844, 71.56324345592506], [0.0, 0.0, 0.0, 1.0]]}, {"class": "Mayo", "pose": [[-0.14414061996293465, 0.9823314509194159, -0.11936681775603439, 7.76561917349542], [0.6102981203580908, 0.18320127096412323, 0.7706968108401331, -29.050543385286137], [0.77894783013975, 0.0382393908159063, -0.6259216630008935, 70.70880532135722], [0.0, 0.0, 0.0, 1.0]]}, {"class": "Mushrooms", "pose": [[0.8102264166917409, 0.08402720880447502, -0.5800625973507828, 19.26230297819717], [0.48916172469946984, -0.6421374387145191, 0.5902375729524829, -27.612823842534112], [-0.32288381747022243, -0.7619704599720889, -0.5613795149887282, 71.19213313972156], [0.0, 0.0, 0.0, 1.0]]}, {"class": "Parmesan", "pose": [[0.9989753854663399, 0.030279392912891525, 0.03363588213727855, -11.789690609108327], [-0.006278757032850473, -0.6433032881204199, 0.7655857446022761, -24.438563921597236], [0.04481955017798361, -0.7650124718543935, -0.6424539105120903, 63.220056532125746], [0.0, 0.0, 0.0, 1.0]]}, {"class": "Mustard", "pose": [[0.9686508754718783, -0.005798098927257101, -0.24835840727935263, -7.230593768415449], [0.2007037120220971, -0.5708927657810614, 0.7961152841103097, -20.06150774102114], [-0.14640193355879702, -0.821004176472699, -0.5518319647934767, 56.53404967682989], [0.0, 0.0, 0.0, 1.0]]}, {"class": "Milk", "pose": [[0.029669772301276712, -0.6943027121711728, -0.7190712645164523, -1.3214865398843645], [-0.5756511510083439, -0.5999805506726505, 0.5555620278528333, -22.7916916274068], [-0.8171569516492193, 0.39745071029971785, -0.4174773653227268, 64.38406822916751], [0.0, 0.0, 0.0, 1.0]]}, {"class": "AlphabetSoup", "pose": [[0.9843980806265641, 0.025769808482041825, 0.1740585269370075, 15.841961973758856], [-0.1255861331037339, -0.5899615074322041, 0.797604926360797, -17.407270180014933], [0.12324194520576655, -0.8070200537458619, -0.5775205252604662, 61.001822799527176], [0.0, 0.0, 0.0, 1.0]]}, {"class": "Yogurt", "pose": [[0.9991884362567272, 0.037737245329011876, -0.014085600298257341, 24.756534824171823], [0.03459256990344719, -0.6247714707302591, 0.7800410496273043, -17.999890007135466], [0.02063632975187576, -0.7798952167381862, -0.6255697356062486, 63.73435075380356], [0.0, 0.0, 0.0, 1.0]]}, {"class": "Cherries", "pose": [[0.7780733965070327, 0.038251581165409776, 0.627007688275272, -16.077972960956476], [-0.48180434090045987, -0.6041255611913213, 0.6347416474750837, -13.589874642321792], [0.40307117421245997, -0.7959705754007972, -0.45162415006098994, 57.97290005331304], [0.0, 0.0, 0.0, 1.0]]}, {"class": "Cookies", "pose": [[0.6308262363541506, 0.0025991673960565824, 0.7759198018004505, -27.033731478513], [-0.5954595902039348, -0.639519704390443, 0.48625353445004665, -13.574622500731065], [0.49747976805379446, -0.7687703398794395, -0.40187802403464934, 50.03431189971915], [0.0, 0.0, 0.0, 1.0]]}, {"class": "TomatoSauce", "pose": [[0.5889839318071061, 0.04083063390224917, -0.807112645408389, 5.137082980038288], [0.6614405181866192, -0.5981743446990179, 0.4524201254139308, -9.839476517639687], [-0.46432137498865134, -0.8003251496543257, -0.3793220490066838, 54.77913207028716], [0.0, 0.0, 0.0, 1.0]]}, {"class": "PeasAndCarrots", "pose": [[0.9350353071221703, 0.04439397606090292, 0.3517643874732031, 15.340280554503217], [-0.25890398103379175, -0.5923403971443897, 0.7629558690712853, -6.542845476151863], [0.2422348670752823, -0.8044638337160117, -0.5423652926941002, 54.651040873880355], [0.0, 0.0, 0.0, 1.0]]}, {"class": "Ketchup", "pose": [[0.9100818710261133, 0.029862061644248476, 0.4133512795116378, -19.467786428406676], [-0.30032728235147105, -0.6397743021943885, 0.7074549041187724, -0.7522734315191071], [0.2855775461033816, -0.7679825146795883, -0.5732784869600333, 42.39023520632019], [0.0, 0.0, 0.0, 1.0]]}, {"class": "MacaroniAndCheese", "pose": [[-0.2601536686065822, 0.9641844001672867, 0.05165797280702225, 12.375078818620988], [0.7797997111193962, 0.24135133898111674, -0.5776348477583116, 5.819310954969478], [-0.5694141169602103, -0.10999091376081584, -0.8146591088299966, 46.11780682827017], [0.0, 0.0, 0.0, 1.0]]}, {"class": "Pineapple", "pose": [[0.9981334586606289, 0.02664592993985192, 0.054951142752046336, -6.649643829201191], [-0.027263266428071427, -0.610741802962292, 0.7913603730619067, 6.658922992738184], [0.054647495538305196, -0.7913813747883749, -0.6088752517327765, 43.32640740701545], [0.0, 0.0, 0.0, 1.0]]}]}