{"camera": {"camera": "RealSense D415", "extrinsics": [[-0.971792, -0.23239584, 0.040155474, 0.6891824], [-0.2097505, 0.77382916, -0.59765637, -0.23815462], [0.10781938, -0.5892203, -0.80074614, 0.30807427], [0.0, 0.0, 0.0, 1.0]], "height": 480, "intrinsics": [[604.50507, 0.0, 326.28275], [0.0, 602.9669, 245.73769], [0.0, 0.0, 1.0]], "width": 640}, "objects": [{"class": "OrangeJuice", "pose": [[-0.8215651316982786, 0.05136394951615091, 0.5677962271994194, -4.948730957129688], [-0.4740944960555715, -0.6147020565574196, -0.6303775246857855, -7.045837879746286], [0.31664676892579696, -0.7870852285193967, 0.5293690781844193, 46.525686271393596], [0.0, 0.0, 0.0, 1.0]]}, {"class": "ChocolatePudding", "pose": [[0.9663017270339227, 0.08040963027297543, -0.24453085744916436, -9.787422306241321], [0.2418296267990729, -0.6090773808275187, 0.7553431067545372, -37.410865199210065], [-0.08820132096852551, -0.7890241219288396, -0.607997875124766, 77.52983899711828], [0.0, 0.0, 0.0, 1.0]]}, {"class": "CreamCheese", "pose": [[0.9913607429184288, -0.017325034127013337, 0.13001460359098801, -20.559532369792667], [-0.10874895383436507, -0.6627584145299305, 0.7408947173281711, -33.4114205993045], [0.07333225013194862, -0.7486328641392005, -0.6589166639141277, 73.51889667883304], [0.0, 0.0, 0.0, 1.0]]}, {"class": "Raisins", "pose": [[0.444697947252557, 0.08360674015598075, -0.8917699957186581, -3.444336359454281], [0.7470664350027677, -0.5838623438112887, 0.31779952537178335, -45.06185430128849], [-0.4941006556597588, -0.807536192758127, -0.3221021478113839, 78.89555542617761], [0.0, 0.0, 0.0, 1.0]]}, {"class": "BBQSauce", "pose": [[0.8253266608467751, 0.07887711429882659, -0.559119289856472, 5.6575718875485626], [0.4720028607552953, -0.6398535221452298, 0.606465829863685, -39.58201647259478], [-0.3099181126179598, -0.7644382934140075, -0.5653183290819452, 74.03871539104414], [0.0, 0.0, 0.0, 1.0]]}, {"class": "SaladDressing", "pose": [[0.39243120098859946, -0.011475039318268576, -0.9197098197352794, 17.08935549142283], [0.7440877893611433, -0.5838251650353684, 0.3247792658871027, -37.47488646713166], [-0.5406765076055055, -0.8117983297282954, -0.2205727547460738, 73.69344274448525], [0.0, 0.0, 0.0, 1.0]]}, {"class": "Mayo", "pose": [[-0.1622166385557032, 0.9819125563789114, -0.09764000386790324, 6.457384045527769], [0.6120651298450761, 0.17774088852679676, 0.7705741278608587, -29.376826678493366], [0.7739910002678463, 0.06523792155913673, -0.6298268803865271, 72.53402293500996], [0.0, 0.0, 0.0, 1.0]]}, {"class": "Mushrooms", "pose": [[0.821602269417709, 0.10147758699514728, -0.56095640363536, 17.944192680146777], [0.48421138356539994, -0.6435459232579686, 0.5927799033695537, -28.002956345840612], [-0.300847272917509, -0.7586507613089192, -0.5778753281685394, 73.33408244964149], [0.0, 0.0, 0.0, 1.0]]}, {"class": "Parmesan", "pose": [[0.9972996373777093, 0.04782892070270345, 0.05573063955232481, -12.856714396920744], [-0.011821097036964512, -0.644414338354034, 0.7645851524478261, -24.664655126574626], [0.0724829146132483, -0.7631792641867674, -0.6421087072816545, 64.50140735862972], [0.0, 0.0, 0.0, 1.0]]}, {"class": "Mustard", "pose": [[0.9734498432340191, 0.013724689695651323, -0.22848875717335335, -8.089595577535015], [0.19508993917112533, -0.571872509749256, 0.7968072423004066, -20.321540193513442], [-0.11973047332998614, -0.8202277069607325, -0.5593666745995115, 57.93950159128234], [0.0, 0.0, 0.0, 1.0]]}, {"class": "Milk", "pose": [[0.04904502200652201, -0.7084146522875122, -0.7040904365171757, -2.4156477464760795], [-0.5768247894880111, -0.5955852221299979, 0.5590630005353245, -23.075024894301986], [-0.815394244369616, 0.37871749127554855, -0.43784157204776636, 65.95317033819269], [0.0, 0.0, 0.0, 1.0]]}, {"class": "AlphabetSoup", "pose": [[0.9798837514785835, 0.04478521156097423, 0.19447929187422497, 14.864965955980292], [-0.1309472256039664, -0.5911004402625777, 0.7958976861274932, -17.791084391593774], [0.15060123788203925, -0.8053536999367417, -0.5733451310589455, 63.04182697750302], [0.0, 0.0, 0.0, 1.0]]}, {"class": "Yogurt", "pose": [[0.9984127338559123, 0.0558004308387837, 0.007642077386129678, 23.69695862387884], [0.029018268161334716, -0.6259431402355524, 0.7793286588212076, -18.430250991995173], [0.04827039352509064, -0.7778698664126422, -0.6265687465861306, 66.02090262935896], [0.0, 0.0, 0.0, 1.0]]}, {"class": "Cherries", "pose": [[0.7638837064264313, 0.05687614384523101, 0.6428427987243206, -16.936814375204712], [-0.4856551029636294, -0.6053204577502618, 0.6306554507411207, -13.798643014466483], [0.4249951018710545, -0.7939472759511824, -0.43477217086390124, 59.12566184899091], [0.0, 0.0, 0.0, 1.0]]}, {"class": "Cookies", "pose": [[0.6134400721334192, 0.020285154163134204, 0.7894807578248677, -27.66824667847796], [-0.5983658284385938, -0.6404803744806803, 0.48139719402710535, -13.731874257603588], [0.5154120874292811, -0.767706608597636, -0.3807583188975773, 50.88661030027863], [0.0, 0.0, 0.0, 1.0]]}, {"class": "TomatoSauce", "pose": [[0.6053363708911326, 0.059608311557292896, -0.7937347187970585, 4.379358464653949], [0.6575511641568204, -0.5993892111634532, 0.456463660341051, -10.171169376802968], [-0.44854692258002676, -0.7982352104621989, -0.402027562717729, 56.51674067519693], [0.0, 0.0, 0.0, 1.0]]}, {"class": "PeasAndCarrots", "pose": [[0.9264937011882233, 0.06331773533655617, 0.37094522857775214, 14.60060853208287], [-0.2638381727270303, -0.5935804788439519, 0.7602970912100961, -6.931930417841209], [0.2683261164896524, -0.8022799431627035, -0.5332428547771005, 56.667760006722624], [0.0, 0.0, 0.0, 1.0]]}, {"class": "Ketchup", "pose": [[0.9001163589136065, 0.04751390357543782, 0.43305085837270635, -19.821346397970707], [-0.30506701713510864, -0.6408867678530005, 0.7044134432294057, -0.9616482380722186], [0.31100597170163774, -0.7661635685283059, -0.5623776542398281, 43.44110451508277], [0.0, 0.0, 0.0, 1.0]]}, {"class": "MacaroniAndCheese", "pose": [[-0.23988431802613194, 0.9682058294386974, 0.07094407910646773, 11.942600803614011], [0.7805361594702362, 0.23580723522202288, -0.5789285661733115, 5.43602020396792], [-0.5772510600837669, -0.08350143259766027, -0.8122860817154919, 48.042204341648564], [0.0, 0.0, 0.0, 1.0]]}, {"class": "Pineapple", "pose": [[0.9960675815547018, 0.045110737069659394, 0.07625267818904909, -6.992480411967761], [-0.032788312246067944, -0.6118658419900473, 0.7902816910070428, 6.37875854347855], [0.08230660567794125, -0.7896741373185383, -0.6079805372496714, 44.72393817200817], [0.0, 0.0, 0.0, 1.0]]}]}