{"camera": {"camera": "RealSense D415", "extrinsics": [[-0.972484, -0.23003769, 0.036844295, 0.7000876], [-0.20698546, 0.7805626, -0.58981276, -0.24666755], [0.106919885, -0.5812097, -0.8066991, 0.31504947], [0.0, 0.0, 0.0, 1.0]], "height": 480, "intrinsics": [[604.50507, 0.0, 326.28275], [0.0, 602.9669, 245.73769], [0.0, 0.0, 1.0]], "width": 640}, "objects": [{"class": "OrangeJuice", "pose": [[-0.8230543298882613, 0.04800158351567802, 0.5659306370464374, -3.7726982590454816], [-0.4739836115212653, -0.6070375252688249, -0.6378440865065407, -7.763681479206169], [0.31292354527433797, -0.7932221468030689, 0.5223767694320357, 47.4797986394587], [0.0, 0.0, 0.0, 1.0]]}, {"class": "ChocolatePudding", "pose": [[0.9671437441625247, 0.07706692637446055, -0.2422678990334877, -8.694444650286549], [0.23888916435726856, -0.6015082292470677, 0.7623122175771206, -38.416416141841616], [-0.0869770388218763, -0.7951406296992726, -0.6001552985081466, 78.18634021675034], [0.0, 0.0, 0.0, 1.0]]}, {"class": "CreamCheese", "pose": [[0.9910099413074577, -0.020830929834941066, 0.13215686326338102, -19.455432002153326], [-0.11337528567751443, -0.6552033162740433, 0.7468967523745457, -34.33488237243035], [0.07103107038395537, -0.7551653977481035, -0.6516746256317177, 74.22858752437426], [0.0, 0.0, 0.0, 1.0]]}, {"class": "Raisins", "pose": [[0.4470575931472834, 0.08034160072738966, -0.8908898941606272, -2.380004088630605], [0.7501893039467273, -0.5761230248668832, 0.32449710049361485, -46.10552858290052], [-0.4871914838356236, -0.8134049211201516, -0.3178315607106144, 79.46811637469648], [0.0, 0.0, 0.0, 1.0]]}, {"class": "BBQSauce", "pose": [[0.8268155565374606, 0.07544208309955767, -0.5573908821292863, 6.737699380816576], [0.4718103363538498, -0.6325212075387167, 0.6142572981170323, -40.613511620469886], [-0.30622064233559604, -0.7708602341123028, -0.5585726687549996, 74.6548548947253], [0.0, 0.0, 0.0, 1.0]]}, {"class": "SaladDressing", "pose": [[0.3947242280563191, -0.014744283726018846, -0.9186813690275709, 18.177296635895345], [0.7478800320494288, -0.5756691117629197, 0.33057621086588934, -38.548072516732034], [-0.5337305142620438, -0.8175498517001974, -0.2162035770720455, 74.31653399995601], [0.0, 0.0, 0.0, 1.0]]}, {"class": "Mayo", "pose": [[-0.1588792897921623, 0.9826835441753065, -0.09534406744949146, 7.57601743724301], [0.6049674545956275, 0.17321589977892693, 0.7771812727481735, -30.397082713279534], [0.7802383171295776, 0.06579797273895122, -0.6220119001067677, 73.2507509162973], [0.0, 0.0, 0.0, 1.0]]}, {"class": "Mushrooms", "pose": [[0.8231501771296147, 0.09803465435776251, -0.5592969339734074, 19.06910357658428], [0.483942567445122, -0.6363599597495286, 0.6007043306060046, -29.07647411808541], [-0.2970242718743854, -0.7651374352390631, -0.5712628954531024, 74.05034470765612], [0.0, 0.0, 0.0, 1.0]]}, {"class": "Parmesan", "pose": [[0.9973305352070089, 0.04437763828477109, 0.05798703889306725, -11.728846211721223], [-0.016467904941551363, -0.6369720564998063, 0.7707110399571637, -25.529217757434374], [0.0711384726534539, -0.7696085446612897, -0.6345407901002508, 65.28909227792334], [0.0, 0.0, 0.0, 1.0]]}, {"class": "Mustard", "pose": [[0.9740697936118871, 0.010492422296604301, -0.2260044560685903, -6.952408583066616], [0.1924377277901864, -0.5637324761952556, 0.8032269392720339, -21.139827433487934], [-0.11897821816099709, -0.8258908416114558, -0.5511338403271347, 58.7648623891039], [0.0, 0.0, 0.0, 1.0]]}, {"class": "Milk", "pose": [[0.04579863703944386, -0.7103108690538128, -0.7023966273160505, -1.27986735807184], [-0.5688716187187303, -0.5965304580665912, 0.566159512665645, -23.995229134795142], [-0.8211501958546062, 0.37364410249145197, -0.4313959308216542, 66.74378529117016], [0.0, 0.0, 0.0, 1.0]]}, {"class": "AlphabetSoup", "pose": [[0.9795371327543893, 0.041494411182109274, 0.1969398063154725, 16.01800837077647], [-0.1362959372681173, -0.5832295865590067, 0.8007913377484932, -18.750654940552714], [0.14808948864630406, -0.811246906451338, -0.5656394335031744, 63.863942985900145], [0.0, 0.0, 0.0, 1.0]]}, {"class": "Yogurt", "pose": [[0.9985761444573368, 0.0524045788899123, 0.009975557513702212, 24.850939062036087], [0.024605658186184865, -0.618387125467632, 0.7854883986461623, -19.454197757634677], [0.04733196228312466, -0.7841244850003259, -0.6187959970600867, 66.82567952140684], [0.0, 0.0, 0.0, 1.0]]}, {"class": "Cherries", "pose": [[0.7624640160142764, 0.053542630416545285, 0.6448115065095174, -15.772385489851349], [-0.4928633921930791, -0.5976098862231315, 0.632414579442087, -14.59427525386019], [0.4192068315132033, -0.7999973077834053, -0.42926675687752164, 60.026687063685166], [0.0, 0.0, 0.0, 1.0]]}, {"class": "Cookies", "pose": [[0.6116839331148693, 0.016844265401296472, 0.7909229447979309, -26.5132453439465], [-0.605875043977056, -0.6328848330678003, 0.48205012076043435, -14.403282355103633], [0.5086828613928329, -0.7740627534497068, -0.3769198971336494, 51.801875661053096], [0.0, 0.0, 0.0, 1.0]]}, {"class": "TomatoSauce", "pose": [[0.6073952509750515, 0.05629310558136284, -0.7924027784356736, 5.554832903300921], [0.6595934731746349, -0.5916470699428258, 0.4635626112404848, -11.024969878551346], [-0.44272732702069345, -0.804229390060196, -0.39649414961724044, 57.42782783609734], [0.0, 0.0, 0.0, 1.0]]}, {"class": "PeasAndCarrots", "pose": [[0.9257625421901, 0.06002063346562697, 0.37331127353955357, 15.788966767647139], [-0.2701404627279212, -0.5858130281636216, 0.7640990290515478, -7.827658999088066], [0.26455230098281285, -0.8082206998310025, -0.5261096739440981, 57.598517994392175], [0.0, 0.0, 0.0, 1.0]]}, {"class": "Ketchup", "pose": [[0.899273290904842, 0.044073010496960184, 0.43516110341633746, -18.624823760791188], [-0.3116877716208203, -0.6334137535399431, 0.7082639688810182, -1.5905960386513873], [0.30685233317198907, -0.772557230007942, -0.5558749684934039, 44.47412298386606], [0.0, 0.0, 0.0, 1.0]]}, {"class": "MacaroniAndCheese", "pose": [[-0.23748540758575712, 0.969029628881617, 0.06769289068283035, 13.16958004093628], [0.7871796020332178, 0.2328128567739513, -0.5710924160152908, 4.635873355243181], [-0.5691651723864961, -0.08233961645147836, -0.8180899722604202, 49.09965870917921], [0.0, 0.0, 0.0, 1.0]]}, {"class": "Pineapple", "pose": [[0.9960273564225374, 0.04175655029069438, 0.07865089752423221, -5.765557217152417], [-0.03752681659337323, -0.6041510948052459, 0.795985736334889, 5.686120403362061], [0.08075465605473295, -0.795775048706021, -0.6001839434628294, 45.814159762410156], [0.0, 0.0, 0.0, 1.0]]}]}