{"camera": {"camera": "RealSense D415", "extrinsics": [[-0.9770675, -0.14592162, 0.15506774, 0.6463044], [-0.212721, 0.7011782, -0.68051374, -0.19452895], [-0.009428457, -0.697894, -0.716139, 0.1704175], [0.0, 0.0, 0.0, 1.0]], "height": 480, "intrinsics": [[603.75165, 0.0, 326.28275], [0.0, 603.20245, 245.73769], [0.0, 0.0, 1.0]], "width": 640}, "objects": [{"class": "ChocolatePudding", "pose": [[0.9020850305612119, 0.13704928325662855, 0.409218837729643, 11.680330091420776], [-0.18111397453759379, -0.740463640696745, 0.6472336245771289, 4.124606324768218], [0.39171457829400186, -0.6579749977601934, -0.643139632110906, 37.11709234982991], [0.0, 0.0, 0.0, 1.0]]}, {"class": "MacaroniAndCheese", "pose": [[0.18494193361023326, 0.9530912709895629, 0.23961109304993844, 5.55461255727746], [-0.6546108588749953, 0.3013260349492606, -0.6933161500027447, -5.786434127469767], [-0.732994615740039, -0.02862879640662468, 0.6796317239724367, 39.59184905630253], [0.0, 0.0, 0.0, 1.0]]}, {"class": "Milk", "pose": [[0.1787601310432128, 0.9668543838891585, 0.18231122143276907, -2.5783482643535693], [0.7166589586266127, -0.0009949959686573607, -0.6974231045449899, -15.141136478604697], [-0.6741251953384721, 0.25532641699637865, -0.6930827055344724, 49.86899302706865], [0.0, 0.0, 0.0, 1.0]]}, {"class": "Ketchup", "pose": [[0.8108266518876918, 0.15875163670834533, 0.5633453860533478, -7.970730706853313], [-0.2998787897955769, -0.7138939841869766, 0.6327939084111943, -6.516783876582038], [0.5026259554981269, -0.682021482563169, -0.5312380267820229, 35.448968153025895], [0.0, 0.0, 0.0, 1.0]]}, {"class": "OrangeJuice", "pose": [[-0.7607101152955178, -0.6307825751853751, -0.1530798121444006, 17.974414412005853], [0.3944383319862419, -0.636524886299612, 0.6627627864712284, -5.503332369203911], [-0.51549833332948, 0.44378981675538826, 0.7330157309335678, 46.282092066473055], [0.0, 0.0, 0.0, 1.0]]}]}