{"camera": {"camera": "RealSense D415", "extrinsics": [[-0.9771466, -0.20938325, 0.036648545, 0.7154637], [-0.19161475, 0.79300505, -0.5782964, -0.25412947], [0.092023104, -0.5721028, -0.81500316, 0.34334114], [0.0, 0.0, 0.0, 1.0]], "height": 480, "intrinsics": [[604.50507, 0.0, 326.28275], [0.0, 602.9669, 245.73769], [0.0, 0.0, 1.0]], "width": 640}, "objects": [{"class": "OrangeJuice", "pose": [[-0.834886654393916, 0.04734064538342196, 0.5483823235738365, -2.124980891226036], [-0.4642059334354461, -0.595911147806148, -0.6552883007297478, -7.469240213539768], [0.29576532896332747, -0.8016537963815621, 0.5194940541487583, 49.66932098535282], [0.0, 0.0, 0.0, 1.0]]}, {"class": "ChocolatePudding", "pose": [[0.9721101711702165, 0.07651827399391488, -0.2216907847679489, -7.952009010330052], [0.2233062237217578, -0.5908600768487878, 0.775253959566133, -38.48524552973201], [-0.07166710817937602, -0.8031372013806144, -0.5914680656885795, 79.84809673002489], [0.0, 0.0, 0.0, 1.0]]}, {"class": "CreamCheese", "pose": [[0.9879605050800533, -0.022774830592882576, 0.15302085704915264, -18.591511406057393], [-0.13163181884830438, -0.6434338498985717, 0.7540994277023322, -34.158808188715454], [0.08128432863987063, -0.7651628799507059, -0.6386850839253861, 75.82261589939402], [0.0, 0.0, 0.0, 1.0]]}, {"class": "Raisins", "pose": [[0.4658770511999072, 0.08045438224799063, -0.8811842603797455, -1.7870808946480743], [0.7494690920510728, -0.5652667084821138, 0.3446297000137007, -46.301195987442476], [-0.4703771123468025, -0.8209754447479765, -0.32364286283929794, 81.08992273068236], [0.0, 0.0, 0.0, 1.0]]}, {"class": "BBQSauce", "pose": [[0.8385269031960182, 0.07406054455281615, -0.539803393427331, 7.482475994000559], [0.4618681069489596, -0.6221979391302473, 0.6320977599351649, -40.89752095351069], [-0.2890510148609148, -0.7793489601988558, -0.5559358959542983, 76.47063060646366], [0.0, 0.0, 0.0, 1.0]]}, {"class": "SaladDressing", "pose": [[0.41409022655225014, -0.014551204804096966, -0.9101195426488152, 18.959216013086476], [0.7487627064342961, -0.5630981102678714, 0.3496783228276283, -39.02647438147486], [-0.5175747915917247, -0.8262619586268756, -0.22227802905491953, 76.30179883565211], [0.0, 0.0, 0.0, 1.0]]}, {"class": "Mayo", "pose": [[-0.15806881501445327, 0.9846307001166782, -0.07427428428665066, 8.513689436563821], [0.5959624843348718, 0.15510692950861893, 0.7878899412185774, -30.677451524810618], [0.7873010892452921, 0.0802761692235274, -0.6113204911449017, 75.23108445267894], [0.0, 0.0, 0.0, 1.0]]}, {"class": "Mushrooms", "pose": [[0.8349575210706854, 0.0965113647981509, -0.5417855015325906, 20.017045549491286], [0.4739240578105873, -0.6265136199464818, 0.6187702911739534, -29.56890076791018], [-0.2797175904975477, -0.7734121031103921, -0.5688512984025598, 76.18936183905961], [0.0, 0.0, 0.0, 1.0]]}, {"class": "Parmesan", "pose": [[0.9959454176653157, 0.04291104600670449, 0.07906581031457242, -10.604817771471753], [-0.0348613038712357, -0.6261261688332603, 0.7789420466146249, -25.35677573366428], [0.08293041085947807, -0.7785401116436652, -0.6220915148772098, 67.11105033066329], [0.0, 0.0, 0.0, 1.0]]}, {"class": "Mustard", "pose": [[0.9786306410474384, 0.010988155433174598, -0.20533232585708625, -5.673399251249767], [0.1772226673112097, -0.5514792572313827, 0.8151458500318928, -20.95450605757293], [-0.10427953935345496, -0.8341162579046102, -0.5416418164590971, 60.712002695328756], [0.0, 0.0, 0.0, 1.0]]}, {"class": "Milk", "pose": [[0.04613952338216097, -0.725026205322166, -0.6871740544991745, -0.14975146357893987], [-0.5573014103181632, -0.5895842373543084, 0.5846414002705601, -24.026495184724244], [-0.8290273359257386, 0.35598795131112376, -0.4312612504907587, 68.714905278293], [0.0, 0.0, 0.0, 1.0]]}, {"class": "AlphabetSoup", "pose": [[0.9751446737676038, 0.04146700994145495, 0.21765428437734677, 17.270018562207845], [-0.15549351661817362, -0.5717281317365355, 0.8055735295181693, -19.04118238502412], [0.15784381695923608, -0.8193945766514741, -0.5510697492764067, 66.12380262794633], [0.0, 0.0, 0.0, 1.0]]}, {"class": "Yogurt", "pose": [[0.9981912164215392, 0.05143509839116992, 0.03112493069884097, 26.052302900801692], [0.006534050951091014, -0.6074696840116028, 0.7943159893736312, -19.942173666496792], [0.05976319473970187, -0.7926758831556211, -0.6067069442355462, 69.18112406006682], [0.0, 0.0, 0.0, 1.0]]}, {"class": "Cherries", "pose": [[0.7486393381271021, 0.05312627065567784, 0.6608455008346958, -14.394375388842196], [-0.5122274337439663, -0.5864815087056601, 0.6274252926492512, -14.276100787328586], [0.4209064245218084, -0.808218461168645, -0.411850351691151, 61.9657641700202], [0.0, 0.0, 0.0, 1.0]]}, {"class": "Cookies", "pose": [[0.5948443666440907, 0.015509145295945648, 0.8036912846874766, -25.0280047478326], [-0.623919339009153, -0.6214950573089584, 0.4737811245084727, -13.776047994136523], [0.5068380848706974, -0.7832645808783689, -0.360016337728871, 53.61555807854729], [0.0, 0.0, 0.0, 1.0]]}, {"class": "TomatoSauce", "pose": [[0.6240713558289165, 0.0560309510505392, -0.7793558305144423, 7.021546077624629], [0.6554478484631497, -0.5805051060561183, 0.48311690259956613, -11.039851559896046], [-0.4253504956040246, -0.8123265327477982, -0.3990019692295035, 59.679011283826476], [0.0, 0.0, 0.0, 1.0]]}, {"class": "PeasAndCarrots", "pose": [[0.9176419084916064, 0.0599072774633752, 0.3928670017772361, 17.30628032057464], [-0.2901008690850225, -0.5746780132456064, 0.7652363482204653, -8.023845142604738], [0.271615260544931, -0.8161840113453158, -0.5099694316613981, 60.02160588320653], [0.0, 0.0, 0.0, 1.0]]}, {"class": "Ketchup", "pose": [[0.8899216721067974, 0.042704100718362316, 0.45410991235063636, -16.83047754052399], [-0.3318061228598522, -0.6225196296813424, 0.7087834713674632, -0.9948371689085966], [0.31296029876691056, -0.7814382336548668, -0.5398241841041929, 46.577854791798835], [0.0, 0.0, 0.0, 1.0]]}, {"class": "MacaroniAndCheese", "pose": [[-0.21686415970785813, 0.9738338548076333, 0.06795288561448859, 15.006806301286757], [0.799570598558298, 0.21712972233264954, -0.5599478041661271, 4.608412945328571], [-0.5600506876275005, -0.06709944980446186, -0.8257365817799118, 51.68074891208245], [0.0, 0.0, 0.0, 1.0]]}, {"class": "Pineapple", "pose": [[0.9941615489624098, 0.0411781825553651, 0.09973568591394372, -3.8654584813518245], [-0.05603511771025038, -0.5928789157928628, 0.803339690654628, 6.036468582663995], [0.09221127277914193, -0.8042381430238041, -0.5871099572003052, 48.18286205627294], [0.0, 0.0, 0.0, 1.0]]}]}