{"camera": {"camera": "RealSense D415", "extrinsics": [[-0.97890955, -0.20102179, 0.036419544, 0.71377414], [-0.18456092, 0.79374886, -0.5795688, -0.25329217], [0.08759799, -0.57406706, -0.8141091, 0.34385735], [0.0, 0.0, 0.0, 1.0]], "height": 480, "intrinsics": [[604.50507, 0.0, 326.28275], [0.0, 602.9669, 245.73769], [0.0, 0.0, 1.0]], "width": 640}, "objects": [{"class": "OrangeJuice", "pose": [[-0.8395600940018465, 0.04692264100977415, 0.5412367877546557, -2.2368159198809856], [-0.45789752903591746, -0.5972421231089244, -0.6585072005186424, -6.8439462323231535], [0.2923504569586337, -0.8006873083471384, 0.5229063623040066, 49.347475611454705], [0.0, 0.0, 0.0, 1.0]]}, {"class": "ChocolatePudding", "pose": [[0.9740014650025569, 0.07614213224902253, -0.2133627614372864, -8.427500708458947], [0.21631296539353476, -0.5924000684410857, 0.7760611404788971, -37.77976092210337], [-0.06730513322873119, -0.8020377719993579, -0.5934689970819753, 79.53615214501927], [0.0, 0.0, 0.0, 1.0]]}, {"class": "CreamCheese", "pose": [[0.9866029066752404, -0.023701399791995995, 0.16140970939372656, -19.01673517104908], [-0.13853551622487847, -0.6442201227349729, 0.7521890573887645, -33.38302306124476], [0.08615545726950642, -0.7644728470128503, -0.638872853181967, 75.45468297273788], [0.0, 0.0, 0.0, 1.0]]}, {"class": "Raisins", "pose": [[0.47342059738289705, 0.08034472926840375, -0.877164641644377, -2.324208034252151], [0.7455512946486804, -0.5668577775705379, 0.35046477840607965, -45.63768329670805], [-0.46906953123551115, -0.8198884292448518, -0.3282632444045867, 80.81694616335973], [0.0, 0.0, 0.0, 1.0]]}, {"class": "BBQSauce", "pose": [[0.8431516544552154, 0.07334875163812553, -0.5326494103265885, 7.005365921308648], [0.45554239964345605, -0.6236896927576446, 0.6352104557725038, -40.3057390114825], [-0.2856159993683266, -0.7782230928211854, -0.5592784081964712, 76.23527843763934], [0.0, 0.0, 0.0, 1.0]]}, {"class": "SaladDressing", "pose": [[0.42185526969438397, -0.014616833153061419, -0.9065454349994609, 18.495776904110983], [0.7451528579498671, -0.5640218351692243, 0.3558463454768755, -38.51638128121991], [-0.5165126934292503, -0.8256305293925457, -0.22704379672558944, 76.11887483747809], [0.0, 0.0, 0.0, 1.0]]}, {"class": "Mayo", "pose": [[-0.15757809900661313, 0.9853141295855077, -0.06576743001910008, 8.115012879673877], [0.5980609817297317, 0.14821814580623735, 0.7876258485054861, -30.09481379502442], [0.7858067563896961, 0.08477966729118663, -0.6126337966488785, 74.9881263583396], [0.0, 0.0, 0.0, 1.0]]}, {"class": "Mushrooms", "pose": [[0.839623591137617, 0.0957398527936552, -0.5346646162697906, 19.62126041563208], [0.46763512805357943, -0.6281570662049248, 0.6218811148723605, -29.066700113485744], [-0.27631449705678685, -0.7721739669734202, -0.5721867550152704, 75.99988058270459], [0.0, 0.0, 0.0, 1.0]]}, {"class": "Parmesan", "pose": [[0.9952668534029947, 0.04216864595998493, 0.08755479378028196, -10.92637022152524], [-0.04182209020480691, -0.6273957952298816, 0.7775766603663747, -24.648866300004038], [0.08772087548554926, -0.7775579568662746, -0.6226625818917617, 66.7705056011211], [0.0, 0.0, 0.0, 1.0]]}, {"class": "Mustard", "pose": [[0.9803496708594455, 0.011041480150348924, -0.1969587638582396, -5.9334170387092104], [0.17014323115820107, -0.5525943864166071, 0.8158987430065413, -20.289765839831787], [-0.09982954493903315, -0.8333772147659709, -0.5436142925239316, 60.3896480407152], [0.0, 0.0, 0.0, 1.0]]}, {"class": "Milk", "pose": [[0.04612600383772179, -0.730880566001459, -0.6809450316362188, -0.469872201474153], [-0.5586593723203187, -0.583976123398569, 0.5889580858319231, -23.39077715609794], [-0.8281136089900861, 0.3532499800172476, -0.43524972302500947, 68.42255926876149], [0.0, 0.0, 0.0, 1.0]]}, {"class": "AlphabetSoup", "pose": [[0.9732537402480698, 0.041305373565411356, 0.22598931237221279, 16.996994221949958], [-0.16220915641514586, -0.5730404249524609, 0.8033136963809004, -18.53245329210879], [0.16268218480187718, -0.8184855466768935, -0.5510135531901486, 65.90843018105772], [0.0, 0.0, 0.0, 1.0]]}, {"class": "Yogurt", "pose": [[0.997916772902131, 0.05089214065055458, 0.039651613829761206, 25.758009867642823], [-0.00047294781754160764, -0.6088180920667541, 0.7933097383369988, -19.491877468929626], [0.06451386499391012, -0.791675801589625, -0.6075256419041857, 69.00869412686903], [0.0, 0.0, 0.0, 1.0]]}, {"class": "Cherries", "pose": [[0.7429715593438386, 0.0528062569268759, 0.6672367700706086, -14.612619126451277], [-0.5169951476684068, -0.5878620530482442, 0.622201139279719, -13.548078064532042], [0.42509925490297645, -0.8072358756555227, -0.4094641421488736, 61.593619457238646], [0.0, 0.0, 0.0, 1.0]]}, {"class": "Cookies", "pose": [[0.5879801166568898, 0.014823114801652095, 0.8087396390572363, -25.202569333130587], [-0.6274846549229778, -0.622576343023079, 0.4676128086269207, -12.983118835568499], [0.5104335960879841, -0.7824187034369454, -0.35676117455078654, 53.192199567070354], [0.0, 0.0, 0.0, 1.0]]}, {"class": "TomatoSauce", "pose": [[0.6307272025416769, 0.055772820475756, -0.7739978905454655, 6.83638452981511], [0.650466862349139, -0.581911592774613, 0.4881309179184767, -10.466741419322515], [-0.4231738404782824, -0.8113373795933362, -0.4033058099998037, 59.405035955356844], [0.0, 0.0, 0.0, 1.0]]}, {"class": "PeasAndCarrots", "pose": [[0.9142557747756291, 0.05970874173374596, 0.4007136016517131, 17.140529503272795], [-0.29626161485712216, -0.5761170163986767, 0.7617862382754708, -7.523351574690501], [0.2763432087625413, -0.8151834775731431, -0.5090288282923643, 59.79296438734192], [0.0, 0.0, 0.0, 1.0]]}, {"class": "Ketchup", "pose": [[0.8860436343544373, 0.042001110732131475, 0.46169549577177726, -16.881088945356726], [-0.33771699226326807, -0.6237915347275522, 0.7048626732822861, -0.269272768273926], [0.31760673829766, -0.7804614549267064, -0.5385219552921933, 46.17798787159735], [0.0, 0.0, 0.0, 1.0]]}, {"class": "MacaroniAndCheese", "pose": [[-0.20851316390560545, 0.9756594884806299, 0.06790411706583187, 14.970535893612924], [0.8003825080095466, 0.21013015268287302, -0.5614563150001751, 5.114379095857691], [-0.5620588173861722, -0.06272173438618245, -0.8247156412995722, 51.425747464516505], [0.0, 0.0, 0.0, 1.0]]}, {"class": "Pineapple", "pose": [[0.9932885266890364, 0.04079423407852019, 0.10823067639338986, -3.8742527126183424], [-0.0629709987120697, -0.5941695049075619, 0.80187111595746, 6.671886985061826], [0.09701909508216269, -0.803304726403475, -0.5876128239728895, 47.83616746412318], [0.0, 0.0, 0.0, 1.0]]}]}