{"camera": {"camera": "RealSense D415", "extrinsics": [[-0.9817314, -0.18813853, 0.028412981, 0.71556276], [-0.17004898, 0.8005573, -0.57462275, -0.2618847], [0.08536246, -0.5689568, -0.8179251, 0.33865508], [0.0, 0.0, 0.0, 1.0]], "height": 480, "intrinsics": [[604.50507, 0.0, 326.28275], [0.0, 602.9669, 245.73769], [0.0, 0.0, 1.0]], "width": 640}, "objects": [{"class": "OrangeJuice", "pose": [[-0.8468347417673336, 0.03862778664858718, 0.5304515580746283, -1.7815805298819543], [-0.44685677589344064, -0.5925447164275063, -0.6702311433756645, -6.672258180942478], [0.2884266657482265, -0.8046109455284979, 0.519048494516482, 48.87515445518267], [0.0, 0.0, 0.0, 1.0]]}, {"class": "ChocolatePudding", "pose": [[0.9772896495121635, 0.06791982341491094, -0.20072837311400663, -8.481501732423634], [0.2017368844094996, -0.5881441599559636, 0.7831913439620787, -37.70959230392276], [-0.06486296381124536, -0.8058991649212726, -0.5884890710485166, 78.85014803134838], [0.0, 0.0, 0.0, 1.0]]}, {"class": "CreamCheese", "pose": [[0.9842568385365023, -0.03275144090571607, 0.17368321779045356, -18.997230708658254], [-0.15427830110498114, -0.6386702212095965, 0.753855794583375, -33.123259840738285], [0.08623644366894742, -0.7687833336326442, -0.6336683016774164, 74.7873207708296], [0.0, 0.0, 0.0, 1.0]]}, {"class": "Raisins", "pose": [[0.4853638166893091, 0.07253502404058419, -0.871298270952913, -2.5012881464396397], [0.7412841954989344, -0.5625512047039466, 0.36610638927547023, -45.66890044590585], [-0.46359428205028697, -0.82357448422061, -0.32681105463213106, 80.08465642187926], [0.0, 0.0, 0.0, 1.0]]}, {"class": "BBQSauce", "pose": [[0.8503820605308842, 0.0646185273528421, -0.5221827632920443, 6.914372328873508], [0.44440181023501907, -0.6195450775994522, 0.6470478595597186, -40.45079774643048], [-0.28170442420596103, -0.7822969143804448, -0.5555665666437763, 75.54824929075285], [0.0, 0.0, 0.0, 1.0]]}, {"class": "SaladDressing", "pose": [[0.4338518637082872, -0.022365134619301362, -0.9007066127988795, 18.431079280033448], [0.7419957884157651, -0.5582155214321399, 0.37126498122527596, -38.83780395769999], [-0.5110917298882832, -0.8293945710133316, -0.22558799625013565, 75.45554683744857], [0.0, 0.0, 0.0, 1.0]]}, {"class": "Mayo", "pose": [[-0.1492407302763239, 0.9873821071533094, -0.05295111074754562, 8.18240784748323], [0.5951660954885631, 0.13246401649941478, 0.7926099972826666, -30.250080858230344], [0.7896230991368931, 0.08677502252833846, -0.6074253136093245, 74.37047385104509], [0.0, 0.0, 0.0, 1.0]]}, {"class": "Mushrooms", "pose": [[0.8470300283322493, 0.08693141754895296, -0.5243883112500858, 19.701967045216495], [0.4564851649483192, -0.6243968305060352, 0.6338374372935146, -29.405985729197802], [-0.27232595495151013, -0.7762548841715149, -0.5685657252229924, 75.40083418265702], [0.0, 0.0, 0.0, 1.0]]}, {"class": "Parmesan", "pose": [[0.9944061445620177, 0.03338435964255057, 0.10020950762218901, -10.763666435834484], [-0.05772229273482751, -0.6227750923085303, 0.7802687524181819, -24.45700781762898], [0.08845677484961789, -0.7816884223346233, -0.6173642880908691, 66.16995942074703], [0.0, 0.0, 0.0, 1.0]]}, {"class": "Mustard", "pose": [[0.9829632594651208, 0.003474673884377271, -0.18376941642291553, -5.697055942043439], [0.15569266022643277, -0.5471330515936033, 0.8224385837764255, -20.13286278432943], [-0.09768858104343268, -0.8370385125051446, -0.5383526024415825, 59.82347184423129], [0.0, 0.0, 0.0, 1.0]]}, {"class": "Milk", "pose": [[0.03845577588104905, -0.7401766566997411, -0.6713119330143763, -0.29091329569297386], [-0.5537723649728545, -0.5749965119002282, 0.6022584028252568, -23.371076234586425], [-0.8317796829346521, 0.3485936171400716, -0.4320012777585988, 67.8410679513614], [0.0, 0.0, 0.0, 1.0]]}, {"class": "AlphabetSoup", "pose": [[0.9704589105265415, 0.03340360514363917, 0.23894297096245284, 17.251457364600665], [-0.17825307476729274, -0.568141343751961, 0.8033935894282506, -18.765573832040456], [0.16258962880488015, -0.8222528401115801, -0.545403460176283, 65.37730564106474], [0.0, 0.0, 0.0, 1.0]]}, {"class": "Yogurt", "pose": [[0.9977181011965791, 0.042408555123820156, 0.05253709381306606, 25.99317964490457], [-0.016265113566983114, -0.6042402162677567, 0.7966361853468852, -19.880393344870495], [0.06552923499439117, -0.7956729201958993, -0.6021715521898333, 68.48004432348553], [0.0, 0.0, 0.0, 1.0]]}, {"class": "Cherries", "pose": [[0.7344498027368743, 0.044662401282174205, 0.6771918475593113, -14.272842906106986], [-0.5311928100487071, -0.5832129019588375, 0.6145705120000431, -13.266535864256152], [0.4223951881348451, -0.811090686118739, -0.4046161869855082, 61.06358227733797], [0.0, 0.0, 0.0, 1.0]]}, {"class": "Cookies", "pose": [[0.5776807017697384, 0.006121710189687164, 0.816239898985889, -24.843388802480927], [-0.6398494308884904, -0.6175029590215824, 0.4574743775010266, -12.482644043046948], [0.5068310365103613, -0.7865448124029635, -0.3528025132429631, 52.65530399069975], [0.0, 0.0, 0.0, 1.0]]}, {"class": "TomatoSauce", "pose": [[0.6411369796692296, 0.047724786175624964, -0.7659410938932748, 7.223481717568014], [0.6434856600827139, -0.5772816154273832, 0.5026650439767528, -10.501242590499105], [-0.4181740611706035, -0.8151493122600472, -0.4008267806980803, 58.917557246179584], [0.0, 0.0, 0.0, 1.0]]}, {"class": "PeasAndCarrots", "pose": [[0.9092774251098263, 0.05175372744233486, 0.4129602367187263, 17.571253986140434], [-0.3121358582124848, -0.57152281552781, 0.7589024193055431, -7.719478068460275], [0.27529221942601173, -0.8189525888416875, -0.5035185259667503, 59.33567229619594], [0.0, 0.0, 0.0, 1.0]]}, {"class": "Ketchup", "pose": [[0.8803843462507773, 0.03327556988639816, 0.4730921480585396, -16.319378638166317], [-0.3534260696992918, -0.619149411256471, 0.7012446252744912, 0.1480508777045808], [0.31624902864292936, -0.7845679471582809, -0.5333289257231167, 45.734692710664014], [0.0, 0.0, 0.0, 1.0]]}, {"class": "MacaroniAndCheese", "pose": [[-0.19554044559899825, 0.978847183661734, 0.06018443654096957, 15.605390122342634], [0.8072253177948315, 0.19549887414832914, -0.5569268185286601, 5.005638289199277], [-0.5569121725600998, -0.060319279055854554, -0.828378217644152, 51.05085451451746], [0.0, 0.0, 0.0, 1.0]]}, {"class": "Pineapple", "pose": [[0.9920921713917514, 0.03255033268901728, 0.12121732769844017, -3.2091511406779905], [-0.07889973248555374, -0.5893607453030266, 0.8040079283118139, 6.876951619987803], [0.09761147510154289, -0.8072140412988368, -0.5821318976806124, 47.452499498015996], [0.0, 0.0, 0.0, 1.0]]}]}