{"camera": {"camera": "RealSense D415", "extrinsics": [[-0.9796845, -0.12546848, 0.15644789, 0.62294036], [-0.19954962, 0.68751216, -0.698217, -0.2061803], [-0.019955603, -0.7152515, -0.6985822, 0.17452824], [0.0, 0.0, 0.0, 1.0]], "height": 480, "intrinsics": [[603.75165, 0.0, 326.28275], [0.0, 603.20245, 245.73769], [0.0, 0.0, 1.0]], "width": 640}, "objects": [{"class": "ChocolatePudding", "pose": [[0.8933953789890569, 0.13671016086075768, 0.42796608811505077, 9.378442141288756], [-0.1846862233457039, -0.7566163729749996, 0.6272341350069233, 4.116218464274532], [0.40955544800216903, -0.6394075282157703, -0.6507091282898007, 36.18218311327769], [0.0, 0.0, 0.0, 1.0]]}, {"class": "MacaroniAndCheese", "pose": [[0.18693411937406845, 0.9575301188446492, 0.21952596743271174, 3.0779768668068974], [-0.6731021032138061, 0.2876106409589816, -0.6813322793775007, -5.653378514927768], [-0.7155341974998566, -0.020399149122096387, 0.6982798211965326, 38.77769200785116], [0.0, 0.0, 0.0, 1.0]]}, {"class": "Milk", "pose": [[0.19899784183667174, 0.9627434004052269, 0.18309819163116542, -5.340428685079446], [0.6990905040920868, -0.008523085139155827, -0.7149823922121504, -14.66712087686544], [-0.6867840609900276, 0.2702821697616234, -0.6747408569561549, 49.12941125601634], [0.0, 0.0, 0.0, 1.0]]}, {"class": "Ketchup", "pose": [[0.7988086288710279, 0.15914517579339452, 0.5801530240556814, -10.391544302281908], [-0.29971788929039694, -0.7308824773258723, 0.6131720706642885, -6.29078363535702], [0.5216070827114032, -0.6636893923505476, -0.5361366090033313, 34.44208435911559], [0.0, 0.0, 0.0, 1.0]]}, {"class": "OrangeJuice", "pose": [[-0.7471867123253575, -0.6462953708315617, -0.1549653329754492, 15.397133416283165], [0.3932786070680195, -0.6179151137685112, 0.6808177777236082, -5.391738428312218], [-0.5357648284056241, 0.4477534789647947, 0.715872120203983, 45.652348360234384], [0.0, 0.0, 0.0, 1.0]]}]}