{"camera": {"camera": "RealSense D415", "extrinsics": [[-0.8289096, -0.5372943, 0.15563992, 0.5086742], [-0.5251746, 0.65168345, -0.5472662, -0.015862782], [0.19261505, -0.5353723, -0.82236, 0.05592946], [0.0, 0.0, 0.0, 1.0]], "height": 480, "intrinsics": [[607.87085, 0.0, 326.28275], [0.0, 608.1159, 245.73769], [0.0, 0.0, 1.0]], "width": 640}, "objects": [{"class": "Pineapple", "pose": [[0.9774913072596786, 0.14349349230845096, -0.1546621281103758, -12.304853022503337], [0.20976952497159143, -0.5827555736984662, 0.7851067921241269, -8.605439746730308], [0.022527500458833727, -0.7998785175806518, -0.5997390342189294, 45.20095979581719], [0.0, 0.0, 0.0, 1.0]]}, {"class": "BBQSauce", "pose": [[0.9606183736285996, 0.162061921667713, -0.22571726953703078, -2.2891387845819566], [0.2778434042347147, -0.5487398267351905, 0.7884717069120295, -7.266217877003339], [0.003921190605066203, -0.8201345138069862, -0.5721573593484697, 40.92120217240143], [0.0, 0.0, 0.0, 1.0]]}, {"class": "GranolaBars", "pose": [[-0.8544710203845378, 0.17473402666085722, 0.48923134325657147, -2.624871532093831], [-0.4936446044043146, -0.5664904034647249, -0.659851206445629, -15.602809922203766], [0.1618463864556854, -0.8053301979408564, 0.5703061106156716, 47.36330499852184], [0.0, 0.0, 0.0, 1.0]]}, {"class": "Milk", "pose": [[-0.04040861590119483, 0.16176385202203966, 0.9860018315980348, 9.620740668308375], [-0.8474907807607651, -0.5282633110841157, 0.05193494017349981, 3.6229889975279486], [0.5292697502348095, -0.8335288926212799, 0.15843975821024175, 33.78458793479049], [0.0, 0.0, 0.0, 1.0]]}, {"class": "Parmesan", "pose": [[0.803002676190075, 0.1760402367676038, -0.5693826033917108, 6.421020920190696], [0.5549792111792302, -0.5690919023089004, 0.6067392102115922, -3.5417799862420383], [-0.21722049542558763, -0.8032087691239437, -0.5546809622650275, 43.72367077278982], [0.0, 0.0, 0.0, 1.0]]}]}