{"camera": {"camera": "RealSense D415", "extrinsics": [[-0.8330055, -0.53559494, 0.13870789, 0.51622576], [-0.5158722, 0.6612973, -0.5445748, -0.021069003], [0.19994438, -0.52518934, -0.82716286, 0.05296987], [0.0, 0.0, 0.0, 1.0]], "height": 480, "intrinsics": [[607.87085, 0.0, 326.28275], [0.0, 608.1159, 245.73769], [0.0, 0.0, 1.0]], "width": 640}, "objects": [{"class": "Pineapple", "pose": [[0.9802442697761728, 0.12639367228309695, -0.15213720718107396, -11.14370346746918], [0.19744752389704393, -0.5800347443714573, 0.7903000340105402, -8.559001904858283], [0.011644049014726982, -0.8047262638266949, -0.593531856705707, 45.64006198641529], [0.0, 0.0, 0.0, 1.0]]}, {"class": "BBQSauce", "pose": [[0.9639990641493245, 0.1451376584083455, -0.22280211637696357, -1.165072536928058], [0.2658288675149493, -0.5461406837679044, 0.7943962108780735, -7.320842883570379], [-0.006384501106100112, -0.825024507669592, -0.5650608890948166, 41.244808632745254], [0.0, 0.0, 0.0, 1.0]]}, {"class": "GranolaBars", "pose": [[-0.8585442580720722, 0.15776648885248318, 0.4878641312473373, -1.5264103464852075], [-0.4838553751493211, -0.564129907485369, -0.6690600844078608, -15.688349240314315], [0.1696634939136134, -0.8104734455461546, 0.5606666579992255, 47.645312146999345], [0.0, 0.0, 0.0, 1.0]]}, {"class": "Milk", "pose": [[-0.0445465185872359, 0.14493234642180816, 0.9884382334134536, 10.792118858257805], [-0.8498557262013224, -0.5255877748052584, 0.03876478745295925, 3.4587239524598288], [0.5251293250096125, -0.8383031259366552, 0.14658468390057075, 34.021385765431425], [0.0, 0.0, 0.0, 1.0]]}, {"class": "Parmesan", "pose": [[0.8071750297175261, 0.15906585100164153, -0.5684773039240159, 7.624662106599173], [0.5461337852461153, -0.5667592493109207, 0.6168645030000233, -3.7208635024214685], [-0.22406770010506807, -0.8083823548759568, -0.5443451502395127, 43.96010966190826], [0.0, 0.0, 0.0, 1.0]]}]}