{"camera": {"camera": "RealSense D415", "extrinsics": [[-0.8543525, -0.50965595, 0.10164995, 0.5269577], [-0.4841836, 0.7095396, -0.51197636, -0.054120865], [0.18880713, -0.4866255, -0.8529639, 0.050378308], [0.0, 0.0, 0.0, 1.0]], "height": 480, "intrinsics": [[607.87085, 0.0, 326.28275], [0.0, 608.1159, 245.73769], [0.0, 0.0, 1.0]], "width": 640}, "objects": [{"class": "Pineapple", "pose": [[0.9887126285857334, 0.08792310295876321, -0.12131321013480746, -9.789082097163337], [0.14970767057062748, -0.547802132539555, 0.8231041534819854, -10.709570199687889], [0.00591425062538547, -0.8319749461708801, -0.5547816240462496, 45.98144101654631], [0.0, 0.0, 0.0, 1.0]]}, {"class": "BBQSauce", "pose": [[0.9755636662603511, 0.10802326000062298, -0.19132834939840576, 0.18083610741798095], [0.21954256694279223, -0.5139438784029855, 0.8292543407629104, -9.748220312333618], [-0.00875326158074968, -0.850995077544254, -0.5251006553062372, 41.49803733972588], [0.0, 0.0, 0.0, 1.0]]}, {"class": "GranolaBars", "pose": [[-0.878697850751385, 0.11995227564218902, 0.46206229835940404, -0.502907305463518], [-0.4496267264782183, -0.533164977794587, -0.7166386284674033, -18.374298776993605], [0.16039297970354424, -0.8374643373728894, 0.5224246505346939, 47.51762549606739], [0.0, 0.0, 0.0, 1.0]]}, {"class": "Milk", "pose": [[-0.0788767472202179, 0.10864240682830262, 0.9909466762134719, 12.552041148413483], [-0.8700004441492928, -0.4928159826314951, -0.015219887149626521, 0.7691661826825458], [0.48670080989089065, -0.8633244986661284, 0.13339067227628315, 34.592300815490056], [0.0, 0.0, 0.0, 1.0]]}, {"class": "Parmesan", "pose": [[0.8297095241630322, 0.12114957912487963, -0.544889818131185, 9.168274862936542], [0.5167199787767559, -0.5359466560324525, 0.6676538444002564, -6.700346579960975], [-0.21114587089575731, -0.8355141650134876, -0.5072804363085343, 44.2418600430105], [0.0, 0.0, 0.0, 1.0]]}]}