{"camera": {"camera": "RealSense D415", "extrinsics": [[-0.98115635, -0.10375528, 0.1629939, 0.6005671], [-0.18975037, 0.6764695, -0.7116065, -0.21203902], [-0.036427468, -0.7291254, -0.68341, 0.17917338], [0.0, 0.0, 0.0, 1.0]], "height": 480, "intrinsics": [[603.75165, 0.0, 326.28275], [0.0, 603.20245, 245.73769], [0.0, 0.0, 1.0]], "width": 640}, "objects": [{"class": "ChocolatePudding", "pose": [[0.8829761093673437, 0.14145137189697368, 0.44759869844980066, 7.042260987401483], [-0.1868743949209335, -0.7687814822489908, 0.6115987147472312, 4.390418450826436], [0.43061708466043075, -0.623671844736177, -0.6523820902328502, 35.15192265819248], [0.0, 0.0, 0.0, 1.0]]}, {"class": "MacaroniAndCheese", "pose": [[0.19408005478846768, 0.9607557307945415, 0.19819498797329707, 0.5872622494049962], [-0.6871000271278256, 0.27733399236523426, -0.6715500012703352, -5.268013849967035], [-0.7001617801549074, -0.005845332095595906, 0.7139603272435108, 37.783505196703274], [0.0, 0.0, 0.0, 1.0]]}, {"class": "Milk", "pose": [[0.22017911382127958, 0.9569783453947509, 0.18898015626352035, -8.132776774122362], [0.6851860345167571, -0.013836685207787087, -0.7282366641773453, -14.01661392515702], [-0.6942919056219007, 0.2898290742747716, -0.6587548046637661, 48.11298260884912], [0.0, 0.0, 0.0, 1.0]]}, {"class": "Ketchup", "pose": [[0.7849392361207957, 0.16464212409713597, 0.597296627941149, -12.79853661303486], [-0.2989968807882998, -0.7436981511586959, 0.5979246775710884, -5.840379164125614], [0.5426520118325198, -0.6479244253258033, -0.5345304184936568, 33.18735936665886], [0.0, 0.0, 0.0, 1.0]]}, {"class": "OrangeJuice", "pose": [[-0.7320499101477593, -0.6616982131450968, -0.1620441265588683, 12.7680224748891], [0.391765342770754, -0.6034923865174454, 0.6944903530112403, -5.016172316317322], [-0.5573354481537455, 0.44491836347634084, 0.7010170349195914, 44.90085170338396], [0.0, 0.0, 0.0, 1.0]]}]}