{"camera": {"camera": "RealSense D415", "extrinsics": [[-0.9640014, -0.26077077, -0.051960424, 0.54534847], [-0.2002891, 0.8406717, -0.50314546, -0.152035], [0.17488728, -0.4746258, -0.8626383, 0.025560055], [0.0, 0.0, 0.0, 1.0]], "height": 480, "intrinsics": [[607.87085, 0.0, 326.28275], [0.0, 608.1159, 245.73769], [0.0, 0.0, 1.0]], "width": 640}, "objects": [{"class": "Pineapple", "pose": [[0.9865771383927882, -0.07629029684594696, 0.1443788333160489, -6.977142695523064], [-0.16272179645556312, -0.5333560530877057, 0.8300921294422691, -1.6928683813549532], [0.013677364600348595, -0.8424436036481662, -0.5386109619995963, 43.08423007999124], [0.0, 0.0, 0.0, 1.0]]}, {"class": "BBQSauce", "pose": [[0.995760019441857, -0.04652590451949355, 0.0793550930416134, 2.8512261271098516], [-0.09198781032844519, -0.5070176738220977, 0.8570130261273907, -3.774537118919036], [0.0003611474868314314, -0.8606791104445621, -0.5091477216222209, 38.669008342378774], [0.0, 0.0, 0.0, 1.0]]}, {"class": "GranolaBars", "pose": [[-0.9761976101369746, -0.041251253091088, 0.21292361772034918, -0.5237981231591804], [-0.15940903246939045, -0.5292181415723614, -0.8333768203921259, -11.87438590525903], [0.14706085451408557, -0.8474825103531018, 0.5100456486741554, 44.509713248081376], [0.0, 0.0, 0.0, 1.0]]}, {"class": "Milk", "pose": [[-0.34852796581944273, -0.039289555906447865, 0.9364745029846147, 17.936288827341958], [-0.8117308685789312, -0.4868958978617573, -0.32252966903915387, 2.5344375932452925], [0.4686376114373244, -0.8725759721288775, 0.13780430336499053, 32.036585906783955], [0.0, 0.0, 0.0, 1.0]]}, {"class": "Parmesan", "pose": [[0.9508335389155982, -0.04099107461165325, -0.30697755614583216, 12.31037996909954], [0.23923155876778554, -0.5322676462369045, 0.812071068212617, -3.6969452270608256], [-0.19668186095483572, -0.8455832290172204, -0.4962915598641597, 41.5169079236216], [0.0, 0.0, 0.0, 1.0]]}]}