{"camera": {"camera": "RealSense D415", "extrinsics": [[-0.99635154, -0.057703245, -0.06287994, 0.5205215], [-0.016449613, 0.852814, -0.5219556, -0.24588326], [0.08374343, -0.5190169, -0.8506518, 0.097481556], [0.0, 0.0, 0.0, 1.0]], "height": 480, "intrinsics": [[607.87085, 0.0, 326.28275], [0.0, 608.1159, 245.73769], [0.0, 0.0, 1.0]], "width": 640}, "objects": [{"class": "Pineapple", "pose": [[0.9346667231570374, -0.09408347852109575, 0.34285023878862547, -9.441194122774466], [-0.33635070514951204, -0.5464224867331712, 0.7670010718810835, 1.4535964838874926], [0.11517895211548576, -0.832208401007961, -0.5423679513371168, 43.64779814811727], [0.0, 0.0, 0.0, 1.0]]}, {"class": "BBQSauce", "pose": [[0.9578104057474108, -0.058449498452425884, 0.28139430221274836, 0.2074432864226594], [-0.2690447136755032, -0.5266529287667098, 0.8063818015020426, -2.5438384401727547], [0.10106452581614994, -0.8480686324560023, -0.520159172390559, 40.279019703811954], [0.0, 0.0, 0.0, 1.0]]}, {"class": "GranolaBars", "pose": [[-0.9982436765175096, -0.05856466138542533, 0.008922627122971481, -5.116721625899334], [0.024731716693971062, -0.5488566395547897, -0.8355505409817882, -9.650368520661587], [0.053830970236804325, -0.833862474789271, 0.5493410672232186, 45.95904319561146], [0.0, 0.0, 0.0, 1.0]]}, {"class": "Milk", "pose": [[-0.5328359548250109, -0.04658871243284526, 0.8449350316235719, 16.739540238861313], [-0.7153100708004766, -0.5086814791287196, -0.47913946876854074, 0.6678869860622383], [0.45212527777682254, -0.8596933758014108, 0.2377184072693399, 35.0134823811069], [0.0, 0.0, 0.0, 1.0]]}, {"class": "Parmesan", "pose": [[0.9925957132619251, -0.059043012441553265, -0.1061486845939929, 9.216457546738882], [0.05615793055248418, -0.5518195897512919, 0.8320705512946264, -4.04328692981093], [-0.10770286752141311, -0.8318708555623691, -0.5444180198614518, 44.04484708670512], [0.0, 0.0, 0.0, 1.0]]}]}