{"camera": {"camera": "RealSense D415", "extrinsics": [[-0.9989779, -0.02286541, -0.03899214, 0.51923853], [0.0013788582, 0.8468049, -0.5319018, -0.2574916], [0.04518089, -0.5314119, -0.84590787, 0.13052242], [0.0, 0.0, 0.0, 1.0]], "height": 480, "intrinsics": [[607.87085, 0.0, 326.28275], [0.0, 608.1159, 245.73769], [0.0, 0.0, 1.0]], "width": 640}, "objects": [{"class": "Pineapple", "pose": [[0.9235674672149351, -0.07130295822345062, 0.37674793674990414, -10.37354322182683], [-0.3504630897904323, -0.5555980964495836, 0.7539803451384849, 1.7625728089032455], [0.15555941259749698, -0.828388022465157, -0.5381213782851317, 44.212124731920056], [0.0, 0.0, 0.0, 1.0]]}, {"class": "BBQSauce", "pose": [[0.9483989308427101, -0.03474662553303227, 0.31516999569280957, -0.6725348421552813], [-0.28374546308779436, -0.536638689108548, 0.794674406576654, -2.4400084283357995], [0.14152016627838457, -0.8430964724251069, -0.5188067512087517, 41.270506819959074], [0.0, 0.0, 0.0, 1.0]]}, {"class": "GranolaBars", "pose": [[-0.9990012555503881, -0.0357941411520264, -0.026744290277935165, -6.334139716727394], [0.042191600613982, -0.5586497269718336, -0.8283298463359453, -9.381277184923963], [0.014708656839366814, -0.8286309994531609, 0.5596019893979446, 46.82723203414133], [0.0, 0.0, 0.0, 1.0]]}, {"class": "Milk", "pose": [[-0.5621847188094746, -0.022136858540406916, 0.8267153607050047, 16.10363498956534], [-0.7002906545369931, -0.519022432116302, -0.49011090282428055, 0.4245606776554778], [0.4399333246326356, -0.8544739594565307, 0.2762842501252166, 36.61156944698987], [0.0, 0.0, 0.0, 1.0]]}, {"class": "Parmesan", "pose": [[0.9968371471401497, -0.03640019795545521, -0.070644984711043, 8.157051306823625], [0.038070320787654606, -0.5615779384819064, 0.8265475501291748, -4.041160987081257], [-0.06975915113910278, -0.8266228376246749, -0.5584159825153475, 45.40171354134698], [0.0, 0.0, 0.0, 1.0]]}]}