{"camera": {"camera": "RealSense D415", "extrinsics": [[-0.99924576, -0.010461777, -0.037395958, 0.5280831], [0.0099009685, 0.862555, -0.5058664, -0.27440503], [0.03754833, -0.50585514, -0.86180085, 0.1300984], [0.0, 0.0, 0.0, 1.0]], "height": 480, "intrinsics": [[607.87085, 0.0, 326.28275], [0.0, 608.1159, 245.73769], [0.0, 0.0, 1.0]], "width": 640}, "objects": [{"class": "Pineapple", "pose": [[0.918874502735012, -0.07007236193783464, 0.3882775236870441, -9.466448380960246], [-0.3640890792211872, -0.5297570944092593, 0.7660264694526147, -0.26152022160442767], [0.1520155122107172, -0.8452498441242915, -0.5122928953988753, 44.5051779568187], [0.0, 0.0, 0.0, 1.0]]}, {"class": "BBQSauce", "pose": [[0.9444597847852476, -0.033218867293309834, 0.3269436417240098, 0.2166256269986011], [-0.2972290193008207, -0.510727272075595, 0.8067295409434332, -4.469660742339629], [0.1401804155575242, -0.8591007938013161, -0.4922350076996313, 41.5128557316165], [0.0, 0.0, 0.0, 1.0]]}, {"class": "GranolaBars", "pose": [[-0.9986327354732142, -0.03459385210914514, -0.0391898982154896, -5.555744547150532], [0.05160798556590054, -0.5331510463536576, -0.8444445311475104, -11.518225914807006], [0.008318439884131605, -0.8453125101182706, 0.5342074404352957, 46.814708998121745], [0.0, 0.0, 0.0, 1.0]]}, {"class": "Milk", "pose": [[-0.5724005033815858, -0.020349524698727552, 0.8197215891128193, 17.056193299315254], [-0.707583397168754, -0.4929030854580746, -0.5063321765246036, -1.6326096490099862], [0.4143469381065913, -0.8698462271691426, 0.2677390176688606, 37.07085040831088], [0.0, 0.0, 0.0, 1.0]]}, {"class": "Parmesan", "pose": [[0.9976815097364293, -0.035244103099168755, -0.05821839409823486, 8.997204427043936], [0.030287236144510624, -0.5361320643248819, 0.8435905888027528, -6.281297602808436], [-0.06094433076509632, -0.8433980526949855, -0.5338216358287543, 45.6615366163763], [0.0, 0.0, 0.0, 1.0]]}]}