{"camera": {"camera": "RealSense D415", "extrinsics": [[-0.9762943, -0.09812583, 0.19292702, 0.5831208], [-0.20878649, 0.6619762, -0.71985805, -0.19705248], [-0.057076428, -0.7430739, -0.66677094, 0.18506548], [0.0, 0.0, 0.0, 1.0]], "height": 480, "intrinsics": [[603.75165, 0.0, 326.28275], [0.0, 603.20245, 245.73769], [0.0, 0.0, 1.0]], "width": 640}, "objects": [{"class": "ChocolatePudding", "pose": [[0.8753447362655629, 0.17096979720170064, 0.4522620237224826, 4.425170654937105], [-0.1629051540803609, -0.7764109197976039, 0.6088085822496399, 5.173548367650388], [0.45522908418189467, -0.6065932055897838, -0.6517754121508432, 33.99456045273283], [0.0, 0.0, 0.0, 1.0]]}, {"class": "MacaroniAndCheese", "pose": [[0.22396151304444112, 0.9553362849442335, 0.1928051874519178, -1.9139986142950094], [-0.6950569873751103, 0.2952433752220331, -0.6555356810397599, -4.558904095815136], [-0.6831814871588513, 0.012804157588643129, 0.7301363798558758, 36.63498759777064], [0.0, 0.0, 0.0, 1.0]]}, {"class": "Milk", "pose": [[0.22463226435234018, 0.9496081358301387, 0.2185972349818811, -10.724318171095149], [0.6773803286963537, 0.009091726169894105, -0.735576730353942, -13.294385644596998], [-0.7004971404514977, 0.3133077490140036, -0.6412035828535515, 46.898750716092685], [0.0, 0.0, 0.0, 1.0]]}, {"class": "Ketchup", "pose": [[0.7766476767122301, 0.19428757675592812, 0.5992251169138172, -15.169190315060677], [-0.27494497261413914, -0.751308667222335, 0.5999503679626613, -5.460899014246545], [0.5667659685025103, -0.6307039982338696, -0.5300837929954099, 31.72397024799394], [0.0, 0.0, 0.0, 1.0]]}, {"class": "OrangeJuice", "pose": [[-0.7251285957102674, -0.6612766951064787, -0.19209807171568008, 10.080259854777557], [0.36843180384557905, -0.6082438249413042, 0.7030628355727451, -3.9574202104240093], [-0.5817615803086864, 0.43903597750137824, 0.6846903666427087, 44.042211489133486], [0.0, 0.0, 0.0, 1.0]]}]}