{"camera": {"camera": "RealSense D415", "extrinsics": [[-0.98045933, 0.19020905, 0.05019926, 0.49156055], [0.13394578, 0.8323729, -0.5377861, -0.3179142], [-0.14407627, -0.52055347, -0.8415855, 0.25733858], [0.0, 0.0, 0.0, 1.0]], "height": 480, "intrinsics": [[607.87085, 0.0, 326.28275], [0.0, 608.1159, 245.73769], [0.0, 0.0, 1.0]], "width": 640}, "objects": [{"class": "Pineapple", "pose": [[0.8229321741014447, 0.012313008237613223, 0.5680060784446349, -13.662277129314948], [-0.466234619350293, -0.5566839011059561, 0.6875524212785403, 4.271215772413611], [0.32466568208565943, -0.8306331730806281, -0.45237239981852895, 44.76389474531973], [0.0, 0.0, 0.0, 1.0]]}, {"class": "BBQSauce", "pose": [[0.8586086541342577, 0.053172601505918536, 0.5098663864073537, -4.228192629704086], [-0.403647557222063, -0.5429882609428389, 0.7363643229164305, -1.2280394535285677], [0.3160058709654305, -0.8380551700013682, -0.444751484554094, 43.67734074953806], [0.0, 0.0, 0.0, 1.0]]}, {"class": "GranolaBars", "pose": [[-0.9693293265499031, 0.04650815594645676, -0.24132452551287162, -11.704875739105159], [0.17383013215625165, -0.5643954927116134, -0.8069949386449679, -7.257307987742589], [-0.17373430664063755, -0.8241934014969944, 0.5390006392284, 48.02007129152266], [0.0, 0.0, 0.0, 1.0]]}, {"class": "Milk", "pose": [[-0.7228785732634234, 0.06992422667357917, 0.6874278502751974, 13.353723701719511], [-0.6117169775055559, -0.5274038475140723, -0.5896164338754976, -0.6881217614684687], [0.32132367101074516, -0.8467324429735891, 0.424022794113556, 42.28593757657168], [0.0, 0.0, 0.0, 1.0]]}, {"class": "Parmesan", "pose": [[0.9882402785127561, 0.045151653830970244, 0.14609024120247954, 3.3753322962068455], [-0.09502377624560966, -0.5671802716346349, 0.81809353955017, -3.902312455675699], [0.11979775933036552, -0.822355100490086, -0.5562199628034541, 49.3893293893985], [0.0, 0.0, 0.0, 1.0]]}]}