{"camera": {"camera": "RealSense D415", "extrinsics": [[-0.9723053, 0.22368316, 0.06773656, 0.48964494], [0.14871657, 0.81572, -0.5590029, -0.31853876], [-0.1802936, -0.5334479, -0.8263943, 0.266813], [0.0, 0.0, 0.0, 1.0]], "height": 480, "intrinsics": [[607.87085, 0.0, 326.28275], [0.0, 608.1159, 245.73769], [0.0, 0.0, 1.0]], "width": 640}, "objects": [{"class": "Pineapple", "pose": [[0.8023840265295042, 0.029144303016204187, 0.5960959749029862, -13.737639170342748], [-0.4734944848888177, -0.5769155366047595, 0.6655609868804323, 5.831601504843414], [0.3632943221999769, -0.8162837338462622, -0.449108120794304, 42.713965753564246], [0.0, 0.0, 0.0, 1.0]]}, {"class": "BBQSauce", "pose": [[0.8395446684030657, 0.07048834530023305, 0.5386984969872874, -4.38172449046052], [-0.4118159607801739, -0.5641721193583497, 0.715623801336113, 0.13188195381161338], [0.35436179586593836, -0.8226428583405649, -0.4446194418826714, 42.07802471979905], [0.0, 0.0, 0.0, 1.0]]}, {"class": "GranolaBars", "pose": [[-0.9594155560070228, 0.06294851403796682, -0.2748803434145261, -12.11540411767324], [0.18765022006246784, -0.585106328890561, -0.7889473807904149, -5.648664603646431], [-0.21049728790120179, -0.8085098199458949, 0.5495477828955558, 46.307404370842356], [0.0, 0.0, 0.0, 1.0]]}, {"class": "Milk", "pose": [[-0.7450004875034657, 0.08782118517865077, 0.6612576205813847, 13.244010697340853], [-0.5900601106736278, -0.5491202712703545, -0.5918580778574665, 0.3085578584843318], [0.31113226201557687, -0.8311163729626031, 0.4609146265575455, 41.269598148720554], [0.0, 0.0, 0.0, 1.0]]}, {"class": "Parmesan", "pose": [[0.9816502473259586, 0.061477332162175206, 0.180508330219536, 2.973360371035938], [-0.1105508957276242, -0.5878195566145173, 0.8014029318443184, -2.544072992799362], [0.1553744376104686, -0.8066528169546775, -0.5702368103555212, 48.10580502216909], [0.0, 0.0, 0.0, 1.0]]}]}