{"camera": {"camera": "RealSense D415", "extrinsics": [[-0.9346834, 0.3505511, 0.058999024, 0.49667233], [0.2704095, 0.80887336, -0.52211356, -0.41462725], [-0.23075023, -0.47205698, -0.8508328, 0.28062275], [0.0, 0.0, 0.0, 1.0]], "height": 480, "intrinsics": [[607.87085, 0.0, 326.28275], [0.0, 608.1159, 245.73769], [0.0, 0.0, 1.0]], "width": 640}, "objects": [{"class": "Pineapple", "pose": [[0.7169371190229609, 0.018024831741901174, 0.6969047506970361, -9.266616031605245], [-0.5815383389994416, -0.5358450687047099, 0.6121137186074321, 2.493650825524357], [0.3844662242736514, -0.8441238735250097, -0.37368508707698644, 42.32542752130599], [0.0, 0.0, 0.0, 1.0]]}, {"class": "BBQSauce", "pose": [[0.7614009860236572, 0.06088523934741374, 0.6454157457392671, -0.5997987888683887], [-0.5242852646862645, -0.5277467720371063, 0.6682875786112371, -4.226803134957957], [0.3813049291123345, -0.8472167826654177, -0.3699056771266614, 41.94314216481881], [0.0, 0.0, 0.0, 1.0]]}, {"class": "GranolaBars", "pose": [[-0.9154389225611291, 0.050075577348671074, -0.399329405816401, -9.20865158893578], [0.3089879106945997, -0.5483157124937434, -0.7770948026887494, -9.259170106893356], [-0.2578720623967665, -0.834770783976679, 0.4864767963839965, 45.36002835925007], [0.0, 0.0, 0.0, 1.0]]}, {"class": "Milk", "pose": [[-0.8266177041626996, 0.08035084789050154, 0.5569980889953097, 16.94543656844295], [-0.5130207532956232, -0.5144377922405677, -0.6871415039796693, -6.080605434773911], [0.2313284622739581, -0.8537549078741192, 0.4664650421935773, 42.2250116271068], [0.0, 0.0, 0.0, 1.0]]}, {"class": "Parmesan", "pose": [[0.9499713972745051, 0.04818324676848915, 0.30859792259108554, 5.980328467448526], [-0.232434580569884, -0.5509248611589271, 0.8015334958697109, -8.038213784684633], [0.20863475775916193, -0.8331627200335212, -0.5121634070948027, 48.249267703798594], [0.0, 0.0, 0.0, 1.0]]}]}