{"camera": {"camera": "RealSense D415", "extrinsics": [[-0.97275597, -0.10383414, 0.20727836, 0.5730617], [-0.22419085, 0.64897466, -0.7270284, -0.18675402], [-0.05902803, -0.7536912, -0.6545726, 0.17731704], [0.0, 0.0, 0.0, 1.0]], "height": 480, "intrinsics": [[603.75165, 0.0, 326.28275], [0.0, 603.20245, 245.73769], [0.0, 0.0, 1.0]], "width": 640}, "objects": [{"class": "ChocolatePudding", "pose": [[0.8751366142911512, 0.18583087485926356, 0.4467692472026214, 2.9709768600322484], [-0.1428228507796, -0.782974182567174, 0.6054362049007229, 5.630378552058385], [0.46231757138609875, -0.5936482072366732, -0.6586685735854164, 32.54884754344744], [0.0, 0.0, 0.0, 1.0]]}, {"class": "MacaroniAndCheese", "pose": [[0.23803143820034373, 0.9507616309852938, 0.1984775136996528, -3.2374844023902005], [-0.7020210490266392, 0.3096367028743379, -0.64132011853113, -4.154045865604935], [-0.6711984559527315, 0.01331893447412621, 0.7411580528523231, 35.305222542405645], [0.0, 0.0, 0.0, 1.0]]}, {"class": "Milk", "pose": [[0.21841928201642888, 0.9476215303359024, 0.233037379956964, -11.973740986123381], [0.6698468965269418, 0.02806911925658635, -0.7419684597296039, -12.861826302479148], [-0.7096465453767206, 0.31815960532340615, -0.6286304691725056, 45.65546829694128], [0.0, 0.0, 0.0, 1.0]]}, {"class": "Ketchup", "pose": [[0.7774988418584781, 0.20890631334144635, 0.5931725475144191, -16.45046402852789], [-0.2546018442654854, -0.7578989114672139, 0.6006388901574405, -5.328999075533428], [0.5750421465897998, -0.6180188289057251, -0.5360776784758856, 30.33848934724889], [0.0, 0.0, 0.0, 1.0]]}, {"class": "OrangeJuice", "pose": [[-0.7272914485163214, -0.6545897575968432, -0.20629921505975854, 8.705380120188916], [0.34860679160638086, -0.6112519516911141, 0.7105239558775238, -3.2601175341430393], [-0.5912025738174825, 0.44484077014080475, 0.6727527231671555, 42.765775929812136], [0.0, 0.0, 0.0, 1.0]]}]}