{"camera": {"camera": "RealSense D415", "extrinsics": [[-0.840189, 0.5396828, 0.053149894, 0.4448498], [0.42279276, 0.7132661, -0.55901504, -0.4607389], [-0.33960083, -0.44720688, -0.8274523, 0.37826672], [0.0, 0.0, 0.0, 1.0]], "height": 480, "intrinsics": [[607.87085, 0.0, 326.28275], [0.0, 608.1159, 245.73769], [0.0, 0.0, 1.0]], "width": 640}, "objects": [{"class": "Pineapple", "pose": [[0.5545046479210172, 0.009886798726530635, 0.8321218636940224, -6.662112228945899], [-0.68353127710571, -0.5649390642408652, 0.46220006413763065, 8.228775956377572], [0.4746678177161673, -0.8250734396363267, -0.30650338566921476, 44.459502693336965], [0.0, 0.0, 0.0, 1.0]]}, {"class": "BBQSauce", "pose": [[0.6087059961881373, 0.053587295267897087, 0.7915840835837723, 0.6310521065545305], [-0.6352943632443588, -0.5647396625308969, 0.5267544380167757, 0.06207023794040367], [0.47526626753707285, -0.8235275265077507, -0.30971669541831875, 45.19369259767029], [0.0, 0.0, 0.0, 1.0]]}, {"class": "GranolaBars", "pose": [[-0.8114916561330556, 0.03796367527192652, -0.5831294888607161, -9.061633569764332], [0.4561708679195339, -0.5825214868770544, -0.6727383659075947, -3.2106681733318654], [-0.3652250765831221, -0.8119282914309772, 0.4553933864300892, 47.734008540375115], [0.0, 0.0, 0.0, 1.0]]}, {"class": "Milk", "pose": [[-0.9258339455013546, 0.07572804125972533, 0.37026574040415944, 17.417311006948573], [-0.3475619729435681, -0.5553928149182439, -0.7554730627075313, -4.874015033152645], [0.1484324212364393, -0.8281329324697229, 0.5405216978812429, 47.475770810995584], [0.0, 0.0, 0.0, 1.0]]}, {"class": "Parmesan", "pose": [[0.864377551492154, 0.03546924624586756, 0.5015907997958688, 5.7027519181271575], [-0.389096133411421, -0.5846830545674276, 0.7118637348832421, -4.596279873906262], [0.31852091152454576, -0.8104861086628096, -0.49158594363714836, 52.27675568243513], [0.0, 0.0, 0.0, 1.0]]}]}