{"camera": {"camera": "RealSense D415", "extrinsics": [[-0.78787124, 0.61421466, 0.044713456, 0.4287297], [0.5006947, 0.681143, -0.53418076, -0.50919056], [-0.3585579, -0.39847785, -0.84418696, 0.3507695], [0.0, 0.0, 0.0, 1.0]], "height": 480, "intrinsics": [[607.87085, 0.0, 326.28275], [0.0, 608.1159, 245.73769], [0.0, 0.0, 1.0]], "width": 640}, "objects": [{"class": "Pineapple", "pose": [[0.47656446722510537, 0.0010524194818304694, 0.8791388961930879, -4.008833157477704], [-0.7415612406642351, -0.5366349810952483, 0.4026286851659897, 7.124471181408709], [0.4722003907146368, -0.8438138587964434, -0.254960721403775, 41.545704993998065], [0.0, 0.0, 0.0, 1.0]]}, {"class": "BBQSauce", "pose": [[0.534371557185121, 0.04451792579712722, 0.8440765314603791, 2.5681335228381394], [-0.6979457035270206, -0.5400470285470302, 0.4703414042956086, -1.6288497523409828], [0.476779618690248, -0.8404566609684075, -0.25751466556712643, 42.28546912429412], [0.0, 0.0, 0.0, 1.0]]}, {"class": "GranolaBars", "pose": [[-0.7554932799534877, 0.027025420724094307, -0.654598753732178, -7.457901679961321], [0.5324424290154378, -0.5568659908903504, -0.6374993040646539, -4.1822227987378335], [-0.3817524471667449, -0.8301625949085092, 0.40631901486849453, 44.303161819254925], [0.0, 0.0, 0.0, 1.0]]}, {"class": "Milk", "pose": [[-0.9563147316556605, 0.06751698349156872, 0.28443556171209206, 18.788648001076623], [-0.2756390542641218, -0.5323897089626871, -0.8003651318392584, -7.987927848539423], [0.09739232340826594, -0.8438025191611866, 0.5277424094623294, 45.079813254232654], [0.0, 0.0, 0.0, 1.0]]}, {"class": "Parmesan", "pose": [[0.8155842575814153, 0.024304878609745072, 0.5781276584536064, 6.933485133168999], [-0.46841067858208824, -0.5588630714141776, 0.6842978432735617, -6.913594190112993], [0.3397259534158908, -0.8289037215728847, -0.44441523790821613, 49.3993519704269], [0.0, 0.0, 0.0, 1.0]]}]}