{"camera": {"camera": "RealSense D415", "extrinsics": [[-0.8032542, 0.58704007, 0.10082971, 0.45125353], [0.4530604, 0.7120576, -0.5363863, -0.46692997], [-0.38667682, -0.38517258, -0.8379279, 0.36416543], [0.0, 0.0, 0.0, 1.0]], "height": 480, "intrinsics": [[607.87085, 0.0, 326.28275], [0.0, 608.1159, 245.73769], [0.0, 0.0, 1.0]], "width": 640}, "objects": [{"class": "Pineapple", "pose": [[0.5025970680129632, 0.057385027828234, 0.8626141033509298, -5.121850722212839], [-0.7103490603885323, -0.5412974110939727, 0.4498903489155101, 8.654603892761791], [0.49274773606842776, -0.8388707704493028, -0.2312910757357192, 40.961940849553294], [0.0, 0.0, 0.0, 1.0]]}, {"class": "BBQSauce", "pose": [[0.557692191114107, 0.10084845246306419, 0.8238986315683215, 1.910433006467399], [-0.6635121932142548, -0.5422294223756544, 0.5154986167444097, 0.2913849829346449], [0.49872930511219876, -0.8341564232108122, -0.23548291757195577, 41.97580370474828], [0.0, 0.0, 0.0, 1.0]]}, {"class": "GranolaBars", "pose": [[-0.7720071619206453, 0.08401763619202986, -0.6300364467599756, -8.014064161209621], [0.48642999130134174, -0.5599399644680484, -0.670710892004389, -2.8101637818449596], [-0.4091341236240373, -0.824262318170175, 0.3914089451722745, 43.70696675597148], [0.0, 0.0, 0.0, 1.0]]}, {"class": "Milk", "pose": [[-0.9418770060405752, 0.12347365012092928, 0.3124450491076089, 18.368100119331178], [-0.3285035258407863, -0.5333090366104821, -0.7795299262241286, -5.123768385329086], [0.07037834547752028, -0.8368606949782234, 0.5428730314890974, 45.31834994813889], [0.0, 0.0, 0.0, 1.0]]}, {"class": "Parmesan", "pose": [[0.8296804170867704, 0.08137585547650682, 0.5522755844161403, 6.342990183579761], [-0.419389682537169, -0.5620789738673784, 0.7128671139958642, -4.6914220283302885], [0.3684326611824412, -0.8230706492028983, -0.43221770350657246, 49.26389108198632], [0.0, 0.0, 0.0, 1.0]]}]}