{"camera": {"camera": "RealSense D415", "extrinsics": [[-0.7846299, 0.60923445, 0.11484491, 0.44022134], [0.471941, 0.70707875, -0.5266035, -0.4696331], [-0.40202942, -0.35898885, -0.8423178, 0.36837402], [0.0, 0.0, 0.0, 1.0]], "height": 480, "intrinsics": [[607.87085, 0.0, 326.28275], [0.0, 608.1159, 245.73769], [0.0, 0.0, 1.0]], "width": 640}, "objects": [{"class": "Pineapple", "pose": [[0.47690926109782467, 0.07136651776728137, 0.8760504487349478, -5.398381378340439], [-0.7254668268031464, -0.5307576308259635, 0.4381713328981983, 9.168704076783396], [0.4962412457992122, -0.8445135108183844, -0.20134919645863195, 40.78817353043448], [0.0, 0.0, 0.0, 1.0]]}, {"class": "BBQSauce", "pose": [[0.5325946949366611, 0.11466222919111932, 0.8385675142944967, 1.4625182691952177], [-0.6796646169169689, -0.5324967667370013, 0.50448300107273, 0.6734432863031214], [0.5043796580070631, -0.8386296431849136, -0.2056731024268997, 41.875814121210496], [0.0, 0.0, 0.0, 1.0]]}, {"class": "GranolaBars", "pose": [[-0.752223529713779, 0.09727190945121539, -0.6516885367140202, -8.556305935904806], [0.5050732108668929, -0.5500496028810237, -0.6650912587612573, -2.281143467441998], [-0.42315573628703823, -0.8294477203308841, 0.36463083384014167, 43.29206195527958], [0.0, 0.0, 0.0, 1.0]]}, {"class": "Milk", "pose": [[-0.9488180902929106, 0.13749924523874482, 0.28432059545430505, 17.72919864350883], [-0.3132726504628117, -0.523928727220347, -0.792059866241731, -5.0672751104936244], [0.040056096785099686, -0.840590601074634, 0.5401878315891699, 45.58938238976808], [0.0, 0.0, 0.0, 1.0]]}, {"class": "Parmesan", "pose": [[0.812107145972637, 0.0945629603162144, 0.575794965160528, 5.609068567100939], [-0.4384825032079882, -0.5521591046685792, 0.7091215085989474, -4.482956189782783], [0.384987078662125, -0.8283586664683339, -0.40694816850759774, 49.211331172636605], [0.0, 0.0, 0.0, 1.0]]}]}