{"camera": {"camera": "RealSense D415", "extrinsics": [[-0.7591833, 0.63853574, 0.12614633, 0.42848164], [0.505197, 0.7002887, -0.50435275, -0.47879642], [-0.4103861, -0.3191674, -0.8542338, 0.36423576], [0.0, 0.0, 0.0, 1.0]], "height": 480, "intrinsics": [[607.87085, 0.0, 326.28275], [0.0, 608.1159, 245.73769], [0.0, 0.0, 1.0]], "width": 640}, "objects": [{"class": "Pineapple", "pose": [[0.4420739156062955, 0.08265868396047245, 0.8931619295164197, -5.148559233117051], [-0.7527935593673477, -0.5072350385760148, 0.41954072634563605, 9.456619551640799], [0.48772167561075697, -0.8578345842377806, -0.16201042442821756, 40.626767335349925], [0.0, 0.0, 0.0, 1.0]]}, {"class": "BBQSauce", "pose": [[0.49869393391285033, 0.12569436386002822, 0.8576160705137238, 1.4463433152653804], [-0.7088116680071971, -0.510345551983186, 0.48696343324178515, 0.7462044614660768], [0.4988890741864272, -0.8507340119616763, -0.16541256586904232, 41.65647312708891], [0.0, 0.0, 0.0, 1.0]]}, {"class": "GranolaBars", "pose": [[-0.7252767840656916, 0.10757032804604427, -0.6800016531233186, -8.686276999797805], [0.5380319922362827, -0.5276751247126172, -0.6573282943374448, -1.9707046031085473], [-0.429528956692106, -0.84260762093096, 0.324834199108466, 42.68632406528086], [0.0, 0.0, 0.0, 1.0]]}, {"class": "Milk", "pose": [[-0.9576437083050657, 0.14880149964012274, 0.24652926576701326, 17.43361644115689], [-0.2879447616101971, -0.5023583925439172, -0.815305959838839, -5.550164910090438], [0.0025272720780572474, -0.8517594571253017, 0.5239269266718719, 45.67071804030558], [0.0, 0.0, 0.0, 1.0]]}, {"class": "Parmesan", "pose": [[0.7880498390951091, 0.10477414326744675, 0.6066299260964594, 5.229402142371809], [-0.47202076714100033, -0.5297402362250614, 0.7046783847675694, -4.738382317194678], [0.39518833772557727, -0.8416636363347869, -0.3680060942372796, 48.9503004864245], [0.0, 0.0, 0.0, 1.0]]}]}