{"camera": {"camera": "RealSense D415", "extrinsics": [[-0.71915287, 0.6755822, 0.16250512, 0.42555422], [0.5697096, 0.7071741, -0.41873106, -0.50374484], [-0.39780664, -0.20855092, -0.8934519, 0.33616036], [0.0, 0.0, 0.0, 1.0]], "height": 480, "intrinsics": [[607.87085, 0.0, 326.28275], [0.0, 608.1159, 245.73769], [0.0, 0.0, 1.0]], "width": 640}, "objects": [{"class": "Pineapple", "pose": [[0.3912476092670736, 0.11924425843660102, 0.9125273467917954, -3.991878937537102], [-0.8130395136861894, -0.4197611196802469, 0.4034442448663536, 7.824296918102746], [0.4311518790536696, -0.8997673901616409, -0.06728025068584233, 41.03558099080698], [0.0, 0.0, 0.0, 1.0]]}, {"class": "BBQSauce", "pose": [[0.4483076001761433, 0.1616797768312258, 0.879135933151569, 2.285381736402564], [-0.7723609925358772, -0.4250303412545723, 0.47202501347713266, -1.1634676229646368], [0.4499763124473186, -0.890622707683775, -0.06566918711605446, 41.52593556552445], [0.0, 0.0, 0.0, 1.0]]}, {"class": "GranolaBars", "pose": [[-0.6832700610011477, 0.14263043420144106, -0.7160995926190462, -7.962159213469022], [0.6031587879914295, -0.4424750763021539, -0.6636378458513223, -3.62727812048802], [-0.41151114305532255, -0.8853656385851638, 0.2163011708154532, 41.698348057572524], [0.0, 0.0, 0.0, 1.0]]}, {"class": "Milk", "pose": [[-0.9637493483853635, 0.18502036211691378, 0.1922360597262632, 17.824998714633463], [-0.2541918993961782, -0.4177654112867695, -0.8722720026114723, -8.372251763933647], [-0.08107848918123917, -0.8895164284064561, 0.4496517914222705, 45.75737248419032], [0.0, 0.0, 0.0, 1.0]]}, {"class": "Parmesan", "pose": [[0.7497820394874104, 0.13972679863791057, 0.6467637579322659, 5.475080218464445], [-0.5361525570945651, -0.44452992862559837, 0.7175886601690059, -7.486807832935272], [0.38777218076140735, -0.88479913657775, -0.2583856711990013, 48.413121601442555], [0.0, 0.0, 0.0, 1.0]]}]}