{"camera": {"camera": "RealSense D415", "extrinsics": [[-0.72388273, 0.66787714, 0.17301421, 0.44872987], [0.57343197, 0.7218729, -0.38739547, -0.4932745], [-0.38362685, -0.18121703, -0.90553343, 0.32272318], [0.0, 0.0, 0.0, 1.0]], "height": 480, "intrinsics": [[607.87085, 0.0, 326.28275], [0.0, 608.1159, 245.73769], [0.0, 0.0, 1.0]], "width": 640}, "objects": [{"class": "Pineapple", "pose": [[0.3988645412340555, 0.1298076951141672, 0.9077758573429064, -2.443663952145031], [-0.8217477558394349, -0.3887534564888105, 0.41665489715299114, 8.019964080957214], [0.4069860114197145, -0.9121516914562089, -0.04839080233183308, 41.28384350025033], [0.0, 0.0, 0.0, 1.0]]}, {"class": "BBQSauce", "pose": [[0.4552976966881538, 0.17225126925020576, 0.8735178731837767, 3.942841825091997], [-0.7810020535951457, -0.39379319437836785, 0.48472945012879054, -0.9008165382963229], [0.4274806543848696, -0.9029155090129748, -0.04476455270180427, 41.52170474447665], [0.0, 0.0, 0.0, 1.0]]}, {"class": "GranolaBars", "pose": [[-0.6883420863462604, 0.15339156222150735, -0.7089824877548643, -6.2738255240907375], [0.6077498684315461, -0.41163361420040134, -0.6791154486259806, -3.4952559196990918], [-0.3960115973842142, -0.898347812134022, 0.19012105259356948, 41.549413847300364], [0.0, 0.0, 0.0, 1.0]]}, {"class": "Milk", "pose": [[-0.9599896987429527, 0.19549195189640967, 0.20050596547359556, 19.546422341723645], [-0.26329729501379656, -0.3862805171014397, -0.884003294126766, -8.051092680420169], [-0.0953639692885156, -0.9014267887183687, 0.4222978207503501, 45.61476425278859], [0.0, 0.0, 0.0, 1.0]]}, {"class": "Parmesan", "pose": [[0.7541472296766172, 0.15051063886957822, 0.6392248983710721, 7.170912746717945], [-0.5391905752620979, -0.4137415039934022, 0.7335471483841497, -7.405077252090714], [0.37488051340359463, -0.8978666441174624, -0.23086810416246403, 48.219935389467395], [0.0, 0.0, 0.0, 1.0]]}]}