{"camera": {"camera": "RealSense D415", "extrinsics": [[-0.7240475, 0.6682069, 0.17104031, 0.46167785], [0.57688004, 0.7225855, -0.3808932, -0.48248824], [-0.3781067, -0.17711504, -0.9086614, 0.3183378], [0.0, 0.0, 0.0, 1.0]], "height": 480, "intrinsics": [[607.87085, 0.0, 326.28275], [0.0, 608.1159, 245.73769], [0.0, 0.0, 1.0]], "width": 640}, "objects": [{"class": "Pineapple", "pose": [[0.39884626420576386, 0.1278207955804089, 0.9080658028118259, -1.0805475069028958], [-0.8250695803961403, -0.38216389836008124, 0.416186167803636, 9.073232338823034], [0.4002271968661303, -0.9152117741789234, -0.04696360539398485, 41.35093285127456], [0.0, 0.0, 0.0, 1.0]]}, {"class": "BBQSauce", "pose": [[0.4553530172609312, 0.170276248498182, 0.8738762094019602, 5.298269269833505], [-0.7845259325861147, -0.38730928211969684, 0.4842629090274464, 0.14523300035191866], [0.4209188207286128, -0.9060891308301369, -0.042776328577554264, 41.511844134966495], [0.0, 0.0, 0.0, 1.0]]}, {"class": "GranolaBars", "pose": [[-0.6884979381572044, 0.1514085560052715, -0.7092573854473876, -4.920684403074676], [0.6112560925375945, -0.405165860277489, -0.6798577784928156, -2.4401941341480105], [-0.3903031428194601, -0.9016185825264222, 0.1864064625675588, 41.538878102603505], [0.0, 0.0, 0.0, 1.0]]}, {"class": "Milk", "pose": [[-0.960397702449362, 0.1935263741203767, 0.20045896373021638, 20.902654616235278], [-0.26173086801363243, -0.37982853948101625, -0.8872582585135285, -7.048857157588445], [-0.09556782291212347, -0.9045870978022635, 0.4154382681604654, 45.524268452709386], [0.0, 0.0, 0.0, 1.0]]}, {"class": "Parmesan", "pose": [[0.7543273749047997, 0.14852658565914742, 0.6394763993390651, 8.532422062883066], [-0.5426024721571339, -0.4072746455756171, 0.7346495111657897, -6.410904025947134], [0.36955748655993054, -0.9011477181322691, -0.22662752518430654, 48.15635084721019], [0.0, 0.0, 0.0, 1.0]]}]}