{"camera": {"camera": "RealSense D415", "extrinsics": [[-0.72855836, 0.6705429, 0.13991049, 0.4797707], [0.59098387, 0.7185968, -0.36654705, -0.49075988], [-0.34632474, -0.18436606, -0.9198197, 0.31073266], [0.0, 0.0, 0.0, 1.0]], "height": 480, "intrinsics": [[607.87085, 0.0, 326.28275], [0.0, 608.1159, 245.73769], [0.0, 0.0, 1.0]], "width": 640}, "objects": [{"class": "Pineapple", "pose": [[0.4014572746939251, 0.09650482081742157, 0.9107792573971706, 1.6610101935681576], [-0.8361222215463564, -0.36725129572867926, 0.4074630275283983, 8.558406018274983], [0.3738069827480344, -0.9251017823328657, -0.066745867126963, 42.98538460337497], [0.0, 0.0, 0.0, 1.0]]}, {"class": "BBQSauce", "pose": [[0.4589916059983188, 0.13915268159573882, 0.8774754790752932, 7.943715390122652], [-0.7965415473985168, -0.3729992503142347, 0.47580786554407717, -0.4370463359941623], [0.3935076113046464, -0.9173375021960112, -0.06036261852552125, 42.80147637872329], [0.0, 0.0, 0.0, 1.0]]}, {"class": "GranolaBars", "pose": [[-0.6930110595880649, 0.12023120377969972, -0.7108305764926887, -2.297647290796234], [0.6251975620270002, -0.3907343677091162, -0.6756142869323202, -2.9158914780094527], [-0.35897583502177927, -0.9126177267693709, 0.19561496226486588, 43.08782073663156], [0.0, 0.0, 0.0, 1.0]]}, {"class": "Milk", "pose": [[-0.9656107794412011, 0.16251752996289368, 0.20293805614603286, 23.58029514472053], [-0.24997733504192285, -0.36578895417959667, -0.8964986198238949, -7.863141255513129], [-0.07146424898549758, -0.9163986552407473, 0.3938354283137182, 46.222267388952886], [0.0, 0.0, 0.0, 1.0]]}, {"class": "Parmesan", "pose": [[0.7589453960419174, 0.1173415182634923, 0.6404942103321549, 11.301049701791255], [-0.5568781318506005, -0.3928209861715415, 0.7318322358781532, -7.142871103048498], [0.33747385524300805, -0.9120979359404255, -0.2327847312127628, 49.23205698798163], [0.0, 0.0, 0.0, 1.0]]}]}