{"camera": {"camera": "RealSense D415", "extrinsics": [[-0.70201105, 0.6955295, 0.15303329, 0.46337283], [0.640903, 0.7107007, -0.29008254, -0.5275989], [-0.31052184, -0.105561666, -0.94468665, 0.29391676], [0.0, 0.0, 0.0, 1.0]], "height": 480, "intrinsics": [[607.87085, 0.0, 326.28275], [0.0, 608.1159, 245.73769], [0.0, 0.0, 1.0]], "width": 640}, "objects": [{"class": "Pineapple", "pose": [[0.36737613734431285, 0.10977655155066389, 0.9235712437548711, 1.4096505067842047], [-0.8772508266166242, -0.2889846138592478, 0.38329996165592695, 5.040187080651803], [0.3089752344504981, -0.9510189138806872, -0.009864482271042177, 45.18590860405528], [0.0, 0.0, 0.0, 1.0]]}, {"class": "BBQSauce", "pose": [[0.42549887646858725, 0.1520257887881485, 0.8920979909845175, 7.433020820860742], [-0.8413155165074194, -0.29669805271495475, 0.4518389620776086, -4.096179776058451], [0.33337491891841636, -0.9427928701336735, 0.0016569653786844, 44.367268837895594], [0.0, 0.0, 0.0, 1.0]]}, {"class": "GranolaBars", "pose": [[-0.6651766090541237, 0.13248503001383433, -0.7348385914204506, -2.879537698350659], [0.6749623307426701, -0.3141794443460617, -0.6676204829700665, -6.2721567856517], [-0.3193209068302526, -0.9400739146458943, 0.11956241690625571, 44.19863509714287], [0.0, 0.0, 0.0, 1.0]]}, {"class": "Milk", "pose": [[-0.9702449594035729, 0.1755567120578567, 0.16674687239853483, 22.75523709520891], [-0.21286889532796394, -0.29032244439143706, -0.9329521381811576, -12.270031232679845], [-0.11537565127762298, -0.940687349318077, 0.319054459298423, 47.49283183123886], [0.0, 0.0, 0.0, 1.0]]}, {"class": "Parmesan", "pose": [[0.7335876710970864, 0.12952390003999403, 0.6671376529503354, 10.42811047183877], [-0.6071188285850644, -0.3162126056513149, 0.7289830563580105, -11.4318954187011], [0.3053780704114337, -0.9398048301997187, -0.153333275312577, 50.26717216609341], [0.0, 0.0, 0.0, 1.0]]}]}