{"camera": {"camera": "RealSense D415", "extrinsics": [[-0.7274766, 0.6608632, 0.18449284, 0.50503397], [0.6137453, 0.7469736, -0.25563097, -0.461866], [-0.3067484, -0.07273393, -0.9490075, 0.2975081], [0.0, 0.0, 0.0, 1.0]], "height": 480, "intrinsics": [[607.87085, 0.0, 326.28275], [0.0, 608.1159, 245.73769], [0.0, 0.0, 1.0]], "width": 640}, "objects": [{"class": "Pineapple", "pose": [[0.4051822220422565, 0.14135748203502033, 0.9032415947772745, 2.4579885644163637], [-0.8662535625064423, -0.2565019555330114, 0.4287324574764943, 8.851627279811701], [0.292287783658612, -0.9561510777749662, 0.01852140727660277, 46.219923540897966], [0.0, 0.0, 0.0, 1.0]]}, {"class": "BBQSauce", "pose": [[0.46097972552276667, 0.18378372531720003, 0.8681711722279546, 8.945253501524169], [-0.8281773257332251, -0.2623386188203099, 0.49527848131935864, 0.051491466938763386], [0.31877896094416575, -0.9473130759200105, 0.03127274826625188, 45.27262432448992], [0.0, 0.0, 0.0, 1.0]]}, {"class": "GranolaBars", "pose": [[-0.6922405726637344, 0.1650968995685865, -0.702528257533602, -1.2406183030011841], [0.6498210548754942, -0.2808362215603669, -0.7063027829064463, -2.6274018090248266], [-0.3139037962744015, -0.9454491545289593, 0.08712277210231788, 44.84400120395329], [0.0, 0.0, 0.0, 1.0]]}, {"class": "Milk", "pose": [[-0.9561115282969551, 0.20692369791849732, 0.2074446384449776, 24.598356804626864], [-0.2573914889905771, -0.2548658352864294, -0.9320906797303344, -7.436989177057201], [-0.14000112133327366, -0.9445771860131925, 0.29694056681871606, 48.4748642804015], [0.0, 0.0, 0.0, 1.0]]}, {"class": "Parmesan", "pose": [[0.7574097022634851, 0.16223691901833995, 0.6324631802300813, 12.196396200976306], [-0.5783070043603762, -0.28302037943064484, 0.765153893916678, -7.288739352772705], [0.3031361960143926, -0.9452929283846155, -0.12053962313595477, 51.0296405291007], [0.0, 0.0, 0.0, 1.0]]}]}