{"camera": {"camera": "RealSense D415", "extrinsics": [[-0.6766191, 0.7082252, 0.20150352, 0.4928786], [0.71102697, 0.69955146, -0.07119252, -0.48613754], [-0.19138241, 0.0951042, -0.9768971, 0.2208893], [0.0, 0.0, 0.0, 1.0]], "height": 480, "intrinsics": [[607.87085, 0.0, 326.28275], [0.0, 608.1159, 245.73769], [0.0, 0.0, 1.0]], "width": 640}, "objects": [{"class": "Pineapple", "pose": [[0.3399415414402325, 0.1586757254546128, 0.9269637238854778, 4.211657413424791], [-0.9329063896909089, -0.06766794707858192, 0.35370417101196017, 5.119755889183097], [0.11884999827689, -0.985009180881959, 0.12502644199810672, 48.350020076228965], [0.0, 0.0, 0.0, 1.0]]}, {"class": "BBQSauce", "pose": [[0.39703403506209933, 0.2003190900738209, 0.8956764036186528, 10.167903269920414], [-0.9048355741809166, -0.07803981952410805, 0.4185478393738856, -3.730020612344276], [0.1537415482903773, -0.97661766952946, 0.1502713665439738, 45.7753449254198], [0.0, 0.0, 0.0, 1.0]]}, {"class": "GranolaBars", "pose": [[-0.6389759983632878, 0.18046315328949317, -0.74775845476022, -0.14355836291769508], [0.7453201834222927, -0.09521767495873684, -0.6598722165222783, -5.567849530116719], [-0.19028244117095108, -0.9789620358213242, -0.07366101216695871, 44.588618061257975], [0.0, 0.0, 0.0, 1.0]]}, {"class": "Milk", "pose": [[-0.9647588238940907, 0.22376869465630084, 0.13844842308688007, 25.20215311903963], [-0.158212351635043, -0.07286439749801742, -0.9847129302220883, -12.757984719590858], [-0.21025996020611026, -0.9719147982441232, 0.10569954493316244, 47.72944446733412], [0.0, 0.0, 0.0, 1.0]]}, {"class": "Parmesan", "pose": [[0.7088084920124466, 0.17746904635047972, 0.6827116829844286, 12.751263848912409], [-0.6777092943371661, -0.0971886462099463, 0.7288788671625139, -12.283369448515359], [0.19570525943685524, -0.9793156423890236, 0.05138427494667405, 49.98944205493571], [0.0, 0.0, 0.0, 1.0]]}]}