{"camera": {"camera": "RealSense D415", "extrinsics": [[-0.6702312, 0.71379894, 0.20317778, 0.4891152], [0.7167927, 0.6935531, -0.072058044, -0.4708406], [-0.19234952, 0.09734079, -0.9764868, 0.23258387], [0.0, 0.0, 0.0, 1.0]], "height": 480, "intrinsics": [[607.87085, 0.0, 326.28275], [0.0, 608.1159, 245.73769], [0.0, 0.0, 1.0]], "width": 640}, "objects": [{"class": "Pineapple", "pose": [[0.33188861451959123, 0.16039980101102172, 0.929581531858588, 4.223028697730297], [-0.935801842133887, -0.06817038427290849, 0.3458723763783159, 7.001022268473239], [0.11884778159194714, -0.984695273877463, 0.12747744997910812, 49.460326509584775], [0.0, 0.0, 0.0, 1.0]]}, {"class": "BBQSauce", "pose": [[0.38913135004660404, 0.20193576129153118, 0.8987762311650124, 10.111399151129941], [-0.9082361384070067, -0.07889547671356265, 0.4109532946945952, -1.89589063493536], [0.1538955379730776, -0.9762159243517073, 0.15270465046367382, 46.89198142597292], [0.0, 0.0, 0.0, 1.0]]}, {"class": "GranolaBars", "pose": [[-0.6323066803792811, 0.1819430714600243, -0.7530504323616665, -0.21220890754899413], [0.7507704699467982, -0.09590551283008716, -0.6535639401308306, -3.646841697069847], [-0.19113311057030366, -0.9786209328722184, -0.07595578731829986, 45.679766683575764], [0.0, 0.0, 0.0, 1.0]]}, {"class": "Milk", "pose": [[-0.9655499327843078, 0.22541661110288255, 0.13000250660574078, 25.06540863878589], [-0.15000218372640778, -0.07391932123825445, -0.9859184898355732, -11.050300035528643], [-0.2126327050191731, -0.9714542520437975, 0.10518577271364746, 48.87331679419148], [0.0, 0.0, 0.0, 1.0]]}, {"class": "Parmesan", "pose": [[0.7026865923850285, 0.1789334973233705, 0.6886322163554429, 12.613672685239724], [-0.6837477079697342, -0.09785119991788174, 0.7231280690828138, -10.473934840090893], [0.1967753149315138, -0.9789831587537814, 0.05358664151805665, 51.10481075322172], [0.0, 0.0, 0.0, 1.0]]}]}