{"camera": {"camera": "RealSense D415", "extrinsics": [[-0.64494985, 0.7330643, 0.21600114, 0.4703103], [0.73753846, 0.6710883, -0.075349376, -0.4649828], [-0.20019177, 0.11071258, -0.97348136, 0.24305025], [0.0, 0.0, 0.0, 1.0]], "height": 480, "intrinsics": [[607.87085, 0.0, 326.28275], [0.0, 608.1159, 245.73769], [0.0, 0.0, 1.0]], "width": 640}, "objects": [{"class": "Pineapple", "pose": [[0.30125324990899105, 0.17349439751523718, 0.9376279750815768, 3.615196275641519], [-0.9458700480930591, -0.0701298601836614, 0.31687792304730844, 8.851429064603728], [0.12073225887503897, -0.9823347255186486, 0.14297631692588367, 50.00082700541056], [0.0, 0.0, 0.0, 1.0]]}, {"class": "BBQSauce", "pose": [[0.35876117596946516, 0.21454670448289534, 0.9084383173435697, 9.268060898076902], [-0.9201733525527671, -0.08214636122157169, 0.3827962119373395, -0.21389976702958502], [0.15675256450936734, -0.9732531544043381, 0.1679492466678552, 47.49297930250137], [0.0, 0.0, 0.0, 1.0]]}, {"class": "GranolaBars", "pose": [[-0.6060281435670767, 0.194083247429343, -0.7714023778012379, -1.0841903542169296], [0.7703357416539015, -0.09852927888351799, -0.62997999144175, -1.644440146648829], [-0.19827428261525556, -0.9760244310250745, -0.0897977582690285, 46.11579650119542], [0.0, 0.0, 0.0, 1.0]]}, {"class": "Milk", "pose": [[-0.9662689451297509, 0.23809197889590805, 0.09816609123698362, 23.90280836743218], [-0.11974709289939116, -0.0779053835353771, -0.9897430718333262, -9.82757099053957], [-0.2280022297731126, -0.9681131009556657, 0.10378836866937241, 49.67307525590161], [0.0, 0.0, 0.0, 1.0]]}, {"class": "Parmesan", "pose": [[0.678327361025501, 0.19102160055519793, 0.7094947396640722, 11.441389800119616], [-0.7055156233157812, -0.10038085374448039, 0.701549251829544, -8.876961479707452], [0.20523074984696504, -0.976439679668827, 0.0666776557779835, 51.714371178250694], [0.0, 0.0, 0.0, 1.0]]}]}