{"camera": {"camera": "RealSense D415", "extrinsics": [[-0.96927524, -0.13094668, 0.20822698, 0.56324846], [-0.24348077, 0.63108736, -0.7365092, -0.1876587], [-0.03496599, -0.7645794, -0.6435804, 0.13169567], [0.0, 0.0, 0.0, 1.0]], "height": 480, "intrinsics": [[603.75165, 0.0, 326.28275], [0.0, 603.20245, 245.73769], [0.0, 0.0, 1.0]], "width": 640}, "objects": [{"class": "ChocolatePudding", "pose": [[0.8865973866871295, 0.18904875515174968, 0.4221440336861656, 1.8371147382577613], [-0.11681176340582067, -0.7915644327258089, 0.5998172196327552, 4.825283586178456], [0.44754892455922407, -0.581107821334847, -0.6797158747201644, 28.570105433518055], [0.0, 0.0, 0.0, 1.0]]}, {"class": "MacaroniAndCheese", "pose": [[0.23816577897096053, 0.9447638036999008, 0.2251629632673887, -4.128433237075835], [-0.7112841307032322, 0.3275309397047047, -0.6219311096418788, -5.013739469539457], [-0.6613258947078156, -0.012032134550395713, 0.7500021993063203, 31.64962009901019], [0.0, 0.0, 0.0, 1.0]]}, {"class": "Milk", "pose": [[0.19165189233011432, 0.9529704086863693, 0.23476987757402268, -12.49245636932913], [0.6588808421446931, 0.052363474017954624, -0.750422573379792, -13.665549285048881], [-0.7274239096132007, 0.298505297146543, -0.6178584413405301, 42.34842788907653], [0.0, 0.0, 0.0, 1.0]]}, {"class": "Ketchup", "pose": [[0.7933375577579327, 0.2111596314375324, 0.5709878042336317, -17.411457525645535], [-0.22802103302182397, -0.766576000615946, 0.6003062384931539, -6.5381789593576185], [0.5644660208499626, -0.606442768362839, -0.5600047234117532, 26.973176027441315], [0.0, 0.0, 0.0, 1.0]]}, {"class": "OrangeJuice", "pose": [[-0.7452580595459257, -0.6339686788626466, -0.20657706064491305, 7.939207922834996], [0.3225893658701251, -0.6139610842678718, 0.7204080956142899, -3.7419745855356124], [-0.5835464739509363, 0.47025039912088606, 0.6620710574427228, 38.85001062646352], [0.0, 0.0, 0.0, 1.0]]}]}