{"camera": {"camera": "RealSense D415", "extrinsics": [[-0.54393536, 0.80371743, 0.24118996, 0.41728908], [0.82522446, 0.5644551, -0.019875158, -0.49352875], [-0.15211491, 0.18822505, -0.9702744, 0.22628935], [0.0, 0.0, 0.0, 1.0]], "height": 480, "intrinsics": [[607.87085, 0.0, 326.28275], [0.0, 608.1159, 245.73769], [0.0, 0.0, 1.0]], "width": 640}, "objects": [{"class": "Pineapple", "pose": [[0.18088923387363554, 0.1999729794034775, 0.9629589075842822, 4.350999945179029], [-0.9824410071035127, -0.008758114104713957, 0.18636763004857615, 8.57096613209229], [0.04570219424190936, -0.979762303003277, 0.19487741389144808, 51.89529559553586], [0.0, 0.0, 0.0, 1.0]]}, {"class": "BBQSauce", "pose": [[0.23969615269212347, 0.23892284640985803, 0.9409896880236321, 8.963705150153023], [-0.967089984021007, -0.026437418255441568, 0.2530572193267608, -0.8787926198015217], [0.08533849193577411, -0.9706786301165072, 0.22472295436625234, 48.75692390765455], [0.0, 0.0, 0.0, 1.0]]}, {"class": "GranolaBars", "pose": [[-0.5014562375223479, 0.21675742459023095, -0.8375904881585915, -1.427450766601085], [0.8527216466059566, -0.03989630550355314, -0.5208397150256016, -0.9080625975650847], [-0.14631264685605969, -0.9754099501763303, -0.16482750333852267, 46.986275479135706], [0.0, 0.0, 0.0, 1.0]]}, {"class": "Milk", "pose": [[-0.9645745781341857, 0.26260097642086816, -0.025230448249478316, 22.24830548505477], [0.01918464457257736, -0.025561807327395387, -0.9994891064688679, -12.36405679502861], [-0.26311176371520856, -0.9645659060003664, 0.019618362984472996, 50.477220876087635], [0.0, 0.0, 0.0, 1.0]]}, {"class": "Parmesan", "pose": [[0.5807059741747925, 0.2135131191466253, 0.7856161178519632, 9.924245555341326], [-0.7980728706121508, -0.04131698484402373, 0.6011426872943191, -10.064628088617999], [0.16081114559052748, -0.976066146325645, 0.14640601367667036, 52.26262415477896], [0.0, 0.0, 0.0, 1.0]]}]}