{"camera": {"camera": "RealSense D415", "extrinsics": [[-0.47352877, 0.8386089, 0.2692687, 0.36862338], [0.8731345, 0.4871341, 0.018343462, -0.533173], [-0.11578697, 0.24379393, -0.9628904, 0.2074279], [0.0, 0.0, 0.0, 1.0]], "height": 480, "intrinsics": [[607.87085, 0.0, 326.28275], [0.0, 608.1159, 245.73769], [0.0, 0.0, 1.0]], "width": 640}, "objects": [{"class": "Pineapple", "pose": [[0.102943425300099, 0.22935166251446953, 0.9678845343654314, 3.169901782239193], [-0.9946398963041189, 0.033221037267817645, 0.09791702276839938, 5.552454567810027], [-0.009696689155470192, -0.9727765682380672, 0.23154219536309278, 52.49134456170611], [0.0, 0.0, 0.0, 1.0]]}, {"class": "BBQSauce", "pose": [[0.16148724568965966, 0.26651531179851173, 0.9502060112580661, 7.135171773609739], [-0.9863440638740912, 0.012016031959988585, 0.16425865767478842, -4.030723859652957], [0.032359750447865064, -0.9637558184499756, 0.2648162281317707, 48.904746517041985], [0.0, 0.0, 0.0, 1.0]]}, {"class": "GranolaBars", "pose": [[-0.42925582553192665, 0.24353602183680914, -0.8697296408018184, -3.1664942293157083], [0.8968006894107782, 0.0006522057447769205, -0.44243417825125514, -3.1347589614045157], [-0.10718142449322336, -0.9698916712986083, -0.21868322733205667, 46.85899445307564], [0.0, 0.0, 0.0, 1.0]]}, {"class": "Milk", "pose": [[-0.9514765272951036, 0.2899867810010866, -0.10295674152541262, 19.43243146393594], [0.11078303244634365, 0.010656947261525855, -0.9937874285690576, -16.61075363240436], [-0.2870880138918329, -0.9569713530324824, -0.04226544075233428, 50.27279655833006], [0.0, 0.0, 0.0, 1.0]]}, {"class": "Parmesan", "pose": [[0.5119955550590278, 0.2402138767545567, 0.8247168306690473, 7.27284228115101], [-0.8495318567913714, -0.00046663739743820854, 0.5275370229007503, -13.454288924833419], [0.12710656369443937, -0.9707199127119368, 0.2038304154376579, 51.86609943742635], [0.0, 0.0, 0.0, 1.0]]}]}