{"camera": {"camera": "RealSense D415", "extrinsics": [[-0.404087, 0.8585277, 0.31566408, 0.32338402], [0.9097267, 0.41320354, 0.04074593, -0.55536705], [-0.095451996, 0.30363292, -0.9479958, 0.19617367], [0.0, 0.0, 0.0, 1.0]], "height": 480, "intrinsics": [[607.87085, 0.0, 326.28275], [0.0, 608.1159, 245.73769], [0.0, 0.0, 1.0]], "width": 640}, "objects": [{"class": "Pineapple", "pose": [[0.03222344351956612, 0.27742637798301145, 0.9602063187844074, 1.4414382566324546], [-0.9981263442663075, 0.058928162220671064, 0.01647025592710937, 4.1958396798075], [-0.052013905043522, -0.9589380553318938, 0.2788054343042408, 52.574917814224555], [0.0, 0.0, 0.0, 1.0]]}, {"class": "BBQSauce", "pose": [[0.08912929494452503, 0.3125118317724295, 0.945723132809738, 4.881550783656613], [-0.995995140706058, 0.03468135534152573, 0.08240679603665621, -5.485752342333972], [-0.007045853895106436, -0.949280608768717, 0.31435138338768104, 48.72046933986175], [0.0, 0.0, 0.0, 1.0]]}, {"class": "GranolaBars", "pose": [[-0.35870437419864637, 0.28910194062083827, -0.8875534688155725, -5.220459642664737], [0.9296842928209859, 0.0253122338325292, -0.3674866028194538, -3.748341215003237], [-0.08377513400008707, -0.9569636750221077, -0.27785313043155535, 46.26222681038733], [0.0, 0.0, 0.0, 1.0]]}, {"class": "Milk", "pose": [[-0.9263439132994196, 0.335475351283338, -0.17129846210917785, 16.172489070692546], [0.1926994338753798, 0.03130954218452597, -0.9807581952263943, -18.98110370287703], [-0.3236569212479623, -0.9415286057479914, -0.09364930520669898, 50.04013720766035], [0.0, 0.0, 0.0, 1.0]]}, {"class": "Parmesan", "pose": [[0.44355045394312187, 0.2857520320344049, 0.8494755388718327, 4.206161687205406], [-0.8895258263110701, 0.024477274754206458, 0.45622874098158933, -15.014782790977515], [0.10957544730220749, -0.9579909999048638, 0.2650407061735326, 51.23712976017784], [0.0, 0.0, 0.0, 1.0]]}]}