{"camera": {"camera": "RealSense D415", "extrinsics": [[-0.37019095, 0.8667352, 0.33425856, 0.30201247], [0.9230494, 0.38371074, 0.027310913, -0.54966915], [-0.104587264, 0.31864738, -0.9420856, 0.20443548], [0.0, 0.0, 0.0, 1.0]], "height": 480, "intrinsics": [[607.87085, 0.0, 326.28275], [0.0, 608.1159, 245.73769], [0.0, 0.0, 1.0]], "width": 640}, "objects": [{"class": "Pineapple", "pose": [[-0.0017657884584418473, 0.29688784772583277, 0.9549107363143764, 0.8127067862692405], [-0.9987701401864038, 0.04679073252358905, -0.016394430126958997, 5.891360824522984], [-0.04954826425066578, -0.9537652836616958, 0.2964400774583376, 52.71401563072124], [0.0, 0.0, 0.0, 1.0]]}, {"class": "BBQSauce", "pose": [[0.05434407921581587, 0.33092020656219556, 0.942092651710881, 3.9822302037850643], [-0.9985159574643719, 0.021356992058324285, 0.05009695096987991, -3.9141750143616982], [-0.003542157325539891, -0.9434170236361606, 0.331589714808831, 48.9417546685006], [0.0, 0.0, 0.0, 1.0]]}, {"class": "GranolaBars", "pose": [[-0.32436006156815167, 0.307341962408061, -0.8946124831832424, -6.0059471332638115], [0.9414381552782706, 0.012792396208167535, -0.33694286949384894, -1.8309864915154295], [-0.09211245411286186, -0.9515131400037675, -0.29349277083006525, 46.294337381159075], [0.0, 0.0, 0.0, 1.0]]}, {"class": "Milk", "pose": [[-0.9129329815556363, 0.35360541765661085, -0.20375624225149183, 14.76797009522008], [0.22413982301638913, 0.017204246774460294, -0.9744050987902068, -17.79248952473671], [-0.3410494358730618, -0.9352364453332884, -0.09496336105599851, 50.494663149850716], [0.0, 0.0, 0.0, 1.0]]}, {"class": "Parmesan", "pose": [[0.4100708545695465, 0.3039843316988685, 0.8599043242005551, 2.9277607152013774], [-0.9042045283757277, 0.01207243361156727, 0.42692899893163744, -13.407437860218929], [0.11939859512085733, -0.9526005275242655, 0.279814539964756, 51.46330190054269], [0.0, 0.0, 0.0, 1.0]]}]}