{"camera": {"camera": "RealSense D415", "extrinsics": [[-0.32187745, 0.87708235, 0.356541, 0.28448346], [0.94341034, 0.32887015, 0.0426776, -0.55684716], [-0.079823926, 0.3501014, -0.9333044, 0.18658136], [0.0, 0.0, 0.0, 1.0]], "height": 480, "intrinsics": [[607.87085, 0.0, 326.28275], [0.0, 608.1159, 245.73769], [0.0, 0.0, 1.0]], "width": 640}, "objects": [{"class": "Pineapple", "pose": [[-0.049750212994614636, 0.3204487812696384, 0.9459585182943236, 1.3615724811889995], [-0.9951664685771742, 0.0643858863371516, -0.07414923430112451, 5.42989873002494], [-0.08466738913009754, -0.9450751493409024, 0.3156966694330102, 52.42364508740414], [0.0, 0.0, 0.0, 1.0]]}, {"class": "BBQSauce", "pose": [[0.0052431950162776745, 0.3529450554879455, 0.9356293711488696, 4.130067641385818], [-0.9992824353884044, 0.0369466405031207, -0.008337359712679907, -4.3874039127031805], [-0.03751097145507192, -0.9349142928121479, 0.35288551102445215, 48.37637849091727], [0.0, 0.0, 0.0, 1.0]]}, {"class": "GranolaBars", "pose": [[-0.27549339704459047, 0.3291644536159043, -0.9031911060813053, -5.680775174550579], [0.9590518204296888, 0.02985097273239136, -0.28165311403330084, -1.7190567580593008], [-0.06574907930102457, -0.9438006580446807, -0.3239095062211442, 45.594389061121674], [0.0, 0.0, 0.0, 1.0]]}, {"class": "Milk", "pose": [[-0.892811857685696, 0.37520664440972396, -0.24921272882901943, 14.182178456220123], [0.2809388889609072, 0.03138994183903497, -0.9592121578191017, -18.831825566873988], [-0.3520800058285393, -0.9264095462175087, -0.13343542988192383, 49.66675387115866], [0.0, 0.0, 0.0, 1.0]]}, {"class": "Parmesan", "pose": [[0.3622885389055752, 0.3258010867257975, 0.8732701128000137, 2.55295973987319], [-0.9270960565730932, 0.029337043755409516, 0.37367391029818714, -13.896586561019515], [0.09612422064882897, -0.9449830632580585, 0.31267736748124375, 50.53978403445273], [0.0, 0.0, 0.0, 1.0]]}]}