{"camera": {"camera": "RealSense D415", "extrinsics": [[-0.30562785, 0.87972635, 0.3642433, 0.28870204], [0.94985664, 0.3082414, 0.052532304, -0.55754155], [-0.06606082, 0.36203426, -0.929821, 0.17222564], [0.0, 0.0, 0.0, 1.0]], "height": 480, "intrinsics": [[607.87085, 0.0, 326.28275], [0.0, 608.1159, 245.73769], [0.0, 0.0, 1.0]], "width": 640}, "objects": [{"class": "Pineapple", "pose": [[-0.06555030544993744, 0.3286048313188602, 0.9421900208416485, 2.542756647391636], [-0.9926234005868714, 0.07503488937620521, -0.09522877059051034, 5.222543364538124], [-0.10198974542640962, -0.9414821212839889, 0.3212623154678751, 51.82757633524675], [0.0, 0.0, 0.0, 1.0]]}, {"class": "BBQSauce", "pose": [[-0.010990515506953935, 0.3605653973810495, 0.9326691888684853, 5.179128727858842], [-0.998452644312202, 0.04689011177514188, -0.029893197356737122, -4.5695604501439835], [-0.054511400883206336, -0.9315545419526335, 0.3594921567301466, 47.63369855148937], [0.0, 0.0, 0.0, 1.0]]}, {"class": "GranolaBars", "pose": [[-0.25909933850629, 0.33673862572738605, -0.9052483879096915, -4.564958316659928], [0.9644828625205694, 0.04034298108404016, -0.2610463953896005, -1.691461428622587], [-0.05138400777293378, -0.9407334878683863, -0.33523149726344964, 44.82629860586585], [0.0, 0.0, 0.0, 1.0]]}, {"class": "Milk", "pose": [[-0.8853592012649675, 0.38266717009238277, -0.26401692133877613, 14.981082205171623], [0.3016910843736313, 0.040820205930355416, -0.9525314531089178, -19.1991708970371], [-0.3537253215998913, -0.9229840194475635, -0.1515878125470311, 48.75062913540006], [0.0, 0.0, 0.0, 1.0]]}, {"class": "Parmesan", "pose": [[0.3461786799383923, 0.3333762590783382, 0.8769381988049697, 3.4287554217734497], [-0.9344960140966924, 0.039905235068916994, 0.3537297564752083, -14.086430204121786], [0.08293070213563969, -0.9419489346806128, 0.32535314860420483, 49.62305296299627], [0.0, 0.0, 0.0, 1.0]]}]}