{"camera": {"camera": "RealSense D415", "extrinsics": [[-0.2898627, 0.87659925, 0.38412672, 0.28814057], [0.9556675, 0.28680968, 0.06663214, -0.55534893], [-0.051761575, 0.38641158, -0.92087287, 0.16225931], [0.0, 0.0, 0.0, 1.0]], "height": 480, "intrinsics": [[607.87085, 0.0, 326.28275], [0.0, 608.1159, 245.73769], [0.0, 0.0, 1.0]], "width": 640}, "objects": [{"class": "Pineapple", "pose": [[-0.07836580401338676, 0.3490796195275261, 0.933810572605985, 2.6982396440543566], [-0.9890967280765154, 0.08992696750014209, -0.11662219708449206, 5.0931657665241765], [-0.12468517400535539, -0.9327682557971518, 0.33822631324084573, 51.595433807145554], [0.0, 0.0, 0.0, 1.0]]}, {"class": "BBQSauce", "pose": [[-0.0248925866005502, 0.38040089265455707, 0.9244866064572344, 5.27297963701045], [-0.9967783847582629, 0.061085729395606976, -0.05197421640744493, -4.647265547247315], [-0.0762439634127601, -0.9228021200889045, 0.3776548103899075, 47.24582731690448], [0.0, 0.0, 0.0, 1.0]]}, {"class": "GranolaBars", "pose": [[-0.24343244164723835, 0.35667299195972496, -0.9019562010868515, -4.366586600787925], [0.9692558091775861, 0.05510512351225413, -0.23980520337652053, -1.5595187752216244], [-0.03582964588572343, -0.9326027347915097, -0.3591217427881534, 44.30359068677808], [0.0, 0.0, 0.0, 1.0]]}, {"class": "Milk", "pose": [[-0.8732192488460898, 0.40222697657254336, -0.275139179836029, 14.828399228111557], [0.32282247548330606, 0.05449332226454034, -0.9448894437867608, -19.447426851036536], [-0.36506678652497343, -0.913916842361179, -0.17743251458793968, 48.246076214729655], [0.0, 0.0, 0.0, 1.0]]}, {"class": "Parmesan", "pose": [[0.330282974945111, 0.3533302470238396, 0.8752547392150136, 3.3387963386520116], [-0.9412990316760218, 0.05474545839739993, 0.3331050908930898, -14.176002287802946], [0.06977989623623833, -0.9338954599709459, 0.35067090916557947, 48.99347027436112], [0.0, 0.0, 0.0, 1.0]]}]}