{"camera": {"camera": "RealSense D415", "extrinsics": [[-0.26725602, 0.86886686, 0.4167068, 0.27220365], [0.96266997, 0.25998983, 0.07531147, -0.554538], [-0.042903885, 0.42127857, -0.9059159, 0.16476303], [0.0, 0.0, 0.0, 1.0]], "height": 480, "intrinsics": [[607.87085, 0.0, 326.28275], [0.0, 608.1159, 245.73769], [0.0, 0.0, 1.0]], "width": 640}, "objects": [{"class": "Pineapple", "pose": [[-0.09536515675757473, 0.38259683299375336, 0.9189804718153692, 1.2246316904163834], [-0.9846053724793201, 0.09959739266931088, -0.14364034509231316, 5.06654807911322], [-0.14648439713430042, -0.918531465837953, 0.3672087957568209, 52.11768806698769], [0.0, 0.0, 0.0, 1.0]]}, {"class": "BBQSauce", "pose": [[-0.04375593960616395, 0.41293034956993707, 0.9097108889485027, 3.7358729375444404], [-0.9943779656305584, 0.06988624770969509, -0.0795506299748439, -4.645530973426326], [-0.09642514381718063, -0.9080773468428394, 0.4075509241924217, 47.66869373405], [0.0, 0.0, 0.0, 1.0]]}, {"class": "GranolaBars", "pose": [[-0.221114961710888, 0.3894276775204164, -0.8941220358580203, -5.728754113209201], [0.9749232921719587, 0.0646185207096303, -0.2129529291693154, -1.2899556895355713], [-0.025152933469378958, -0.9187875492783903, -0.39395025225056735, 44.463522725513826], [0.0, 0.0, 0.0, 1.0]]}, {"class": "Milk", "pose": [[-0.8530765373437514, 0.4342929807811969, -0.2892230723784327, 12.930268774888201], [0.3489105601147842, 0.06264563106749144, -0.9350598241975989, -19.670360348811737], [-0.3879713806356058, -0.8985906518631201, -0.20497092528284128, 48.70256676425394], [0.0, 0.0, 0.0, 1.0]]}, {"class": "Parmesan", "pose": [[0.3073375469020683, 0.38612406696961293, 0.8697423724812466, 1.538151557414763], [-0.9495424139381904, 0.0643574343905665, 0.30696458045025354, -14.16001084154161], [0.0625520382207988, -0.9201990847749397, 0.38642065021576827, 49.164300166698126], [0.0, 0.0, 0.0, 1.0]]}]}