{"camera": {"camera": "RealSense D415", "extrinsics": [[-0.21826048, 0.886566, 0.40787637, 0.2673373], [0.97583777, 0.20261812, 0.08177107, -0.5520658], [-0.010147706, 0.41586858, -0.9093681, 0.16546673], [0.0, 0.0, 0.0, 1.0]], "height": 480, "intrinsics": [[607.87085, 0.0, 326.28275], [0.0, 608.1159, 245.73769], [0.0, 0.0, 1.0]], "width": 640}, "objects": [{"class": "Pineapple", "pose": [[-0.14750454891752407, 0.37488663584635357, 0.9152608709502023, 4.343008135313068], [-0.973565913840986, 0.10812882421540955, -0.20119011093055955, 5.434872921144962], [-0.17438955038279444, -0.9207432803178947, 0.34902739976536357, 54.362920583482854], [0.0, 0.0, 0.0, 1.0]]}, {"class": "BBQSauce", "pose": [[-0.09579829959240542, 0.403799081764906, 0.9098181306948673, 6.295015750332583], [-0.9874678366227126, 0.0766128451684391, -0.1379769384583789, -4.251358595022925], [-0.12541869746636947, -0.9116341328909295, 0.3913992685152623, 49.58893447845539], [0.0, 0.0, 0.0, 1.0]]}, {"class": "GranolaBars", "pose": [[-0.17132060272030028, 0.3799169970572663, -0.9090172550675933, -3.027720937671652], [0.9851884377197545, 0.07287295603912072, -0.15521973591306054, -0.3240050113230697], [0.007272127721774686, -0.9221456645968626, -0.3867745063261649, 46.62672999186787], [0.0, 0.0, 0.0, 1.0]]}, {"class": "Milk", "pose": [[-0.8392362442324358, 0.42488855923697755, -0.33934095269542536, 14.722568314986662], [0.40339573479961693, 0.06801219275652906, -0.9124944464145602, -19.747400077861972], [-0.3646291759175406, -0.9026871394758905, -0.22847652311510547, 50.036551283978724], [0.0, 0.0, 0.0, 1.0]]}, {"class": "Parmesan", "pose": [[0.25921929503884483, 0.3765858061979269, 0.8893753601432303, 3.6341146952608594], [-0.965365357982437, 0.07282291419546338, 0.2505323147440482, -13.683530164848323], [0.029580042185419868, -0.9235150095831662, 0.38242002758635946, 50.83227168038731], [0.0, 0.0, 0.0, 1.0]]}]}