{"camera": {"camera": "RealSense D415", "extrinsics": [[-0.20687936, 0.8688368, 0.44980386, 0.2319554], [0.97656107, 0.21129708, 0.041012626, -0.52552366], [-0.059408966, 0.4477456, -0.8921852, 0.22272977], [0.0, 0.0, 0.0, 1.0]], "height": 480, "intrinsics": [[607.87085, 0.0, 326.28275], [0.0, 608.1159, 245.73769], [0.0, 0.0, 1.0]], "width": 640}, "objects": [{"class": "Pineapple", "pose": [[-0.15004027381648588, 0.41765775064401583, 0.8961305085077191, -0.23200008616048318], [-0.9784716513516639, 0.06718470453585561, -0.19513939737008051, 9.777751405744706], [-0.14170773309884388, -0.9061171203978332, 0.398585873258679, 56.54987743245328], [0.0, 0.0, 0.0, 1.0]]}, {"class": "BBQSauce", "pose": [[-0.10077692432258088, 0.44577798499060606, 0.889452622875464, 1.8296389270108042], [-0.9908399281330722, 0.03580378341095359, -0.1302085532485835, -0.11194766597906192], [-0.08988986097401931, -0.8944272428241049, 0.4380864481441972, 52.264103192784276], [0.0, 0.0, 0.0, 1.0]]}, {"class": "GranolaBars", "pose": [[-0.16068346545276485, 0.42236076384977433, -0.8920718456540213, -7.304735770423551], [0.986185437910468, 0.031856712050243534, -0.16255267878157426, 3.776255940771589], [-0.04023741643356285, -0.9058678441770824, -0.42164489213575695, 48.720482725947896], [0.0, 0.0, 0.0, 1.0]]}, {"class": "Milk", "pose": [[-0.8172652880547581, 0.4663420071431547, -0.3385299839492984, 10.057932192183822], [0.39584403604607304, 0.02738278581047284, -0.9179093765706888, -15.652915458676041], [-0.4187898283226836, -0.8841805981072842, -0.20697769320281212, 53.72178134250022], [0.0, 0.0, 0.0, 1.0]]}, {"class": "Parmesan", "pose": [[0.2470212490983171, 0.41909515687836035, 0.8736931501924776, -0.9882586856063302], [-0.965679736109668, 0.03178130055240734, 0.2577838971517372, -9.461183385285105], [0.08026889786977523, -0.9073859237147827, 0.41256236539279506, 53.76189826216146], [0.0, 0.0, 0.0, 1.0]]}]}