{"camera": {"camera": "RealSense D415", "extrinsics": [[-0.19241863, 0.88044703, 0.4333453, 0.23394422], [0.97423476, 0.22433886, -0.023209117, -0.4917781], [-0.11765058, 0.41771418, -0.9009291, 0.2836221], [0.0, 0.0, 0.0, 1.0]], "height": 480, "intrinsics": [[607.87085, 0.0, 326.28275], [0.0, 608.1159, 245.73769], [0.0, 0.0, 1.0]], "width": 640}, "objects": [{"class": "Pineapple", "pose": [[-0.16824760771086547, 0.40136017383738687, 0.9003348299138032, 1.6171941533837249], [-0.9827726402148372, 0.0025740319212308018, -0.1848004097684228, 15.58719808155674], [-0.07648901580230139, -0.9159167413164211, 0.39401272912988694, 59.02236362429073], [0.0, 0.0, 0.0, 1.0]]}, {"class": "BBQSauce", "pose": [[-0.11821030200478877, 0.42919519053160554, 0.8954428320800819, 3.4394233789811213], [-0.9926766932966458, -0.028479885728613326, -0.11739573305819727, 5.412376243118866], [-0.02488357260646034, -0.9027626909632861, 0.42941868717784354, 55.337687160345375], [0.0, 0.0, 0.0, 1.0]]}, {"class": "GranolaBars", "pose": [[-0.14571919831911162, 0.4055047690930663, -0.9024033743748615, -5.6977332124143105], [0.9842627378885748, -0.032742535242390985, -0.17365099664481182, 9.223963716108653], [-0.09996328589105487, -0.9135063764613258, -0.39435202410643017, 51.718799318228584], [0.0, 0.0, 0.0, 1.0]]}, {"class": "Milk", "pose": [[-0.8186869966481636, 0.4498139246851328, -0.35695810297244657, 11.44581650487392], [0.3824485196088811, -0.03658554418962658, -0.9232521363371284, -10.143439521791203], [-0.4283511841805353, -0.8923726927677528, -0.14207856098665303, 57.63236935289693], [0.0, 0.0, 0.0, 1.0]]}, {"class": "Parmesan", "pose": [[0.2331180215006855, 0.40221008772145356, 0.8853717219257838, 0.5022323357613878], [-0.9627423151229623, -0.03285808212950614, 0.26841658025576104, -3.7738703529278714], [0.13705147783206112, -0.9149576399617984, 0.379564865046885, 57.47729560494525], [0.0, 0.0, 0.0, 1.0]]}]}