{"camera": {"camera": "RealSense D415", "extrinsics": [[-0.186296, 0.8697354, 0.45700556, 0.2363638], [0.9700275, 0.23668572, -0.055014025, -0.4766524], [-0.15601434, 0.43305907, -0.8877609, 0.27817515], [0.0, 0.0, 0.0, 1.0]], "height": 480, "intrinsics": [[607.87085, 0.0, 326.28275], [0.0, 608.1159, 245.73769], [0.0, 0.0, 1.0]], "width": 640}, "objects": [{"class": "Pineapple", "pose": [[-0.16912071340672435, 0.42550683647159027, 0.8890118481288286, 1.249194888064431], [-0.9844623778023075, -0.02969304234796645, -0.17306674395085547, 18.159123763333586], [-0.04724361089812463, -0.9044679848388444, 0.42391720006964323, 55.65213842772629], [0.0, 0.0, 0.0, 1.0]]}, {"class": "BBQSauce", "pose": [[-0.12049917161847028, 0.4528896591871373, 0.8833860175151717, 3.137805740430244], [-0.992695370070366, -0.060335859264647615, -0.10447695564791751, 7.860074654731564], [0.0059833308627272866, -0.8895226909840068, 0.4568519113020942, 52.3677659560422], [0.0, 0.0, 0.0, 1.0]]}, {"class": "GranolaBars", "pose": [[-0.1400518920460745, 0.4294796563125584, -0.8921505713996126, -5.88867404135251], [0.980558169466278, -0.06491476573961752, -0.18518017554725744, 11.564467218959628], [-0.137444878816598, -0.900740460404789, -0.41203836612732736, 48.37874211398581], [0.0, 0.0, 0.0, 1.0]]}, {"class": "Milk", "pose": [[-0.805887285600612, 0.4732011829605071, -0.3558458557476067, 11.033648669362497], [0.3692484115141846, -0.06812362983966383, -0.9268304751061647, -7.624659194142342], [-0.4628188149811345, -0.8783165069638054, -0.11982881530906576, 55.40585704378744], [0.0, 0.0, 0.0, 1.0]]}, {"class": "Parmesan", "pose": [[0.22650118696028143, 0.4262242743341917, 0.8758025062618673, 0.11726199133618165], [-0.957961827924892, -0.06507310593836749, 0.2794182797458548, -1.2411677347544725], [0.17608605953947956, -0.9022740371559722, 0.39356746358678957, 54.74176029506263], [0.0, 0.0, 0.0, 1.0]]}]}