{"camera": {"camera": "RealSense D415", "extrinsics": [[-0.206841, 0.8922636, 0.40135077, 0.28012803], [0.9733271, 0.22927858, -0.008105098, -0.5000338], [-0.09925302, 0.38896912, -0.91588855, 0.21255198], [0.0, 0.0, 0.0, 1.0]], "height": 480, "intrinsics": [[607.87085, 0.0, 326.28275], [0.0, 608.1159, 245.73769], [0.0, 0.0, 1.0]], "width": 640}, "objects": [{"class": "Pineapple", "pose": [[-0.16037065931432218, 0.3685813717975539, 0.9156576854100704, 6.647421609469942], [-0.983635671594037, 0.01749216059913845, -0.17931764670441425, 14.161697111290405], [-0.08210997054623873, -0.9294309032933941, 0.3597445790616701, 53.42913732011746], [0.0, 0.0, 0.0, 1.0]]}, {"class": "BBQSauce", "pose": [[-0.10843231024454428, 0.39719466367485445, 0.9113060990133081, 8.446187833018945], [-0.9935748397838822, -0.013400165362773313, -0.11238061154384839, 4.050477712561418], [-0.03242531887819306, -0.9176365513764186, 0.39609565978154393, 49.56234987745324], [0.0, 0.0, 0.0, 1.0]]}, {"class": "GranolaBars", "pose": [[-0.15965331225197016, 0.3731849698632106, -0.913916719953614, -0.8536416851873896], [0.9836684290363151, -0.017801625267449807, -0.1791073767027787, 7.801833559726489], [-0.08310939860171321, -0.9275861613919063, -0.3642482045013061, 46.31386178763825], [0.0, 0.0, 0.0, 1.0]]}, {"class": "Milk", "pose": [[-0.8373897881675215, 0.4182540482139683, -0.35191173137731896, 16.694237837507494], [0.3782372341633216, -0.021395402366196657, -0.9254613768193427, -11.44098990909333], [-0.39460728743581003, -0.9080780763124472, -0.1402829620708473, 51.388661380330824], [0.0, 0.0, 0.0, 1.0]]}, {"class": "Parmesan", "pose": [[0.2480779146219048, 0.36984232076255863, 0.8953624846426242, 5.684776576897935], [-0.9616075035985396, -0.017937027784844926, 0.2738415611106446, -5.191589088353315], [0.11733835671826492, -0.928921378433959, 0.3511933885413348, 51.69564633581528], [0.0, 0.0, 0.0, 1.0]]}]}