{"camera": {"camera": "RealSense D415", "extrinsics": [[-0.22670986, 0.87958395, 0.418252, 0.27564484], [0.96659464, 0.25591344, -0.014251701, -0.49729022], [-0.119571865, 0.40104914, -0.9082192, 0.19643131], [0.0, 0.0, 0.0, 1.0]], "height": 480, "intrinsics": [[607.87085, 0.0, 326.28275], [0.0, 608.1159, 245.73769], [0.0, 0.0, 1.0]], "width": 640}, "objects": [{"class": "Pineapple", "pose": [[-0.13677236295655643, 0.3851731542791988, 0.9126527181451385, 4.1786033814145975], [-0.9882526348132116, 0.010366258525790546, -0.1524768626042702, 14.461780765025999], [-0.06819079255487566, -0.9227860966776411, 0.37923058109947183, 50.32603170528047], [0.0, 0.0, 0.0, 1.0]]}, {"class": "BBQSauce", "pose": [[-0.08554955348761828, 0.41424839385527784, 0.906134407287466, 6.27423508308067], [-0.9961816905949856, -0.019668094135718177, -0.08505955888143008, 4.330970955560975], [-0.01741385165871613, -0.9099513351238908, 0.41434927721490933, 46.665515032434776], [0.0, 0.0, 0.0, 1.0]]}, {"class": "GranolaBars", "pose": [[-0.18007117050202684, 0.39053078276487796, -0.9028067917616134, -3.045749194424335], [0.9782715230373231, -0.02477835217055549, -0.2058416469975562, 7.8157053938946675], [-0.10275756583698605, -0.9202563439804439, -0.37758329157798415, 43.186047243690886], [0.0, 0.0, 0.0, 1.0]]}, {"class": "Milk", "pose": [[-0.8382273128991722, 0.4353016248511729, -0.3284623103121204, 14.83188615663947], [0.35251285456904746, -0.027023081391378812, -0.9354166791309707, -10.936779479818936], [-0.41606447849965433, -0.8998790177442972, -0.13079794037456538, 48.904646989205055], [0.0, 0.0, 0.0, 1.0]]}, {"class": "Parmesan", "pose": [[0.26733362483454215, 0.3872171910735513, 0.8823806445937873, 3.681513806672043], [-0.9536427192676102, -0.025011790811458892, 0.2998998123857347, -4.934556149748842], [0.1381962861479427, -0.9216492038077725, 0.3625803768370187, 48.90603929458569], [0.0, 0.0, 0.0, 1.0]]}]}