{"camera": {"camera": "RealSense D415", "extrinsics": [[-0.89265937, -0.43033412, 0.13405909, 0.6097431], [-0.43757665, 0.75605434, -0.4867325, 0.030209426], [0.108101666, -0.49314746, -0.8632031, 0.14496693], [0.0, 0.0, 0.0, 1.0]], "height": 480, "intrinsics": [[603.75165, 0.0, 326.28275], [0.0, 603.20245, 245.73769], [0.0, 0.0, 1.0]], "width": 640}, "objects": [{"class": "ChocolatePudding", "pose": [[0.9823014417903956, 0.14138609160979657, 0.1228570273882632, 9.848722447437853], [-0.02332271991501535, -0.5584827073422016, 0.8291882335619838, 9.211801614549039], [0.18584920271623234, -0.8173781121432596, -0.545300893399977, 47.82055302356888], [0.0, 0.0, 0.0, 1.0]]}, {"class": "MacaroniAndCheese", "pose": [[0.15376572885960835, 0.8436531682639138, 0.5143981249279573, 6.533171533371773], [-0.4518390549094526, 0.5230068834135952, -0.72270691065098, -2.1614778994980512], [-0.8787476942147806, -0.12129763582901121, 0.461616011592374, 49.058775366545966], [0.0, 0.0, 0.0, 1.0]]}, {"class": "Milk", "pose": [[-0.11809980127990095, 0.9786120497284799, 0.16843661029222848, 2.846044161649375], [0.8451601839831813, 0.18810857260886998, -0.5003193366868022, -14.854042496062242], [-0.5213029353486694, 0.08326828718237136, -0.8492994823091128, 58.25546504145078], [0.0, 0.0, 0.0, 1.0]]}, {"class": "Ketchup", "pose": [[0.9427935058917992, 0.15161712757905194, 0.29690512035967204, -7.127000417937424], [-0.17814148841571167, -0.5236702759064743, 0.8330876680033287, -5.403373260700602], [0.28179074576923824, -0.8383207194938503, -0.46670366997708623, 47.18218184486961], [0.0, 0.0, 0.0, 1.0]]}, {"class": "OrangeJuice", "pose": [[-0.9168353870615631, -0.37920563194137497, -0.12496383620264068, 19.7694499265744], [0.2827600301781153, -0.8376517355118099, 0.46731824880896383, -0.05937380112203128], [-0.28188589193897, 0.39311916685356674, 0.8752129074014393, 53.47160558275542], [0.0, 0.0, 0.0, 1.0]]}]}