{"camera": {"camera": "RealSense D415", "extrinsics": [[-0.33305323, 0.87974495, 0.3392999, 0.3131878], [0.9267901, 0.37168095, -0.053975847, -0.4960815], [-0.17359628, 0.29648292, -0.9391284, 0.17470732], [0.0, 0.0, 0.0, 1.0]], "height": 480, "intrinsics": [[607.87085, 0.0, 326.28275], [0.0, 608.1159, 245.73769], [0.0, 0.0, 1.0]], "width": 640}, "objects": [{"class": "Pineapple", "pose": [[-0.04090317281665062, 0.30277870617147096, 0.9521827742381562, 4.206938270162547], [-0.9989073867735416, -0.033950216069536104, -0.03211469210072522, 14.524781676966642], [0.02260317647126349, -0.952456003270023, 0.3038365363919632, 45.051779178760526], [0.0, 0.0, 0.0, 1.0]]}, {"class": "BBQSauce", "pose": [[0.014966083036658842, 0.33573550728630225, 0.9418374252061541, 7.0044649649668305], [-0.9975125970883132, -0.05987582331897635, 0.037194655565559856, 4.355923731807593], [0.068880866934091, -0.940051358583551, 0.3340042694247915, 42.019859698195695], [0.0, 0.0, 0.0, 1.0]]}, {"class": "GranolaBars", "pose": [[-0.2865897001581719, 0.31187462532649723, -0.9058700855276737, -2.8818731777563333], [0.944232664448247, -0.06807810330065857, -0.32216453127336336, 6.629872962688349], [-0.1621448621557024, -0.9476811645273628, -0.2749717015893272, 39.15600684710472], [0.0, 0.0, 0.0, 1.0]]}, {"class": "Milk", "pose": [[-0.9018506811197805, 0.35820249436975515, -0.24157063564158732, 17.22780881332797], [0.23429317853670942, -0.06430693650983679, -0.9700367324893016, -9.783530601522406], [-0.3630042263126766, -0.9314266446711803, -0.02592913176488173, 44.6486215028599], [0.0, 0.0, 0.0, 1.0]]}, {"class": "Parmesan", "pose": [[0.3735779480734872, 0.3084961435592379, 0.8747969456596706, 5.565382780432227], [-0.908491921749815, -0.06874341980210431, 0.41220954418823874, -4.8816711308735545], [0.1873015884957834, -0.9487383575206542, 0.25458520482213204, 45.21172904454409], [0.0, 0.0, 0.0, 1.0]]}]}