{"camera": {"camera": "RealSense D415", "extrinsics": [[-0.36764017, 0.86724806, 0.3357403, 0.31313932], [0.91035664, 0.40936658, -0.060578573, -0.4938547], [-0.1899775, 0.2833723, -0.94000465, 0.17417455], [0.0, 0.0, 0.0, 1.0]], "height": 480, "intrinsics": [[607.87085, 0.0, 326.28275], [0.0, 608.1159, 245.73769], [0.0, 0.0, 1.0]], "width": 640}, "objects": [{"class": "Pineapple", "pose": [[-0.004280059624730315, 0.2984377531029625, 0.9544195225875904, 2.034870438738867], [-0.9990725255170498, -0.042168761314650326, 0.008705518048043185, 14.263227207430118], [0.04284473474036887, -0.9534971398765811, 0.2983414596066905, 43.88212591219267], [0.0, 0.0, 0.0, 1.0]]}, {"class": "BBQSauce", "pose": [[0.05176123939178473, 0.3323885265962198, 0.9417211253697557, 5.184621822121477], [-0.9947100028452444, -0.06662179910697232, 0.0781885403475209, 4.143651928811865], [0.08872812294391513, -0.9407866358493633, 0.3271817836832142, 41.036493869836264], [0.0, 0.0, 0.0, 1.0]]}, {"class": "GranolaBars", "pose": [[-0.3217805309357853, 0.3088003290683357, -0.8950417214643295, -4.794142451988065], [0.9297063598806776, -0.07583951189762325, -0.36040859389151864, 5.997972583227684], [-0.17917381881577388, -0.948098526783497, -0.2626899688415547, 38.190806316568825], [0.0, 0.0, 0.0, 1.0]]}, {"class": "Milk", "pose": [[-0.9118366488637019, 0.3550506082176104, -0.2061383707056399, 15.932015999944808], [0.19393233667764234, -0.07005712239853061, -0.9785101686289707, -9.55837965099769], [-0.3618621093593193, -0.9322184053237512, -0.004975153636491875, 43.88239418394541], [0.0, 0.0, 0.0, 1.0]]}, {"class": "Parmesan", "pose": [[0.40754653088082365, 0.3054424777298189, 0.860587447299304, 4.10177234362944], [-0.8903225527131995, -0.07664856682013728, 0.448832542328407, -5.073736671892847], [0.20305531904023155, -0.949120635829162, 0.24070448608357561, 44.42165676653326], [0.0, 0.0, 0.0, 1.0]]}]}