{"camera": {"camera": "RealSense D415", "extrinsics": [[-0.41070914, 0.85192645, 0.32486823, 0.3198502], [0.88147104, 0.46208796, -0.09738328, -0.4783768], [-0.23308109, 0.24636574, -0.94073224, 0.19068117], [0.0, 0.0, 0.0, 1.0]], "height": 480, "intrinsics": [[607.87085, 0.0, 326.28275], [0.0, 608.1159, 245.73769], [0.0, 0.0, 1.0]], "width": 640}, "objects": [{"class": "Pineapple", "pose": [[0.04110716517569312, 0.28659199733761836, 0.9571704455764, 0.25753916828372136], [-0.9944213484963152, -0.08140237336317457, 0.06708015795538841, 15.821244184235223], [0.09714057821335745, -0.9545882547386301, 0.2816469988307132, 42.5139545097884], [0.0, 0.0, 0.0, 1.0]]}, {"class": "BBQSauce", "pose": [[0.09753619237808964, 0.32178002933294886, 0.9417772229941329, 3.817379426630718], [-0.9850799889719342, -0.10360194959919283, 0.13741893498352775, 5.708772900291087], [0.14178862387997296, -0.9411292698574042, 0.3068741493296703, 40.17091745899635], [0.0, 0.0, 0.0, 1.0]]}, {"class": "GranolaBars", "pose": [[-0.3656155120013891, 0.2985282183419185, -0.8815930093241618, -6.273493563222676], [0.903384297136539, -0.11423662415522386, -0.41333608324757426, 6.962987974100038], [-0.22410269852188106, -0.947539419061919, -0.22791904222755835, 37.3936152286382], [0.0, 0.0, 0.0, 1.0]]}, {"class": "Milk", "pose": [[-0.9246102607030117, 0.344691541339128, -0.16212230254851703, 15.207070915138704], [0.13343214995595765, -0.10556048436987067, -0.9854200920538578, -7.329900351557744], [-0.35677970056160213, -0.9327619088219185, 0.051609366291192026, 43.579617852550335], [0.0, 0.0, 0.0, 1.0]]}, {"class": "Parmesan", "pose": [[0.44985736227063305, 0.2951959660006981, 0.8429043416186037, 3.1964601609659473], [-0.8590118395808234, -0.11524760544620595, 0.4988151573725385, -3.347081573570793], [0.2443909357906431, -0.948460534379683, 0.20173186460867884, 44.069391868052705], [0.0, 0.0, 0.0, 1.0]]}]}