{"camera": {"camera": "RealSense D415", "extrinsics": [[-0.566342, 0.7646647, 0.30748108, 0.35373098], [0.7539269, 0.6313821, -0.18152389, -0.4360284], [-0.33294296, 0.12901364, -0.93407947, 0.24752522], [0.0, 0.0, 0.0, 1.0]], "height": 480, "intrinsics": [[607.87085, 0.0, 326.28275], [0.0, 608.1159, 245.73769], [0.0, 0.0, 1.0]], "width": 640}, "objects": [{"class": "Pineapple", "pose": [[0.21830535786697775, 0.2665788467965581, 0.9387643210971913, -6.30680528312701], [-0.9469757826372733, -0.17452433978648862, 0.269774197283769, 16.560751612848478], [0.23575331516654885, -0.9478802687468334, 0.21434410964335313, 40.624736483462684], [0.0, 0.0, 0.0, 1.0]]}, {"class": "BBQSauce", "pose": [[0.273575303990741, 0.3055234805544997, 0.9120372345875573, -1.0991892252147029], [-0.9216017483639124, -0.1881633948025722, 0.3394771713509437, 6.9609968347517315], [0.27533026739433614, -0.9334077188727514, 0.23009411343126118, 39.55244344833712], [0.0, 0.0, 0.0, 1.0]]}, {"class": "GranolaBars", "pose": [[-0.5255461510710572, 0.2843154776136425, -0.8018515533947695, -11.334886158162838], [0.7842556144305579, -0.20342278519023257, -0.5861418747189822, 6.056229759622505], [-0.32976408089647735, -0.9369012274204646, -0.11606794492415293, 37.202107680951045], [0.0, 0.0, 0.0, 1.0]]}, {"class": "Milk", "pose": [[-0.9443196146369427, 0.32867166580663787, 0.015341541829461396, 12.506000152972408], [-0.08027858989564503, -0.18493260974762912, -0.9794668312177716, -3.2973136528282043], [-0.31908584171279164, -0.9261613765611354, 0.2010207875201165, 44.136896254594134], [0.0, 0.0, 0.0, 1.0]]}, {"class": "Parmesan", "pose": [[0.6012645826233785, 0.2811858406403233, 0.7479407637667631, 0.003399399504783185], [-0.723721753787513, -0.20511025534030666, 0.6589056092100339, -1.3774052305833562], [0.33868524589966825, -0.9374776458712134, 0.08017477491103785, 44.73390067648138], [0.0, 0.0, 0.0, 1.0]]}]}