{"camera": {"camera": "RealSense D415", "extrinsics": [[-0.62500346, 0.72153527, 0.29792204, 0.38059965], [0.70356774, 0.68600684, -0.18543738, -0.4317445], [-0.3381762, 0.09370936, -0.9364056, 0.2555667], [0.0, 0.0, 0.0, 1.0]], "height": 480, "intrinsics": [[607.87085, 0.0, 326.28275], [0.0, 608.1159, 245.73769], [0.0, 0.0, 1.0]], "width": 640}, "objects": [{"class": "Pineapple", "pose": [[0.28913986261544417, 0.25632609052091476, 0.9223313207463699, -7.338902934503134], [-0.9227968257865827, -0.181662108373879, 0.33977171738888906, 14.379102013315926], [0.25464501865985506, -0.9493660336535513, 0.18401119178896433, 40.89715501029587], [0.0, 0.0, 0.0, 1.0]]}, {"class": "BBQSauce", "pose": [[0.34339777964981283, 0.29644802123430675, 0.89117704509407, -1.50056106181492], [-0.8925874323781459, -0.19217530054306664, 0.40786793531705867, 5.136238048301861], [0.2921738741561921, -0.935514442727267, 0.19861325433162894, 39.94447835843186], [0.0, 0.0, 0.0, 1.0]]}, {"class": "GranolaBars", "pose": [[-0.5863594188964049, 0.2762811377025254, -0.7614797140344739, -11.699388845508896], [0.7367182921417929, -0.20895361646112104, -0.6431053315200613, 3.4622608258211782], [-0.33679184120930433, -0.9380869728506944, -0.08101948623395847, 37.87230784191522], [0.0, 0.0, 0.0, 1.0]]}, {"class": "Milk", "pose": [[-0.9434818431511632, 0.3194744421459373, 0.08819343810272942, 12.888141830374611], [-0.15406157552725372, -0.18715516928146225, -0.9701741579712969, -4.027809139410865], [-0.29344004183705785, -0.9289289903974859, 0.2257962416266466, 44.454111519647036], [0.0, 0.0, 0.0, 1.0]]}, {"class": "Parmesan", "pose": [[0.657857377111191, 0.2732643963293072, 0.701819229676644, 0.29906031598866956], [-0.6708757635326161, -0.21086846684654412, 0.7109571877633319, -2.960579508164435], [0.34227086378066607, -0.9385420124535535, 0.04460512026008586, 45.31058068314303], [0.0, 0.0, 0.0, 1.0]]}]}