{"camera": {"camera": "RealSense D415", "extrinsics": [[-0.66598207, 0.6863068, 0.29231995, 0.39491773], [0.66385114, 0.7240072, -0.18739083, -0.4358797], [-0.34024933, 0.069258004, -0.9377813, 0.26153532], [0.0, 0.0, 0.0, 1.0]], "height": 480, "intrinsics": [[607.87085, 0.0, 326.28275], [0.0, 608.1159, 245.73769], [0.0, 0.0, 1.0]], "width": 640}, "objects": [{"class": "Pineapple", "pose": [[0.3406851352000857, 0.25038441874248074, 0.9062236750370614, -8.588122056226343], [-0.9016713930885547, -0.1860140340348086, 0.39036844066110615, 11.821969078486227], [0.2663124696924432, -0.9501086794776722, 0.16239225814735248, 41.21546063906172], [0.0, 0.0, 0.0, 1.0]]}, {"class": "BBQSauce", "pose": [[0.3938863703978104, 0.29121228724025544, 0.8718078909187071, -2.293197816196452], [-0.8679984029834812, -0.19417793341066028, 0.4570270714419788, 2.876761458143662], [0.30237772672979646, -0.9367445827745001, 0.1762877671849017, 40.331402193807136], [0.0, 0.0, 0.0, 1.0]]}, {"class": "GranolaBars", "pose": [[-0.6290956648769725, 0.2719063039726847, -0.728220896422164, -12.422741036325386], [0.6989739423475712, -0.21202110349908052, -0.6829952569575182, 0.6394473306000181], [-0.34010889088387797, -0.9386767779691191, -0.05667388006781358, 38.46084930605975], [0.0, 0.0, 0.0, 1.0]]}, {"class": "Milk", "pose": [[-0.9387216226750323, 0.31404795011223774, 0.1420410780219594, 12.621692157922004], [-0.20809143228909502, -0.18785191138658003, -0.9599008577101177, -5.445231657082061], [-0.2747722092208105, -0.9306372134773856, 0.24169131091052867, 44.76331146199992], [0.0, 0.0, 0.0, 1.0]]}, {"class": "Parmesan", "pose": [[0.6971535533015274, 0.2689863183097351, 0.6645474786455919, 0.009271441183994478], [-0.6294343236123694, -0.2140974657927334, 0.7469770738356748, -5.01384367842056], [0.3432045225759553, -0.9390467058473785, 0.020050430401516082, 45.81128694754156], [0.0, 0.0, 0.0, 1.0]]}]}