{"camera": {"camera": "RealSense D415", "extrinsics": [[-0.96050453, -0.1694155, 0.22074752, 0.56975865], [-0.27745816, 0.64343345, -0.7134496, -0.189677], [-0.021166902, -0.7465198, -0.6650264, 0.08726109], [0.0, 0.0, 0.0, 1.0]], "height": 480, "intrinsics": [[603.75165, 0.0, 326.28275], [0.0, 603.20245, 245.73769], [0.0, 0.0, 1.0]], "width": 640}, "objects": [{"class": "ChocolatePudding", "pose": [[0.899420210960724, 0.20486248573681828, 0.3861018291288339, 2.0183125819364545], [-0.0950168018120687, -0.77058953738265, 0.6302091177184873, 2.27812416643256], [0.4266322488882301, -0.6035089241469792, -0.6736184853180267, 25.782322152608184], [0.0, 0.0, 0.0, 1.0]]}, {"class": "MacaroniAndCheese", "pose": [[0.24938829017786338, 0.9320298270424745, 0.2629179693913482, -3.526701797737386], [-0.6867565960198955, 0.3616310392964073, -0.6305460562451259, -7.8384326741024175], [-0.6827669835767705, -0.02330987659987593, 0.7302642377037248, 28.74638160814427], [0.0, 0.0, 0.0, 1.0]]}, {"class": "Milk", "pose": [[0.15269832888772192, 0.956570903514158, 0.24830485961522777, -11.350072311135328], [0.6819951211589113, 0.07984194718252326, -0.7269854730262911, -17.031443143705832], [-0.7152383581041761, 0.28035216636733046, -0.640184906873173, 39.40277083338837], [0.0, 0.0, 0.0, 1.0]]}, {"class": "Ketchup", "pose": [[0.8126639836855112, 0.2255307307931964, 0.5373203099565605, -16.842452598298742], [-0.21219210675629135, -0.7442404277481548, 0.6333092888480989, -9.733242775945122], [0.5427262275671161, -0.6286827261562785, -0.5569616080324589, 24.30428104185024], [0.0, 0.0, 0.0, 1.0]]}, {"class": "OrangeJuice", "pose": [[-0.7683971447383939, -0.6016497789100168, -0.21813607656447834, 8.636834575433145], [0.308850666802502, -0.6471537231837696, 0.6969958995508866, -6.298246105239699], [-0.5605150345084358, 0.4681982445479941, 0.6830909609787039, 35.72973191540108], [0.0, 0.0, 0.0, 1.0]]}]}