{"camera": {"camera": "RealSense D415", "extrinsics": [[-0.8051794, 0.5728055, 0.15355757, 0.50854945], [0.51808906, 0.8054337, -0.2878546, -0.40352115], [-0.28856516, -0.15221812, -0.94528294, 0.27768403], [0.0, 0.0, 0.0, 1.0]], "height": 480, "intrinsics": [[607.87085, 0.0, 326.28275], [0.0, 608.1159, 245.73769], [0.0, 0.0, 1.0]], "width": 640}, "objects": [{"class": "Pineapple", "pose": [[0.5110543412506336, 0.11040651081816465, 0.8524281533516831, -1.6643833184714185], [-0.8026477604205907, -0.293529094436107, 0.5192275094575439, 10.31460408081032], [0.3075385820921574, -0.949553129213094, -0.06139179111255254, 44.602973241546046], [0.0, 0.0, 0.0, 1.0]]}, {"class": "BBQSauce", "pose": [[0.5639999135202014, 0.1536627178611414, 0.811351810657653, 5.64751357453705], [-0.7576489836596108, -0.2944948123130116, 0.5824438052262523, 2.1850956583828687], [0.3284388199383141, -0.943218238524101, -0.0496726560862156, 43.66936751392294], [0.0, 0.0, 0.0, 1.0]]}, {"class": "GranolaBars", "pose": [[-0.7744377675821819, 0.13717736208952866, -0.6175989066062246, -4.206007909389841], [0.5571248701221442, -0.314674037166947, -0.7684998975865855, -1.5412129083841708], [-0.2997631489112222, -0.9392351632742815, 0.16727055722272668, 44.03666306498047], [0.0, 0.0, 0.0, 1.0]]}, {"class": "Milk", "pose": [[-0.9302346155166865, 0.17600628273640712, 0.32200192934290345, 22.1665026866635], [-0.3612224250601503, -0.2845538754433555, -0.8880019227287648, -3.4732201667969864], [-0.06466702032086394, -0.94236455304152, 0.3282793053838678, 46.21057996946125], [0.0, 0.0, 0.0, 1.0]]}, {"class": "Parmesan", "pose": [[0.8309356692696964, 0.13457833951040651, 0.5398467171694773, 9.992609946483471], [-0.48003148607930035, -0.3171271484520964, 0.8179242674314615, -4.452184937959664], [0.2812749567051482, -0.938785977980965, -0.1989104395613219, 49.556539309994626], [0.0, 0.0, 0.0, 1.0]]}]}