{"camera": {"camera": "RealSense D415", "extrinsics": [[-0.86763054, 0.47076136, 0.16000313, 0.53964764], [0.39937565, 0.8515255, -0.33971077, -0.3654891], [-0.29616943, -0.23084208, -0.92682016, 0.29603142], [0.0, 0.0, 0.0, 1.0]], "height": 480, "intrinsics": [[607.87085, 0.0, 326.28275], [0.0, 608.1159, 245.73769], [0.0, 0.0, 1.0]], "width": 640}, "objects": [{"class": "Pineapple", "pose": [[0.6092602981931797, 0.1177050280813066, 0.7841858066053896, -3.612945019141134], [-0.7133348762270173, -0.3505775345650005, 0.6068350076400179, 8.93415840641848], [0.34634543156804726, -0.9291076220475244, -0.1296298739373961, 44.599708157986804], [0.0, 0.0, 0.0, 1.0]]}, {"class": "BBQSauce", "pose": [[0.6571619345762588, 0.16093714613598376, 0.7363677006828867, 4.567112312412791], [-0.6611305605584209, -0.34611876904291333, 0.6656636984941224, 1.644037771875606], [0.3620006727984187, -0.9242840943459228, -0.1210556126931577, 43.99541830770105], [0.0, 0.0, 0.0, 1.0]]}, {"class": "GranolaBars", "pose": [[-0.84196084631418, 0.14702836177867679, -0.5191190210134816, -4.771857034843919], [0.4406937905276567, -0.36768322100766043, -0.8189004895961077, -3.1425767743705424], [-0.31127292742858853, -0.9182547383117623, 0.2447803826901163, 44.98746206461904], [0.0, 0.0, 0.0, 1.0]]}, {"class": "Milk", "pose": [[-0.8832874267209541, 0.18198665826947535, 0.4320696030502379, 21.69595486129533], [-0.46880856091157913, -0.3336589942709771, -0.8178570710332214, -1.8834312101659145], [-0.004675162144153927, -0.9249608563356291, 0.38003367303131175, 46.3429762432743], [0.0, 0.0, 0.0, 1.0]]}, {"class": "Parmesan", "pose": [[0.8885718320737418, 0.14474587161630856, 0.4353029930594956, 9.815274307696914], [-0.3592969459268172, -0.37037523982214965, 0.8565791652003294, -3.9861010859915225], [0.2852117253350867, -0.9175352140492793, -0.2770982465531158, 50.188194370313774], [0.0, 0.0, 0.0, 1.0]]}]}