{"camera": {"camera": "RealSense D415", "extrinsics": [[-0.9110556, 0.36830685, 0.18527733, 0.544043], [0.27405265, 0.87673825, -0.3952533, -0.3345901], [-0.3080142, -0.309322, -0.8996928, 0.3179683], [0.0, 0.0, 0.0, 1.0]], "height": 480, "intrinsics": [[607.87085, 0.0, 326.28275], [0.0, 608.1159, 245.73769], [0.0, 0.0, 1.0]], "width": 640}, "objects": [{"class": "Pineapple", "pose": [[0.6905554402920228, 0.14445449182351633, 0.7087072433924714, -7.749653982413795], [-0.6096731691751187, -0.4109292428857139, 0.6778169124360215, 6.391237493383938], [0.3891422057503089, -0.9001500369997445, -0.19569941681022943, 44.35240434983322], [0.0, 0.0, 0.0, 1.0]]}, {"class": "BBQSauce", "pose": [[0.7324420475209665, 0.18696365795355463, 0.6546549555222007, 1.1942699536322543], [-0.5513286788519628, -0.40128478981402627, 0.7314418555115786, 0.035753352783124415], [0.3994560993989561, -0.8966689127393342, -0.19083944227164198, 44.15644558962135], [0.0, 0.0, 0.0, 1.0]]}, {"class": "GranolaBars", "pose": [[-0.8904267346186965, 0.17566481918272847, -0.41985947022740666, -7.529204193526706], [0.31658699291838627, -0.4236945405295694, -0.8486787347962063, -5.665566353480567], [-0.3269751364575696, -0.8886083721354728, 0.3216557604894065, 45.740152068510675], [0.0, 0.0, 0.0, 1.0]]}, {"class": "Milk", "pose": [[-0.8245419875844269, 0.20645717377543724, 0.5267882110192235, 18.641522769621442], [-0.5633194639177078, -0.38665048578332395, -0.7301866652233132, -1.3495637656375847], [0.052930661275741815, -0.8988197080585649, 0.4351108877621274, 46.39821984766971], [0.0, 0.0, 0.0, 1.0]]}, {"class": "Parmesan", "pose": [[0.9271813755523135, 0.1737112661367305, 0.3319020427896557, 7.1264804603469845], [-0.23293077756290123, -0.4265558440092558, 0.8739527146593523, -4.440788744960184], [0.2933901621960338, -0.8876229714368705, -0.35503194285991213, 50.66502351817541], [0.0, 0.0, 0.0, 1.0]]}]}