{"camera": {"camera": "RealSense D415", "extrinsics": [[-0.9033583, 0.3876025, 0.18359773, 0.51388705], [0.28495654, 0.8623587, -0.418494, -0.3565004], [-0.32053643, -0.32573262, -0.8894687, 0.3257558], [0.0, 0.0, 0.0, 1.0]], "height": 480, "intrinsics": [[607.87085, 0.0, 326.28275], [0.0, 608.1159, 245.73769], [0.0, 0.0, 1.0]], "width": 640}, "objects": [{"class": "Pineapple", "pose": [[0.6757434930688705, 0.14247821007147343, 0.7232362528341562, -10.052812350136797], [-0.6143393311432689, -0.4333756959370351, 0.6593729407415643, 5.67341120870879], [0.4073792777412706, -0.8898794455356211, -0.20532080216431856, 43.80551855345865], [0.0, 0.0, 0.0, 1.0]]}, {"class": "BBQSauce", "pose": [[0.7186994145479457, 0.18514428024541407, 0.670218422012203, -1.2346355251794727], [-0.5566115057105562, -0.424489301049097, 0.7141375551013419, -0.8583620257511415], [0.4167190224626311, -0.8863015223155492, -0.20202673877512162, 43.813467344469416], [0.0, 0.0, 0.0, 1.0]]}, {"class": "GranolaBars", "pose": [[-0.8817669172267247, 0.17335159422363242, -0.43867563717202607, -10.079291731995099], [0.3266523432886221, -0.44649129263448295, -0.8330328653938487, -6.351951152585533], [-0.34027242794427376, -0.8778352420302259, 0.3370755077899095, 45.45806808925419], [0.0, 0.0, 0.0, 1.0]]}, {"class": "Milk", "pose": [[-0.8358164536361, 0.20493640731070376, 0.5093249561659356, 16.16624354231313], [-0.5458028455816799, -0.4102894747139366, -0.7305900240863862, -2.53461448202964], [0.05924614164277205, -0.8886301671021581, 0.45478154771012314, 46.2115733131634], [0.0, 0.0, 0.0, 1.0]]}, {"class": "Parmesan", "pose": [[0.9203901446576498, 0.17133539604935405, 0.3514628712415578, 4.563698528934978], [-0.2444892160918564, -0.4492915149493213, 0.8592800128072209, -5.305677348696619], [0.30513437131702986, -0.8768017328389988, -0.37163378755526333, 50.46123795243778], [0.0, 0.0, 0.0, 1.0]]}]}