{"camera": {"camera": "RealSense D415", "extrinsics": [[-0.8949942, 0.40955907, 0.17676744, 0.4808204], [0.29747605, 0.84327406, -0.44765705, -0.3774088], [-0.33240542, -0.3480664, -0.87655944, 0.33560228], [0.0, 0.0, 0.0, 1.0]], "height": 480, "intrinsics": [[607.87085, 0.0, 326.28275], [0.0, 608.1159, 245.73769], [0.0, 0.0, 1.0]], "width": 640}, "objects": [{"class": "Pineapple", "pose": [[0.6591579622556327, 0.13530198994258708, 0.7397324348857357, -12.384233562386687], [-0.6187122736372013, -0.46155071881820675, 0.6357405357507551, 5.3486326078310995], [0.4274410092725149, -0.8767350556914726, -0.22052184093270893, 43.35423186340188], [0.0, 0.0, 0.0, 1.0]]}, {"class": "BBQSauce", "pose": [[0.7034615721218801, 0.17815668204141516, 0.6880421034364155, -3.726640595953307], [-0.5617947518097404, -0.45359631727459804, 0.691835970575055, -1.3906131755100248], [0.4353485793799892, -0.8732185452165272, -0.2190000989413988, 43.58446903777395], [0.0, 0.0, 0.0, 1.0]]}, {"class": "GranolaBars", "pose": [[-0.8723270711110439, 0.16580378699923767, -0.4599505496604379, -12.707643231199068], [0.3380683150641246, -0.47506120832629933, -0.8124202330572731, -6.621338544019384], [-0.3532070259041343, -0.8641909523502009, 0.3583557608614573, 45.34324096994125], [0.0, 0.0, 0.0, 1.0]]}, {"class": "Milk", "pose": [[-0.8489843325420396, 0.19829493286865368, 0.4898006182174149, 13.619492174939563], [-0.523650513973747, -0.4399479844544835, -0.7295449832443782, -3.4169106755408016], [0.07082172452134643, -0.875856689229397, 0.4773462054761988, 46.105798114371886], [0.0, 0.0, 0.0, 1.0]]}, {"class": "Parmesan", "pose": [[0.9130571703718066, 0.16371660992525738, 0.3735283097391807, 1.9374580598761848], [-0.2578797435663036, -0.4777819122408043, 0.8397752405145502, -5.787304068654753], [0.31595023470610695, -0.8630882721326721, -0.39402302002646794, 50.380000007356976], [0.0, 0.0, 0.0, 1.0]]}]}