{"camera": {"camera": "RealSense D415", "extrinsics": [[-0.93668634, 0.34870186, 0.032027476, 0.4892616], [0.28892896, 0.82130486, -0.49191302, -0.42238164], [-0.19783531, -0.45151454, -0.8700551, 0.25165182], [0.0, 0.0, 0.0, 1.0]], "height": 480, "intrinsics": [[607.87085, 0.0, 326.28275], [0.0, 608.1159, 245.73769], [0.0, 0.0, 1.0]], "width": 640}, "objects": [{"class": "Pineapple", "pose": [[0.7190053304593071, -0.008934138620093368, 0.6949471234492048, -9.11023122832631], [-0.6029150421351691, -0.505417593425377, 0.6172896759538632, 1.8343792733062636], [0.3457235512199929, -0.8628286794832382, -0.3687844708442214, 42.43328946566902], [0.0, 0.0, 0.0, 1.0]]}, {"class": "BBQSauce", "pose": [[0.7640656945866577, 0.03393295660977345, 0.6442454169519802, -0.5368281572963596], [-0.5460856935380559, -0.49769291976845625, 0.673863642543049, -4.964447918871484], [0.3435025694109013, -0.8666893352204296, -0.3617397834992462, 41.59837777399945], [0.0, 0.0, 0.0, 1.0]]}, {"class": "GranolaBars", "pose": [[-0.9176428749624486, 0.02318174896712149, -0.3967293145175694, -9.12015798153854], [0.32823719304873095, -0.5185726500903849, -0.7895206061235526, -10.019558227215096], [-0.224035441721561, -0.8547193132410194, 0.46825538584006465, 45.045766566408176], [0.0, 0.0, 0.0, 1.0]]}, {"class": "Milk", "pose": [[-0.8268757650639228, 0.05339294884923013, 0.5598443092639572, 16.986476572235738], [-0.5117159489636681, -0.48437644436541993, -0.7095958593002785, -7.023028141061221], [0.23328797852860728, -0.8732289187953219, 0.42784116725297694, 41.380743504979414], [0.0, 0.0, 0.0, 1.0]]}, {"class": "Parmesan", "pose": [[0.9518890811609961, 0.0212977362957817, 0.3057017697810265, 6.148107877587355], [-0.25035901313363956, -0.5212164510604084, 0.8158761005831207, -9.072668329785143], [0.17671310670534982, -0.8531587829176212, -0.4908081692391319, 47.60056958451039], [0.0, 0.0, 0.0, 1.0]]}]}