{"camera": {"camera": "RealSense D415", "extrinsics": [[-0.93151027, 0.3605372, 0.04797452, 0.42593673], [0.27628663, 0.7871988, -0.5513472, -0.40427086], [-0.23654667, -0.50033087, -0.8328954, 0.2711882], [0.0, 0.0, 0.0, 1.0]], "height": 480, "intrinsics": [[607.87085, 0.0, 326.28275], [0.0, 608.1159, 245.73769], [0.0, 0.0, 1.0]], "width": 640}, "objects": [{"class": "Pineapple", "pose": [[0.7098228899533603, 0.006829721213138249, 0.7043470543868025, -15.631462302416544], [-0.578790256275832, -0.5642358871862521, 0.5887611512684494, 4.853949056765355], [0.4014389663352443, -0.8255854242538584, -0.3965545826457093, 40.09034752763504], [0.0, 0.0, 0.0, 1.0]]}, {"class": "BBQSauce", "pose": [[0.7551103159999163, 0.04979198109181345, 0.6537041551852127, -7.065885446114473], [-0.5223415509751412, -0.5568824958756583, 0.6457872562259418, -2.0032481630428425], [0.3961914362232543, -0.8290975318193146, -0.39449930550575113, 39.90567954813737], [0.0, 0.0, 0.0, 1.0]]}, {"class": "GranolaBars", "pose": [[-0.911807932711085, 0.03873033932260935, -0.4087862618509167, -15.734234534280267], [0.31363838191848536, -0.5768572711922879, -0.7542324870037024, -6.789332099778406], [-0.2650230126572853, -0.815926296577072, 0.5138357274130753, 43.52027522254268], [0.0, 0.0, 0.0, 1.0]]}, {"class": "Milk", "pose": [[-0.8331491748432746, 0.06942514830876885, 0.5486734497469582, 10.451194019155603], [-0.49261799315542365, -0.544091613914557, -0.6791846721467015, -4.106229363755015], [0.2513761306989152, -0.8361486334252648, 0.4875095662507006, 40.18977646635504], [0.0, 0.0, 0.0, 1.0]]}, {"class": "Parmesan", "pose": [[0.9472674125530665, 0.03680622091825044, 0.31832327033015917, -0.5177078929718193], [-0.2393103831262112, -0.5793823405512025, 0.7791319749420146, -5.696738839447896], [0.21310778871067096, -0.8142244637803348, -0.5400219129095755, 46.314395887018364], [0.0, 0.0, 0.0, 1.0]]}]}