{"camera": {"camera": "RealSense D415", "extrinsics": [[-0.9368219, 0.34931502, 0.018541053, 0.42389873], [0.28142667, 0.7841131, -0.55314165, -0.4091504], [-0.20775898, -0.51297724, -0.83288085, 0.24907073], [0.0, 0.0, 0.0, 1.0]], "height": 480, "intrinsics": [[607.87085, 0.0, 326.28275], [0.0, 608.1159, 245.73769], [0.0, 0.0, 1.0]], "width": 640}, "objects": [{"class": "Pineapple", "pose": [[0.7186302128673542, -0.022429703711516154, 0.6950305710431721, -15.130071015104862], [-0.5822966903393204, -0.5657704444373955, 0.5838102262144018, 4.7373212708125], [0.38013306160581456, -0.8242576768318473, -0.41964045365037006, 39.60799497173131], [0.0, 0.0, 0.0, 1.0]]}, {"class": "BBQSauce", "pose": [[0.7640643714289111, 0.020443982999283055, 0.6448159807348371, -6.615299397737445], [-0.5261297714854527, -0.5586807959606085, 0.6411421397732414, -2.1713569905238597], [0.373353803116633, -0.8291307583291581, -0.4161118791536633, 39.16845493498723], [0.0, 0.0, 0.0, 1.0]]}, {"class": "GranolaBars", "pose": [[-0.9178020181185867, 0.009683001584439374, -0.39692022392002974, -15.194141458493693], [0.3186078399782537, -0.5785649528706873, -0.750833970479263, -6.898865381789221], [-0.23691446288537385, -0.8155788368899799, 0.5279229780705262, 43.06284948733856], [0.0, 0.0, 0.0, 1.0]]}, {"class": "Milk", "pose": [[-0.8277537928619062, 0.03992162951613509, 0.5596694480123646, 10.889295835658451], [-0.4871624655200404, -0.5460205515301243, -0.6815675323155415, -4.378646944907938], [0.2783817112895524, -0.8368200652810657, 0.4714188942378342, 38.90704233166642], [0.0, 0.0, 0.0, 1.0]]}, {"class": "Parmesan", "pose": [[0.9520544817189925, 0.00779831440139169, 0.30582906871361665, 0.10879337927213184], [-0.2445881981442046, -0.5810753521298293, 0.7762268096937192, -5.892296157770077], [0.18376300242564184, -0.8138124022665159, -0.551307995170255, 45.37597739774453], [0.0, 0.0, 0.0, 1.0]]}]}