{"camera": {"camera": "RealSense D415", "extrinsics": [[-0.9738139, 0.22710964, -0.010376047, 0.48057967], [0.18999545, 0.7879125, -0.58574367, -0.35172963], [-0.12485262, -0.5723767, -0.81042993, 0.2034663], [0.0, 0.0, 0.0, 1.0]], "height": 480, "intrinsics": [[607.87085, 0.0, 326.28275], [0.0, 608.1159, 245.73769], [0.0, 0.0, 1.0]], "width": 640}, "objects": [{"class": "Pineapple", "pose": [[0.8009241309186371, -0.04904157757952402, 0.5967540189075095, -11.700020970599123], [-0.5006736889072189, -0.6014706798414496, 0.6225422995067751, 5.945344891795223], [0.3283995806577227, -0.79738821590338, -0.5062861859300349, 38.9763498437093], [0.0, 0.0, 0.0, 1.0]]}, {"class": "BBQSauce", "pose": [[0.8402601894735938, -0.007635353832741194, 0.5421295179744179, -2.6763081146252032], [-0.44114694988207215, -0.5909265542847716, 0.6754222473378795, -0.21467813769728838], [0.31520163425879816, -0.8066892378574697, -0.49990034685609247, 37.95112732080444], [0.0, 0.0, 0.0, 1.0]]}, {"class": "GranolaBars", "pose": [[-0.9610661495420412, -0.015229716771302903, -0.27589818925289494, -10.387174364636742], [0.2273553908730715, -0.611047396159838, -0.7582418097383675, -5.488765364822462], [-0.15703906358373715, -0.7914475068629292, 0.5907195018708291, 42.83361837836159], [0.0, 0.0, 0.0, 1.0]]}, {"class": "Milk", "pose": [[-0.7504042818302229, 0.009806623555416984, 0.6609063041360955, 14.852772027687866], [-0.5440585389462596, -0.5769834863744493, -0.6091718959365453, -0.911104737887436], [0.3753580812401285, -0.8166969457633667, 0.4383062435442137, 36.05438338844596], [0.0, 0.0, 0.0, 1.0]]}, {"class": "Parmesan", "pose": [[0.9833250888200615, -0.0167048648064071, 0.18108731620503327, 4.912286950058087], [-0.1530756762444414, -0.6136306678039284, 0.774612985316468, -3.062875880536714], [0.0981809293738824, -0.7894164757600796, -0.6059555152048202, 43.598528069715385], [0.0, 0.0, 0.0, 1.0]]}]}