{"camera": {"camera": "RealSense D415", "extrinsics": [[-0.9769862, 0.21258372, -0.017494965, 0.4754138], [0.18187933, 0.78740335, -0.58899564, -0.34736684], [-0.111435294, -0.5786226, -0.8079468, 0.19083679], [0.0, 0.0, 0.0, 1.0]], "height": 480, "intrinsics": [[607.87085, 0.0, 326.28275], [0.0, 608.1159, 245.73769], [0.0, 0.0, 1.0]], "width": 640}, "objects": [{"class": "Pineapple", "pose": [[0.8095147609858828, -0.055842503262459445, 0.5844376348074364, -12.262664943374979], [-0.49309591633460326, -0.60497308911674, 0.6251911548936911, 5.986042603512526], [0.3186568128039423, -0.7942853288202885, -0.5172703743429959, 38.42106674987376], [0.0, 0.0, 0.0, 1.0]]}, {"class": "BBQSauce", "pose": [[0.8481854189673792, -0.014659649097418133, 0.5294964326068967, -3.206494446352681], [-0.43331578959176165, -0.5941421493129991, 0.67766697892019, -0.10720290283344758], [0.30466179907289787, -0.8042264649886296, -0.5102949826286948, 37.28859447454875], [0.0, 0.0, 0.0, 1.0]]}, {"class": "GranolaBars", "pose": [[-0.9650005556657261, -0.021873771303210984, -0.26133378675129704, -10.804066334047146], [0.21921072416237616, -0.6142615639112525, -0.75804313263305, -5.4221616656091705], [-0.1439460436088461, -0.7887992620881923, 0.5975577367559938, 42.302603559899886], [0.0, 0.0, 0.0, 1.0]]}, {"class": "Milk", "pose": [[-0.7405811226115757, 0.002525205422008994, 0.6719621317997845, 14.298225912566187], [-0.5484281001053604, -0.5801026232435686, -0.6022520792320872, -0.6739691899430356], [0.38828619774468603, -0.8145394863329386, 0.4309979604869462, 35.140377635205425], [0.0, 0.0, 0.0, 1.0]]}, {"class": "Parmesan", "pose": [[0.9858190423878781, -0.02329895901138097, 0.16618621055427318, 4.48528059277003], [-0.14499167203952296, -0.6168482718521514, 0.7736120642614202, -2.8736835348905476], [0.08448732407794791, -0.7867371700723604, -0.6114789492657474, 42.836145562904235], [0.0, 0.0, 0.0, 1.0]]}]}