{"camera": {"camera": "RealSense D415", "extrinsics": [[-0.987478, 0.15644617, -0.020290542, 0.47723296], [0.13708809, 0.7873309, -0.60109645, -0.31991193], [-0.07806387, -0.5963511, -0.7989189, 0.16641885], [0.0, 0.0, 0.0, 1.0]], "height": 480, "intrinsics": [[607.87085, 0.0, 326.28275], [0.0, 608.1159, 245.73769], [0.0, 0.0, 1.0]], "width": 640}, "objects": [{"class": "Pineapple", "pose": [[0.8415598143036559, -0.05737437687382297, 0.5371080928376815, -13.099295306388475], [-0.4522622404060882, -0.6185400073214534, 0.6425474087750356, 6.345300506413959], [0.29535708659395077, -0.7836558786725101, -0.5464866733324211, 37.61149243310212], [0.0, 0.0, 0.0, 1.0]]}, {"class": "BBQSauce", "pose": [[0.8770065965661981, -0.017097425372500755, 0.4801738759961846, -3.8276626887750407], [-0.3910538878079228, -0.6060576904215785, 0.6926550223517043, 0.6399209403487593], [0.27917045563308857, -0.7952369757794647, -0.5382025993656389, 36.22952685524424], [0.0, 0.0, 0.0, 1.0]]}, {"class": "GranolaBars", "pose": [[-0.978339342569008, -0.02285115868775194, -0.20574206884461355, -10.996433207021822], [0.17442466713935748, -0.6262440814640877, -0.7598647466506092, -4.929023840647206], [-0.1114809679851707, -0.7792921596966758, 0.6166650245648486, 41.58748858648412], [0.0, 0.0, 0.0, 1.0]]}, {"class": "Milk", "pose": [[-0.7010414306539665, -0.0009352673965368514, 0.7131198225724261, 13.596501023517588], [-0.5746407956199912, -0.5914306218983176, -0.5656835005266286, 0.8113996808139401], [0.4222899550701802, -0.8063554034956055, 0.4140799270786351, 33.450966577758265], [0.0, 0.0, 0.0, 1.0]]}, {"class": "Parmesan", "pose": [[0.993688500863117, -0.024084949536526026, 0.10955784783586353, 4.173763278206422], [-0.10025097322794557, -0.6288601121568631, 0.7710283710621649, -1.7033172565462662], [0.050326386339516305, -0.7771453981930444, -0.6273055984243759, 41.52844717298227], [0.0, 0.0, 0.0, 1.0]]}]}