{"camera": {"camera": "RealSense D415", "extrinsics": [[-0.98549175, 0.1588329, -0.05981766, 0.44661117], [0.16095085, 0.7627442, -0.6263514, -0.32577375], [-0.05385963, -0.62689185, -0.7772424, 0.16618532], [0.0, 0.0, 0.0, 1.0]], "height": 480, "intrinsics": [[607.87085, 0.0, 326.28275], [0.0, 608.1159, 245.73769], [0.0, 0.0, 1.0]], "width": 640}, "objects": [{"class": "Pineapple", "pose": [[0.838040679746324, -0.09686642993788862, 0.5369401087884098, -14.491231400562471], [-0.46474908015265054, -0.6422783580577343, 0.6094971570831097, 8.05189267286764], [0.28582520000789907, -0.7603258644662547, -0.5832739930536678, 38.04424811615272], [0.0, 0.0, 0.0, 1.0]]}, {"class": "BBQSauce", "pose": [[0.8745599665180704, -0.056645144102321764, 0.4815975074663896, -5.416178004181721], [-0.40508339735606674, -0.6312726188187007, 0.6613639717589036, 2.056721284971874], [0.26655626418427203, -0.7734896389941747, -0.5750317839054359, 36.586273960077925], [0.0, 0.0, 0.0, 1.0]]}, {"class": "GranolaBars", "pose": [[-0.9763953776189584, -0.0624390520519063, -0.20676894817039382, -12.562869416674245], [0.19690582489255495, -0.6507601603123453, -0.7333070919458629, -3.137667955853135], [-0.08876999134129555, -0.7567116963335991, 0.6476938423189422, 42.335647986877376], [0.0, 0.0, 0.0, 1.0]]}, {"class": "Milk", "pose": [[-0.7027110438620102, -0.040450245492537944, 0.7103245265779973, 11.915375845059096], [-0.5413381090454508, -0.617460173859117, -0.5706977892172248, 1.6677431238485363], [0.4616819855597716, -0.7855614070956584, 0.4119988300956157, 33.29731389526113], [0.0, 0.0, 0.0, 1.0]]}, {"class": "Parmesan", "pose": [[0.9918197173842848, -0.0636752532015316, 0.1106303616634114, 2.6772140992402607], [-0.12522882964639748, -0.6532698426851832, 0.746696882334414, -0.32487864613309214], [0.024725361432159015, -0.7544428325423558, -0.6558999047386702, 41.72603388777061], [0.0, 0.0, 0.0, 1.0]]}]}