{"camera": {"camera": "RealSense D415", "extrinsics": [[-0.9966283, 0.060905844, -0.054977987, 0.44300088], [0.08173923, 0.7952132, -0.60079503, -0.32743573], [0.007127294, -0.60326314, -0.7975103, 0.13721257], [0.0, 0.0, 0.0, 1.0]], "height": 480, "intrinsics": [[607.87085, 0.0, 326.28275], [0.0, 608.1159, 245.73769], [0.0, 0.0, 1.0]], "width": 640}, "objects": [{"class": "Pineapple", "pose": [[0.887559112715902, -0.08959490382258509, 0.4518977477344015, -16.547420032682087], [-0.4047099937024704, -0.6202931482339161, 0.6718975012124455, 2.1210516366981347], [0.22011047324626626, -0.7792362481600598, -0.5868067478125046, 40.00505266997648], [0.0, 0.0, 0.0, 1.0]]}, {"class": "BBQSauce", "pose": [[0.9180341737035478, -0.05121108044606289, 0.3931802142980145, -7.124725337747345], [-0.3416063889006881, -0.6055723615532175, 0.7187400161875048, -3.05642834490048], [0.20129160854472217, -0.794140732397046, -0.573430113993772, 37.807123216605746], [0.0, 0.0, 0.0, 1.0]]}, {"class": "GranolaBars", "pose": [[-0.9924680045084529, -0.054450244148483776, -0.10973800937970835, -13.48880618907516], [0.11954889019471139, -0.6260586353616928, -0.7705573754279373, -9.020606318390511], [-0.02674539383899247, -0.7778725614356822, 0.6278525879786085, 43.72651782865612], [0.0, 0.0, 0.0, 1.0]]}, {"class": "Milk", "pose": [[-0.6293614706870073, -0.03689626626402786, 0.776236307134561, 9.961870083238322], [-0.6131809890286976, -0.5900580652125106, -0.5252052696380519, -1.9097814871733454], [0.4774025712575216, -0.806517268863506, 0.34873570241546054, 33.55450194877918], [0.0, 0.0, 0.0, 1.0]]}, {"class": "Parmesan", "pose": [[0.9983885221518773, -0.05534875305919891, 0.012524940463798746, 1.4179188203320314], [-0.04459540848085702, -0.628740857705587, 0.7763351108111696, -4.952151006217765], [-0.03509423168525552, -0.7756425824197686, -0.6301959135040162, 42.392056602013405], [0.0, 0.0, 0.0, 1.0]]}]}