{"camera": {"camera": "RealSense D415", "extrinsics": [[-0.99825513, 0.024936656, -0.053524077, 0.44938645], [0.05211438, 0.79825646, -0.6000589, -0.32215625], [0.02776248, -0.6018013, -0.7981632, 0.1324555], [0.0, 0.0, 0.0, 1.0]], "height": 480, "intrinsics": [[607.87085, 0.0, 326.28275], [0.0, 608.1159, 245.73769], [0.0, 0.0, 1.0]], "width": 640}, "objects": [{"class": "Pineapple", "pose": [[0.9034845030127185, -0.08716605804421473, 0.41966382818364084, -16.362134687157482], [-0.37877646357455436, -0.6206235804619024, 0.6865528013800839, 0.7589587244178353], [0.20060919274004607, -0.7792486694028823, -0.5937402914816248, 40.880494036915486], [0.0, 0.0, 0.0, 1.0]]}, {"class": "BBQSauce", "pose": [[0.931684990598462, -0.04954899150622195, 0.3598720234737813, -6.837373601691454], [-0.31474709895612396, -0.6047312239443324, 0.7315971552375872, -4.130864379942595], [0.18137597274812023, -0.7948868373956837, -0.5790144583267502, 38.47364641617887], [0.0, 0.0, 0.0, 1.0]]}, {"class": "GranolaBars", "pose": [[-0.9959123979303179, -0.05184551103797195, -0.07396239705924104, -12.899212835896524], [0.09011992218146689, -0.6253473647891415, -0.7751251899167767, -10.296809413925029], [-0.006065437072587289, -0.7786223438352429, 0.6274635661616458, 44.50252726926174], [0.0, 0.0, 0.0, 1.0]]}, {"class": "Milk", "pose": [[-0.6009967208025497, -0.03595690800781203, 0.798442195713598, 10.116878416057862], [-0.6328394827407123, -0.5887664924788446, -0.5028600138058911, -2.4665678800763144], [0.4881773440511221, -0.8075030398605312, 0.3310918181982916, 33.87639083184792], [0.0, 0.0, 0.0, 1.0]]}, {"class": "Parmesan", "pose": [[0.9983402943649472, -0.052618240332996, -0.023406729297827486, 1.8499738397813381], [-0.014861147192244389, -0.6280609295494942, 0.7780222375638058, -5.784364116629598], [-0.05563901052512816, -0.7763831703973108, -0.627800560638697, 42.87683582057161], [0.0, 0.0, 0.0, 1.0]]}]}