{"camera": {"camera": "RealSense D415", "extrinsics": [[-0.99789834, 0.02554535, -0.05955136, 0.45227662], [0.056188338, 0.7988867, -0.5988513, -0.32435867], [0.03227692, -0.6009388, -0.79864305, 0.13115732], [0.0, 0.0, 0.0, 1.0]], "height": 480, "intrinsics": [[607.87085, 0.0, 326.28275], [0.0, 608.1159, 245.73769], [0.0, 0.0, 1.0]], "width": 640}, "objects": [{"class": "Pineapple", "pose": [[0.9028004581663233, -0.09319322210008137, 0.4198408175505121, -15.812999809430506], [-0.38273825950459, -0.6193005936876873, 0.6855495506968965, 0.7567203267095424], [0.19611910435685792, -0.7796036183852495, -0.5947734645911394, 41.06369802735605], [0.0, 0.0, 0.0, 1.0]]}, {"class": "BBQSauce", "pose": [[0.9311786345043386, -0.05558100916636158, 0.36030134339866665, -6.319286764323562], [-0.3188018947435238, -0.603543971421096, 0.7308214649012649, -4.169298867669618], [0.17683791863926915, -0.795390110374447, -0.5797265751409988, 38.608476758568024], [0.0, 0.0, 0.0, 1.0]]}, {"class": "GranolaBars", "pose": [[-0.9955497033807655, -0.05789000227125571, -0.07436055222833562, -12.379570997650546], [0.09422549700967232, -0.6241704760560746, -0.7755854302553997, -10.317653634014318], [-0.0015150300694047323, -0.7791405307967596, 0.626847443185731, 44.6568536719622], [0.0, 0.0, 0.0, 1.0]]}, {"class": "Milk", "pose": [[-0.6014192266378575, -0.04197957844151061, 0.7978299222368086, 10.621034712962524], [-0.6309605568674741, -0.5876198107211523, -0.5065488335953036, -2.569142712690237], [0.49008536438510003, -0.8080474452153121, 0.32691840109021797, 33.937681790761076], [0.0, 0.0, 0.0, 1.0]]}, {"class": "Parmesan", "pose": [[0.9980128595362491, -0.05866392648101169, -0.022996345846842174, 2.38069988294522], [-0.01890151022641778, -0.6268835896732503, 0.7788836145412097, -5.86395455569626], [-0.06010839157950696, -0.7769012235133778, -0.6267467185713826, 42.97087528855664], [0.0, 0.0, 0.0, 1.0]]}]}