{"camera": {"camera": "RealSense D415", "extrinsics": [[-0.8108367, -0.55527014, 0.18498364, 0.48286995], [-0.55596936, 0.63200015, -0.5398832, 0.027836878], [0.18287133, -0.5406023, -0.8211621, 0.040076934], [0.0, 0.0, 0.0, 1.0]], "height": 480, "intrinsics": [[598.36957, 0.0, 326.28275], [0.0, 599.1431, 245.73769], [0.0, 0.0, 1.0]], "width": 640}, "objects": [{"class": "OrangeJuice", "pose": [[-0.16830864151420155, -0.24512252099865126, 0.9547707333021364, 3.8753706046909917], [0.5266667138693345, -0.8411113742199203, -0.12310054908922288, -1.6821771574518685], [0.8332433134574779, 0.4821270629803155, 0.2706641883594538, 43.097742737834444], [0.0, 0.0, 0.0, 1.0]]}, {"class": "Peaches", "pose": [[0.7627880604053691, 0.22174174705725444, -0.607441334446714, -5.776301322873801], [0.6134087650731032, -0.5454195567892014, 0.5711804535604135, 4.924111827267212], [-0.20465581583743891, -0.8082995420145043, -0.5520578543621697, 38.09271907260487], [0.0, 0.0, 0.0, 1.0]]}, {"class": "Butter", "pose": [[0.5840953470492966, 0.23467812583086012, -0.7770191793586986, -6.9558242698891215], [0.7599298345314317, -0.4944700767591648, 0.421907461779156, -5.7756119027396196], [-0.2852002608129449, -0.8369143136147723, -0.4671565797875972, 44.30016990131252], [0.0, 0.0, 0.0, 1.0]]}, {"class": "TomatoSauce", "pose": [[0.8465148044436238, 0.19662590798088062, -0.4947230947185053, -17.217089285513854], [0.5091604092367528, -0.5703998793863853, 0.6445149895758607, -10.822840396555318], [-0.1554616357414583, -0.797484967159338, -0.5829660659998672, 43.464223860480665], [0.0, 0.0, 0.0, 1.0]]}, {"class": "Cookies", "pose": [[-0.18474554379075292, 0.8729116682826902, -0.45154657091464967, -8.917517897899474], [0.5026863395765273, 0.47873596193222434, 0.71980430624031, -17.359587398637522], [0.8444972322353205, -0.09400564049293159, -0.5272450961766267, 46.45842699810764], [0.0, 0.0, 0.0, 1.0]]}]}