{"camera": {"camera": "RealSense D415", "extrinsics": [[-0.7714115, -0.59908986, 0.21451259, 0.4704053], [-0.60791606, 0.5942009, -0.52665293, 0.05885716], [0.18804885, -0.53667176, -0.8225698, 0.03634675], [0.0, 0.0, 0.0, 1.0]], "height": 480, "intrinsics": [[598.36957, 0.0, 326.28275], [0.0, 599.1431, 245.73769], [0.0, 0.0, 1.0]], "width": 640}, "objects": [{"class": "OrangeJuice", "pose": [[-0.1969270687060844, -0.186243872670414, 0.9625658094896183, 3.2781620359120742], [0.5145588816017805, -0.8553373367935138, -0.060225233916955924, -1.479251428991], [0.8345351760019456, 0.48343680991489957, 0.26427254300717934, 43.01716755292338], [0.0, 0.0, 0.0, 1.0]]}, {"class": "Peaches", "pose": [[0.7195569326777991, 0.251639296469122, -0.6472367983997006, -6.818899795048916], [0.662080466683855, -0.5297667374134735, 0.5300910683218727, 4.479743491686664], [-0.2094927647469626, -0.8099536618827466, -0.5478028233536053, 38.078766493954774], [0.0, 0.0, 0.0, 1.0]]}, {"class": "Butter", "pose": [[0.5311116273581485, 0.26101723577824415, -0.8060957945594998, -7.253149996343177], [0.7965661963490042, -0.4780808148137154, 0.370028256339676, -6.2738505237554145], [-0.2887951646082137, -0.8386350876296806, -0.46183181879126317, 44.29000214373418], [0.0, 0.0, 0.0, 1.0]]}, {"class": "TomatoSauce", "pose": [[0.8102629438030623, 0.2282875615372616, -0.5397765641835641, -17.166801046244128], [0.5635486684242587, -0.5563390655097744, 0.6106550774812259, -11.982972936835527], [-0.16089381192605043, -0.7989816623519527, -0.5794321104857647, 43.520374969659144], [0.0, 0.0, 0.0, 1.0]]}, {"class": "Cookies", "pose": [[-0.21168135840427454, 0.8390056564647529, -0.5012589141542705, -8.436833586316062], [0.48955334221844005, 0.5349244931387664, 0.6886168694648981, -17.96135637892918], [0.8458892381529197, -0.09962559846480805, -0.523971586119301, 46.45700468825011], [0.0, 0.0, 0.0, 1.0]]}]}