{"camera": {"camera": "RealSense D415", "extrinsics": [[-0.7901935, -0.5914168, 0.16068743, 0.5077268], [-0.57215893, 0.6179557, -0.5392263, 0.04734402], [0.21960975, -0.51803184, -0.82668895, 0.01785835], [0.0, 0.0, 0.0, 1.0]], "height": 480, "intrinsics": [[598.36957, 0.0, 326.28275], [0.0, 599.1431, 245.73769], [0.0, 0.0, 1.0]], "width": 640}, "objects": [{"class": "OrangeJuice", "pose": [[-0.14322883009102927, -0.20614214559456442, 0.9679829244170483, 8.198651473205999], [0.5264132530566918, -0.844104093872591, -0.10186944809784255, -0.5051979720559603], [0.8380779784565447, 0.4949683762775761, 0.22941603841426483, 42.77811498892593], [0.0, 0.0, 0.0, 1.0]]}, {"class": "Peaches", "pose": [[0.7400401388204773, 0.19807676460503168, -0.6427333912134422, -1.7984465905609759], [0.6284846983257573, -0.5439350944718381, 0.5560050500798115, 5.875950429506901], [-0.23947352441798292, -0.8154141963742971, -0.5270220390310607, 38.17517303183537], [0.0, 0.0, 0.0, 1.0]]}, {"class": "Butter", "pose": [[0.5549631335780293, 0.2086796765526092, -0.8052755658069529, -2.481137824994617], [0.7708815096013065, -0.49284215569500206, 0.4035447019435007, -4.820736021131699], [-0.3126621298000965, -0.8447245153061546, -0.43437656014109843, 44.46187777254719], [0.0, 0.0, 0.0, 1.0]]}, {"class": "TomatoSauce", "pose": [[0.8280086669809943, 0.1739877103866641, -0.5330384113376048, -12.659629047144405], [0.5262238298827184, -0.5693940326826602, 0.6315686305944074, -10.086195148496707], [-0.1936236676296715, -0.803441856073858, -0.5630196882992556, 44.087520452268876], [0.0, 0.0, 0.0, 1.0]]}, {"class": "Cookies", "pose": [[-0.15865122243985458, 0.8576790335215663, -0.4890976272672028, -4.101538126526405], [0.502138497555352, 0.4966134566566295, 0.7079774167883909, -16.434504462754134], [0.8501098914102486, -0.13327322007398243, -0.5094620020255987, 46.739926128060695], [0.0, 0.0, 0.0, 1.0]]}]}