{"camera": {"camera": "RealSense D415", "extrinsics": [[-0.8040164, -0.58629715, 0.09906173, 0.5426851], [-0.5365701, 0.64361024, -0.5457641, 0.029192971], [0.25622278, -0.49195683, -0.8320627, 0.00028381462], [0.0, 0.0, 0.0, 1.0]], "height": 480, "intrinsics": [[598.36957, 0.0, 326.28275], [0.0, 599.1431, 245.73769], [0.0, 0.0, 1.0]], "width": 640}, "objects": [{"class": "OrangeJuice", "pose": [[-0.08169039423755374, -0.22072345361950563, 0.9719093367957928, 13.403030268643478], [0.5321886625759299, -0.8341667054397981, -0.14471050292194018, -0.43004611907046486], [0.8426754756172482, 0.5054176654911667, 0.18560995863535432, 42.913839696395975], [0.0, 0.0, 0.0, 1.0]]}, {"class": "Peaches", "pose": [[0.7555601294284202, 0.13667765770500212, -0.6406621817632392, 3.500387097060087], [0.5950658956903558, -0.5521270805072778, 0.583996799178996, 6.388467305195186], [-0.27390759944110166, -0.822480974425159, -0.4984974465521083, 38.75527965327003], [0.0, 0.0, 0.0, 1.0]]}, {"class": "Butter", "pose": [[0.5738509220419613, 0.14819633258726866, -0.8054395624244692, 2.629693700201541], [0.7455349741252986, -0.5015525549111699, 0.4388879489261832, -4.267859157147859], [-0.3389286633523718, -0.8523396793300192, -0.3983019743105578, 45.08713704455413], [0.0, 0.0, 0.0, 1.0]]}, {"class": "TomatoSauce", "pose": [[0.8408966620927739, 0.11205089939003393, -0.5294689056652531, -7.7785807102986215], [0.48900146414379786, -0.5764935733624976, 0.6546241078905688, -9.076745909443934], [-0.23188417440808012, -0.8093823603486089, -0.5395645975761476, 45.18359705900625], [0.0, 0.0, 0.0, 1.0]]}, {"class": "Cookies", "pose": [[-0.09761273077458778, 0.8719269512585632, -0.4798073247658079, 0.6011226808404713], [0.5086208591263008, 0.45810029017359055, 0.7290054461381341, -15.79850405874332], [0.8554394344446016, -0.17287977132622032, -0.4881966706207735, 47.45862212661151], [0.0, 0.0, 0.0, 1.0]]}]}