{"camera": {"camera": "RealSense D415", "extrinsics": [[-0.815831, -0.5730715, 0.0775167, 0.54125637], [-0.5144524, 0.6579997, -0.5498864, 0.01150961], [0.26411825, -0.48849306, -0.8316346, -0.0031129443], [0.0, 0.0, 0.0, 1.0]], "height": 480, "intrinsics": [[598.36957, 0.0, 326.28275], [0.0, 599.1431, 245.73769], [0.0, 0.0, 1.0]], "width": 640}, "objects": [{"class": "OrangeJuice", "pose": [[-0.060424294813703136, -0.23859265078124417, 0.9692380675126928, 13.546886848937351], [0.5358746607669731, -0.826971801984391, -0.17016417322062785, -1.022481228668368], [0.842132584521897, 0.5091081021932846, 0.17782501402191392, 42.92074646277689], [0.0, 0.0, 0.0, 1.0]]}, {"class": "Peaches", "pose": [[0.7688017367513246, 0.11502908545079393, -0.6290565785323272, 3.7946361463022438], [0.5741819281071495, -0.5572294057565135, 0.599841947493414, 6.048893964821408], [-0.28152953356529914, -0.8223525573797976, -0.49444663852198156, 38.82961551441458], [0.0, 0.0, 0.0, 1.0]]}, {"class": "Butter", "pose": [[0.590621523286537, 0.12763845541670601, -0.7967901987699274, 2.693861118186569], [0.7293046448776173, -0.5070398943941535, 0.4593747268080672, -4.567668613920562], [-0.34537053244803645, -0.8524195030070759, -0.39255607427984135, 45.1923743379713], [0.0, 0.0, 0.0, 1.0]]}, {"class": "TomatoSauce", "pose": [[0.8516353800517444, 0.08987346094826235, -0.5163718818715766, -7.837516182064519], [0.46596780626775364, -0.5809050155201346, 0.6674003488483179, -9.097495382701958], [-0.23998141042419707, -0.8089945301988686, -0.5365974822931942, 45.386374850738406], [0.0, 0.0, 0.0, 1.0]]}, {"class": "Cookies", "pose": [[-0.076860441990205, 0.882326543147314, -0.4643192044715299, 0.3791534250368489], [0.5127650000698123, 0.43437045981246963, 0.7405364390244398, -16.035398310573864], [0.855081614991861, -0.18116864426429755, -0.4858121440254644, 47.606520096535824], [0.0, 0.0, 0.0, 1.0]]}]}