{"camera": {"camera": "RealSense D415", "extrinsics": [[-0.8544209, -0.5137132, 0.077869475, 0.5271478], [-0.46599686, 0.69136286, -0.5521452, -0.02816103], [0.22980823, -0.50805134, -0.83010364, 0.019244494], [0.0, 0.0, 0.0, 1.0]], "height": 480, "intrinsics": [[598.36957, 0.0, 326.28275], [0.0, 599.1431, 245.73769], [0.0, 0.0, 1.0]], "width": 640}, "objects": [{"class": "OrangeJuice", "pose": [[-0.06205710814018992, -0.30665198199766924, 0.9497965210890689, 10.40323970514439], [0.5371352449312949, -0.8123285091500076, -0.2271740566085627, -2.668775864458894], [0.8412102653457854, 0.49607145647048034, 0.21512438104858908, 43.51868138643736], [0.0, 0.0, 0.0, 1.0]]}, {"class": "Peaches", "pose": [[0.8117040424554988, 0.11449021399538954, -0.5727377170812267, 1.2521627739476293], [0.5284176496444954, -0.5616972353501886, 0.6366089329136156, 4.9706637288412185], [-0.2488197033809829, -0.8193828584626728, -0.5164306209321361, 39.07516421028922], [0.0, 0.0, 0.0, 1.0]]}, {"class": "Butter", "pose": [[0.645599222465411, 0.13120202606052184, -0.7523214914625197, -0.720433073994331], [0.6938566781160483, -0.5122877204440418, 0.5060870793028366, -5.57306082305335], [-0.3190054233906108, -0.8487328137111466, -0.4217680055987475, 45.34784733514933], [0.0, 0.0, 0.0, 1.0]]}, {"class": "TomatoSauce", "pose": [[0.8863357333613708, 0.08748009253927191, -0.45470447037916784, -11.499049644264725], [0.415450929603468, -0.5838736628205883, 0.697489785643739, -9.475831858687982], [-0.2044734935727555, -0.8071176109278709, -0.5538518324657281, 45.1097760454767], [0.0, 0.0, 0.0, 1.0]]}, {"class": "Cookies", "pose": [[-0.0803202280241097, 0.9127726564257209, -0.4004930621851115, -3.797998197744168], [0.5150115159083231, 0.3820075548711927, 0.767354739754965, -16.888665040017436], [0.8534118989411397, -0.14462442500951406, -0.5007714111306215, 47.62391843010901], [0.0, 0.0, 0.0, 1.0]]}]}