{"camera": {"camera": "RealSense D415", "extrinsics": [[-0.89388984, -0.4406591, 0.082343586, 0.52074474], [-0.41445524, 0.74236465, -0.5264234, -0.0835167], [0.17084429, -0.50469226, -0.84622574, 0.04698816], [0.0, 0.0, 0.0, 1.0]], "height": 480, "intrinsics": [[598.36957, 0.0, 326.28275], [0.0, 599.1431, 245.73769], [0.0, 0.0, 1.0]], "width": 640}, "objects": [{"class": "OrangeJuice", "pose": [[-0.06813719866128412, -0.38430760485109894, 0.9206871943994559, 7.8434760034730155], [0.5099855220306708, -0.8065698701076772, -0.29893102748152417, -6.790835437019381], [0.8574801405652406, 0.4491688328439261, 0.25094876634468744, 44.21527863492877], [0.0, 0.0, 0.0, 1.0]]}, {"class": "Peaches", "pose": [[0.8564158799137264, 0.11766822042961905, -0.5026986706283052, -0.5467531722941454], [0.48027945499398667, -0.5388257173137369, 0.6920971309791645, 1.6078062846334895], [-0.18942911991326816, -0.8341589366512495, -0.5179725785462248, 39.641991246492395], [0.0, 0.0, 0.0, 1.0]]}, {"class": "Butter", "pose": [[0.7053775161442858, 0.13906902293607645, -0.6950556017302923, -3.525941131546395], [0.6590489802025495, -0.4896632438303259, 0.5708627650960536, -8.992280832753481], [-0.2609538449945974, -0.8607495654254533, -0.43705078834674105, 45.40136679145036], [0.0, 0.0, 0.0, 1.0]]}, {"class": "TomatoSauce", "pose": [[0.9210724291196755, 0.08866629686345211, -0.37916195884481596, -14.514669317957784], [0.36098386007371375, -0.5595278764359505, 0.7460691358680683, -12.139583594351823], [-0.14600048173922195, -0.8240551786364468, -0.5473728501546701, 44.50180446347072], [0.0, 0.0, 0.0, 1.0]]}, {"class": "Cookies", "pose": [[-0.0884156872735201, 0.9422099039329603, -0.32314561128619645, -7.458124302574342], [0.48874130170106406, 0.3237157572288476, 0.8101481319924609, -20.145010488534137], [0.8679370424787004, -0.0863047799800368, -0.4891184830263559, 47.08937280595624], [0.0, 0.0, 0.0, 1.0]]}]}