{"camera": {"camera": "RealSense D415", "extrinsics": [[-0.9039302, -0.42188942, 0.0701395, 0.5196633], [-0.40016875, 0.77646124, -0.48679867, -0.09565133], [0.15091461, -0.46809965, -0.8706937, 0.04113195], [0.0, 0.0, 0.0, 1.0]], "height": 480, "intrinsics": [[598.36957, 0.0, 326.28275], [0.0, 599.1431, 245.73769], [0.0, 0.0, 1.0]], "width": 640}, "objects": [{"class": "OrangeJuice", "pose": [[-0.05635012930884802, -0.40435548288190076, 0.9128643450045734, 7.752898706424705], [0.4694928324081206, -0.8176518127018689, -0.33319957416258505, -8.830090434137155], [0.8811363082007491, 0.40980745043396605, 0.2359168181797264, 43.67328271563965], [0.0, 0.0, 0.0, 1.0]]}, {"class": "Peaches", "pose": [[0.8680975103027131, 0.10513901311621758, -0.485131432209448, -0.424935754889022], [0.4677132743447462, -0.5006321981385315, 0.7284309561709206, -0.01706126709217215], [-0.16628590137964222, -0.8592515548406396, -0.48377251851173375, 39.51375965099109], [0.0, 0.0, 0.0, 1.0]]}, {"class": "Butter", "pose": [[0.7215495605452865, 0.12776171581620022, -0.6804727633337071, -3.6680963369862485], [0.6533802432649792, -0.4507826330901667, 0.6081852005225641, -10.80666783050101], [-0.22904252467538078, -0.8834432698901149, -0.4087390315801358, 44.755335916612935], [0.0, 0.0, 0.0, 1.0]]}, {"class": "TomatoSauce", "pose": [[0.929772116619726, 0.07562950929767288, -0.3602832142499477, -14.729913782018722], [0.34490909454095203, -0.5210804647333271, 0.7807130256986994, -13.636318225151129], [-0.12869159550954304, -0.8501502041341101, -0.5105714336082816, 43.708359801781924], [0.0, 0.0, 0.0, 1.0]]}, {"class": "Cookies", "pose": [[-0.07715241897801019, 0.9499380367149907, -0.30276267378644606, -7.87401115377947], [0.4482722348371018, 0.30429391522696064, 0.840510070938699, -21.928082899739497], [0.8905613734054427, -0.07087270508472945, -0.449307895582821, 45.90390958020977], [0.0, 0.0, 0.0, 1.0]]}]}