{"camera": {"camera": "RealSense D415", "extrinsics": [[-0.93857723, -0.34109426, 0.05222522, 0.537472], [-0.31285778, 0.77731055, -0.54580975, -0.11715008], [0.14557734, -0.5286237, -0.83628, 0.06916387], [0.0, 0.0, 0.0, 1.0]], "height": 480, "intrinsics": [[598.36957, 0.0, 326.28275], [0.0, 599.1431, 245.73769], [0.0, 0.0, 1.0]], "width": 640}, "objects": [{"class": "OrangeJuice", "pose": [[-0.040254534598472703, -0.4837394955854807, 0.8742857770181001, 8.688457802932609], [0.5281196929240287, -0.7530867525554881, -0.3923644149632658, -4.757591731948634], [0.8482153001223468, 0.44593311501449545, 0.2857875831425917, 44.88574607614983], [0.0, 0.0, 0.0, 1.0]]}, {"class": "Peaches", "pose": [[0.9090735847304675, 0.08558950265377904, -0.40774943485179455, 1.4096437048487398], [0.3820301802720796, -0.5617520073892291, 0.7338170920697231, 4.42182215228218], [-0.16624699857375483, -0.822866418920701, -0.5433717633301356, 39.925371535493404], [0.0, 0.0, 0.0, 1.0]]}, {"class": "Butter", "pose": [[0.7806792067328748, 0.11303839168014254, -0.6146236614567269, -2.884916343112276], [0.574864758729682, -0.5156185865763753, 0.6353486313874073, -5.701025589058803], [-0.24509258546884696, -0.8493290443835029, -0.4675145773357862, 45.712643532335825], [0.0, 0.0, 0.0, 1.0]]}, {"class": "TomatoSauce", "pose": [[0.9589903644138849, 0.05420428349111404, -0.2782073393239573, -14.114898157613954], [0.2571750658437892, -0.5790410906258425, 0.7736745452276962, -7.659355406308455], [-0.11915697452280022, -0.8134945197277202, -0.5692348925550809, 44.48003237804707], [0.0, 0.0, 0.0, 1.0]]}, {"class": "Cookies", "pose": [[-0.0630423641913819, 0.9740226619883736, -0.21749818686927289, -8.054308343379068], [0.5093569781658758, 0.21881281253069212, 0.8322717842894485, -16.336131021533944], [0.8582430681569959, -0.058315798388938224, -0.509919782637803, 47.40578264345033], [0.0, 0.0, 0.0, 1.0]]}]}