{"camera": {"camera": "RealSense D415", "extrinsics": [[-0.9783517, -0.14002791, 0.1523815, 0.6245101], [-0.20689848, 0.678106, -0.7052413, -0.21813254], [-0.004577337, -0.7215015, -0.6923977, 0.09669102], [0.0, 0.0, 0.0, 1.0]], "height": 480, "intrinsics": [[603.75165, 0.0, 326.28275], [0.0, 603.20245, 245.73769], [0.0, 0.0, 1.0]], "width": 640}, "objects": [{"class": "ChocolatePudding", "pose": [[0.9000834288218945, 0.13386308057110932, 0.4146449390788141, 9.605320254315696], [-0.17333870925352313, -0.7630816142140244, 0.6226236084239766, 2.754013767935659], [0.39975423618757355, -0.6322871980790389, -0.6636334749420366, 28.81105615208903], [0.0, 0.0, 0.0, 1.0]]}, {"class": "MacaroniAndCheese", "pose": [[0.18245321429575792, 0.9550111990663751, 0.23380411231282971, 3.4125650983146905], [-0.6801065669869837, 0.2943143157157953, -0.6714418492691493, -7.029939831240284], [-0.7100463717642829, -0.036505003161741885, 0.7032079876940635, 31.604188876105464], [0.0, 0.0, 0.0, 1.0]]}, {"class": "Milk", "pose": [[0.18469150679338367, 0.9662711494192368, 0.1794687766767701, -4.800910054154494], [0.6923809976933503, 0.0016715998360222343, -0.7215301626621035, -15.982152036241931], [-0.6974937910246406, 0.2575212528984277, -0.6687190404466546, 42.171681929818845], [0.0, 0.0, 0.0, 1.0]]}, {"class": "Ketchup", "pose": [[0.8078451987711318, 0.15578294659100428, 0.5684344615321045, -10.108015345900057], [-0.287727877927387, -0.7374729176300276, 0.6110207687711678, -7.816432604141002], [0.514391631632693, -0.6571646235447056, -0.5509408735388908, 27.456043790015798], [0.0, 0.0, 0.0, 1.0]]}, {"class": "OrangeJuice", "pose": [[-0.7571122682895113, -0.6357030313681026, -0.1505410169965494, 15.819293713651494], [0.3814886730759043, -0.6172862098047813, 0.6880582412439263, -6.597637904708425], [-0.5303276005564556, 0.463507658401496, 0.7098684567998421, 38.31069063710446], [0.0, 0.0, 0.0, 1.0]]}]}