{"camera": {"camera": "RealSense D415", "extrinsics": [[-0.9662562, -0.21189322, 0.14645882, 0.5411855], [-0.25757524, 0.79920995, -0.5430639, -0.1489941], [-0.0019797906, -0.56246305, -0.8268201, 0.15398605], [0.0, 0.0, 0.0, 1.0]], "height": 480, "intrinsics": [[598.36957, 0.0, 326.28275], [0.0, 599.1431, 245.73769], [0.0, 0.0, 1.0]], "width": 640}, "objects": [{"class": "OrangeJuice", "pose": [[-0.13746953577748, -0.588183906135867, 0.7969578044075215, 4.31588629373072], [0.5246268372650809, -0.7257062785132311, -0.44510332017232324, -5.507413216106198], [0.8401600504540095, 0.3569173437926953, 0.4083396231524872, 46.250725021907215], [0.0, 0.0, 0.0, 1.0]]}, {"class": "Peaches", "pose": [[0.9442531431741005, 0.17643730998150992, -0.27794927588051643, -1.5881471597312902], [0.32849249870278235, -0.5610316557589637, 0.7598263263490364, 4.1156344478236875], [-0.021876623033098206, -0.8087728034588904, -0.5877143134764975, 40.38664586349636], [0.0, 0.0, 0.0, 1.0]]}, {"class": "Butter", "pose": [[0.8405838264528332, 0.21018394476091382, -0.49924088652756915, -7.284438360335111], [0.529047367294977, -0.5164511627147622, 0.6733401565104621, -5.768694706203122], [-0.1163082495465616, -0.8301210785685972, -0.5453178289023338, 45.312101417928744], [0.0, 0.0, 0.0, 1.0]]}, {"class": "TomatoSauce", "pose": [[0.979197088979317, 0.14305220041261726, -0.14390639875181974, -18.29314568413508], [0.20062854986139445, -0.576486277549841, 0.7920932037695755, -7.051410961456694], [0.030350622879795626, -0.8044872455668931, -0.593194116564074, 42.37443600359823], [0.0, 0.0, 0.0, 1.0]]}, {"class": "Cookies", "pose": [[-0.1625545657947479, 0.9826244712842429, -0.08958283475545116, -13.254812774333924], [0.5071882945756757, 0.16108975216181645, 0.8466463324638999, -16.08872419278926], [0.8463664405602641, 0.09219088232336252, -0.5245615674303834, 46.05130475223059], [0.0, 0.0, 0.0, 1.0]]}]}