{"camera": {"camera": "RealSense D415", "extrinsics": [[-0.97547156, -0.15494862, 0.1563527, 0.5456579], [-0.21581255, 0.8131061, -0.5406324, -0.17840268], [-0.043361083, -0.56111443, -0.82660174, 0.16885267], [0.0, 0.0, 0.0, 1.0]], "height": 480, "intrinsics": [[598.36957, 0.0, 326.28275], [0.0, 599.1431, 245.73769], [0.0, 0.0, 1.0]], "width": 640}, "objects": [{"class": "OrangeJuice", "pose": [[-0.14869874801905672, -0.6323722715391192, 0.7602591349838764, 4.007699831368317], [0.5216950456326213, -0.7032802670548931, -0.4829400217787516, -6.62449651514227], [0.8400732078738723, 0.32481089624596, 0.43448242717179897, 45.841341180690144], [0.0, 0.0, 0.0, 1.0]]}, {"class": "Peaches", "pose": [[0.9574797994834351, 0.18479066471048264, -0.2215509052507688, -1.2414471947536199], [0.2878421578150655, -0.5600488644354202, 0.7768475274666532, 3.3008400635945288], [0.01947483139403188, -0.8075875833325646, -0.5894260925832392, 39.859515475488585], [0.0, 0.0, 0.0, 1.0]]}, {"class": "Butter", "pose": [[0.8663092388908107, 0.22123269486138492, -0.44784412147219843, -7.546139379316319], [0.49358966699273127, -0.516749282886575, 0.6995279398110557, -6.378083837724308], [-0.07666469723771772, -0.827058828707653, -0.5568629189332622, 44.43959232782378], [0.0, 0.0, 0.0, 1.0]]}, {"class": "TomatoSauce", "pose": [[0.9848291402108403, 0.15063349548075014, -0.08614565822627701, -18.47245271450214], [0.15808434968992247, -0.5740973193422262, 0.8033813077295662, -7.157709852505703], [0.07156014397923867, -0.8048116801135901, -0.5892006430538826, 41.05215373990504], [0.0, 0.0, 0.0, 1.0]]}, {"class": "Cookies", "pose": [[-0.17473159364259622, 0.9840843558794076, -0.032354450960299236, -13.974716020039924], [0.505289142739477, 0.11782400258990351, 0.8548685898694512, -16.439032863891644], [0.8450750192496167, 0.13302420633656095, -0.5178347852331739, 44.821053651296296], [0.0, 0.0, 0.0, 1.0]]}]}