{"camera": {"camera": "RealSense D415", "extrinsics": [[-0.98255044, -0.13107136, 0.13196568, 0.5614846], [-0.1814952, 0.8307904, -0.5261623, -0.19348171], [-0.040671017, -0.5409322, -0.8400823, 0.15656875], [0.0, 0.0, 0.0, 1.0]], "height": 480, "intrinsics": [[598.36957, 0.0, 326.28275], [0.0, 599.1431, 245.73769], [0.0, 0.0, 1.0]], "width": 640}, "objects": [{"class": "OrangeJuice", "pose": [[-0.1248674416733689, -0.6536932965860797, 0.7463867344524915, 6.2084869069517765], [0.5066663089314102, -0.6888028752842039, -0.5184975941741151, -7.1020772887481805], [0.8530518096673979, 0.3134256095196158, 0.417213510679, 45.260936873294824], [0.0, 0.0, 0.0, 1.0]]}, {"class": "Peaches", "pose": [[0.9668589398999311, 0.15985812722643197, -0.19907066798884548, 1.258973193876678], [0.254632737825203, -0.5469722236367969, 0.7974857115759341, 3.1328566317382514], [0.01859844816370839, -0.8217461717745721, -0.569550211195117, 39.55159931802045], [0.0, 0.0, 0.0, 1.0]]}, {"class": "Butter", "pose": [[0.8820858231372192, 0.19761808725364677, -0.4276349536331498, -5.3398310544796495], [0.46554789305199573, -0.5044916893410002, 0.7271541785832091, -6.43082124622821], [-0.07203948365632226, -0.8404970207274715, -0.5370057607842167, 43.95610421423538], [0.0, 0.0, 0.0, 1.0]]}, {"class": "TomatoSauce", "pose": [[0.9901315476262443, 0.12526189643746494, -0.0628405685399845, -16.310053555048654], [0.12283927504584859, -0.5599138677459392, 0.8193942140278404, -6.759628976184767], [0.06745358225429134, -0.819027423463392, -0.5697755786523677, 40.6375223504461], [0.0, 0.0, 0.0, 1.0]]}, {"class": "Cookies", "pose": [[-0.15140900509164773, 0.9884476488016319, -0.006820565516514283, -12.105155229991283], [0.4910413488679795, 0.08120189765132503, 0.8673433866065099, -16.27386338860086], [0.8578774544107757, 0.12797444406712366, -0.497663471687504, 44.15538735428529], [0.0, 0.0, 0.0, 1.0]]}]}