{"camera": {"camera": "RealSense D415", "extrinsics": [[-0.9877101, -0.10341573, 0.11719193, 0.5674971], [-0.14988525, 0.8392771, -0.52263594, -0.19887586], [-0.04430773, -0.53377813, -0.844463, 0.15122639], [0.0, 0.0, 0.0, 1.0]], "height": 480, "intrinsics": [[598.36957, 0.0, 326.28275], [0.0, 599.1431, 245.73769], [0.0, 0.0, 1.0]], "width": 640}, "objects": [{"class": "OrangeJuice", "pose": [[-0.11074535602829846, -0.6759216355758998, 0.7286050799316486, 7.153739832720824], [0.5028108255015797, -0.6704743715814546, -0.5455687852565182, -6.326425444415679], [0.857272890972899, 0.30593133212763524, 0.4141126713085789, 44.731808539120266], [0.0, 0.0, 0.0, 1.0]]}, {"class": "Peaches", "pose": [[0.9743955723894887, 0.14436803007520327, -0.17236906399817634, 2.544380824175174], [0.22367575942898957, -0.5444809976383267, 0.8083993483978327, 4.110352655263483], [0.022855347937611376, -0.8262556368442776, -0.5628315465274314, 39.1037045675127], [0.0, 0.0, 0.0, 1.0]]}, {"class": "Butter", "pose": [[0.8965602704376915, 0.18349881405775748, -0.4031225874789542, -4.364426729833504], [0.4379655271042551, -0.5030549395396843, 0.7450649860974646, -5.277856240547766], [-0.06607426583427672, -0.8445495728398883, -0.5313852693885778, 43.409250161980076], [0.0, 0.0, 0.0, 1.0]]}, {"class": "TomatoSauce", "pose": [[0.9933661766104995, 0.10937283966798676, -0.035513024833639675, -15.331767821884712], [0.0907840194199455, -0.5563427735899595, 0.8259787459296926, -5.229338618263232], [0.07058223476690989, -0.8237234736320359, -0.5625814440911004, 40.065307074064535], [0.0, 0.0, 0.0, 1.0]]}, {"class": "Cookies", "pose": [[-0.13777989640303503, 0.9902222646434535, 0.021829351231700052, -11.438686850985924], [0.48799318885971954, 0.04868766080846852, 0.8714884210056498, -14.902829470291445], [0.8619045302491732, 0.1307261735423396, -0.4899299362150453, 43.50691848165015], [0.0, 0.0, 0.0, 1.0]]}]}