{"camera": {"camera": "RealSense D415", "extrinsics": [[-0.9911456, 0.11570824, 0.06513088, 0.57864434], [0.063028656, 0.84172595, -0.5362134, -0.28964493], [-0.11686666, -0.52736044, -0.8415659, 0.1988702], [0.0, 0.0, 0.0, 1.0]], "height": 480, "intrinsics": [[598.36957, 0.0, 326.28275], [0.0, 599.1431, 245.73769], [0.0, 0.0, 1.0]], "width": 640}, "objects": [{"class": "OrangeJuice", "pose": [[-0.06397660092617033, -0.8229530258976339, 0.5644955987795014, 10.239632900335216], [0.5154812290316391, -0.5116006341280908, -0.6874182462253597, -5.169171893508115], [0.8545092976520146, 0.24700823468202115, 0.4569473427704903, 46.079180830963104], [0.0, 0.0, 0.0, 1.0]]}, {"class": "Peaches", "pose": [[0.9953478618724795, 0.08566813006963518, 0.04408599208166985, 8.365933745380183], [0.011891301137038148, -0.5633132210245194, 0.8261578321023386, 6.003809110005021], [0.09560961586460243, -0.8217902547481519, -0.5617113675142011, 40.29110374629901], [0.0, 0.0, 0.0, 1.0]]}, {"class": "Butter", "pose": [[0.9713155310922349, 0.13390586987851677, -0.1965078278660991, -0.6680787625518603], [0.2377512034888319, -0.5311446023812211, 0.8132402647242011, -1.7019454227264474], [0.0045235612452778655, -0.8366329369576319, -0.5477453313637518, 43.95385991213798], [0.0, 0.0, 0.0, 1.0]]}, {"class": "TomatoSauce", "pose": [[0.9822365784145146, 0.04886595716624723, 0.18117227049506604, -11.103325954088161], [-0.12196551036143147, -0.5674792351659614, 0.8143044169753176, 0.6696738705261107], [0.14260326822418018, -0.8219364151456335, -0.5514389532747982, 39.837074679644026], [0.0, 0.0, 0.0, 1.0]]}, {"class": "Cookies", "pose": [[-0.09379856516143097, 0.9658822361373147, 0.24139864214531695, -9.606918530780462], [0.5067393698737341, -0.16239315398343307, 0.8466661834082346, -9.607025663638085], [0.8569813795039349, 0.20174227618939183, -0.4742183579543659, 43.404624362246224], [0.0, 0.0, 0.0, 1.0]]}]}