{"camera": {"camera": "RealSense D415", "extrinsics": [[-0.98101044, -0.09392274, 0.16969682, 0.6141174], [-0.18657123, 0.6960813, -0.6932979, -0.21872449], [-0.053006347, -0.71179307, -0.7003863, 0.14292882], [0.0, 0.0, 0.0, 1.0]], "height": 480, "intrinsics": [[603.75165, 0.0, 326.28275], [0.0, 603.20245, 245.73769], [0.0, 0.0, 1.0]], "width": 640}, "objects": [{"class": "ChocolatePudding", "pose": [[0.8775051096329757, 0.1473475806413506, 0.4563697960972328, 8.245895623441601], [-0.20031759740334096, -0.7520138723034696, 0.6279713145772505, 3.363479544518866], [0.4357265096452365, -0.6424669358632861, -0.6303797730336983, 31.589492100601678], [0.0, 0.0, 0.0, 1.0]]}, {"class": "MacaroniAndCheese", "pose": [[0.20102312838560452, 0.9612705652193568, 0.18854315166452762, 1.7425132171577595], [-0.6684167399951577, 0.27530545601426715, -0.6909601605600779, -6.348283205545963], [-0.7161066288063379, 0.012873561610715505, 0.6978721807940723, 33.88410251397713], [0.0, 0.0, 0.0, 1.0]]}, {"class": "Milk", "pose": [[0.22959539900892195, 0.9534779051882748, 0.19536057640778892, -7.1145535325665925], [0.7031537765714985, -0.023712541694561926, -0.7106422853713459, -15.352916391516066], [-0.6729492996338174, 0.30052874681573744, -0.6758858820798928, 43.87130174970786], [0.0, 0.0, 0.0, 1.0]]}, {"class": "Ketchup", "pose": [[0.7779503099283854, 0.17086828913891938, 0.604646393185089, -11.589369856165543], [-0.315203259764074, -0.7263369544412668, 0.6108039861897374, -6.767631215585543], [0.5435441025242868, -0.6657616647794371, -0.5111958797333731, 29.117886339185905], [0.0, 0.0, 0.0, 1.0]]}, {"class": "OrangeJuice", "pose": [[-0.7247201381902452, -0.6680003227676964, -0.16898582137692883, 13.839211259466655], [0.40821848935009164, -0.6138168869014915, 0.6757118248228876, -6.3146169678643975], [-0.5551021241890252, 0.4207188876411382, 0.7175355478567126, 41.14769208963423], [0.0, 0.0, 0.0, 1.0]]}]}