{"camera": {"camera": "RealSense D415", "extrinsics": [[-0.9835479, 0.15689823, 0.08953435, 0.5888037], [0.08765453, 0.84787464, -0.5229009, -0.30415285], [-0.15795612, -0.50645, -0.8476782, 0.24134947], [0.0, 0.0, 0.0, 1.0]], "height": 480, "intrinsics": [[598.36957, 0.0, 326.28275], [0.0, 599.1431, 245.73769], [0.0, 0.0, 1.0]], "width": 640}, "objects": [{"class": "OrangeJuice", "pose": [[-0.08939733263846167, -0.8439317375414727, 0.5289491525569094, 10.706435860919733], [0.5019266625129846, -0.49688220504724806, -0.707939071446406, -5.9962442523391335], [0.8602777808543901, 0.20220586607449828, 0.46801181944443615, 48.69814454307878], [0.0, 0.0, 0.0, 1.0]]}, {"class": "Peaches", "pose": [[0.9903154428804969, 0.108596276137792, 0.08649878094358823, 9.331198177417082], [-0.012493022580125374, -0.5508010333203165, 0.8345430936713373, 5.315195223631592], [0.13827187543460656, -0.8275416505381734, -0.5441101365851765, 43.04056940523364], [0.0, 0.0, 0.0, 1.0]]}, {"class": "Butter", "pose": [[0.9752248341636286, 0.1581275259739407, -0.15469995172331633, -0.020256941983076704], [0.2154007248838064, -0.5194897281396997, 0.8268814783215968, -2.244607366548351], [0.0503876631164257, -0.8397179430511696, -0.5406801227805224, 46.17226010751959], [0.0, 0.0, 0.0, 1.0]]}, {"class": "TomatoSauce", "pose": [[0.9722385005539541, 0.07175173236078572, 0.22271922603838437, -10.213288242829044], [-0.1468096500512224, -0.5541226359709452, 0.8193870026250633, 0.435586118476905], [0.18220619183486053, -0.8293370274149893, -0.5282055795444506, 41.65722442375431], [0.0, 0.0, 0.0, 1.0]]}, {"class": "Cookies", "pose": [[-0.11948380058802763, 0.9524597035352214, 0.2802570271053909, -9.099314211977783], [0.4938263826414127, -0.18787184805784285, 0.8490227921728992, -9.932858554652324], [0.8613125125015995, 0.23984278150258076, -0.44790214513403526, 45.096937118874834], [0.0, 0.0, 0.0, 1.0]]}]}