{"camera": {"camera": "RealSense D415", "extrinsics": [[-0.95542127, 0.2621286, 0.13586298, 0.5402315], [0.15009555, 0.8274984, -0.541034, -0.317519], [-0.25424686, -0.49652296, -0.8299539, 0.29533714], [0.0, 0.0, 0.0, 1.0]], "height": 480, "intrinsics": [[598.36957, 0.0, 326.28275], [0.0, 599.1431, 245.73769], [0.0, 0.0, 1.0]], "width": 640}, "objects": [{"class": "OrangeJuice", "pose": [[-0.13836415877381805, -0.8911561316100882, 0.43208333247589015, 5.451221679627344], [0.5202987993781849, -0.4366310771746421, -0.7339226703503904, -3.8100039508153216], [0.8427007585569087, 0.12326390054902885, 0.5240815741855223, 49.037209908522485], [0.0, 0.0, 0.0, 1.0]]}, {"class": "Peaches", "pose": [[0.9691215099254099, 0.1509557463334261, 0.1949763041800958, 5.397546519334267], [-0.07586832415163855, -0.5698132034910125, 0.8182645872583344, 7.4767184702531075], [0.23462178211436602, -0.8077903956838351, -0.5407655222461588, 43.16736215026399], [0.0, 0.0, 0.0, 1.0]]}, {"class": "Butter", "pose": [[0.9780363662841238, 0.20343354468002678, -0.04538233871870619, -4.702199832435328], [0.15110489677948713, -0.5420479738676237, 0.8266506689276797, 0.6034196058683716], [0.14356903156306636, -0.8153519711755125, -0.5608824746129744, 45.43908042576186], [0.0, 0.0, 0.0, 1.0]]}, {"class": "TomatoSauce", "pose": [[0.9378478950433803, 0.11431939813085282, 0.32767712540946764, -14.205015912936902], [-0.20798045360085637, -0.5707151403382481, 0.7943729500379471, 3.8810568137077506], [0.27782250739113956, -0.8131514927086003, -0.5114678468334042, 39.92360646878113], [0.0, 0.0, 0.0, 1.0]]}, {"class": "Cookies", "pose": [[-0.16888669939539722, 0.9098462698323024, 0.3790210358047256, -14.132006124773678], [0.5142264564526553, -0.24672504281156435, 0.8213999811158348, -6.482658828498932], [0.8408617514160265, 0.33362615436508486, -0.4261984962207892, 43.552004683609], [0.0, 0.0, 0.0, 1.0]]}]}