{"camera": {"camera": "RealSense D415", "extrinsics": [[-0.9338471, 0.32396168, 0.15158615, 0.5207805], [0.19284976, 0.81298673, -0.5494193, -0.3314611], [-0.30122828, -0.48384026, -0.82168126, 0.3099134], [0.0, 0.0, 0.0, 1.0]], "height": 480, "intrinsics": [[598.36957, 0.0, 326.28275], [0.0, 599.1431, 245.73769], [0.0, 0.0, 1.0]], "width": 640}, "objects": [{"class": "OrangeJuice", "pose": [[-0.15566097131977621, -0.9152446064196303, 0.37161384913041495, 3.9384872898885925], [0.5288624925245405, -0.3949572258784924, -0.7512078506693822, -2.9452398595416094], [0.8343106029178947, 0.07959895391045149, 0.5455179653289002, 48.04590313813346], [0.0, 0.0, 0.0, 1.0]]}, {"class": "Peaches", "pose": [[0.9518894275007347, 0.16423252541695368, 0.25871620715652865, 4.69198307684981], [-0.11939281385999227, -0.5787862562023325, 0.8066918908791025, 8.312700144504431], [0.28222637438499104, -0.7987704314925688, -0.5313323794727028, 42.168904102419276], [0.0, 0.0, 0.0, 1.0]]}, {"class": "Butter", "pose": [[0.9756848176034765, 0.21823798083676774, 0.020278088083532722, -5.812179755082036], [0.10663286630324809, -0.5534782509848677, 0.8260092243376591, 1.916615390042653], [0.1914900051492074, -0.8037624462518935, -0.5632916953271813, 43.94667596172257], [0.0, 0.0, 0.0, 1.0]]}, {"class": "TomatoSauce", "pose": [[0.9124959936751168, 0.12790183159605034, 0.38857697234807637, -14.871444697389757], [-0.24979124347523268, -0.578027273194989, 0.7768454075979838, 5.6077727217048565], [0.32396798461059323, -0.8059315382170567, -0.4954988665535773, 37.965710895387446], [0.0, 0.0, 0.0, 1.0]]}, {"class": "Cookies", "pose": [[-0.18630245037613485, 0.8800320094822435, 0.43684658600984244, -15.452924874673712], [0.5241881652396648, -0.2870288894831855, 0.8017737618586304, -4.736403939379469], [0.8309742616959506, 0.37836217944086314, -0.4078282281415449, 41.60399192087043], [0.0, 0.0, 0.0, 1.0]]}]}