{"camera": {"camera": "RealSense D415", "extrinsics": [[-0.9015978, 0.41361994, 0.12664884, 0.5540845], [0.29504454, 0.8021081, -0.51920253, -0.3696656], [-0.3163386, -0.4307448, -0.84521526, 0.286527], [0.0, 0.0, 0.0, 1.0]], "height": 480, "intrinsics": [[598.36957, 0.0, 326.28275], [0.0, 599.1431, 245.73769], [0.0, 0.0, 1.0]], "width": 640}, "objects": [{"class": "OrangeJuice", "pose": [[-0.13302357033150566, -0.950057206167955, 0.28230471685170405, 9.749306934284057], [0.4985123688535647, -0.3103197721247621, -0.8094362075268499, -3.254329527816513], [0.8566155592410541, 0.033058318866717985, 0.5148951502808177, 45.94710102557317], [0.0, 0.0, 0.0, 1.0]]}, {"class": "Peaches", "pose": [[0.9269897927765907, 0.1357613043725858, 0.34965513114380753, 11.7356265827673], [-0.22275513583426818, -0.5507480682615068, 0.8043983041333973, 8.163804214198805], [0.3017780605575581, -0.8235566126334377, -0.4802963590500386, 40.70030817599862], [0.0, 0.0, 0.0, 1.0]]}, {"class": "Butter", "pose": [[0.9746058865682095, 0.19201644995621256, 0.11520836438787274, 0.6308197327464682], [0.004296416387152049, -0.5304308612593988, 0.8477172636892835, 2.706271885744954], [0.22388573556522115, -0.8256953725352763, -0.5177860694795813, 41.84329335288732], [0.0, 0.0, 0.0, 1.0]]}, {"class": "TomatoSauce", "pose": [[0.8743240302238185, 0.0999107467448121, 0.4749476300290309, -7.846920315654959], [-0.35078915901607916, -0.5462040627828921, 0.7606628718711456, 7.532382783832819], [0.3354167326182999, -0.8316724266550006, -0.44251177926051644, 35.81805852110308], [0.0, 0.0, 0.0, 1.0]]}, {"class": "Cookies", "pose": [[-0.16384148295424752, 0.8367879529287418, 0.522438330053223, -9.504259598225605], [0.49692472777832103, -0.38748795297494476, 0.7764784724309712, -2.8807477414365454], [0.8521865126170195, 0.3868319277352175, -0.3523340630157139, 38.88353255855946], [0.0, 0.0, 0.0, 1.0]]}]}