{"camera": {"camera": "RealSense D415", "extrinsics": [[-0.89595956, 0.42011943, 0.1440699, 0.5527329], [0.288596, 0.7972735, -0.53015774, -0.36231196], [-0.3375927, -0.4334219, -0.8355696, 0.30778557], [0.0, 0.0, 0.0, 1.0]], "height": 480, "intrinsics": [[598.36957, 0.0, 326.28275], [0.0, 599.1431, 245.73769], [0.0, 0.0, 1.0]], "width": 640}, "objects": [{"class": "OrangeJuice", "pose": [[-0.1506186802678801, -0.9498433207028286, 0.27406500622100166, 9.215752953641449], [0.5096065801736389, -0.3121543168669681, -0.801785940905204, -2.4014593044263677], [0.8471216590384112, 0.018901420005966896, 0.5310627240881172, 46.735385063848895], [0.0, 0.0, 0.0, 1.0]]}, {"class": "Peaches", "pose": [[0.9214711512341949, 0.15283086250797334, 0.3571184583195499, 11.278244333980103], [-0.21644650863815731, -0.5613884115418789, 0.7987451655021396, 8.95022655114931], [0.32255508209713707, -0.8133177309626975, -0.48422357782446496, 41.37502756002457], [0.0, 0.0, 0.0, 1.0]]}, {"class": "Butter", "pose": [[0.9700898832952277, 0.20907263223606054, 0.12334585985134437, 0.16529821831722247], [0.009657248308064456, -0.5409651825887957, 0.8409894695595093, 3.4815448391147807], [0.24255369241894614, -0.8146442568757017, -0.5268039738265969, 42.376904698571074], [0.0, 0.0, 0.0, 1.0]]}, {"class": "TomatoSauce", "pose": [[0.8684434494067441, 0.1171339173557217, 0.4817526013959331, -8.204972011312462], [-0.34414634944105793, -0.5570404349993696, 0.7558234734845848, 8.206006036156749], [0.356888254252434, -0.8221834037189214, -0.44344696462140865, 36.12511117216683], [0.0, 0.0, 0.0, 1.0]]}, {"class": "Cookies", "pose": [[-0.18134181870454452, 0.830001316288209, 0.5274589160428519, -9.898607821690153], [0.5078850267830923, -0.3802448089350692, 0.7729596134182358, -2.1691614041490723], [0.8421210753675037, 0.40805840463761667, -0.35259100758897094, 39.297600236249295], [0.0, 0.0, 0.0, 1.0]]}]}