{"camera": {"camera": "RealSense D415", "extrinsics": [[-0.9836325, -0.03678842, 0.17639092, 0.6022446], [-0.14731638, 0.7278808, -0.66969204, -0.24260025], [-0.10375464, -0.68471617, -0.72138673, 0.18496968], [0.0, 0.0, 0.0, 1.0]], "height": 480, "intrinsics": [[603.75165, 0.0, 326.28275], [0.0, 603.20245, 245.73769], [0.0, 0.0, 1.0]], "width": 640}, "objects": [{"class": "ChocolatePudding", "pose": [[0.8492128812828488, 0.14936841431149722, 0.5064844924723354, 7.263519193688495], [-0.25087720099403427, -0.7298679434745101, 0.6358878976575214, 2.216410174731273], [0.464648383012011, -0.667069588878795, -0.5823402021777225, 34.52098785254751], [0.0, 0.0, 0.0, 1.0]]}, {"class": "MacaroniAndCheese", "pose": [[0.20926234591431822, 0.9689006135318563, 0.13206382443968992, 0.3212464614067212], [-0.6453755520351605, 0.23830812861432635, -0.725740749819978, -7.331089830961016], [-0.7346425330726417, 0.0666394199469437, 0.6751737580984167, 36.1108470481132], [0.0, 0.0, 0.0, 1.0]]}, {"class": "Milk", "pose": [[0.2846888336897081, 0.9374633675163909, 0.20028650624250965, -9.293459441168839], [0.7212112443943607, -0.07181822723957278, -0.6889822105634639, -16.401628187836515], [-0.6315114379202954, 0.34059442556770075, -0.6965549571735464, 45.30638818954726], [0.0, 0.0, 0.0, 1.0]]}, {"class": "Ketchup", "pose": [[0.7408558876461118, 0.17481801917984738, 0.6485146073572546, -12.787953803083452], [-0.3662992448680442, -0.7041518670131205, 0.6082721550988925, -7.053369989306871], [0.5629897391215167, -0.6881924045943396, -0.45763941615374326, 30.753279790260713], [0.0, 0.0, 0.0, 1.0]]}, {"class": "OrangeJuice", "pose": [[-0.6838783011465754, -0.7077796885185813, -0.17708292912367973, 12.07064782799166], [0.4576510041955051, -0.6051731625871924, 0.651399266902163, -8.050597661964098], [-0.5682130477384941, 0.3644357087236019, 0.7377808711954041, 43.89061934900904], [0.0, 0.0, 0.0, 1.0]]}]}