{"camera": {"camera": "RealSense D415", "extrinsics": [[-0.88819516, 0.43888238, 0.135984, 0.55282915], [0.31369585, 0.79548615, -0.5184561, -0.38167185], [-0.33571464, -0.41783258, -0.8442225, 0.30118397], [0.0, 0.0, 0.0, 1.0]], "height": 480, "intrinsics": [[598.36957, 0.0, 326.28275], [0.0, 599.1431, 245.73769], [0.0, 0.0, 1.0]], "width": 640}, "objects": [{"class": "OrangeJuice", "pose": [[-0.1430189696958382, -0.9563992010580995, 0.2546490128968409, 9.899488858430466], [0.4978521133809508, -0.2918920192588436, -0.8166653640646506, -3.6366396711767557], [0.8553881512071657, 0.009978949640007529, 0.5178914940029998, 46.4999234470885], [0.0, 0.0, 0.0, 1.0]]}, {"class": "Peaches", "pose": [[0.9153110259168122, 0.1439828794180162, 0.3761311387220933, 12.22682495775146], [-0.24186119743954693, -0.5502524591423188, 0.7992029698072173, 7.759901484602344], [0.322038618878909, -0.8224908499949647, -0.46882832449343215, 41.34721054245563], [0.0, 0.0, 0.0, 1.0]]}, {"class": "Butter", "pose": [[0.9690961650989001, 0.20065534799611456, 0.14349226933158496, 0.9950240672608968], [-0.015494260448417488, -0.5310261171724808, 0.847213777828009, 2.515338904473591], [0.2461960975009389, -0.823254964268309, -0.5115064159960093, 42.212675799854956], [0.0, 0.0, 0.0, 1.0]]}, {"class": "TomatoSauce", "pose": [[0.8594148960369923, 0.10842332163159026, 0.49965027473510115, -7.246744185579801], [-0.3689689603476139, -0.5449818227039227, 0.7528988735481292, 7.527648495292022], [0.35393211044345285, -0.8314079810684412, -0.4283607106574205, 36.014539412298014], [0.0, 0.0, 0.0, 1.0]]}, {"class": "Cookies", "pose": [[-0.17375177271533015, 0.820001770248104, 0.5453507087324824, -9.175585345428805], [0.4968808059827355, -0.4051192285733092, 0.7674554513806299, -2.8624643070114253], [0.8502469228622821, 0.404321045708321, -0.33705300826834356, 38.998216753553834], [0.0, 0.0, 0.0, 1.0]]}]}