{"camera": {"camera": "RealSense D415", "extrinsics": [[-0.84904635, 0.50086766, 0.1680829, 0.51061153], [0.357192, 0.7786238, -0.5159058, -0.39767858], [-0.38927388, -0.3779901, -0.83999366, 0.33561695], [0.0, 0.0, 0.0, 1.0]], "height": 480, "intrinsics": [[598.36957, 0.0, 326.28275], [0.0, 599.1431, 245.73769], [0.0, 0.0, 1.0]], "width": 640}, "objects": [{"class": "OrangeJuice", "pose": [[-0.17675994102536177, -0.9671160365146853, 0.18287269275553147, 6.291640145482175], [0.4955372918612773, -0.24797546065549023, -0.8324367074230011, -3.360633341196806], [0.8504109350849084, -0.05652116039738932, 0.5230742453136337, 47.36650986997707], [0.0, 0.0, 0.0, 1.0]]}, {"class": "Peaches", "pose": [[0.8802086984702656, 0.17318964813425305, 0.4418573519895767, 9.464572488334582], [-0.2865417984236899, -0.5482439067687654, 0.785698622262252, 7.9671718597105645], [0.3783204534486244, -0.8181894632032625, -0.4329430713161617, 42.522811874000446], [0.0, 0.0, 0.0, 1.0]]}, {"class": "Butter", "pose": [[0.9490124791684927, 0.23059533044506977, 0.21494425917018944, -2.024229454562654], [-0.06214279132284896, -0.5316203165242843, 0.8446999592298926, 3.2330756085834356], [0.3090525708692736, -0.8149881437671258, -0.49018455723654697, 42.58256466610841], [0.0, 0.0, 0.0, 1.0]]}, {"class": "TomatoSauce", "pose": [[0.8166689561906711, 0.13857066177587507, 0.5602230933121699, -9.604362079407336], [-0.41126678990368, -0.5412678359630162, 0.7334089349414776, 8.676637022488725], [0.4048596962518078, -0.8293535627255509, -0.3850472185854753, 35.921025350470074], [0.0, 0.0, 0.0, 1.0]]}, {"class": "Cookies", "pose": [[-0.20709793142562324, 0.7724244249923327, 0.600392272656231, -12.191377399957016], [0.49602104939269515, -0.4460662012478559, 0.7449751480696756, -1.6429836147522914], [0.8432518077316449, 0.4520900195859584, -0.2907594695674822, 38.639475935073705], [0.0, 0.0, 0.0, 1.0]]}]}