{"camera": {"camera": "RealSense D415", "extrinsics": [[-0.8319651, 0.5313385, 0.15972944, 0.4989893], [0.3875024, 0.7624998, -0.518108, -0.41584322], [-0.39708441, -0.36915222, -0.8402682, 0.3471348], [0.0, 0.0, 0.0, 1.0]], "height": 480, "intrinsics": [[598.36957, 0.0, 326.28275], [0.0, 599.1431, 245.73769], [0.0, 0.0, 1.0]], "width": 640}, "objects": [{"class": "OrangeJuice", "pose": [[-0.1692123417881111, -0.9743269833184325, 0.14850617633115412, 6.247172351743918], [0.498007982565725, -0.21455378678482573, -0.8402110715978086, -3.7215825604157757], [0.8505029757402743, -0.06821679585848488, 0.5215277959740006, 48.1784516519916], [0.0, 0.0, 0.0, 1.0]]}, {"class": "Peaches", "pose": [[0.8656412109515697, 0.1634858749025726, 0.4732204920055315, 9.858754249952018], [-0.3179169498158123, -0.5506855684746451, 0.7717992878022114, 7.509734967724024], [0.386773978085792, -0.8185461775392103, -0.4247212380672775, 43.417983355610424], [0.0, 0.0, 0.0, 1.0]]}, {"class": "Butter", "pose": [[0.9428330893977485, 0.22138630252357452, 0.24910608590708913, -1.7849078982014654], [-0.09573552975676826, -0.536046343160701, 0.8387424809109526, 3.1709095310094417], [0.31921849765081745, -0.8146425611372964, -0.4842077377479411, 43.33117750626332], [0.0, 0.0, 0.0, 1.0]]}, {"class": "TomatoSauce", "pose": [[0.7975888974520652, 0.12925183486729802, 0.5891908733924408, -9.100052014735176], [-0.44049857135121706, -0.5424872796095196, 0.7153100607833134, 8.896023616592268], [0.41208369564478464, -0.8300611924531833, -0.3757466294202682, 36.60967304762155], [0.0, 0.0, 0.0, 1.0]]}, {"class": "Cookies", "pose": [[-0.1994344258750303, 0.7516583603683948, 0.6286776523056202, -12.067982467290234], [0.49955603389354375, -0.473947112998872, 0.7251329712811413, -1.3395414686750096], [0.8430123134775317, 0.45867620172966217, -0.28097413803741483, 39.25576172187162], [0.0, 0.0, 0.0, 1.0]]}]}