{"camera": {"camera": "RealSense D415", "extrinsics": [[-0.82051545, 0.5535982, 0.14241983, 0.4997095], [0.4277325, 0.75989276, -0.4894976, -0.44435596], [-0.3792088, -0.34072277, -0.8602957, 0.33175707], [0.0, 0.0, 0.0, 1.0]], "height": 480, "intrinsics": [[598.36957, 0.0, 326.28275], [0.0, 599.1431, 245.73769], [0.0, 0.0, 1.0]], "width": 640}, "objects": [{"class": "OrangeJuice", "pose": [[-0.15249071066343572, -0.9805149647517719, 0.12384229106262944, 7.513585496385389], [0.46930963913067913, -0.1821197529266557, -0.8640490879607445, -5.8229566594583115], [0.8697672576988106, -0.07363902949298788, 0.48793674666052517, 48.23573771362049], [0.0, 0.0, 0.0, 1.0]]}, {"class": "Peaches", "pose": [[0.8562714706633873, 0.14522357010504927, 0.4956906386148081, 11.45620162144661], [-0.35884931680178483, -0.5229974321906077, 0.7731111316917869, 5.471168929577386], [0.37151888311092285, -0.8398713179868467, -0.3957144762152236, 43.90600412504496], [0.0, 0.0, 0.0, 1.0]]}, {"class": "Butter", "pose": [[0.9400567163481947, 0.20354884582602514, 0.2736076815588171, -0.31402763011431634], [-0.13663893115139156, -0.5102820752030196, 0.8490830197413756, 1.4936672646835403], [0.3124469436051904, -0.8355717248273423, -0.45188146462548123, 43.68465997203286], [0.0, 0.0, 0.0, 1.0]]}, {"class": "TomatoSauce", "pose": [[0.7845719625575232, 0.11123392415782597, 0.6099785042782528, -7.463837341320051], [-0.48020858473143785, -0.5133226782154153, 0.7112661325923016, 7.695820797546826], [0.3922327238597256, -0.8509564443975826, -0.34932317135145496, 37.21315360002701], [0.0, 0.0, 0.0, 1.0]]}, {"class": "Cookies", "pose": [[-0.18266511238501043, 0.737729578341036, 0.6499141881468486, -10.736616862492527], [0.4720636158959688, -0.5140448002323195, 0.7161800430716893, -2.540689888101383], [0.8624322803454868, 0.4376219579574892, -0.2543573110857494, 39.46703047670127], [0.0, 0.0, 0.0, 1.0]]}]}