{"camera": {"camera": "RealSense D415", "extrinsics": [[-0.81430674, 0.5636931, 0.13840024, 0.5035353], [0.45040947, 0.76406246, -0.46188724, -0.45796663], [-0.36610907, -0.3137811, -0.87607396, 0.31755224], [0.0, 0.0, 0.0, 1.0]], "height": 480, "intrinsics": [[598.36957, 0.0, 326.28275], [0.0, 599.1431, 245.73769], [0.0, 0.0, 1.0]], "width": 640}, "objects": [{"class": "OrangeJuice", "pose": [[-0.14874065362598374, -0.9825052148399149, 0.11206994369572472, 8.339025443939585], [0.44151699558782564, -0.16738965560246807, -0.8815006364504889, -7.192593583536805], [0.8848384200288566, -0.08163415161799643, 0.4586904127125997, 48.0302216723525], [0.0, 0.0, 0.0, 1.0]]}, {"class": "Peaches", "pose": [[0.8509247939749737, 0.1407441942076758, 0.5060810392656093, 12.430300050395454], [-0.3817533084369213, -0.4960898638226363, 0.7798456159831487, 4.191697960860974], [0.36082039263678795, -0.8567881779808146, -0.3684056477766891, 44.09227099461592], [0.0, 0.0, 0.0, 1.0]]}, {"class": "Butter", "pose": [[0.9375733858985135, 0.1992111862077583, 0.2850806918280667, 0.6126088172487443], [-0.15872775709766945, -0.48424920649427694, 0.8604116057995936, 0.36979827950058275], [0.3094536868602771, -0.8519493407132963, -0.4223988583445374, 43.71402728265783], [0.0, 0.0, 0.0, 1.0]]}, {"class": "TomatoSauce", "pose": [[0.7776904876863193, 0.1069020476334604, 0.6194912502067008, -6.445273107005223], [-0.5028469762071726, -0.4856266675836155, 0.7150605460442941, 6.874917775674599], [0.3772828868445079, -0.8676051823530748, -0.32391191678042386, 37.44213748567273], [0.0, 0.0, 0.0, 1.0]]}, {"class": "Cookies", "pose": [[-0.17886170077212254, 0.7303297529378311, 0.6592623874295765, -9.848911888144896], [0.4448900581715045, -0.5376149718745871, 0.7162701336888702, -3.390618382316007], [0.8775428193209991, 0.4214125609648296, -0.22875775987542826, 39.34245361457095], [0.0, 0.0, 0.0, 1.0]]}]}