{"camera": {"camera": "RealSense D415", "extrinsics": [[-0.79634714, 0.58425784, 0.1564415, 0.49076205], [0.482324, 0.7694985, -0.41861147, -0.4775721], [-0.36495855, -0.25790456, -0.89458954, 0.3064986], [0.0, 0.0, 0.0, 1.0]], "height": 480, "intrinsics": [[598.36957, 0.0, 326.28275], [0.0, 599.1431, 245.73769], [0.0, 0.0, 1.0]], "width": 640}, "objects": [{"class": "OrangeJuice", "pose": [[-0.16734419127359543, -0.9822146135640523, 0.0851484503937722, 7.212096931934154], [0.3979964453133277, -0.1463188249282607, -0.9056431681261382, -9.332972934853224], [0.9019948659282273, -0.11766530471736938, 0.41540357459845945, 47.71861792955656], [0.0, 0.0, 0.0, 1.0]]}, {"class": "Peaches", "pose": [[0.8341601105963503, 0.15769904609873286, 0.5284957945014254, 11.590827841646496], [-0.4141168949445731, -0.45379324936863846, 0.789036628511568, 2.16743596295827], [0.3642581455817005, -0.8770420056231213, -0.3132304513201855, 44.49132974877841], [0.0, 0.0, 0.0, 1.0]]}, {"class": "Butter", "pose": [[0.9256933409299556, 0.21617837002846035, 0.3104168728436472, -0.26874942310924355], [-0.1902491669860277, -0.4432082441412904, 0.8759975021484343, -1.4293494631543835], [0.32695101714003744, -0.8699616950851584, -0.36914722450526705, 43.58503758549614], [0.0, 0.0, 0.0, 1.0]]}, {"class": "TomatoSauce", "pose": [[0.7586171657171562, 0.12434876812169661, 0.6395602112406136, -7.04138441452335], [-0.5346380901989344, -0.4422172899126588, 0.7201429705237135, 5.507556828337151], [0.37237347833266016, -0.8882461555766479, -0.2689921032707641, 37.463140837651785], [0.0, 0.0, 0.0, 1.0]]}, {"class": "Cookies", "pose": [[-0.19718657332989487, 0.7094715585474911, 0.6765851365252286, -10.656789734429855], [0.40224895308069397, -0.5708172463379393, 0.7157956188833778, -4.782839234165564], [0.8940431888479191, 0.41330095852206195, -0.17282675152787694, 38.733489059677225], [0.0, 0.0, 0.0, 1.0]]}]}