{"camera": {"camera": "RealSense D415", "extrinsics": [[-0.9816495, 0.0049888934, 0.1906289, 0.5914359], [-0.122301236, 0.750517, -0.6494356, -0.24107662], [-0.1463102, -0.6608323, -0.7361345, 0.21568513], [0.0, 0.0, 0.0, 1.0]], "height": 480, "intrinsics": [[603.75165, 0.0, 326.28275], [0.0, 603.20245, 245.73769], [0.0, 0.0, 1.0]], "width": 640}, "objects": [{"class": "ChocolatePudding", "pose": [[0.8250609653487868, 0.1602713994806411, 0.5418370902666706, 6.153012514979972], [-0.2844488432876198, -0.71075063318399, 0.6433679761352386, 2.9821797371913457], [0.4882245618300947, -0.6849427507029027, -0.5408236340651118, 36.42688178652184], [0.0, 0.0, 0.0, 1.0]]}, {"class": "MacaroniAndCheese", "pose": [[0.224486786928502, 0.9702553111719376, 0.0906105074457243, -1.0411239228839908], [-0.6254231218353578, 0.21475859906109074, -0.750149733412266, -6.458132753292286], [-0.7472961677694407, 0.11172878756267025, 0.6550306201582674, 37.428107803202], [0.0, 0.0, 0.0, 1.0]]}, {"class": "Milk", "pose": [[0.3239357393702886, 0.9217589886511289, 0.21313365295485523, -11.192517069481722], [0.7350831821369693, -0.1034006419511302, -0.6700455076477584, -15.612182155361129], [-0.5955823603600756, 0.37372266126533793, -0.7110647102498587, 45.938559563882734], [0.0, 0.0, 0.0, 1.0]]}, {"class": "Ketchup", "pose": [[0.7105907268954386, 0.1870509770940995, 0.6782865922607951, -13.922426702543877], [-0.40062875374122253, -0.6849200584572783, 0.6085894140831679, -5.718757140018149], [0.5784093658007431, -0.7041991216666915, -0.4117598818193474, 31.58369654246863], [0.0, 0.0, 0.0, 1.0]]}, {"class": "OrangeJuice", "pose": [[-0.6515844361087723, -0.7337874195739732, -0.19233745323828785, 10.377948721340369], [0.4908347862508879, -0.6011485024974735, 0.6306359094489866, -7.688446095219556], [-0.5783761002943603, 0.31650666630807234, 0.7518674181455659, 45.62457550664224], [0.0, 0.0, 0.0, 1.0]]}]}