{"camera": {"camera": "RealSense D415", "extrinsics": [[-0.79193807, 0.5915732, 0.1512457, 0.5425688], [0.5209686, 0.7838234, -0.3379536, -0.4414944], [-0.3184742, -0.18884405, -0.92893064, 0.29122978], [0.0, 0.0, 0.0, 1.0]], "height": 480, "intrinsics": [[598.36957, 0.0, 326.28275], [0.0, 599.1431, 245.73769], [0.0, 0.0, 1.0]], "width": 640}, "objects": [{"class": "OrangeJuice", "pose": [[-0.16234403689278315, -0.9837542169309992, 0.07662913102764699, 12.796113588647124], [0.3168637057953036, -0.12552138515282904, -0.9401286021833624, -7.008505693074135], [0.9344741156614459, -0.12834323063498515, 0.3320936712139324, 49.66376943341446], [0.0, 0.0, 0.0, 1.0]]}, {"class": "Peaches", "pose": [[0.8304256952258428, 0.15217402106811614, 0.5359442148086504, 17.285115042423516], [-0.45334835305000426, -0.3745818353533721, 0.8088038910851086, 4.692180311947558], [0.32383387744201136, -0.9146210029969936, -0.2420745853018511, 47.474954795637345], [0.0, 0.0, 0.0, 1.0]]}, {"class": "Butter", "pose": [[0.9241345468257128, 0.210763701101318, 0.3186753379656614, 5.389366733162582], [-0.2279388559423048, -0.36524947991020645, 0.9025722742258908, 1.3077415417448224], [0.3066254362395223, -0.9067367569696434, -0.28949846210733016, 46.27305375975954], [0.0, 0.0, 0.0, 1.0]]}, {"class": "TomatoSauce", "pose": [[0.7536990042433414, 0.118927455949864, 0.6463698945573716, -1.3210955464368235], [-0.5733658362537838, -0.3617191115708045, 0.7351264632467571, 8.833162682251078], [0.3212310386711621, -0.9246705394155997, -0.20443844423816687, 40.813693633922355], [0.0, 0.0, 0.0, 1.0]]}, {"class": "Cookies", "pose": [[-0.1921518609658707, 0.7042437251500339, 0.6834606113598476, -5.037048165832026], [0.3221061158336196, -0.6125971848283536, 0.7217841464781662, -1.4939103968238054], [0.9269980480125092, 0.358838988997585, -0.10912957027131677, 41.160771433865804], [0.0, 0.0, 0.0, 1.0]]}]}