{"camera": {"camera": "RealSense D415", "extrinsics": [[-0.7930967, 0.58499026, 0.16965857, 0.5516876], [0.5276087, 0.7989837, -0.28853792, -0.43395585], [-0.3043463, -0.13932514, -0.94231725, 0.28346485], [0.0, 0.0, 0.0, 1.0]], "height": 480, "intrinsics": [[598.36957, 0.0, 326.28275], [0.0, 599.1431, 245.73769], [0.0, 0.0, 1.0]], "width": 640}, "objects": [{"class": "OrangeJuice", "pose": [[-0.1805878708427004, -0.9800726427456647, 0.0827381274366481, 12.95255006935131], [0.26707048320259813, -0.12982275569290885, -0.9548923552605842, -7.813917354228961], [0.9466051846243005, -0.15034500735206963, 0.28519292230947685, 50.07445489050815], [0.0, 0.0, 0.0, 1.0]]}, {"class": "Peaches", "pose": [[0.8306834005447287, 0.17080405827833633, 0.5298971821219607, 17.3343532966318], [-0.4599225465717638, -0.3258341287552694, 0.8260165692781941, 4.032453926077551], [0.31374554234284846, -0.9298699299832885, -0.19210842694059213, 48.55413115990156], [0.0, 0.0, 0.0, 1.0]]}, {"class": "Butter", "pose": [[0.9219390727233564, 0.22914849431046558, 0.31228076410009165, 5.500073769312097], [-0.23289552965911084, -0.3162603526321357, 0.9196407247652064, 0.5807258142890959], [0.30949627231294763, -0.9205815303993325, -0.23820517005457878, 46.99105086615361], [0.0, 0.0, 0.0, 1.0]]}, {"class": "TomatoSauce", "pose": [[0.7554503035128693, 0.13756538587016884, 0.6406017213670262, -1.214724849389881], [-0.5805027140709705, -0.31284935993732793, 0.7517591888177457, 8.298659335949848], [0.30382786310724447, -0.9397877598433536, -0.1564851295715152, 41.81303391223549], [0.0, 0.0, 0.0, 1.0]]}, {"class": "Cookies", "pose": [[-0.21033699213472026, 0.7058921189454566, 0.6763687071679954, -4.811559476640969], [0.272352802623736, -0.6221474308448404, 0.7340003584638336, -2.073608572324259], [0.9389261419708178, 0.33859832726376426, -0.061391142901036116, 41.57629901490103], [0.0, 0.0, 0.0, 1.0]]}]}