{"camera": {"camera": "RealSense D415", "extrinsics": [[-0.7692012, 0.6107494, 0.18792179, 0.53306127], [0.5623176, 0.7866442, -0.25493094, -0.43790197], [-0.30352652, -0.09042147, -0.94852287, 0.28819397], [0.0, 0.0, 0.0, 1.0]], "height": 480, "intrinsics": [[598.36957, 0.0, 326.28275], [0.0, 599.1431, 245.73769], [0.0, 0.0, 1.0]], "width": 640}, "objects": [{"class": "OrangeJuice", "pose": [[-0.19956223741062146, -0.9787083429722949, 0.04800794518909011, 11.506492722663591], [0.23363390985049648, -0.09510495188236297, -0.9676622278518993, -7.906885786851348], [0.9516250126459667, -0.18189250623571598, 0.24763886423964568, 50.85451740662317], [0.0, 0.0, 0.0, 1.0]]}, {"class": "Peaches", "pose": [[0.8083843097849726, 0.1876756976331642, 0.5579359373768368, 16.25827601259636], [-0.49618806423587786, -0.2927183262082176, 0.817381997188336, 3.8590838900017355], [0.3167208040836397, -0.9376000541222649, -0.14350653772769392, 49.94314599992802], [0.0, 0.0, 0.0, 1.0]]}, {"class": "Butter", "pose": [[0.9060260730492498, 0.24598094059292894, 0.3443980281958068, 4.380784324699983], [-0.2719216004252785, -0.2852273238541684, 0.9190777768312218, 0.8186900000632935], [0.32430732629255965, -0.9263578146585273, -0.19153593118288706, 47.921018468617135], [0.0, 0.0, 0.0, 1.0]]}, {"class": "TomatoSauce", "pose": [[0.7301221280077871, 0.1551040135020313, 0.6654804979818171, -1.9679196381214514], [-0.6140314385531871, -0.2783825081601697, 0.7385584029273733, 8.931830675120377], [0.299811502817251, -0.947863899376389, -0.10801456678380944, 42.88735400540325], [0.0, 0.0, 0.0, 1.0]]}, {"class": "Cookies", "pose": [[-0.22892499635019573, 0.6784640765748531, 0.6980542334580326, -5.844871698898146], [0.24008480343102187, -0.6555936466723155, 0.715930304233771, -1.3134838365535195], [0.9433730378969322, 0.3314865643630288, -0.012807209530434538, 42.12579696159569], [0.0, 0.0, 0.0, 1.0]]}]}